  0.21869E+02  0.27965E+02  0.37897E+02  0.29903E+02  0.30297E+02  0.36233E+02
  0.42875E+02  0.36712E+02  0.28694E+02  0.36032E+02  0.52467E+02  0.51828E+02
  0.41796E+02  0.41572E+02  0.55138E+02  0.37976E+02  0.46692E+02  0.64506E+02
  0.74489E+02  0.53316E+02  0.37967E+02  0.14503E+02 -0.14988E+00  0.10507E+02
  0.18595E+02  0.29805E+02  0.44135E+02  0.55897E+02  0.65943E+02  0.64175E+02
  0.38076E+02  0.40415E+02  0.50994E+02  0.46629E+02  0.53918E+02  0.57216E+02
  0.47276E+02  0.30925E+02 -0.43520E+01 -0.43337E+02 -0.86173E+02 -0.10925E+03
 -0.87529E+02 -0.69377E+02 -0.67310E+02 -0.88150E+02 -0.97190E+02 -0.95580E+02
 -0.85728E+02 -0.82715E+02 -0.85116E+02 -0.98764E+02 -0.90380E+02 -0.81150E+02
 -0.65387E+02 -0.47641E+02 -0.27065E+02 -0.16027E+02 -0.19935E+02  0.29200E+02
  0.88712E+02  0.13597E+03  0.15251E+03  0.67617E+02  0.21143E+00 -0.88397E+02
 -0.17929E+03 -0.21117E+03 -0.20906E+03 -0.21976E+03 -0.21212E+03 -0.20848E+03
 -0.24496E+03 -0.30490E+03 -0.24823E+03 -0.22472E+03 -0.17802E+03 -0.13175E+03
 -0.82797E+02 -0.40963E+02  0.47092E+01  0.74831E+02  0.17695E+03  0.24009E+03
  0.28872E+03  0.33592E+03  0.36121E+03  0.29987E+03  0.28276E+03  0.26209E+03
  0.27810E+03  0.22200E+03  0.12294E+03 -0.31536E+01 -0.26237E+03 -0.33358E+03
 -0.30635E+03 -0.33801E+03 -0.31620E+03 -0.31245E+03 -0.30558E+03 -0.29985E+03
 -0.29583E+03 -0.28711E+03 -0.27811E+03 -0.23669E+03 -0.20978E+03 -0.93961E+02
  0.46167E+02  0.24732E+03  0.22217E+03  0.16418E+03  0.10262E+03  0.57913E+01
 -0.11323E+03 -0.16013E+03 -0.10790E+03 -0.76143E+02 -0.12233E+02  0.53379E+02
  0.11757E+03  0.20310E+03  0.25322E+03  0.19310E+03  0.15163E+03  0.53839E+02
 -0.26460E+02 -0.13520E+03 -0.12772E+03 -0.15556E+02  0.30328E+02  0.95276E+02
  0.15071E+03  0.20799E+03  0.23896E+03  0.14037E+03  0.57571E+02 -0.33754E+02
  0.18300E+02  0.48314E+02  0.14376E+03  0.23453E+03  0.32715E+03  0.36743E+03
  0.30220E+03  0.23781E+03  0.15139E+03  0.52609E+02  0.49130E+02  0.77661E+02
  0.10236E+03  0.12765E+03  0.12563E+03  0.10769E+03  0.90039E+02  0.76388E+02
  0.92327E+02  0.96044E+02  0.11116E+03  0.28836E+02 -0.36113E+02 -0.11756E+03
 -0.79509E+02 -0.40314E+02 -0.49428E+01  0.38820E+02  0.74925E+02  0.18086E+03
  0.13776E+03  0.68628E+02  0.33937E+02  0.62547E+02  0.75382E+02  0.18082E+03
  0.20889E+03  0.91037E+02 -0.48779E+00 -0.10196E+03 -0.19034E+03 -0.20531E+03
 -0.20406E+03 -0.17961E+03 -0.18403E+03 -0.15957E+03 -0.14278E+03 -0.12185E+03
 -0.10475E+03 -0.82944E+02 -0.63410E+02 -0.24523E+02 -0.54467E+02 -0.98338E+02
 -0.16482E+03 -0.15505E+03 -0.91938E+02 -0.56980E+02 -0.20733E+02 -0.10779E+03
 -0.18659E+03 -0.14562E+03 -0.33812E+02  0.20520E+01  0.12749E+02  0.23597E+02
  0.72144E+02  0.78171E+02  0.71261E+02 -0.34413E+03 -0.23284E+03 -0.25921E+03
 -0.18388E+03 -0.10954E+03 -0.11293E+02  0.50692E+02  0.13444E+03  0.14523E+03
  0.12388E+03  0.12288E+03  0.14947E+03  0.10368E+03  0.13000E+03  0.20853E+03
  0.16972E+03  0.20502E+03  0.17262E+03  0.17109E+03 -0.17791E+03 -0.16166E+03
 -0.19887E+03 -0.23665E+03 -0.22280E+03 -0.23611E+03 -0.35367E+03 -0.31007E+03
 -0.23177E+03 -0.17993E+03 -0.14030E+03 -0.73658E+02 -0.32181E+02  0.38311E+02
  0.77654E+02  0.63958E+02  0.82399E+02  0.16513E+03  0.14489E+03  0.18197E+03
  0.14452E+03  0.11177E+03  0.12155E+03  0.16006E+03  0.16443E+03  0.14591E+03
  0.73617E+02  0.14135E+02 -0.79549E+01  0.21177E+02  0.11957E+03  0.23105E+03
  0.96464E+02 -0.48365E+01  0.54440E+02  0.11144E+03  0.15777E+03  0.20979E+03
  0.26537E+03  0.26590E+03  0.13073E+03  0.32117E+02  0.22407E+02 -0.21164E+02
 -0.27185E+02 -0.82136E+02 -0.17621E+03 -0.20841E+03 -0.19823E+03 -0.17994E+03
 -0.13904E+03 -0.94731E+02 -0.58104E+02 -0.19347E+02  0.81669E+01  0.77074E+02
  0.60910E+02 -0.11434E+02 -0.24751E+02 -0.77621E+02 -0.10645E+03 -0.10073E+03
 -0.64568E+02 -0.18031E+02 -0.76184E+02 -0.14288E+03 -0.80136E+02 -0.65195E+02
 -0.94377E+01  0.35220E+02  0.77739E+02  0.97354E+01 -0.55571E+02 -0.84470E+02
 -0.41264E+02 -0.19256E+02  0.38446E+02  0.64283E+02  0.91677E+02  0.74831E+02
  0.44323E+02  0.61284E+01 -0.41745E+02 -0.78673E+02 -0.20737E+02  0.24249E+02
  0.10478E+03  0.14308E+03  0.60881E+02  0.27197E+01 -0.69957E+02 -0.11675E+03
 -0.92441E+02 -0.82358E+02 -0.53650E+02 -0.18975E+02  0.13133E+02  0.50352E+02
  0.51438E+02  0.56357E+02  0.47045E+02  0.85374E+02  0.79319E+02  0.51352E+02
  0.34614E+02 -0.37505E+01 -0.15951E+02 -0.53193E+02 -0.39806E+02  0.17666E+02
  0.74988E+02  0.68867E+02  0.38985E+02  0.33418E+02 -0.99914E+01 -0.40606E+02
 -0.83745E+02 -0.10954E+03 -0.86551E+02 -0.11890E+03 -0.83840E+02 -0.33850E+02
  0.38321E+02  0.15330E+03  0.19644E+03  0.15224E+03  0.11174E+03  0.40913E+01
 -0.92041E+02 -0.17353E+03 -0.16314E+03 -0.11108E+03 -0.66856E+02 -0.11125E+03
 -0.12207E+03 -0.50700E+02  0.12136E+02  0.70700E+02  0.12897E+03  0.17245E+03
  0.20170E+03  0.17703E+03  0.13899E+03  0.11047E+03  0.70002E+02  0.29955E+02
 -0.34278E+02 -0.95957E+02 -0.14000E+03 -0.93587E+02 -0.60975E+02 -0.10304E+02
 -0.39716E+02 -0.54623E+02 -0.90158E+02 -0.77195E+02 -0.50582E+02 -0.10458E+02
  0.42890E+02  0.96518E+02  0.11942E+03  0.79311E+02  0.68787E+02  0.36494E+02
  0.17855E+02 -0.11454E+02 -0.45176E+02 -0.58843E+02 -0.45346E+02 -0.16063E+02
 -0.27174E+02 -0.53652E+02 -0.84820E+02 -0.11471E+03 -0.12654E+03 -0.13268E+03
 -0.96998E+02 -0.72131E+02 -0.57935E+02 -0.11371E+03 -0.11985E+03 -0.94273E+02
 -0.60305E+02 -0.35152E+02  0.21720E+02 -0.27088E+02 -0.77744E+02 -0.26415E+02
 -0.26291E+02  0.82561E+01  0.39391E+02 -0.98352E+01 -0.58490E+02 -0.10572E+03
 -0.15893E+03 -0.20928E+03 -0.25935E+03 -0.19918E+03 -0.61350E+02  0.70223E+02
  0.21844E+03  0.19214E+03  0.26100E+03  0.27795E+03  0.25208E+03  0.10660E+03
  0.14902E+03  0.11961E+03  0.17626E+03  0.24947E+01 -0.50226E+02 -0.29693E+02
 -0.67756E+02 -0.67838E+02 -0.47291E+02  0.20909E+02  0.86412E+02  0.10569E+03
  0.39495E+02  0.92913E+01 -0.27026E+02  0.22429E+02  0.12764E+03  0.22120E+03
  0.21563E+03  0.22287E+03  0.15486E+03  0.16039E+03  0.15726E+03  0.15612E+03
  0.16452E+03  0.17378E+03  0.16114E+03  0.16101E+03  0.45819E+01 -0.46019E+02
 -0.85702E+01 -0.66758E+01  0.77371E+01  0.30839E+02  0.55223E+02  0.61265E+02
  0.25634E+02  0.39609E+00 -0.49872E+02 -0.79647E+02 -0.68457E+02 -0.79594E+02
 -0.81193E+02 -0.97869E+02 -0.18309E+03 -0.18922E+03 -0.15952E+03 -0.10561E+03
 -0.21131E+02  0.55251E+02  0.66068E+02 -0.15281E+02 -0.71018E+02 -0.12092E+03
 -0.20937E+03 -0.15059E+03 -0.10404E+03  0.11351E+02  0.43826E+02  0.24110E+02
 -0.27154E+01 -0.53042E+00  0.25568E+02  0.56500E+02  0.50031E+02 -0.16032E+02
 -0.59760E+02 -0.13648E+03 -0.17266E+03 -0.20116E+03 -0.10818E+03 -0.11974E+03
 -0.20299E+03 -0.93071E+02  0.13291E+02  0.11965E+03  0.19502E+03  0.19798E+03
  0.88449E+02 -0.95638E+01 -0.88514E+02 -0.38741E+02 -0.14418E+02  0.32371E+02
  0.12042E+03  0.78893E+02 -0.73861E+02 -0.67140E+01 -0.49656E+02  0.10529E+02
 -0.27004E+02 -0.75204E+02 -0.53136E+02 -0.56953E+02 -0.40854E+02 -0.24327E+02
 -0.68010E+01 -0.25543E+02 -0.48267E+02 -0.82795E+02 -0.12429E+03 -0.91963E+02
 -0.15829E+02  0.74675E+02  0.13673E+03  0.43323E+02  0.45220E+02 -0.50031E+02
  0.46335E+01  0.53894E+02  0.98320E+02  0.81585E+02  0.20332E+02 -0.35374E+02
 -0.70313E+02 -0.16782E+02  0.40590E+02  0.13850E+03  0.12091E+03  0.94654E+02
  0.63695E+02  0.26481E+02 -0.19268E+02 -0.11025E+03 -0.19995E+03 -0.27955E+03
 -0.27494E+03 -0.24076E+03 -0.13418E+03 -0.11308E+03 -0.13011E+03 -0.95073E+02
 -0.42823E+02  0.24473E+01  0.89536E+02  0.17791E+03  0.25418E+03  0.30428E+03
  0.35866E+03  0.40591E+03  0.45203E+03  0.42248E+03  0.38808E+03  0.34828E+03
  0.30464E+03  0.25758E+03  0.24210E+03  0.24240E+03  0.14001E+03  0.68480E+02
 -0.30079E+02 -0.11670E+03 -0.20744E+03 -0.29291E+03 -0.35678E+03 -0.19791E+03
 -0.12025E+03 -0.37908E+02  0.57799E+02  0.33467E+02 -0.37668E+02 -0.10981E+03
 -0.21096E+03 -0.22877E+03 -0.24886E+03 -0.25430E+03 -0.26231E+03 -0.18839E+03
 -0.11476E+03 -0.32739E+02 -0.13018E+02 -0.76094E+02 -0.11171E+03 -0.15402E+03
 -0.16192E+03 -0.13525E+03 -0.11314E+03 -0.81787E+02 -0.50581E+02 -0.19672E+02
  0.14801E+02  0.50687E+02  0.83440E+02  0.11107E+03  0.13699E+03  0.12151E+03
  0.72601E+02  0.55412E+02  0.41060E+02  0.10913E+02 -0.11696E+02 -0.35590E+02
 -0.40002E+02 -0.55225E+02 -0.52253E+02 -0.55113E+02 -0.46599E+02 -0.12770E+02
  0.20058E+02  0.45344E+02  0.36205E+02  0.19381E+02  0.15581E+01 -0.20110E+02
  0.88649E+02  0.15046E+03  0.12878E+03  0.12488E+03  0.91531E+02  0.66712E+02
  0.35062E+02  0.20191E+02  0.16980E+02  0.11063E+02 -0.30131E+02 -0.12729E+02
  0.19179E+02 -0.14202E+02 -0.38626E+02 -0.93207E+02 -0.69845E+02 -0.29991E+02
  0.11879E+01  0.61380E+02  0.59406E+02  0.35673E+02  0.13644E+02 -0.42810E+02
 -0.60719E+02 -0.44778E+02 -0.36524E+02 -0.21444E+02 -0.38042E+01  0.10846E+02
  0.27912E+02  0.17382E+02 -0.13062E+02 -0.52043E+02 -0.97852E+02 -0.90610E+02
 -0.45393E+02  0.10209E+02  0.25979E+02 -0.22115E+02 -0.46456E+02 -0.79332E+02
 -0.52755E+02 -0.38269E+02 -0.87059E+01  0.15165E+02  0.43019E+02  0.68169E+02
  0.88484E+02  0.12032E+03  0.10465E+03  0.27102E+02 -0.18013E+02 -0.75216E+02
 -0.11038E+03  0.57292E+02  0.11032E+03  0.74447E+02  0.74712E+02 -0.11229E+02
 -0.54062E+02 -0.36451E+02 -0.48706E+02 -0.79308E+02 -0.77623E+02 -0.12073E+02
  0.76946E+02  0.15857E+03  0.21260E+03  0.23606E+03  0.12453E+03  0.58379E+02
 -0.35081E+02 -0.96249E+02 -0.62836E+02 -0.48614E+02  0.77073E+01  0.48577E+01
 -0.28992E+02 -0.51464E+02 -0.10039E+03 -0.13395E+03 -0.92123E+02 -0.38773E+02
 -0.15860E+02  0.43611E+02  0.13822E+03  0.18219E+03  0.11106E+02 -0.11787E+03
 -0.16862E+03 -0.13929E+03 -0.91319E+02 -0.32677E+02  0.32366E+02  0.89448E+02
  0.12904E+03  0.10462E+03  0.39822E+02  0.41798E+01 -0.93047E+02 -0.88145E+02
 -0.80253E+02 -0.11858E+03 -0.84228E+02 -0.53000E+02 -0.45807E+02 -0.71177E+02
 -0.69948E+02 -0.47381E+02 -0.11297E+02  0.33467E+02  0.12645E+03  0.15003E+03
  0.80876E+02  0.32491E+02 -0.22005E+02 -0.87448E+02 -0.12288E+03 -0.79081E+02
 -0.51777E+02 -0.98196E+01  0.13510E+02 -0.82455E+01 -0.39101E+02 -0.42358E+02
 -0.23139E+02  0.90292E+01  0.65806E+02  0.91578E+02  0.64732E+02  0.45283E+02
  0.77739E+01  0.75349E+01  0.70735E+02  0.84584E+02  0.86775E+02  0.55827E+02
  0.36972E+02  0.14851E+02  0.26300E+02  0.28649E+02  0.33989E+02  0.22976E+02
  0.67026E+01  0.84959E+01  0.58846E+01  0.19948E+01  0.87802E+01  0.13997E+02
  0.37710E+02  0.67970E+02  0.83440E+02  0.11257E+03  0.14554E+03  0.13100E+03
  0.54031E+02  0.16318E+02  0.70542E+01  0.14913E+01  0.64557E+01 -0.57884E+01
 -0.60843E+02 -0.10409E+03 -0.91867E+02 -0.94996E+02 -0.72953E+02 -0.56455E+02
 -0.31705E+02 -0.12643E+02  0.18226E+02  0.45397E+02  0.82242E+02  0.11766E+03
  0.14129E+03  0.10673E+03  0.51553E+02  0.96031E+01 -0.55672E+02 -0.59216E+02
  0.15468E+02 -0.24487E+02 -0.42397E+02 -0.66280E+02 -0.94715E+02 -0.11277E+03
 -0.79472E+02 -0.36506E+02  0.14710E+02  0.79721E+02  0.92108E+02  0.70211E+02
  0.61686E+02  0.33673E+02  0.27706E+02  0.11070E+02 -0.11575E+01 -0.29317E+02
 -0.51361E+02 -0.64019E+02 -0.80804E+02 -0.89625E+02 -0.86358E+02 -0.81243E+02
 -0.67739E+02 -0.59498E+02 -0.54246E+02 -0.51842E+02 -0.49726E+02 -0.47611E+02
 -0.43784E+02 -0.42527E+02 -0.33877E+02 -0.25512E+02  0.23370E+01  0.25063E+02
  0.58880E+02  0.78757E+02  0.10759E+03 -0.21884E+02 -0.63034E+02 -0.49428E+02
 -0.56305E+02 -0.18240E+02  0.88707E+01  0.41667E+02  0.23827E+02  0.86847E+01
 -0.17270E+02 -0.37112E+02 -0.30500E+02 -0.20194E+02 -0.43444E+01  0.10366E+02
  0.21089E+02  0.26120E+02  0.13226E+02  0.58768E+01 -0.53160E+01  0.45390E+01
  0.61043E+02  0.10702E+03  0.17347E+03  0.17806E+03  0.10127E+03  0.52791E+02
 -0.26983E+02 -0.83435E+02 -0.13690E+03 -0.17160E+03 -0.18582E+03 -0.15423E+03
 -0.12550E+03 -0.12038E+03 -0.10602E+03 -0.71752E+02 -0.44737E+02 -0.22277E+02
 -0.34098E+02 -0.26720E+02 -0.59751E+01  0.40512E+02  0.40343E+02  0.14713E+02
 -0.10352E+02 -0.13799E+02  0.26651E+01  0.12725E+02  0.33309E+02  0.45215E+02
  0.53988E+02  0.61054E+02  0.75086E+02  0.90824E+02  0.91056E+02  0.85312E+02
  0.74019E+02  0.58174E+02  0.32654E+02  0.84136E+01 -0.17109E+02 -0.34668E+02
 -0.12829E+02  0.12137E+02  0.55736E+02  0.58085E+02  0.26296E+02  0.21871E+01
 -0.40128E+02 -0.55420E+02 -0.54499E+02 -0.48315E+02 -0.32034E+02 -0.67601E+00
  0.32388E+02  0.61896E+02  0.87705E+02  0.99006E+02  0.11898E+03  0.13370E+03
  0.14812E+03  0.11974E+03  0.60209E+02  0.62240E+01 -0.60705E+02 -0.11127E+03
 -0.15886E+03 -0.18326E+03 -0.14607E+03 -0.11671E+03 -0.58187E+02  0.26156E+01
  0.19466E+02  0.91501E+01  0.13485E+02  0.90022E+01  0.11206E+02 -0.21295E+02
 -0.25491E+02 -0.29828E+02 -0.54361E+02 -0.67229E+02 -0.85500E+02 -0.98939E+02
 -0.53913E+02 -0.90290E+01  0.11676E+02 -0.44555E+01 -0.18169E+02 -0.44965E+02
 -0.20983E+02  0.86758E+00  0.33815E+02  0.58371E+02  0.89898E+02  0.94545E+02
  0.10901E+03  0.11622E+03  0.95269E+02  0.65218E+02  0.37303E+02  0.42774E+00
 -0.22221E+02 -0.43872E+02 -0.62819E+02 -0.85177E+02 -0.10511E+03 -0.12008E+03
 -0.94065E+02 -0.71186E+02 -0.38489E+02 -0.35143E+01  0.35018E+02  0.70994E+02
  0.10754E+03  0.14366E+03  0.14778E+03  0.99134E+02  0.72820E+02  0.33424E+02
 -0.75356E+01 -0.45364E+02 -0.10239E+03 -0.13325E+03 -0.95971E+02 -0.79453E+02
 -0.38474E+02 -0.11003E+02  0.27706E+02  0.60584E+02  0.96452E+02  0.75000E+02
  0.53836E+02  0.20015E+02 -0.15939E+02 -0.42926E+02 -0.50716E+02 -0.39015E+02
 -0.20770E+02  0.60600E+00  0.28810E+02  0.67966E+02  0.96461E+02  0.13207E+03
  0.15459E+03  0.15350E+03  0.17033E+03  0.14422E+03  0.11469E+03  0.73635E+02
  0.30450E+02 -0.12448E+02 -0.57621E+02 -0.98385E+02 -0.12962E+03 -0.87029E+02
 -0.93936E+02 -0.11080E+03 -0.12297E+03 -0.14069E+03 -0.16722E+03 -0.15393E+03
 -0.10024E+03 -0.32617E+02  0.60185E+02  0.16834E+03  0.17538E+03  0.13207E+03
  0.10766E+03  0.63917E+02  0.22737E+02 -0.29684E+02 -0.67882E+02 -0.41221E+02
 -0.24944E+02 -0.31197E+01 -0.14011E+02 -0.19640E+02 -0.37787E+02 -0.14117E+02
  0.22212E+02  0.65076E+02  0.86613E+02  0.70595E+02  0.60407E+02  0.40403E+02
  0.13999E+02 -0.15111E+02 -0.43652E+02 -0.74472E+02 -0.98035E+02 -0.86050E+02
 -0.78328E+02 -0.63920E+02 -0.45536E+02 -0.35259E+02 -0.61682E+02 -0.67624E+02
 -0.90495E+02 -0.95731E+02 -0.55169E+02 -0.15321E+02  0.25663E+02  0.74324E+02
  0.56987E+02  0.18455E+02 -0.15529E+02 -0.62601E+02 -0.76107E+02 -0.49934E+02
 -0.29027E+02  0.62438E+01  0.34258E+02  0.60989E+02  0.71503E+02  0.79025E+02
  0.48996E+02  0.39592E+02  0.25201E+02  0.16926E+02  0.65131E+01 -0.66044E+01
 -0.24419E+02 -0.41952E+02 -0.51382E+02 -0.60672E+02 -0.38957E+02 -0.15824E+02
 -0.10868E+01  0.24174E+02  0.31794E+02  0.33294E+02  0.49301E+02  0.66443E+02
  0.85707E+02  0.69135E+02  0.45017E+02  0.18051E+02 -0.10909E+02  0.11759E+02
  0.33001E+02  0.57085E+02  0.94820E+02  0.67266E+02  0.17326E+01 -0.23836E+02
 -0.72592E+02 -0.12932E+03 -0.13171E+03 -0.60429E+02 -0.24853E+02  0.42155E+02
  0.10134E+03  0.16236E+03  0.11330E+03  0.73193E+02  0.81925E+01 -0.95502E+02
 -0.11541E+03 -0.10746E+03 -0.90118E+02 -0.54002E+02 -0.30123E+02 -0.12665E+01
  0.23320E+02  0.49752E+02  0.36925E+02  0.27937E+02  0.94166E+01 -0.14511E+02
 -0.41285E+02 -0.61661E+02 -0.90428E+02 -0.71412E+02 -0.32767E+02 -0.91994E+01
  0.24181E+02  0.46179E+02  0.72871E+02  0.79079E+02  0.60109E+02  0.45122E+02
  0.20318E+02 -0.61929E+01 -0.33416E+02 -0.65904E+02 -0.70656E+02 -0.46820E+02
 -0.33369E+02 -0.83962E+01  0.14158E+02  0.22345E+02  0.39344E+01  0.12833E+02
  0.22157E+02  0.33757E+02  0.27578E+02  0.15993E+02  0.22900E+02  0.29239E+02
  0.19504E+02  0.10767E+02  0.74885E+00 -0.14815E+02 -0.38913E+02 -0.61445E+02
 -0.78570E+02 -0.91143E+02 -0.10343E+03 -0.12013E+03 -0.14208E+03 -0.11980E+03
 -0.97238E+02 -0.60020E+02 -0.24791E+02  0.20537E+02  0.76110E+02  0.12628E+03
  0.18598E+03  0.18552E+03  0.15405E+03  0.12017E+03  0.56137E+02  0.11309E+02
 -0.43899E+02 -0.70231E+02 -0.10793E+02  0.46516E+02  0.99559E+02  0.15403E+03
  0.91302E+02  0.24312E+02 -0.51920E+02 -0.12730E+03 -0.20081E+03 -0.19725E+03
 -0.16352E+03 -0.12068E+03 -0.69869E+02  0.12827E+01  0.86090E+02  0.16223E+03
  0.20708E+03  0.13915E+03 -0.43852E+02 -0.16953E+03 -0.14428E+03 -0.12686E+03
 -0.80130E+02 -0.31119E+02  0.85086E+01  0.53832E+02  0.93328E+02  0.14136E+03
  0.13436E+03  0.92229E+02  0.60206E+02  0.88409E+01 -0.46928E+02 -0.96717E+02
 -0.13640E+03 -0.18162E+03 -0.22414E+03 -0.24105E+03 -0.20290E+03 -0.17529E+03
 -0.13201E+03 -0.89299E+02 -0.45869E+02 -0.22909E+01  0.41858E+02  0.76488E+02
  0.10927E+03  0.13950E+03  0.16647E+03  0.20041E+03  0.23635E+03  0.27485E+03
  0.25191E+03  0.20111E+03  0.14960E+03  0.81165E+02  0.28952E+02 -0.33495E+02
 -0.10205E+03 -0.15908E+03 -0.10303E+03 -0.36306E+02  0.38248E+02  0.11395E+03
  0.18197E+03  0.13450E+03  0.66838E+02 -0.20585E+02 -0.99469E+02 -0.77366E+02
 -0.66204E+02 -0.21041E+02  0.31942E+02  0.79245E+02  0.12726E+03  0.14584E+03
  0.11451E+03  0.91986E+02  0.50700E+02  0.14495E+01 -0.42249E+02 -0.86651E+02
 -0.78993E+02 -0.67630E+02 -0.55699E+02 -0.51018E+02 -0.61978E+02 -0.77201E+02
  0.87045E+01  0.74275E+02  0.16090E+03  0.20756E+03  0.16362E+03  0.13433E+03
  0.83572E+02  0.20860E+02 -0.61474E+02 -0.12873E+03 -0.12401E+03 -0.12982E+03
 -0.11429E+03 -0.95204E+02 -0.68720E+02 -0.49346E+02 -0.27409E+02 -0.48288E+02
 -0.97327E+02 -0.13441E+03 -0.15444E+03 -0.14886E+03 -0.12792E+03 -0.10825E+03
 -0.70958E+02 -0.18434E+02  0.19997E+02  0.40509E+02  0.66145E+02  0.83529E+02
  0.91664E+02  0.10079E+03  0.94136E+02  0.50210E+02  0.94116E+01 -0.35940E+02
 -0.86983E+02 -0.67195E+02 -0.22945E+02  0.20022E+02  0.76357E+02  0.12757E+03
  0.12103E+03  0.88604E+02  0.62857E+02  0.21320E+02 -0.11686E+02 -0.46404E+02
 -0.46844E+02 -0.29653E+02 -0.32946E+02 -0.24865E+02 -0.10388E+02  0.62190E+01
  0.24529E+02  0.46248E+02  0.43498E+02  0.35480E+02  0.25609E+02  0.16587E+02
  0.62791E+01  0.15311E+02  0.42401E+02  0.68206E+02  0.83481E+02  0.54373E+02
  0.30380E+02 -0.10687E+02 -0.48914E+02 -0.91556E+02 -0.79018E+02 -0.41024E+02
 -0.58810E+01  0.32954E+02  0.16454E+02 -0.13322E+01 -0.16422E+02 -0.36780E+02
 -0.57144E+02 -0.74528E+02 -0.60912E+02 -0.43602E+02 -0.25729E+02 -0.11704E+02
 -0.39427E+01 -0.23924E+02 -0.28692E+02 -0.33040E+02 -0.26584E+02 -0.76169E+01
 -0.89965E+01 -0.23042E+02 -0.25998E+02 -0.38490E+02 -0.47860E+02 -0.39883E+02
 -0.33050E+02 -0.28642E+02 -0.24239E+02 -0.22118E+02 -0.21141E+02 -0.19601E+02
 -0.19631E+02 -0.15970E+02 -0.69085E+01  0.49907E+01  0.12476E+02  0.20523E+02
  0.17330E+02  0.21829E+01 -0.11548E+02 -0.31399E+02 -0.35042E+02 -0.25319E+02
 -0.24847E+02 -0.17979E+02 -0.10689E+02  0.57767E+00  0.88530E+01 -0.77665E+01
 -0.17137E+02 -0.33198E+02 -0.14699E+02  0.76357E+01  0.43621E+02  0.40914E+02
  0.77647E+01 -0.29147E+01 -0.22417E+02 -0.41069E+02 -0.59156E+02 -0.44105E+02
 -0.24080E+02  0.81753E+01  0.32746E+02  0.55323E+02  0.70643E+02  0.40873E+02
  0.30017E+02  0.11335E+02  0.61674E+00 -0.56950E+01 -0.60083E-01  0.15529E+02
  0.21302E+02 -0.16581E+01 -0.18077E+02 -0.33786E+02 -0.27733E+02 -0.70322E+01
  0.17650E+02  0.42047E+02  0.53645E+02  0.44186E+02  0.28330E+02  0.45078E+01
 -0.19599E+02 -0.42569E+02 -0.41927E+02 -0.28769E+02 -0.18597E+02 -0.41576E+01
  0.85750E+01  0.22589E+02  0.37171E+02  0.54174E+02  0.60651E+02  0.48355E+02
  0.36345E+02  0.19356E+02 -0.47356E-01 -0.17743E+02 -0.32593E+02 -0.27671E+02
 -0.92334E+01  0.86352E+01  0.94392E+01 -0.70783E+00 -0.57325E+01 -0.59185E+01
 -0.52489E+01  0.59489E+01  0.33506E+02  0.45277E+02  0.61460E+02  0.43652E+02
  0.96319E+01 -0.17274E+02 -0.26967E+02 -0.82094E+01  0.13537E+02  0.38559E+02
  0.59032E+02  0.80362E+02  0.89462E+02  0.84627E+02  0.72257E+02  0.60601E+02
  0.41552E+02  0.24783E+02  0.95807E+01 -0.54751E+01 -0.18820E+02 -0.20927E+02
 -0.26443E+02 -0.28399E+02 -0.35188E+02 -0.42827E+02 -0.45769E+02 -0.46716E+02
 -0.50930E+02 -0.37931E+02 -0.13549E+02  0.72803E+01  0.27829E+02  0.48949E+02
  0.54286E+02  0.52799E+02  0.57146E+02  0.66764E+02  0.72397E+02  0.73908E+02
  0.51388E+02  0.28302E+02  0.90593E+01 -0.94683E+01 -0.32545E+02 -0.53199E+02
 -0.75273E+02 -0.76862E+02 -0.73896E+02 -0.59690E+02 -0.42495E+02 -0.24585E+02
 -0.15491E+02 -0.61087E+01  0.38453E+01  0.12095E+02  0.21485E+02  0.26754E+02
  0.28186E+02  0.20943E+02  0.11285E+02  0.30519E+01 -0.84499E+01 -0.19664E+02
 -0.32583E+02 -0.44504E+02 -0.55854E+02 -0.65779E+02 -0.74422E+02 -0.78937E+02
 -0.74490E+02 -0.46003E+02 -0.24057E+02  0.28687E+01  0.31219E+02  0.54594E+02
  0.43833E+02  0.41182E+02  0.29002E+02  0.17393E+02  0.43635E+01 -0.56774E+01
 -0.35640E+00  0.69573E+01  0.44580E+01  0.19601E+01 -0.19586E+01 -0.50233E+01
 -0.26820E+01 -0.62436E+00 -0.21214E+01 -0.14427E+02 -0.17630E+02 -0.20405E+02
 -0.23322E+02 -0.26949E+02 -0.21898E+02 -0.12866E+02 -0.45446E+01  0.39203E+01
  0.39934E+01  0.46353E+01  0.88339E+01  0.14597E+02  0.20644E+02  0.28541E+02
  0.38428E+02  0.35800E+02  0.25774E+02  0.15748E+02  0.41582E+01  0.16037E+02
  0.23789E+02  0.37516E+02  0.42139E+02  0.28270E+02  0.17958E+02  0.13857E+01
 -0.75058E+01 -0.54463E+01 -0.25338E+01 -0.15836E+02 -0.36822E+02 -0.52402E+02
 -0.42381E+02 -0.36913E+02 -0.23196E+02 -0.10760E+02  0.33821E+01  0.15532E+02
  0.26968E+02  0.17638E+02  0.97291E+01  0.53881E+00 -0.96480E+01 -0.14290E+02
 -0.16087E+02 -0.19166E+02 -0.18549E+02 -0.19070E+02 -0.12766E+02 -0.13430E+01
  0.73765E+01  0.20504E+02  0.21256E+02  0.11765E+02  0.51172E+01 -0.60830E+01
 -0.17285E+02 -0.24932E+02 -0.23051E+02 -0.24728E+02 -0.23704E+02 -0.20832E+02
 -0.54449E+01  0.59581E+01  0.23334E+02  0.24777E+02  0.13702E+02  0.57554E+01
 -0.74557E+01 -0.98583E+01 -0.11978E+02 -0.14100E+02 -0.14658E+02 -0.12231E+02
 -0.80978E+01 -0.12359E+02 -0.21741E+02 -0.28991E+02 -0.37808E+02 -0.27709E+02
 -0.20028E+02 -0.97895E+01 -0.56679E+01 -0.48192E+01 -0.39718E+01 -0.42328E+00
  0.51151E+01  0.88034E+01  0.10499E+02  0.16461E+02  0.24839E+02  0.34354E+02
  0.29930E+02  0.17823E+02  0.77059E+01 -0.51142E+01 -0.82635E+01 -0.14116E+02
 -0.20823E+02 -0.23833E+02 -0.22577E+02 -0.23883E+02 -0.26184E+02 -0.22797E+02
 -0.11731E+02 -0.25133E+01  0.10401E+02  0.22461E+02  0.35374E+02  0.43735E+02
  0.49534E+02  0.52488E+02  0.47619E+02  0.39478E+02  0.28207E+02  0.17362E+02
  0.11780E+02  0.77613E+01  0.94318E+01  0.13093E+02  0.10496E+02  0.20669E+01
 -0.45135E+01 -0.11380E+02 -0.17961E+02 -0.21413E+02 -0.16901E+02 -0.72678E+01
  0.39295E+01  0.15411E+02  0.26608E+02  0.18034E+02  0.11594E+02  0.10288E+01
 -0.14291E+01 -0.17540E+01  0.21886E+01  0.84067E+01  0.12065E+02  0.30646E+01
 -0.47984E+01 -0.15790E+02 -0.26213E+02 -0.35497E+02 -0.30131E+02 -0.25903E+02
 -0.20396E+02 -0.17020E+02 -0.12934E+02 -0.78517E+01 -0.13471E+01  0.50155E+01
  0.12090E+02  0.15467E+02  0.20266E+02  0.23643E+02  0.29011E+02  0.29402E+02
  0.22540E+02  0.15393E+02  0.62551E+01 -0.46455E+00 -0.41960E+01 -0.80702E+01
 -0.12513E+02 -0.15959E+02 -0.17983E+02 -0.13748E+02 -0.25428E+01  0.85202E+01
  0.15317E+02  0.13864E+02  0.99942E+01  0.44180E+01  0.31091E+01  0.59248E+01
 -0.78845E+00 -0.60790E+01 -0.96612E+01 -0.11537E+02 -0.13554E+02 -0.14860E+02
 -0.12894E+02 -0.55232E+01 -0.31296E+01 -0.32958E+01 -0.48847E+01  0.17777E+01
  0.14840E+02  0.17378E+02  0.18636E+02  0.19468E+02  0.19020E+02  0.19569E+02
  0.14854E+02  0.88607E+01  0.30094E+01 -0.26997E+01 -0.44196E+00  0.15302E+01
  0.62056E+01  0.90324E+01  0.11433E+02  0.95667E+01 -0.54899E+00 -0.10238E+02
 -0.17081E+02 -0.16814E+02 -0.13984E+02 -0.57500E+01  0.13462E+01  0.11287E+02
  0.18811E+02  0.20218E+02  0.17359E+02  0.98067E+01  0.53833E+01  0.48005E+01
  0.35066E+01  0.29241E+01 -0.43433E+01 -0.10757E+02 -0.19162E+02 -0.28279E+02
 -0.33412E+02 -0.23611E+02 -0.15943E+02 -0.45764E+01  0.26650E+01  0.59238E+01
  0.93247E+01  0.10593E+02  0.12856E+02  0.11848E+02  0.79955E+01  0.18671E+01
 -0.61102E+01 -0.13661E+02 -0.21922E+02 -0.27197E+02 -0.23938E+02 -0.19826E+02
 -0.86017E+01  0.19112E+01  0.13847E+02  0.23791E+02  0.28188E+02  0.28176E+02
  0.24181E+02  0.21039E+02  0.15337E+02  0.89247E+01 -0.19093E+00 -0.78835E+01
 -0.14439E+02 -0.90464E+01 -0.67836E+01 -0.62266E+01 -0.48167E+01 -0.41182E+01
 -0.49844E+01 -0.75576E+01 -0.77116E+01 -0.44524E+01 -0.13359E+01  0.23497E+01
  0.51820E+01  0.37474E+01  0.13173E+01 -0.19665E+01 -0.49653E+01 -0.81070E+01
 -0.10395E+02 -0.10264E+02 -0.99914E+01 -0.84386E+01 -0.74550E+01 -0.59015E+01
 -0.64813E+01 -0.10049E+02 -0.13046E+02 -0.16755E+02 -0.20037E+02 -0.20474E+02
 -0.19630E+02 -0.17507E+02 -0.14956E+02 -0.12974E+02 -0.14547E+02 -0.17116E+02
 -0.19827E+02 -0.22964E+02 -0.26101E+02 -0.29380E+02 -0.28532E+02 -0.27686E+02
 -0.26269E+02 -0.24711E+02 -0.20165E+02 -0.12346E+02 -0.58070E+01  0.10689E+02
  0.19504E+02  0.22631E+02  0.21206E+02  0.18218E+02  0.15229E+02  0.11105E+02
  0.71220E+01  0.29556E+00 -0.48232E+01 -0.12217E+02 -0.95120E+01  0.11589E+01
  0.89858E+01  0.21365E+02  0.25780E+02  0.19243E+02  0.14699E+02  0.11577E+02
  0.83139E+01  0.61896E+01  0.93286E+01  0.11331E+02  0.14471E+02  0.14626E+02
  0.14211E+02  0.14936E+02  0.16657E+02  0.17810E+02  0.18822E+02  0.16563E+02
  0.14874E+02  0.10909E+02  0.76561E+01  0.35512E+01 -0.97989E+00 -0.35189E+01
  0.36147E+01  0.10464E+02  0.19022E+02  0.27296E+02  0.24902E+02  0.21372E+02
  0.17558E+02  0.13887E+02  0.11354E+02  0.83948E+01  0.10272E+02  0.12578E+02
  0.13888E+02  0.14487E+02  0.14945E+02  0.15830E+02  0.15577E+02  0.89250E+01
  0.29843E+01 -0.96478E+00 -0.27799E+01 -0.64436E+01 -0.85425E+01 -0.12063E+02
 -0.12028E+02 -0.80094E+01 -0.47023E+01 -0.38127E+01 -0.20690E+01 -0.33128E+01
 -0.52670E+01 -0.56564E+01 -0.71839E+01 -0.92800E+01 -0.11946E+02 -0.11055E+02
 -0.67500E+01 -0.28722E+01  0.62678E+01  0.94335E+01  0.13880E+02  0.13917E+02
  0.11678E+02  0.92963E+01  0.86218E+01  0.96527E+01  0.96882E+01  0.71637E+01
  0.40687E+01  0.26284E+00 -0.25475E+01 -0.46475E+01 -0.97349E+01 -0.16956E+02
 -0.21903E+02 -0.20307E+02 -0.16009E+02 -0.11570E+02 -0.57088E+01 -0.55982E+00
  0.43041E+01  0.58961E+01  0.43576E+01  0.38142E+01  0.21321E+01  0.42895E+01
  0.71571E+01  0.51878E+01  0.22220E+01 -0.46040E+00 -0.47084E+01 -0.65396E+01
 -0.59531E+01 -0.53684E+01 -0.42151E+01 -0.29214E+01 -0.47574E+01 -0.85864E+01
 -0.12558E+02 -0.14114E+02 -0.12399E+02 -0.64172E+01  0.22648E+01  0.10377E+02
  0.19768E+02  0.28020E+02  0.31577E+02  0.28305E+02  0.23895E+02  0.18345E+02
  0.13932E+02  0.14923E+02  0.14775E+02  0.14624E+02  0.73621E+01  0.16630E+01
 -0.48909E+01 -0.12300E+02 -0.16011E+02 -0.15741E+02 -0.16894E+02 -0.16201E+02
 -0.15080E+02 -0.14672E+02 -0.17681E+02 -0.19409E+02 -0.22133E+02 -0.24006E+02
 -0.26449E+02 -0.28750E+02 -0.30057E+02 -0.27951E+02 -0.26130E+02 -0.22462E+02
 -0.20785E+02 -0.23519E+02 -0.25684E+02 -0.28847E+02 -0.31724E+02 -0.31616E+02
 -0.29376E+02 -0.23864E+02 -0.17642E+02 -0.11137E+02 -0.59111E+01  0.25036E-01
  0.41116E+01  0.50685E+01  0.38915E+01  0.24298E+01  0.54105E+00 -0.24858E+01
 -0.77886E+01 -0.12523E+02 -0.15550E+02 -0.12603E+02 -0.97990E+01 -0.52875E+01
 -0.10607E+01  0.45884E+01  0.93840E+01  0.14607E+02  0.14568E+02  0.13107E+02
  0.14633E+02  0.16586E+02  0.18682E+02  0.20352E+02  0.18466E+02  0.16724E+02
  0.13986E+02  0.10396E+02  0.72337E+01  0.56365E+01  0.68851E+01  0.79921E+01
  0.99537E+01  0.76495E+01  0.64847E+01  0.47519E+01  0.45842E+01  0.84010E+01
  0.11934E+02  0.14901E+02  0.15308E+02  0.15147E+02  0.13708E+02  0.12982E+02
  0.78483E+01  0.10094E+01 -0.51166E+01 -0.11952E+02 -0.15515E+02 -0.19218E+02
 -0.22635E+02 -0.24484E+02 -0.22065E+02 -0.20640E+02 -0.17222E+02 -0.11668E+02
 -0.63962E+01 -0.35400E+01 -0.15358E+01  0.61292E+00  0.34754E+01  0.67664E+01
  0.10059E+02  0.12359E+02  0.10394E+02  0.81473E+01  0.54758E+01  0.30915E+01
 -0.21362E+01 -0.53700E+01 -0.70360E+01 -0.94112E+01 -0.10931E+02 -0.13017E+02
 -0.13394E+02 -0.11351E+02 -0.97316E+01 -0.15672E+01  0.64572E+01  0.13773E+02
  0.14263E+02  0.16179E+02  0.16390E+02  0.17030E+02  0.16819E+02  0.15473E+02
  0.14128E+02  0.13213E+02  0.14149E+02  0.15372E+02  0.19015E+02  0.22091E+02
  0.24316E+02  0.27255E+02  0.29341E+02  0.30720E+02  0.28117E+02  0.25800E+02
  0.23487E+02  0.21743E+02  0.19575E+02  0.17693E+02  0.14107E+02  0.10948E+02
  0.72226E+01  0.62013E+01  0.70305E+01  0.81458E+01  0.69869E+01  0.41225E+01
  0.26819E+01  0.38930E+00 -0.17598E+01 -0.20587E+01 -0.13607E+01 -0.80384E+00
  0.89201E+00  0.23042E+01  0.45709E+01  0.29980E+01  0.17104E+01 -0.85673E+00
 -0.22849E+01 -0.18641E+01 -0.25806E+01 -0.51450E+01 -0.74250E+01 -0.10558E+02
 -0.13264E+02 -0.16824E+02 -0.18250E+02 -0.18680E+02 -0.18968E+02 -0.18403E+02
 -0.20967E+02 -0.23248E+02 -0.25955E+02 -0.28947E+02 -0.29522E+02 -0.26968E+02
 -0.21001E+02 -0.13043E+02 -0.55134E+01  0.18730E+01  0.71251E+01  0.11807E+02
  0.13359E+02  0.12207E+02  0.11623E+02  0.10184E+02  0.10450E+02  0.13133E+02
  0.14677E+02  0.16930E+02  0.18896E+02  0.20576E+02  0.19409E+02  0.17673E+02
  0.13231E+02  0.92142E+01  0.46260E+01  0.21692E+01 -0.71672E+00 -0.30360E+01
 -0.53577E+01 -0.78241E+01 -0.90133E+01 -0.72174E+01 -0.58519E+01 -0.37769E+01
 -0.51193E+01 -0.76017E+01 -0.11083E+02 -0.14567E+02 -0.17913E+02 -0.16140E+02
 -0.14228E+02 -0.12036E+02 -0.91349E+01 -0.55262E+01 -0.27743E+01 -0.47194E+01
 -0.66679E+01 -0.79086E+01 -0.50281E+01 -0.25777E+01  0.14337E+01  0.44463E+01
  0.91181E+00 -0.26261E+01 -0.77318E+01 -0.12841E+02 -0.16248E+02 -0.18805E+02
 -0.16672E+02 -0.13263E+02 -0.53052E+01  0.22210E+01  0.10597E+02  0.17121E+02
  0.19658E+02  0.17640E+02  0.15760E+02  0.12169E+02  0.80063E+01  0.72530E+01
  0.86292E+01  0.80104E+01  0.46851E+01  0.17830E+01 -0.69643E+00 -0.47702E+00
 -0.83043E+00  0.23483E+00  0.58513E+00  0.64735E+00 -0.19966E+01 -0.46443E+01
 -0.80067E+01 -0.10661E+02 -0.90529E+01 -0.74478E+01 -0.52773E+01 -0.46749E+01
 -0.83426E+01 -0.11161E+02 -0.14978E+02 -0.17234E+02 -0.19350E+02 -0.21328E+02
 -0.23025E+02 -0.24013E+02 -0.25288E+02 -0.24292E+02 -0.23725E+02 -0.23160E+02
 -0.21603E+02 -0.16777E+02 -0.12096E+02 -0.65648E+01 -0.11778E+01  0.19308E+01
  0.43257E+01  0.71448E+01  0.93933E+01  0.12208E+02  0.12176E+02  0.10292E+02
  0.92603E+01  0.46706E+01 -0.21967E+01 -0.66478E+01 -0.11243E+02 -0.12283E+02
 -0.10054E+02 -0.76849E+01 -0.70228E+01 -0.67892E+01 -0.64150E+01 -0.49030E+01
 -0.97475E+00  0.25258E+01  0.65948E+01  0.98089E+01  0.13308E+02  0.14530E+02
  0.13333E+02  0.13132E+02  0.12361E+02  0.15858E+02  0.18643E+02  0.20005E+02
  0.21368E+02  0.22731E+02  0.20111E+02  0.17065E+02  0.12882E+02  0.79873E+01
  0.50841E+01  0.34627E+01  0.24105E+01  0.24973E+01  0.73589E+00 -0.13089E+01
 -0.33527E+01 -0.55378E+01 -0.80059E+01 -0.11326E+02 -0.15356E+02 -0.16682E+02
 -0.15162E+02 -0.13070E+02 -0.98397E+01 -0.58964E+01 -0.36575E+01 -0.36926E+01
 -0.37256E+01 -0.40409E+01 -0.35006E+01 -0.32424E+01 -0.29819E+01 -0.25767E+01
 -0.25957E+01 -0.38918E+01 -0.47592E+01 -0.60508E+01 -0.39249E+01 -0.65916E+00
  0.21831E+01  0.46016E+01  0.44630E+01  0.50385E+01  0.54751E+01  0.52037E+01
  0.30864E+01  0.11147E+01 -0.14225E+01 -0.39561E+01 -0.39264E+01 -0.30392E+01
 -0.20075E+01 -0.40235E+00  0.92206E+00  0.25350E+01  0.35822E+01  0.42059E+01
  0.55451E+01  0.81688E+01  0.90887E+01  0.73103E+01  0.58199E+01  0.50448E+01
  0.79722E+01  0.10192E+02  0.13554E+02  0.16066E+02  0.13746E+02  0.11715E+02
  0.94035E+01  0.88026E+01  0.86325E+01  0.86087E+01  0.81623E+01  0.77200E+01
  0.75661E+01  0.86965E+01  0.96883E+01  0.11538E+02  0.10831E+02  0.98439E+01
  0.84342E+01  0.73124E+01  0.61950E+01  0.50814E+01  0.42562E+01  0.38615E+01
  0.41820E+01  0.25149E+01 -0.21353E+01 -0.60706E+01 -0.10997E+02 -0.14641E+02
 -0.16432E+02 -0.19357E+02 -0.19434E+02 -0.16946E+02 -0.14882E+02 -0.11677E+02
 -0.77571E+01 -0.28384E+01  0.49283E+01  0.11987E+02  0.19476E+02  0.22558E+02
  0.26071E+02  0.28733E+02  0.30544E+02  0.26101E+02  0.21944E+02  0.16795E+02
  0.12786E+02  0.12052E+02  0.11319E+02  0.10732E+02  0.10289E+02  0.78579E+01
  0.44324E+01  0.17211E+01  0.17143E+01  0.19940E+01  0.14213E+01  0.42498E+00
 -0.99631E+00 -0.42419E+00  0.29112E+00  0.12928E+01 -0.54864E+00 -0.38113E+01
 -0.67877E+01 -0.10474E+02 -0.12310E+02 -0.14430E+02 -0.16406E+02 -0.18238E+02
 -0.20071E+02 -0.20906E+02 -0.20888E+02 -0.20442E+02 -0.19853E+02 -0.19122E+02
 -0.19670E+02 -0.20075E+02 -0.20908E+02 -0.20744E+02 -0.16028E+02 -0.12594E+02
 -0.91587E+01 -0.62928E+01 -0.30005E+01 -0.25533E+01 -0.32443E+01 -0.20867E+01
  0.20810E+00  0.17912E+01  0.52877E+00 -0.13034E+01 -0.31365E+01 -0.53972E+01
 -0.78012E+01 -0.97796E+01 -0.12044E+02 -0.10753E+02 -0.98905E+01 -0.87451E+01
 -0.77432E+01 -0.38983E+01  0.20785E+01  0.69159E+01  0.90489E+01  0.11180E+02
  0.13167E+02  0.16575E+02  0.19411E+02  0.23384E+02  0.24083E+02  0.22362E+02
  0.20922E+02  0.19907E+02  0.22161E+02  0.24555E+02  0.21542E+02  0.16250E+02
  0.11241E+02  0.50905E+01 -0.16314E+01 -0.35201E+01 -0.25670E+01 -0.14742E+01
  0.32668E+00 -0.32802E+01 -0.60365E+01 -0.10076E+02 -0.11274E+02 -0.76390E+01
 -0.52871E+01 -0.36495E+01 -0.17306E+01 -0.81063E+00 -0.27386E+01 -0.45275E+01
 -0.61774E+01 -0.85416E+01 -0.89181E+01 -0.60264E+01 -0.45604E+01 -0.21022E+01
 -0.12118E+01 -0.37385E+01 -0.35660E+01 -0.19747E+01 -0.67120E+00  0.19090E+01
  0.39168E+01  0.63480E+01  0.77801E+01  0.72175E+01  0.70782E+01  0.63666E+01
  0.46560E+01  0.29420E+01  0.19358E+01  0.12108E+01  0.48240E+00 -0.10703E+00
 -0.69976E+00 -0.27180E+01 -0.48819E+01 -0.73333E+01 -0.10926E+02 -0.13810E+02
 -0.17409E+02 -0.17455E+02 -0.14944E+02 -0.61775E+01 -0.10215E+02 -0.21937E+02
 -0.31242E+02 -0.42116E+02 -0.40475E+02 -0.42110E+02 -0.37345E+02 -0.24334E+02
 -0.96190E+01  0.42403E+01  0.21795E+02  0.20431E+02  0.95340E+01  0.11578E+02
 -0.15988E+01 -0.11933E+02 -0.20563E+02 -0.31328E+02 -0.31143E+02 -0.27690E+02
 -0.21535E+02 -0.13248E+02 -0.45361E+01 -0.10049E+02 -0.13146E+02 -0.59893E+00
  0.95293E+01  0.28617E+02  0.28076E+02  0.13878E+02  0.25237E+01 -0.16938E+02
 -0.10372E+02 -0.40913E+01  0.93002E+01  0.20701E+02  0.22286E+02  0.25435E+02
  0.20050E+02  0.11109E+02  0.41591E+01  0.98681E+01  0.13586E+02  0.14317E+02
  0.17324E+02  0.18767E+02  0.20779E+02  0.27343E+02  0.25232E+02  0.15298E+02
  0.60770E+01  0.18344E+01  0.68381E+01  0.88565E+01  0.11018E+02  0.96254E+01
  0.73811E+01  0.47110E+01  0.33228E+01  0.66303E+01  0.93707E+01  0.12824E+02
  0.13720E+02  0.13053E+02  0.12388E+02  0.13433E+02  0.16613E+02  0.19085E+02
  0.22128E+02  0.20624E+02  0.19121E+02  0.16200E+02  0.94418E+01  0.19750E+01
 -0.57726E+01 -0.11525E+02 -0.70339E+01 -0.16852E+01  0.12492E+01 -0.26396E+01
 -0.72360E+01 -0.13108E+02 -0.13286E+02 -0.15736E+02 -0.15195E+02 -0.13084E+02
 -0.12391E+02 -0.11978E+02 -0.12129E+02 -0.11849E+02 -0.10709E+02 -0.60402E+00
 -0.37218E+01 -0.92517E+01 -0.11078E+02 -0.12045E+02 -0.11584E+02 -0.85574E+01
 -0.63785E+01 -0.41931E+01 -0.29972E+01 -0.79938E+00  0.69361E+00  0.26198E+01
  0.41257E+01  0.25093E+01 -0.15184E+01 -0.28364E+01 -0.30102E+01 -0.20386E+01
 -0.91713E+00  0.49567E+00  0.17741E+01  0.49087E+01  0.71976E+01  0.11486E+02
  0.12510E+02  0.11125E+02  0.10316E+02  0.78095E+01  0.57375E+01  0.41006E+01
  0.47481E+01  0.63998E+01  0.70646E+01  0.53203E+01 -0.82429E+00 -0.89511E+01
 -0.16642E+02 -0.24750E+02 -0.21186E+02 -0.11923E+02 -0.50680E+01  0.60636E+01
  0.72486E+01  0.23275E+01  0.26106E+00 -0.47821E+01 -0.19921E+01 -0.14672E+01

