 -0.36579E+01 -0.22054E+02 -0.19257E+02 -0.17881E+02 -0.19207E+02 -0.23520E+02
 -0.27121E+02 -0.25317E+02 -0.22802E+02 -0.16871E+02 -0.14638E+02 -0.24068E+02
 -0.34635E+02 -0.38516E+02 -0.30023E+02 -0.28925E+02 -0.20429E+02 -0.12787E+02
 -0.32937E+01 -0.11295E+02 -0.26549E+02 -0.41945E+02 -0.45392E+02 -0.17547E+02
  0.31884E+01  0.27338E+02 -0.93875E+01 -0.23924E+02 -0.25658E+02 -0.38059E+02
 -0.53160E+02 -0.66269E+02 -0.60887E+02 -0.34310E+02 -0.38455E+02 -0.30936E+02
 -0.32660E+02 -0.15182E+02 -0.15424E+01  0.18356E+02  0.29865E+02  0.29854E+02
  0.49898E+02  0.78337E+02  0.84449E+02  0.66805E+02  0.53283E+02  0.35645E+02
  0.29669E+02  0.51288E+02  0.65795E+02  0.87842E+02  0.11117E+03  0.13138E+03
  0.11744E+03  0.10920E+03  0.71656E+02  0.73229E+02  0.43982E+01 -0.10611E+03
 -0.15303E+03 -0.10892E+03 -0.82452E+02 -0.46738E+02 -0.17421E+02  0.94794E+01
  0.32117E+02  0.66553E+02  0.10967E+03  0.16616E+03  0.21283E+03  0.27630E+03
  0.25498E+03  0.18687E+03  0.15035E+03  0.14497E+03  0.15851E+03  0.14744E+03
  0.16695E+03  0.19159E+03  0.24197E+03  0.73025E+02 -0.27869E+03 -0.38974E+03
 -0.36739E+03 -0.36977E+03 -0.32181E+03 -0.31182E+03 -0.31961E+03 -0.32272E+03
 -0.33093E+03 -0.30317E+03 -0.25947E+03 -0.22431E+03 -0.19853E+03 -0.13692E+03
 -0.49130E+02  0.23009E+02  0.11251E+03  0.19019E+03  0.27926E+03  0.35382E+03
  0.44630E+03  0.51190E+03  0.57578E+03  0.61492E+03  0.66288E+03  0.55822E+03
  0.47702E+03 -0.20995E+03 -0.45215E+03 -0.31132E+03 -0.36550E+03 -0.22253E+03
 -0.16975E+03 -0.58506E+02  0.70781E+01  0.96844E+02  0.17949E+03  0.24792E+03
  0.37295E+03  0.14525E+03 -0.49908E+03 -0.28728E+03 -0.32995E+03 -0.19795E+03
 -0.12128E+03  0.29348E+02 -0.15385E+03 -0.40418E+03 -0.32880E+03 -0.32852E+03
 -0.27917E+03 -0.22029E+03 -0.16924E+03 -0.13226E+03 -0.97427E+02 -0.59177E+02
 -0.55668E+01  0.45909E+02  0.18032E+01 -0.54115E+02 -0.12325E+03 -0.14062E+03
 -0.10196E+03 -0.87186E+02 -0.45526E+02 -0.13405E+02  0.45741E+02  0.97347E+02
  0.15222E+03 -0.55714E+00 -0.56624E+02  0.82089E+01  0.16147E+02  0.81834E+02
  0.12903E+03  0.19414E+03  0.24646E+03  0.28212E+03  0.40721E+02  0.33723E+02
  0.12885E+03  0.13550E+03  0.26831E+03  0.28151E+03  0.42613E+03 -0.16247E+03
 -0.24500E+03 -0.12967E+03 -0.10482E+03  0.24584E+02  0.14901E+03 -0.19011E+03
 -0.27179E+03 -0.20354E+03 -0.23501E+03 -0.16804E+03 -0.13920E+03 -0.71391E+02
 -0.53351E+02 -0.16120E+03 -0.90819E+02 -0.89996E+02 -0.41381E+02 -0.12815E+02
  0.46898E+02  0.88260E+02  0.11540E+03  0.42414E+02 -0.13507E+02 -0.62882E+02
 -0.68661E+01  0.21557E+02  0.10304E+03  0.16034E+03  0.24254E+03  0.28561E+03
  0.32699E+03  0.65405E+02  0.15245E+01  0.53142E+02  0.61663E+02 -0.76177E+01
 -0.19576E+02  0.40294E+02  0.51948E+02  0.53075E+02  0.98443E+02  0.15803E+03
  0.20326E+03  0.27849E+03  0.32926E+03  0.40208E+03  0.39569E+03  0.42327E+03
  0.37662E+03  0.27094E+03 -0.22446E+03 -0.95882E+02 -0.60181E+02 -0.34295E+02
 -0.20369E+03 -0.30923E+03 -0.47677E+03 -0.38788E+03 -0.39839E+03 -0.29086E+03
 -0.22372E+03 -0.99973E+02 -0.82035E+00  0.13174E+03  0.21723E+03  0.32477E+03
 -0.45319E+02 -0.60674E+02  0.37193E+02  0.79303E+02  0.19409E+03  0.29352E+03
  0.38598E+03  0.50647E+03  0.35243E+03 -0.25846E+03 -0.18407E+03 -0.19714E+03
 -0.16556E+03 -0.81201E+02 -0.23851E+03 -0.40804E+03 -0.30705E+03 -0.32482E+03
 -0.25669E+03 -0.22553E+03 -0.16010E+03 -0.10263E+03 -0.95655E+02 -0.21328E+03
 -0.23418E+03 -0.23801E+03 -0.22720E+03 -0.13219E+03 -0.91073E+02  0.40213E+02
 -0.12847E+03 -0.29702E+03 -0.15862E+03 -0.19332E+03 -0.79958E+02 -0.35436E+02
  0.58298E+02  0.11732E+03  0.15033E+03  0.63710E+02  0.95175E+01 -0.33722E+02
  0.36689E+02  0.74098E+02  0.14820E+03  0.20396E+03  0.27267E+03  0.33383E+03
  0.38332E+03  0.25517E+03  0.12318E+03  0.27030E+02  0.45379E+02  0.58186E+02
  0.88054E+02  0.41547E+02 -0.31417E+02 -0.58013E+02 -0.37953E+02 -0.59427E+02
 -0.55441E+02 -0.30687E+02 -0.69289E+01  0.27212E+02  0.65195E+02  0.10175E+03
  0.42023E+02 -0.15005E+02 -0.85545E+02 -0.22100E+02  0.28118E+02  0.53161E+02
 -0.24204E+02 -0.13383E+02  0.62572E+01  0.27463E+02  0.70146E+02  0.10273E+03
  0.42295E+02  0.93183E+01 -0.18120E+02 -0.27410E+01  0.12600E+01 -0.13514E+02
 -0.36536E+02 -0.23144E+02 -0.15015E+02  0.79549E+00  0.14901E+02 -0.85425E+01
 -0.58726E+02 -0.81741E+02 -0.47008E+02 -0.40010E+02 -0.29028E+02 -0.23166E+02
 -0.29373E+01  0.36637E+02 -0.28189E+02 -0.29861E+02 -0.16456E+02 -0.22962E+02
 -0.15954E+02 -0.14351E+02  0.13343E+01  0.15740E+02  0.42664E+02  0.62762E+02
  0.12781E+03  0.13937E+03  0.21647E+02 -0.73461E+02 -0.40273E+02 -0.16613E+02
  0.34355E+02  0.28004E+02 -0.20018E+02 -0.76577E+02 -0.74247E+02 -0.46318E+02
 -0.24502E+02  0.51406E+01  0.39331E+02  0.66838E+02  0.13130E+02 -0.50678E+02
 -0.60997E+02 -0.26093E+02 -0.42390E+02 -0.19999E+02  0.49526E+01  0.33035E+02
  0.53726E+02  0.77107E+02  0.64941E+02  0.29872E+02  0.67515E+01  0.43512E+02
  0.82265E+02  0.85176E+02  0.18108E+02  0.45155E+01 -0.14052E+02 -0.65897E+01
  0.41443E+01  0.10611E+02  0.38555E+02  0.63513E+02  0.99282E+02  0.10816E+03
  0.92159E+02  0.94358E+02  0.13041E+03  0.16490E+03  0.84175E+02  0.88934E+02
  0.22861E+02 -0.42502E+02 -0.56233E+02 -0.89735E+02 -0.89245E+02 -0.96861E+02
 -0.90538E+02 -0.99296E+02 -0.21996E+02  0.21590E+02 -0.58426E+02 -0.11682E+03
 -0.11946E+03 -0.81708E+02 -0.88478E+02 -0.76469E+02 -0.78828E+02 -0.64826E+02
 -0.59793E+02 -0.57032E+02 -0.64371E+02 -0.63889E+02 -0.52169E+02 -0.16697E+02
  0.17067E+02  0.61356E+02  0.71793E+02  0.74691E+02  0.64502E+02  0.61425E+02
  0.39574E+02  0.36204E+02 -0.98218E+01  0.19375E+02  0.22985E+02  0.92015E+02
 -0.14006E+03 -0.24285E+03 -0.23171E+03 -0.23152E+03 -0.20246E+03 -0.19204E+03
 -0.14278E+03 -0.11073E+03 -0.60621E+02 -0.47211E+02 -0.14313E+02 -0.17685E+02
 -0.41540E+02 -0.34245E+02  0.15861E+02  0.41362E+02  0.27746E+02  0.74011E+02
  0.12924E+03  0.18290E+03  0.24552E+03  0.35323E+03  0.24929E+03 -0.18662E+03
 -0.38092E+02 -0.53132E+02 -0.20237E+02 -0.16642E+03 -0.10508E+03 -0.93235E+02
 -0.10686E+03 -0.81503E+02  0.23504E+02  0.10575E+03  0.22483E+03  0.33909E+03
  0.19774E+03  0.88538E+02  0.14319E+03  0.37830E+02 -0.48048E+01 -0.90254E+02
 -0.15763E+03 -0.22715E+03 -0.23380E+03 -0.16735E+03 -0.77560E+02  0.18406E+01
  0.10642E+03  0.23262E+03  0.30846E+03 -0.74258E+02 -0.83652E+01 -0.19001E+02
  0.83429E+01  0.44648E+02  0.12576E+03  0.16732E+03 -0.44288E+02 -0.12945E+03
 -0.56307E+02 -0.49308E+02 -0.12718E+02  0.24154E+02  0.91323E+02  0.12621E+03
  0.16023E+03  0.17036E+03  0.13157E+03  0.77403E+02  0.19403E+02  0.18438E+02
 -0.83089E+02 -0.10297E+03 -0.32531E+02  0.13718E+02  0.10777E+03  0.99362E+01
 -0.31855E+02  0.37306E+01 -0.15161E+02 -0.32629E+02 -0.53514E+02 -0.35857E+02
 -0.31425E+02 -0.16043E+02  0.37172E+02  0.10788E+03  0.17930E+03  0.24474E+03
  0.17364E+03  0.67124E+02 -0.77234E+02 -0.48063E+02 -0.43074E+02 -0.16794E+03
 -0.19368E+03 -0.12228E+03 -0.67940E+02  0.15411E+02  0.54669E+02  0.10744E+03
  0.80125E+02  0.20525E+02 -0.10631E+02 -0.46482E+02 -0.74225E+02 -0.53757E+02
 -0.71124E+02 -0.93757E+02 -0.12009E+03 -0.14969E+03 -0.92535E+02 -0.68806E+02
  0.55562E+01  0.27859E+02  0.13463E+02  0.17554E+02 -0.24298E+02 -0.81372E+02
 -0.19255E+02  0.20387E+02  0.88331E+02  0.15101E+03  0.15850E+03  0.71403E+02
  0.37845E+01 -0.86307E+02 -0.68870E+02 -0.58834E+02 -0.31869E+02 -0.76086E+01
  0.44229E+02  0.20980E+02 -0.59314E+02 -0.97367E+02 -0.15078E+03 -0.14219E+03
 -0.12065E+03 -0.98687E+02 -0.65349E+02 -0.33008E+02 -0.13612E+02 -0.62494E+02
 -0.72690E+02 -0.12300E+03 -0.15709E+03 -0.11552E+03 -0.97842E+02 -0.65379E+02
 -0.49561E+02 -0.27768E+02 -0.28424E+01  0.41557E+02  0.65760E+02  0.10035E+03
  0.12326E+03  0.14220E+03  0.16299E+03  0.17793E+03  0.18179E+03  0.21551E+03
  0.23856E+03  0.26745E+03  0.33360E+03  0.37129E+03  0.40999E+03  0.23689E+03
  0.61235E+02 -0.59517E+02 -0.16947E+03 -0.14786E+03 -0.17716E+03 -0.22609E+03
 -0.26905E+03 -0.24416E+03 -0.21529E+03 -0.19781E+03 -0.16709E+03 -0.18659E+03
 -0.19613E+03 -0.19471E+03 -0.19245E+03 -0.19004E+03 -0.18493E+03 -0.18409E+03
 -0.10886E+03  0.15869E+02  0.53265E+02  0.63066E+02  0.13460E+03  0.78263E+02
  0.55351E+02  0.10342E+03  0.12247E+03  0.10496E+03  0.67114E+02  0.31402E+02
  0.31109E+02  0.88275E+02  0.58401E+02  0.46588E+02  0.76877E+02  0.42309E+02
  0.16132E+02  0.17409E+02 -0.29674E+02 -0.17870E+02 -0.87681E+01  0.73050E+01
  0.16125E+02 -0.13740E+02 -0.51712E+02 -0.37201E+02  0.13527E+01  0.40476E+02
  0.85289E+02  0.85728E+02  0.10011E+03  0.89880E+02  0.86483E+02  0.30746E+02
  0.41007E+02  0.46861E+02  0.67366E+02  0.82184E+02  0.10013E+03  0.10784E+03
  0.15979E+03  0.16310E+03  0.19357E+03  0.67445E+02  0.33367E+01 -0.38865E+02
 -0.86896E+02 -0.10079E+03 -0.97611E+02 -0.67123E+02 -0.63657E+02  0.82275E+01
  0.82531E+02 -0.52817E+02 -0.88883E+02 -0.32777E+02  0.59764E+01  0.69055E+02
 -0.96711E+01 -0.14885E+03 -0.16683E+03 -0.62923E+02 -0.42788E+02 -0.38750E+01
 -0.39775E+02 -0.65289E+02 -0.77715E+02 -0.61407E+02 -0.64157E+02 -0.40022E+02
 -0.10196E+02  0.14855E+00  0.26993E+02  0.54836E+02  0.58218E+02  0.17468E+03
  0.15787E+03  0.35234E+02 -0.67196E+02 -0.20049E+03 -0.16254E+03 -0.16184E+03
 -0.12629E+03 -0.81216E+02 -0.41826E+02 -0.13955E+02  0.10079E+02  0.92573E+02
 -0.25809E+01 -0.86072E+02 -0.51788E+02 -0.11607E+03 -0.96287E+02 -0.76079E+02
  0.41564E+01  0.10615E+03  0.15340E+03  0.24373E+03  0.27434E+03  0.23440E+03
  0.13984E+03  0.29920E+02 -0.40454E+02 -0.73276E+02 -0.62473E+01  0.23091E+02
  0.99938E+02  0.79072E+02  0.20515E+02  0.93348E+00 -0.43965E+02 -0.28554E+02
 -0.30206E+02 -0.51064E+02 -0.63240E+02 -0.73848E+02 -0.10707E+03 -0.14257E+03
 -0.10681E+03 -0.46571E+02 -0.37831E+02  0.14944E+01 -0.28430E+00  0.84640E+01
  0.26743E+02  0.65363E+02  0.13393E-01 -0.12536E+03 -0.12571E+03 -0.65886E+02
 -0.32662E+02  0.37828E+02  0.75465E+02  0.35584E+02  0.63725E+01 -0.34215E+02
  0.25711E+01  0.49032E+02  0.89094E+02  0.14124E+03  0.10365E+03  0.50837E+02
 -0.15346E+02 -0.46111E+02 -0.53406E+02 -0.49180E+02 -0.32720E+02 -0.61450E+00
  0.41166E+02 -0.10218E+02 -0.38986E+02 -0.87093E+02 -0.68924E+02 -0.37382E+02
 -0.65493E+01  0.31680E+02 -0.10027E+02  0.92858E+01  0.55340E+02  0.80201E+02
  0.12398E+03  0.10361E+03  0.88363E+02  0.70839E+02  0.10438E+03  0.13294E+03
  0.13690E+03  0.33464E+02 -0.36258E+02 -0.10925E+03 -0.13602E+03 -0.79009E+02
 -0.41913E+02  0.87260E+00  0.33986E+02 -0.11983E+02 -0.52691E+02 -0.87706E+02
 -0.61990E+02 -0.43385E+02 -0.28764E+01  0.27675E+02  0.13850E+02 -0.14627E+02
 -0.33858E+02 -0.80830E+02 -0.83991E+02 -0.32530E+02  0.39916E+01  0.54309E+02
  0.90971E+02  0.12024E+03  0.11921E+03  0.73229E+02 -0.34733E+01 -0.14134E+03
 -0.10354E+03 -0.73852E+02 -0.34923E+02  0.78468E+01  0.63702E+02  0.51568E+02
  0.27200E+02  0.65699E+02  0.59108E+02  0.43129E+02  0.29423E+02  0.25247E+02
  0.25194E+02  0.10675E+00 -0.26121E+02 -0.57327E+02 -0.54687E+02 -0.18332E+02
  0.43636E+01  0.40570E+02 -0.14113E+02 -0.48742E+02 -0.55353E+02 -0.81310E+02
 -0.54783E+02 -0.51016E+02 -0.46539E+02 -0.46046E+02 -0.18104E+02 -0.15055E+02
 -0.45148E+02 -0.31292E+02  0.12004E+02  0.64402E+02  0.13614E+03  0.18029E+03
  0.16924E+03  0.15051E+03  0.10163E+03  0.36534E+02  0.57117E+01 -0.32793E+02
 -0.20095E+02 -0.14248E+01  0.21652E+02  0.25526E+02  0.37221E+02  0.41151E+00
 -0.30710E+02 -0.66954E+02 -0.10163E+03 -0.13546E+03 -0.11183E+03 -0.90051E+02
 -0.62298E+02 -0.32130E+02 -0.36685E+01 -0.36940E+02 -0.62674E+02 -0.90401E+02
 -0.74037E+02 -0.63933E+02 -0.59805E+02 -0.85121E+02 -0.98064E+02 -0.93373E+02
 -0.74174E+02 -0.55829E+02 -0.29522E+02 -0.24982E+02 -0.11618E+02 -0.40899E+01
  0.10158E+03  0.13727E+03  0.16143E+03  0.13695E+03  0.13153E+03  0.69779E+02
  0.91917E+00 -0.11903E+02 -0.38240E+02 -0.10810E+02  0.19664E+01  0.20147E+02
  0.18556E+02  0.37588E+02  0.42965E+02  0.22880E+02 -0.37476E+01 -0.10606E+02
  0.14680E+02  0.21475E+02  0.32250E+02  0.19204E+01 -0.25850E+02 -0.29867E+02
  0.79302E+01  0.41745E+02  0.33600E+02 -0.89647E+01 -0.46837E+02 -0.49152E+02
 -0.72315E+01 -0.20082E+01  0.69141E+01  0.68740E+01  0.92517E+01  0.82151E+01
  0.19270E+02  0.30323E+02  0.45218E+02  0.53853E+02  0.57938E+02  0.62875E+02
  0.65822E+02  0.71897E+02  0.89921E+02  0.74235E+02  0.45036E+02  0.24373E+02
 -0.10515E+02 -0.15389E+02  0.24397E+02  0.20377E+02 -0.33001E+02 -0.95336E+02
 -0.10618E+03 -0.10238E+03 -0.74538E+02 -0.12132E+02  0.47571E+02  0.41418E+02
 -0.25749E+02 -0.37300E+02 -0.42171E+02 -0.60550E+02 -0.91875E+02 -0.10442E+03
 -0.41723E+02  0.80312E+01  0.18671E+02  0.30166E+02  0.36968E+02  0.48891E+02
  0.62664E+02  0.75728E+02  0.26208E+02 -0.36680E+02 -0.77092E+02 -0.72563E+02
 -0.65324E+02 -0.62495E+02 -0.66777E+02 -0.49864E+02 -0.17447E+02  0.19523E+02
  0.73990E+02  0.82232E+02  0.54915E+02  0.40259E+02  0.49802E+01 -0.17353E+02
 -0.42960E+02 -0.47365E+02 -0.85347E+01  0.28875E+02  0.73826E+02  0.11750E+03
  0.83511E+02  0.23497E+02 -0.96337E+01 -0.38780E+02 -0.68919E+02 -0.85550E+02
 -0.85102E+02 -0.89780E+02 -0.86346E+02 -0.98842E+02 -0.91850E+02 -0.71771E+02
 -0.66765E+02 -0.50241E+02 -0.16497E+02  0.31580E+01  0.20117E+02  0.18017E+01
 -0.14662E+02 -0.39659E+02 -0.36633E+02  0.79266E+01  0.60313E+02  0.12294E+03
  0.14119E+03  0.15446E+03  0.15536E+03  0.13735E+03  0.11322E+03  0.65622E+02
  0.10609E+00 -0.54173E+02 -0.78723E+02 -0.10427E+03 -0.92403E+02 -0.88360E+02
 -0.57291E+02 -0.85836E+01  0.54064E+02  0.98076E+02  0.13826E+03  0.11244E+03
  0.81500E+02  0.49425E+02  0.15366E+02 -0.33211E+02 -0.67278E+02 -0.22682E+02
  0.69785E+01  0.52569E+02  0.92187E+02  0.11915E+03  0.97038E+02  0.74503E+02
  0.27216E+02 -0.22344E+02 -0.75743E+02 -0.12445E+03 -0.16406E+03 -0.20678E+03
 -0.18608E+03 -0.12924E+03 -0.64299E+02  0.45018E+02  0.91044E+02  0.14191E+03
  0.14370E+03  0.91151E+02  0.78436E+02  0.63015E+02  0.44466E+02  0.23044E+01
 -0.39430E+02 -0.28112E+02 -0.57913E+00  0.21975E+02  0.57330E+02  0.85572E+02
  0.12221E+03  0.12185E+03  0.80830E+02  0.48334E+02  0.85843E+01 -0.27610E+02
 -0.48872E+02 -0.72268E+02 -0.92251E+02 -0.11366E+03 -0.10647E+03 -0.83655E+02
 -0.65667E+02 -0.43269E+02 -0.38227E+02 -0.31622E+02 -0.27011E+02 -0.14436E+02
 -0.65556E+01  0.44519E+01 -0.64467E+01 -0.18912E+02 -0.31948E+02 -0.48969E+02
 -0.64569E+02 -0.60400E+02 -0.54244E+02 -0.69138E+02 -0.87164E+02 -0.99647E+02
 -0.11199E+03 -0.12362E+03 -0.10155E+03 -0.75636E+02  0.14847E+02  0.69057E+02
  0.96809E+02  0.14291E+03  0.12770E+03  0.10524E+03  0.85477E+02  0.83775E+02
  0.72255E+02  0.73250E+02  0.99063E+00 -0.53492E+02 -0.92333E+02 -0.91349E+02
 -0.38739E+02 -0.31982E+01  0.44286E+02  0.83376E+02  0.11592E+03  0.91285E+02
  0.75315E+02  0.48257E+02  0.21050E+02  0.35115E+01  0.90126E+01  0.16928E+02
  0.31099E+02  0.41568E+02  0.38665E+02  0.27366E+02  0.10801E+02 -0.36324E+01
 -0.10532E+02 -0.11460E+02 -0.17799E+02 -0.27835E+02 -0.45414E+02 -0.70820E+02
 -0.87840E+02 -0.11410E+03 -0.44217E+02  0.50353E+01  0.25413E+02  0.58308E+02
  0.85928E+02  0.93358E+02  0.64936E+02  0.66666E+02  0.62703E+02  0.62294E+02
  0.61313E+02  0.45393E+02  0.84202E+01 -0.34956E+02 -0.68805E+02 -0.61125E+02
 -0.62266E+02 -0.61845E+02 -0.57300E+02 -0.60728E+02 -0.63871E+02 -0.72422E+02
 -0.66040E+02 -0.53118E+02 -0.26118E+02  0.17664E+02  0.50775E+02  0.41214E+02
  0.31224E+02  0.29482E+02  0.19629E+02  0.14469E+02  0.10303E+02  0.12818E+02
  0.39950E+00 -0.26673E+02 -0.47346E+02 -0.84663E+02 -0.86564E+02 -0.58598E+02
 -0.35611E+02 -0.49455E+01  0.23586E+02  0.36185E+02  0.32853E+02  0.38624E+02
  0.17794E+02 -0.11142E+02 -0.44773E+02 -0.50954E+02  0.51626E+01  0.42931E+02
  0.41727E+02  0.21184E+01 -0.24973E+02 -0.65292E+02 -0.38048E+02 -0.13226E+02
  0.20416E+02  0.51357E+02  0.90546E+02  0.92614E+02  0.40633E+02  0.20231E+01
 -0.58351E+02 -0.68223E+02 -0.31734E+02 -0.81854E+01  0.47226E+02  0.49585E+02
  0.13400E+02 -0.13538E+02 -0.41187E+02 -0.76657E+02 -0.10672E+03 -0.14304E+03
 -0.11905E+03 -0.54946E+02 -0.49229E+01  0.68147E+02  0.12400E+03  0.18926E+03
  0.16348E+03  0.75119E+02  0.75271E+01 -0.86087E+02 -0.16746E+03 -0.23420E+03
 -0.15442E+03 -0.11375E+03 -0.60708E+02 -0.18315E+01  0.68005E+02  0.38988E+02
  0.30177E+02  0.60054E+01  0.38163E+02  0.66911E+02  0.10633E+03  0.13096E+03
  0.11478E+03  0.11552E+03  0.11954E+03  0.11674E+03  0.10384E+03  0.71037E+02
  0.28178E+01 -0.51313E+02 -0.88514E+02 -0.10580E+03 -0.10586E+03 -0.10906E+03
 -0.12874E+03 -0.15724E+03 -0.16397E+03 -0.17027E+03 -0.17685E+03 -0.11501E+03
 -0.37947E+02  0.34857E+02  0.89887E+02  0.11633E+03  0.96133E+02  0.78496E+02
  0.56597E+02  0.93871E+02  0.13073E+03  0.12848E+03  0.68198E+02  0.28406E+02
 -0.17212E+02 -0.28543E+02 -0.38025E+02 -0.74096E+02 -0.82711E+02 -0.87622E+02
 -0.87694E+02 -0.14949E+03 -0.12878E+03 -0.51883E+02  0.13925E+02  0.82016E+02
  0.13147E+03  0.13898E+03  0.10851E+03  0.93417E+02  0.11460E+03  0.13962E+03
  0.15483E+03  0.17602E+03  0.18584E+03  0.18883E+03  0.17349E+03  0.14406E+03
  0.33570E+02 -0.77200E+02 -0.19964E+03 -0.29290E+03 -0.19159E+03 -0.11417E+03
  0.94795E+01  0.12304E+03  0.18198E+03  0.13439E+03  0.76711E+02  0.92137E+01
 -0.72642E+02 -0.74554E+02 -0.19573E+02  0.11801E+02  0.10462E+03  0.18123E+03
  0.20579E+03  0.20546E+03  0.17554E+03  0.15103E+03  0.11430E+03  0.91360E+02
  0.23194E+02 -0.64311E+02 -0.14243E+03 -0.23250E+03 -0.29269E+03 -0.26797E+03
 -0.25889E+03 -0.21041E+03 -0.15525E+03 -0.10862E+03 -0.92714E+02 -0.73109E+02
 -0.48521E+02 -0.23792E+02 -0.17410E+02 -0.14443E+02 -0.10338E+02 -0.25350E+01
  0.29924E+01 -0.31438E+01 -0.95646E+01 -0.98699E+01  0.37626E+01  0.15406E+02
  0.32734E+02  0.54613E+02  0.76063E+02  0.95380E+02  0.11669E+03  0.10898E+03
  0.89172E+02  0.58558E+02  0.19122E+02 -0.21093E+01 -0.58472E+01 -0.10583E+02
 -0.14184E+02 -0.31158E+02 -0.28790E+02  0.13543E+02  0.34396E+02  0.55531E+02
  0.58882E+02  0.60239E+02  0.41824E+02  0.10461E+02 -0.26997E+01 -0.31225E+02
 -0.24479E+02 -0.20583E+02 -0.14413E+02 -0.33424E+02 -0.38499E+02 -0.38885E+02
 -0.43826E+02 -0.37107E+02 -0.26838E+02 -0.18706E+02 -0.33193E+02 -0.52093E+02
 -0.66732E+02 -0.71561E+02 -0.93463E+02 -0.86068E+02 -0.63886E+02 -0.37298E+02
 -0.67339E+01  0.10599E+02  0.44576E+01 -0.15485E+02 -0.13529E+02 -0.23240E+02
 -0.26271E+02 -0.43104E+02 -0.60795E+02 -0.82331E+02 -0.90786E+02 -0.77343E+02
 -0.66748E+02 -0.47482E+02 -0.29360E+02  0.18448E+01  0.37880E+02  0.63954E+02
  0.79924E+02  0.78820E+02  0.62920E+02  0.30516E+02  0.19479E+01 -0.13255E+02
 -0.37993E+02 -0.36848E+02 -0.17787E+02 -0.88282E+01  0.80900E+01  0.24720E+02
  0.46608E+02  0.64935E+02  0.81978E+02  0.72561E+02  0.47352E+02  0.13178E+02
 -0.24841E+02 -0.60161E+02 -0.37312E+02 -0.13756E+02  0.18330E+02  0.45862E+02
  0.70829E+02  0.57957E+02  0.33419E+02  0.23954E+02  0.53818E+01  0.60243E+00
  0.79902E+00  0.24138E+01  0.34564E+01 -0.17628E+01 -0.13101E+02 -0.16051E+02
 -0.29316E+01  0.97581E+01  0.42392E+01 -0.22760E+02 -0.37815E+02 -0.65958E+02
 -0.63524E+02 -0.43454E+02 -0.28223E+02 -0.52343E-01  0.34518E+02  0.67521E+02
  0.89427E+02  0.95400E+02  0.92556E+02  0.79748E+02  0.47739E+02  0.32512E+02
  0.17852E+02  0.60789E-01 -0.13465E+02 -0.24432E+02 -0.22742E+02 -0.18208E+02
 -0.13961E+02 -0.84337E+01 -0.17986E+02 -0.28819E+02 -0.41076E+02 -0.59306E+02
 -0.63031E+02 -0.52959E+02 -0.41608E+02  0.55841E+01  0.19778E+02  0.41510E+02
  0.54565E+02  0.45430E+02  0.37434E+02  0.25027E+02  0.34240E+02  0.42599E+02
  0.51528E+02  0.32293E+02  0.18605E+02 -0.43275E+01 -0.86281E+01  0.31445E+01
  0.66684E+01  0.19863E+02  0.17271E+02  0.84204E+01  0.34107E+01 -0.65768E+01
 -0.10590E+02 -0.97658E+01 -0.97955E+01 -0.13808E+02 -0.23365E+02 -0.31357E+02
 -0.14885E+02  0.15896E+01  0.12516E+02  0.25294E+02  0.37788E+02  0.37055E+02
  0.30065E+02  0.24355E+02  0.16372E+02  0.18915E+02  0.23308E+02  0.20022E+02
  0.15173E+02  0.12743E+02  0.86075E+01 -0.64785E+01 -0.81925E+01 -0.12181E+02
 -0.30819E+02 -0.60265E+02 -0.79894E+02 -0.98530E+02 -0.88427E+02 -0.72491E+02
 -0.54707E+02 -0.21559E+02  0.80343E+01  0.22127E+02  0.23704E+02  0.24857E+02
  0.25157E+02  0.37124E+02  0.52790E+02  0.54093E+02  0.41033E+02  0.27263E+02
  0.24005E+01 -0.22744E+02 -0.42766E+02 -0.49700E+02 -0.63744E+02 -0.57445E+02
 -0.47305E+02 -0.37588E+02 -0.28297E+02 -0.30666E+02 -0.32890E+02 -0.24587E+02
 -0.15428E+02 -0.41338E+01 -0.51692E+00 -0.40093E+01 -0.62197E+01 -0.43021E+01
  0.88536E+01  0.23576E+02  0.39725E+02  0.56302E+02  0.58374E+02  0.52057E+02
  0.43466E+02  0.32175E+02  0.36391E+02  0.43169E+02  0.51088E+02  0.53462E+02
  0.32797E+02  0.15549E+02 -0.14357E+02 -0.39993E+02 -0.72737E+02 -0.75894E+02
 -0.52024E+02 -0.37254E+02 -0.95389E+01 -0.71381E+01 -0.20666E+02 -0.30634E+02
 -0.36191E+02 -0.40181E+02 -0.36629E+02 -0.30230E+02 -0.22549E+02 -0.10455E+02
 -0.20824E+00  0.10610E+02  0.25841E+02  0.43206E+02  0.60291E+02  0.65858E+02
  0.62608E+02  0.40870E+02  0.11169E+02 -0.31666E+01 -0.96779E+01 -0.14622E+02
 -0.19137E+02 -0.26494E+02 -0.32996E+02 -0.26693E+02 -0.15979E+02 -0.81076E+01
 -0.87676E+01 -0.84300E+01 -0.43917E+01  0.21778E+00  0.25541E+01  0.31848E+01
  0.72323E+01  0.13273E+02  0.19885E+02  0.26926E+02  0.34537E+02  0.47841E+02
  0.61857E+02  0.54541E+02  0.42105E+02  0.15306E+02 -0.76506E+01 -0.10266E+02
 -0.15440E+02 -0.19331E+02 -0.25213E+02 -0.18860E+02 -0.88077E+01  0.18151E+01
  0.15142E+02  0.29182E+02  0.39383E+02  0.25690E+02  0.10576E+02 -0.14067E+01
 -0.11682E+02 -0.22382E+02 -0.28102E+02 -0.23154E+02 -0.18632E+02 -0.13113E+02
 -0.78768E+01 -0.32087E+01 -0.81528E+00 -0.15500E+01 -0.39909E+01 -0.47239E+01
 -0.50294E+01 -0.44804E+01 -0.16553E+01  0.57220E+01  0.12389E+02  0.21190E+02
  0.27431E+02  0.22437E+02  0.15167E+02  0.49101E+01 -0.63414E+01 -0.14037E+02
 -0.24719E+02 -0.22600E+02 -0.11805E+02 -0.37116E+01  0.43816E+01  0.77811E+01
  0.13456E+02  0.10740E+02  0.97297E+01  0.53063E+01  0.24466E+01 -0.15514E+01
 -0.18505E+01 -0.12975E+01 -0.17578E+00 -0.17569E+01 -0.44765E+01 -0.62006E+01
 -0.99173E+01 -0.93671E+01 -0.39817E+01  0.26515E+00  0.55069E+01  0.11032E+02
  0.12290E+02  0.11413E+02  0.39918E+01 -0.45672E+01 -0.88614E+01 -0.51901E+01
 -0.43657E+01 -0.12361E+02 -0.23913E+02 -0.27643E+02 -0.17435E+02 -0.93625E+01
 -0.31404E+01 -0.13289E+01  0.36106E+01  0.54192E+01  0.11778E+02  0.19985E+02
  0.25772E+02  0.15912E+02  0.86097E+01 -0.15380E+01 -0.40070E+01 -0.42018E+01
 -0.39716E+01 -0.31744E+01 -0.55076E+01 -0.17942E+02 -0.18003E+02 -0.17639E+02
 -0.15713E+02 -0.12223E+02 -0.10727E+02 -0.16629E+02 -0.21680E+02 -0.28581E+02
 -0.25244E+02 -0.23900E+02 -0.21419E+02 -0.22070E+02 -0.19167E+02 -0.18541E+02
 -0.10665E+02  0.24735E+01  0.14329E+02  0.26610E+02  0.36043E+02  0.46186E+02
  0.41677E+02  0.36028E+02  0.29239E+02  0.21878E+02  0.11672E+02 -0.38007E+01
 -0.12589E+02 -0.16828E+02 -0.21353E+02 -0.28015E+02 -0.38519E+02 -0.50020E+02
 -0.51566E+02 -0.40458E+02 -0.32763E+02 -0.19666E+02 -0.67135E+01  0.72327E+01
  0.19186E+02  0.28008E+02  0.36686E+02  0.44508E+02  0.53466E+02  0.60004E+02
  0.57580E+02  0.51171E+02  0.39355E+02  0.30099E+02  0.15007E+02 -0.56329E+01
 -0.26132E+02 -0.37531E+02 -0.46229E+02 -0.45825E+02 -0.44570E+02 -0.39903E+02
 -0.28553E+02 -0.19481E+02 -0.82763E+01  0.56284E+01  0.17398E+02  0.26464E+02
  0.27421E+02  0.27096E+02  0.26343E+02  0.26299E+02  0.33081E+02  0.30189E+02
  0.26584E+02  0.21130E+02  0.10695E+02  0.82852E+00 -0.11885E+02 -0.23035E+02
 -0.35893E+02 -0.36805E+02 -0.25201E+02 -0.16159E+02 -0.39894E+01 -0.26306E+01
 -0.84640E+00 -0.17656E+01 -0.29713E+01 -0.20437E+01  0.87370E+00  0.51867E+00
  0.14426E+01  0.13699E+01  0.11539E+01  0.83575E-01  0.69770E+01  0.13728E+02
  0.22469E+02  0.19973E+02  0.12782E+02  0.64433E+01 -0.23139E+01 -0.11641E+02
 -0.13999E+02 -0.13940E+02 -0.14308E+02 -0.13965E+02 -0.13339E+02 -0.73087E+01
 -0.25587E+01  0.37552E+01  0.73659E+01  0.57141E+01  0.60528E+01  0.55381E+01
  0.92895E+01  0.13467E+02  0.17645E+02  0.22676E+02  0.23582E+02  0.21500E+02
  0.19419E+02  0.17052E+02  0.18953E+02  0.20427E+02  0.22043E+02  0.22806E+02
  0.17595E+02  0.15229E+02  0.10871E+02  0.12772E+02  0.16380E+02  0.19846E+02
  0.24023E+02  0.27062E+02  0.20857E+02  0.15505E+02  0.91582E+01  0.30960E+01
 -0.32502E+01 -0.78892E+01 -0.13523E+02 -0.18019E+02 -0.25074E+02 -0.33694E+02
 -0.42028E+02 -0.49082E+02 -0.54286E+02 -0.56502E+02 -0.58149E+02 -0.59794E+02
 -0.58168E+02 -0.56968E+02 -0.55198E+02 -0.54422E+02 -0.48383E+02 -0.39213E+02
 -0.30185E+02 -0.25850E+02 -0.24785E+02 -0.22581E+02 -0.21941E+02 -0.18597E+02
 -0.16531E+02 -0.13185E+02 -0.10122E+02 -0.23639E+01  0.12707E+01  0.26318E+01
  0.39937E+01  0.32230E+01  0.37342E+01  0.38201E+01  0.43341E+01  0.57033E+01
  0.99185E+01  0.13566E+02  0.17784E+02  0.22431E+02  0.26794E+02  0.31444E+02
  0.35099E+02  0.32499E+02  0.30753E+02  0.27871E+02  0.25702E+02  0.19268E+02
  0.12266E+02  0.66885E+01  0.25350E+01  0.36459E+01  0.47592E+01  0.67270E+01
  0.91233E+01  0.11806E+02  0.17478E+02  0.22298E+02  0.27974E+02  0.28103E+02
  0.24252E+02  0.23817E+02  0.24379E+02  0.24943E+02  0.25935E+02  0.26219E+02
  0.20530E+02  0.14558E+02  0.73077E+01  0.14822E+01 -0.22083E+01 -0.58971E+01
 -0.75928E+01 -0.38815E+01  0.32449E+01  0.95191E+01  0.15937E+02  0.20935E+02
  0.26504E+02  0.19415E+02  0.11190E+02  0.19705E+01 -0.69625E+01 -0.17459E+02
 -0.18993E+02 -0.11849E+02 -0.68369E+01  0.59469E+00  0.17681E+01  0.30863E+01
  0.31254E+01  0.37348E+01  0.67634E+01  0.10504E+02  0.14389E+02  0.18559E+02
  0.22872E+02  0.24911E+02  0.24818E+02  0.25436E+02  0.24917E+02  0.25396E+02
  0.17768E+02  0.31707E+01 -0.97188E+01 -0.16064E+02 -0.20987E+02 -0.26335E+02
 -0.34812E+02 -0.42293E+02 -0.39106E+02 -0.37340E+02 -0.34294E+02 -0.31390E+02
 -0.28770E+02 -0.26291E+02 -0.25519E+02 -0.24462E+02 -0.23547E+02 -0.23487E+02
 -0.22287E+02 -0.14117E+02 -0.58057E+01 -0.13345E+01 -0.32638E+01 -0.41975E+01
 -0.68384E+01 -0.74879E+01 -0.45816E+01 -0.11088E+00  0.40750E+01  0.95406E+01
  0.10739E+02  0.89503E+01  0.63073E+01  0.23839E+01 -0.97097E+00 -0.44686E+01
 -0.32731E+01 -0.94017E+00  0.96540E+00  0.37237E+01  0.60545E+01  0.88117E+01
  0.10856E+02  0.12616E+02  0.14659E+02  0.16275E+02  0.18174E+02  0.24909E+02
  0.32923E+02  0.27707E+02  0.20073E+02  0.13860E+02  0.80728E+01  0.25691E+01
 -0.30787E+01 -0.84414E+01 -0.14233E+02 -0.13768E+02 -0.12735E+02 -0.11418E+02
 -0.75428E+01 -0.30999E+01  0.21959E+01  0.97651E+01  0.12498E+02  0.10251E+02
  0.85714E+01  0.54686E+01  0.29327E+01  0.96519E+00 -0.10041E+01 -0.31174E+01
 -0.36666E+01 -0.37760E+00  0.20563E+01  0.46315E+01  0.27966E+01  0.12445E+01
  0.82872E+00  0.25449E+01  0.35490E+01  0.65421E+01  0.69735E+01  0.24268E+01
 -0.21220E+01 -0.79528E+01 -0.14354E+02 -0.20330E+02 -0.26591E+02 -0.24746E+02
 -0.21907E+02 -0.17789E+02 -0.14953E+02 -0.12971E+02 -0.11133E+02 -0.88694E+01
 -0.64647E+01 -0.46303E+01 -0.29392E+01 -0.12494E+01  0.29704E+00  0.18424E+01
  0.28176E+01  0.37918E+01 -0.63994E+00 -0.42191E+01 -0.82266E+01 -0.12519E+02
 -0.16528E+02 -0.20538E+02 -0.23696E+02 -0.27565E+02 -0.30440E+02 -0.32462E+02
 -0.34343E+02 -0.36082E+02 -0.37395E+02 -0.39420E+02 -0.36752E+02 -0.31951E+02
 -0.24732E+02 -0.10971E+02 -0.10513E+01  0.55968E+01  0.12813E+02  0.18465E+02
  0.20134E+02  0.22371E+02  0.20342E+02  0.17458E+02  0.13579E+02  0.82768E+01
  0.26901E+01 -0.23274E+01 -0.90519E+01 -0.66728E+01 -0.45381E+00  0.47692E+01
  0.81436E+01  0.10096E+02  0.10484E+02  0.10160E+02  0.10549E+02  0.10511E+02
  0.10758E+02  0.11147E+02  0.12105E+02  0.12638E+02  0.12317E+02  0.12139E+02
  0.11962E+02  0.11073E+02  0.10470E+02  0.94413E+01  0.12538E+02  0.16630E+02
  0.20439E+02  0.24391E+02  0.26636E+02  0.28882E+02  0.26720E+02  0.24843E+02
  0.22115E+02  0.19386E+02  0.15946E+02  0.12650E+02  0.90715E+01  0.54932E+01
  0.21994E+01 -0.95029E+00 -0.13968E+01  0.43331E+00  0.18378E+01  0.56612E+01
  0.94854E+01  0.11889E+02  0.13724E+02  0.15986E+02  0.17397E+02  0.19093E+02
  0.20220E+02  0.20070E+02  0.19778E+02  0.19202E+02  0.65371E+01  0.18385E+01
  0.11243E+01 -0.14397E+01 -0.20103E+01 -0.35751E+01 -0.71297E+01 -0.10685E+02
 -0.14239E+02 -0.18075E+02 -0.21769E+02 -0.24893E+02 -0.20905E+02 -0.17910E+02
 -0.13777E+02 -0.92165E+01 -0.42284E+01 -0.23684E+01 -0.22144E+01 -0.17750E+01
 -0.19038E+01 -0.32488E+00  0.11126E+01  0.32622E+01  0.55547E+01  0.71368E+01
  0.75818E+01  0.68897E+01  0.19313E+01 -0.25998E+01 -0.85525E+01 -0.10949E+02
 -0.12775E+02 -0.14175E+02 -0.15574E+02 -0.16829E+02 -0.18653E+02 -0.18201E+02
 -0.16184E+02 -0.93305E+01 -0.29034E+01  0.53739E+01  0.92413E+01  0.82743E+01
  0.78756E+01  0.63406E+01  0.49469E+01  0.35546E+01  0.25880E+01  0.76932E+00
 -0.41790E+01 -0.82731E+01 -0.12509E+02 -0.94918E+01 -0.77539E+01 -0.45935E+01
 -0.22865E+01  0.16264E+00  0.90524E+00  0.22550E+00  0.11477E+00 -0.13830E+00
 -0.39173E+00  0.66477E-01  0.13782E+01  0.24049E+01  0.31473E+01  0.13294E+01
 -0.63109E+00 -0.27340E+01 -0.51215E+01 -0.65135E+01 -0.66257E+01 -0.70226E+01
 -0.68508E+01 -0.68215E+01 -0.63662E+01 -0.74749E+01 -0.10718E+02 -0.13250E+02
 -0.16921E+02 -0.18885E+02 -0.19000E+02 -0.19685E+02 -0.18522E+02 -0.13092E+02
 -0.83722E+01 -0.28008E+01  0.17749E+01  0.22251E+01  0.32438E+01  0.29819E+01
  0.27194E+01  0.45898E+01  0.74553E+01  0.90402E+01  0.96288E+01  0.10075E+02
  0.93818E+01  0.86885E+01  0.89899E+01  0.11282E+02  0.13289E+02  0.16150E+02
  0.16876E+02  0.17174E+02  0.18325E+02  0.18764E+02  0.19487E+02  0.20067E+02
  0.20078E+02  0.19234E+02  0.18532E+02  0.17545E+02  0.16557E+02  0.13293E+02
  0.10454E+02  0.78995E+01  0.77620E+01  0.69126E+01  0.67737E+01  0.70607E+01
  0.62092E+01  0.36502E+01  0.29394E+01  0.27968E+01  0.19424E+01  0.16562E+01
  0.94257E+00 -0.16208E+01 -0.33315E+01 -0.53273E+01 -0.59016E+01 -0.66187E+01
 -0.79053E+01 -0.91927E+01 -0.12045E+02 -0.15326E+02 -0.18464E+02 -0.21745E+02
 -0.25028E+02 -0.28168E+02 -0.31593E+02 -0.32459E+02 -0.27778E+02 -0.24236E+02
 -0.18845E+02 -0.15873E+02 -0.14466E+02 -0.12775E+02 -0.11510E+02 -0.10532E+02
 -0.94108E+01 -0.87171E+01 -0.77399E+01 -0.67626E+01 -0.60704E+01 -0.46672E+01
 -0.38333E+01 -0.14353E+01  0.18158E+01  0.54934E+01  0.78902E+01  0.81535E+01
  0.96967E+01  0.10244E+02  0.11929E+02  0.16316E+02  0.19708E+02  0.16556E+02
  0.14401E+02  0.11249E+02  0.78132E+01  0.72211E+01  0.80525E+01  0.80297E+01
  0.75802E+01  0.44285E+01  0.18458E+01  0.40164E+00  0.52115E+00 -0.21212E+00
  0.19305E+00 -0.28157E+01 -0.10661E+02 -0.17509E+02 -0.18668E+02 -0.19969E+02
 -0.20416E+02 -0.19298E+02 -0.17326E+02 -0.15354E+02 -0.14662E+02 -0.14539E+02
 -0.13846E+02 -0.14148E+02 -0.13596E+02 -0.93456E+01 -0.43836E+01  0.72124E+00
  0.69651E+01  0.12924E+02  0.19169E+02  0.17022E+02  0.12600E+02  0.81792E+01
  0.26208E+01 -0.29368E+01 -0.70715E+01 -0.75073E+01 -0.87957E+01 -0.90877E+01
 -0.98057E+01 -0.10380E+02 -0.11097E+02 -0.11671E+02 -0.11674E+02 -0.88322E+01
 -0.49939E+01 -0.12968E+01  0.26855E+01  0.48195E+01  0.53899E+01  0.66723E+01
  0.63910E+01  0.79597E+01  0.10667E+02  0.13375E+02  0.16653E+02  0.19648E+02
  0.20225E+02  0.21657E+02  0.22520E+02  0.23385E+02  0.23965E+02  0.22698E+02
  0.21858E+02  0.21162E+02  0.19897E+02  0.18206E+02  0.16516E+02  0.14685E+02
  0.13423E+02  0.12020E+02  0.10902E+02  0.97857E+01  0.86691E+01  0.72692E+01
  0.61542E+01  0.50399E+01  0.40686E+01  0.32401E+01  0.42613E+01  0.52832E+01
  0.65901E+01  0.71865E+01  0.47961E+01  0.26908E+01 -0.26707E+00 -0.32247E+01
 -0.66088E+01 -0.80007E+01 -0.71168E+01 -0.62325E+01 -0.53479E+01 -0.26139E+01
  0.54702E+00  0.37082E+01  0.50206E+01  0.56220E+01  0.75032E+01  0.12372E+02
  0.16530E+02  0.22110E+02  0.21147E+02  0.17340E+02  0.14528E+02  0.10009E+02
  0.64855E+01  0.25356E+01 -0.27669E+00 -0.95579E+00 -0.17769E+01 -0.38792E+01
 -0.81147E+01 -0.10644E+02 -0.11182E+02 -0.12859E+02 -0.13967E+02 -0.14933E+02
 -0.15900E+02 -0.16441E+02 -0.16697E+02 -0.15958E+02 -0.15363E+02 -0.14768E+02
 -0.14600E+02 -0.15429E+02 -0.15832E+02 -0.16235E+02 -0.16924E+02 -0.17186E+02
 -0.15601E+02 -0.14016E+02 -0.12006E+02 -0.11135E+02 -0.11402E+02 -0.11670E+02
 -0.12224E+02 -0.12351E+02 -0.12622E+02 -0.12610E+02 -0.11319E+02 -0.10455E+02
 -0.93081E+01 -0.74505E+01 -0.53104E+01 -0.33128E+01 -0.89096E+00  0.16730E+01
  0.29564E+01  0.12502E+01 -0.29710E-01 -0.17381E+01 -0.28781E+01 -0.10331E+01
  0.19489E+01  0.43607E+01  0.43533E+01  0.40601E+01  0.31968E+01  0.27588E+01
  0.20351E+01  0.25903E+01  0.37132E+01  0.45502E+01  0.56705E+01  0.55093E+01
  0.26445E+01  0.20506E+00 -0.25200E+01 -0.48200E+01 -0.47028E+01 -0.37337E+01
 -0.29082E+01 -0.29372E+01 -0.28252E+01 -0.32834E+01 -0.36007E+01 -0.24968E+01
 -0.15363E+01 -0.11455E+01 -0.27478E+01 -0.40673E+01 -0.60981E+01 -0.54277E+01
 -0.50431E+01 -0.42334E+01 -0.27132E+01 -0.13364E+01 -0.52961E+00 -0.11462E+01
 -0.17641E+01 -0.20983E+01  0.26869E+01  0.80401E+01  0.13392E+02  0.14050E+02
  0.15418E+02  0.15362E+02  0.15305E+02  0.14821E+02  0.15190E+02  0.14420E+02
  0.11231E+02  0.87524E+01  0.54198E+01  0.50732E+01  0.50105E+01  0.50893E+01
  0.53097E+01  0.53872E+01  0.26195E+01 -0.57559E+00 -0.34866E+01 -0.71095E+01
 -0.85992E+01 -0.63914E+01 -0.46107E+01 -0.16925E+01 -0.10505E+01 -0.11199E+01
 -0.14742E+01 -0.19710E+01 -0.23257E+01 -0.32498E+01 -0.40317E+01 -0.36759E+01
 -0.31780E+01 -0.26802E+01 -0.17558E+01 -0.11159E+01 -0.76042E+00 -0.83165E+00
 -0.90283E+00 -0.97390E+00  0.10887E+01  0.28670E+01  0.49302E+01  0.71355E+01
  0.91991E+01  0.10552E+02  0.73527E+01  0.61460E+01  0.18104E+01 -0.30936E+01
 -0.84238E+01 -0.93444E+01 -0.31530E+01  0.11907E+01  0.88063E+01  0.95940E+01
  0.12809E+01 -0.36182E+01 -0.13352E+02 -0.67292E+01  0.91407E+01  0.24015E+02
  0.40740E+02  0.31864E+02  0.12179E+02  0.99893E+01  0.70901E+01  0.10307E+02
 -0.39676E+01 -0.23220E+02 -0.45459E+02 -0.35835E+02 -0.75776E+01  0.17268E+02
  0.16939E+02  0.93586E+01  0.71432E-01 -0.16610E+02 -0.25892E+02 -0.99984E+01
  0.80310E+01  0.22933E+02  0.10243E+02  0.23907E+01  0.57778E+01  0.17273E+02
  0.15686E+02  0.74145E+01  0.85284E+00  0.12474E+00 -0.32237E-01 -0.48809E+01
 -0.91575E+01 -0.15566E+02 -0.12585E+02 -0.47652E+01  0.17770E+01  0.73266E+01
  0.16150E+02  0.74810E+01 -0.13275E+02 -0.27343E+02 -0.22207E+02 -0.15219E+02
 -0.82290E+01  0.28900E+01  0.39131E+01 -0.32336E+00 -0.31344E+01 -0.38085E+01
 -0.78170E+00 -0.16920E+00  0.27227E+01  0.78157E+00 -0.72973E+00 -0.26630E+01
 -0.60161E+01 -0.11926E+02 -0.17831E+02 -0.20035E+02 -0.14412E+02 -0.10349E+02
 -0.42914E+01  0.20549E+01  0.35692E+01 -0.60065E+01 -0.11738E+02 -0.24007E+02
 -0.19063E+02 -0.88506E+01  0.22192E+01  0.39061E+01  0.11888E+01 -0.10975E+01
 -0.53437E+00  0.91362E+01  0.11700E+02  0.12136E+02  0.12861E+02  0.13733E+02
  0.13047E+02  0.96620E+01  0.57134E+01  0.23400E+01 -0.21665E+01 -0.78050E+01
 -0.13723E+02 -0.13946E+02 -0.10038E+02 -0.10249E+02 -0.97434E+01 -0.99431E+01
 -0.45896E+01  0.21921E+01  0.85534E+01  0.15916E+02  0.21579E+02  0.19566E+02
  0.19125E+02  0.16984E+02  0.18974E+02  0.19974E+02  0.22405E+02  0.18298E+02
  0.13772E+02  0.79724E+01  0.64463E+01  0.74880E+01  0.75409E+01  0.46139E+01
  0.11253E+01 -0.16449E+01 -0.59724E+01 -0.50299E+01 -0.13774E+01  0.11448E+01
  0.46701E+01  0.66467E+00 -0.48792E+00 -0.24867E+01 -0.29129E+01 -0.20195E+00
  0.81021E+00  0.14038E+01 -0.16927E+01 -0.71988E+01 -0.11132E+02 -0.15911E+02

