 -0.16723E+00 -0.30686E+01 -0.19810E+01  0.29237E+01  0.75706E+01  0.77200E+01
  0.35007E+01 -0.15563E+01 -0.41856E+01 -0.31123E+01  0.98305E+00  0.54150E+01
  0.65312E+01  0.30068E+01 -0.19645E+01 -0.35124E+01 -0.44111E+00  0.35254E+01
  0.44051E+01  0.23702E+01  0.65752E+00  0.10718E+01  0.22022E+01  0.20651E+01
  0.88961E+00  0.58047E+00  0.18828E+01  0.33571E+01  0.32628E+01  0.16432E+01
 -0.91003E-01 -0.91570E+00 -0.75215E+00  0.26368E+00  0.16447E+01  0.19730E+01
 -0.19063E-01 -0.29995E+01 -0.34375E+01  0.24240E+00  0.47531E+01  0.53749E+01
  0.16354E+01 -0.20683E+01 -0.19477E+01  0.10160E+01  0.30343E+01  0.20950E+01
 -0.47722E+00 -0.18821E+01 -0.55847E+00  0.24052E+01  0.38721E+01  0.17869E+01
 -0.17092E+01 -0.19611E+01  0.22487E+01  0.61146E+01  0.44519E+01 -0.12428E+01
 -0.42878E+01 -0.13098E+01  0.36734E+01  0.48394E+01  0.15152E+01 -0.22317E+01
 -0.31138E+01 -0.13319E+01  0.11805E+01  0.28550E+01  0.28824E+01  0.13556E+01
 -0.40036E+00 -0.85284E+00  0.12374E-01  0.99217E+00  0.15351E+01  0.21210E+01
  0.25708E+01  0.16241E+01 -0.92673E+00 -0.28547E+01 -0.18892E+01  0.12534E+01
  0.33933E+01  0.25253E+01 -0.19749E+00 -0.22614E+01 -0.24777E+01 -0.14192E+01
 -0.67030E-01  0.11133E+01  0.18709E+01  0.18480E+01  0.95851E+00 -0.26036E+00
 -0.90637E+00 -0.68582E+00 -0.18597E+00 -0.26622E+00 -0.10196E+01 -0.17301E+01
 -0.17960E+01 -0.14896E+01 -0.12619E+01 -0.80504E+00  0.42526E+00  0.18347E+01
  0.16898E+01 -0.56752E+00 -0.28250E+01 -0.22177E+01  0.12040E+01  0.39525E+01
  0.29341E+01 -0.92758E+00 -0.36935E+01 -0.29645E+01 -0.13010E+00  0.18163E+01
  0.18792E+01  0.14194E+01  0.16541E+01  0.20607E+01  0.15077E+01 -0.12160E-01
 -0.13673E+01 -0.16696E+01 -0.85482E+00  0.67621E+00  0.22287E+01  0.27499E+01
  0.14664E+01 -0.94872E+00 -0.25044E+01 -0.19116E+01  0.61550E-02  0.11217E+01
  0.12467E+00 -0.22833E+01 -0.40610E+01 -0.33464E+01 -0.14687E+00  0.32031E+01
  0.38531E+01  0.15240E+01 -0.90537E+00 -0.10360E+01 -0.12812E+00 -0.10178E+01
 -0.33399E+01 -0.33916E+01  0.24480E+00  0.36377E+01  0.21464E+01 -0.33482E+01
 -0.74033E+01 -0.65814E+01 -0.26514E+01  0.59822E+00  0.14488E+01  0.44449E+00
 -0.11829E+01 -0.19938E+01 -0.94285E+00  0.11037E+01  0.14815E+01 -0.11485E+01
 -0.43228E+01 -0.41381E+01  0.22854E+00  0.54047E+01  0.71575E+01  0.40691E+01
 -0.16905E+01 -0.59960E+01 -0.55757E+01 -0.73595E+00  0.43972E+01  0.54768E+01
  0.22022E+01 -0.18029E+01 -0.30794E+01 -0.15270E+01  0.62685E+00  0.95453E+00
 -0.20551E+01 -0.76641E+01 -0.11476E+02 -0.80617E+01  0.23495E+01  0.11486E+02
  0.10968E+02  0.20291E+01 -0.61585E+01 -0.78577E+01 -0.63266E+01 -0.65790E+01
 -0.74688E+01 -0.47993E+01  0.85662E+00  0.45287E+01  0.42119E+01  0.28637E+01
  0.27617E+01  0.21007E+01 -0.96590E+00 -0.45482E+01 -0.53738E+01 -0.28762E+01
  0.82459E+00  0.28424E+01  0.78528E+00 -0.48814E+01 -0.86501E+01 -0.43907E+01
  0.51539E+01  0.83177E+01 -0.10444E+01 -0.13171E+02 -0.13266E+02 -0.64148E+00
  0.10894E+02  0.11337E+02  0.48748E+01 -0.25449E-01 -0.24119E+01 -0.54789E+01
 -0.78511E+01 -0.55040E+01  0.12325E+00  0.25278E+01 -0.10261E+01 -0.59550E+01
 -0.68090E+01 -0.45405E+01 -0.53802E+01 -0.12608E+02 -0.20186E+02 -0.16866E+02
  0.49957E+00  0.19240E+02  0.21379E+02  0.38173E+01 -0.16430E+02 -0.20414E+02
 -0.78895E+01  0.41828E+01  0.18320E+01 -0.11018E+02 -0.18331E+02 -0.10090E+02
  0.63658E+01  0.14299E+02  0.77519E+01  0.18003E+00  0.61654E+01  0.16376E+02
  0.47224E+01 -0.32089E+02 -0.56728E+02 -0.32193E+02  0.24410E+02  0.53040E+02
  0.22272E+02 -0.31635E+02 -0.52139E+02 -0.31458E+02 -0.87652E+01 -0.82442E+01
 -0.10530E+02  0.61616E+01  0.24472E+02  0.11071E+02 -0.30776E+02 -0.58378E+02
 -0.42052E+02 -0.65902E+00  0.24770E+02  0.18767E+02 -0.25599E+00 -0.11773E+02
 -0.15986E+02 -0.21667E+02 -0.24332E+02 -0.88073E+01  0.26089E+02  0.53782E+02
  0.40438E+02 -0.16111E+02 -0.71852E+02 -0.72297E+02 -0.94632E+01  0.63018E+02
  0.81070E+02  0.34246E+02 -0.30030E+02 -0.61686E+02 -0.51819E+02 -0.20747E+02
  0.14666E+02  0.44199E+02  0.49518E+02  0.14905E+02 -0.42504E+02 -0.74152E+02
 -0.46646E+02  0.19661E+02  0.68101E+02  0.59019E+02  0.20400E+01 -0.57926E+02
 -0.78767E+02 -0.49092E+02  0.99752E+01  0.63070E+02  0.80822E+02  0.50334E+02
 -0.18511E+02 -0.86980E+02 -0.10153E+03 -0.40996E+02  0.45479E+02  0.74073E+02
  0.16959E+02 -0.60452E+02 -0.73968E+02 -0.17393E+02  0.41932E+02  0.52437E+02
  0.25351E+02 -0.75576E+01 -0.37624E+02 -0.58895E+02 -0.43735E+02  0.17846E+02
  0.73598E+02  0.53852E+02 -0.34351E+02 -0.10026E+03 -0.74416E+02  0.11150E+02
  0.71141E+02  0.67766E+02  0.31320E+02 -0.49538E-01 -0.17804E+02 -0.21902E+02
 -0.55244E+01  0.23085E+02  0.35201E+02  0.19924E+02  0.39669E+01  0.95805E+01
  0.14964E+02 -0.10940E+02 -0.48453E+02 -0.43491E+02  0.13127E+02  0.61400E+02
  0.44980E+02 -0.18738E+02 -0.63242E+02 -0.48927E+02  0.77845E+01  0.64905E+02
  0.86837E+02  0.55313E+02 -0.18495E+02 -0.87577E+02 -0.10067E+03 -0.51778E+02
  0.15776E+02  0.57469E+02  0.61279E+02  0.32953E+02 -0.20850E+02 -0.77019E+02
 -0.91819E+02 -0.44861E+02  0.24433E+02  0.54604E+02  0.32639E+02 -0.15089E+01
 -0.17709E+02 -0.27270E+02 -0.41566E+02 -0.35709E+02  0.15617E+02  0.83415E+02
  0.10087E+03  0.38868E+02 -0.55700E+02 -0.10396E+03 -0.67725E+02  0.21248E+02
  0.89974E+02  0.79494E+02 -0.97553E+01 -0.11325E+03 -0.14985E+03 -0.89468E+02
  0.21170E+02  0.10053E+03  0.98879E+02  0.28580E+02 -0.55232E+02 -0.94951E+02
 -0.67550E+02 -0.36141E+01  0.33168E+02  0.62253E+01 -0.51083E+02 -0.71257E+02
 -0.34240E+02  0.10727E+02  0.15374E+02 -0.45361E+01 -0.33044E+01  0.20365E+02
  0.25562E+02  0.69646E+00 -0.13684E+02  0.11703E+02  0.47517E+02  0.48705E+02
  0.17058E+02 -0.10129E+02 -0.13681E+02 -0.13201E+01  0.20901E+02  0.46096E+02
  0.43153E+02 -0.17335E+02 -0.10446E+03 -0.13684E+03 -0.74793E+02  0.26040E+02
  0.76872E+02  0.50045E+02 -0.11058E+02 -0.53620E+02 -0.57394E+02 -0.30217E+02
  0.42440E+01  0.17263E+02  0.94891E+00 -0.16898E+02 -0.73384E+01  0.12915E+02
 -0.14022E+01 -0.55949E+02 -0.96459E+02 -0.72152E+02  0.20704E+01  0.63900E+02
  0.69167E+02  0.24485E+02 -0.29600E+02 -0.50391E+02 -0.20276E+02  0.36307E+02
  0.68029E+02  0.46225E+02 -0.32117E+01 -0.31335E+02 -0.22828E+02 -0.32117E+01
  0.45007E+01  0.49165E+01  0.79231E+01  0.67705E+01 -0.60705E+01 -0.18117E+02
 -0.11406E+02  0.95763E+01  0.22976E+02  0.20862E+02  0.18757E+02  0.29528E+02
  0.41424E+02  0.32023E+02 -0.10741E+01 -0.31268E+02 -0.24515E+02  0.30916E+02
  0.11020E+03  0.16322E+03  0.14912E+03  0.72907E+02 -0.10600E+02 -0.40285E+02
 -0.32747E+01  0.55189E+02  0.77043E+02  0.43104E+02 -0.17634E+02 -0.58928E+02
 -0.53084E+02 -0.75003E+01  0.41893E+02  0.57485E+02  0.32685E+02 -0.74746E+00
 -0.51669E+01  0.23508E+02  0.56301E+02  0.68827E+02  0.66105E+02  0.66406E+02
  0.73316E+02  0.74584E+02  0.63082E+02  0.47649E+02  0.43145E+02  0.56823E+02
  0.84323E+02  0.11230E+03  0.12471E+03  0.11457E+03  0.93270E+02  0.83110E+02
  0.95818E+02  0.12117E+03  0.13973E+03  0.14308E+03  0.13756E+03  0.13215E+03
  0.12980E+03  0.12983E+03  0.13127E+03  0.13248E+03  0.13335E+03  0.14008E+03
  0.16088E+03  0.19251E+03  0.21702E+03  0.21780E+03  0.19527E+03  0.16137E+03
  0.12499E+03  0.91125E+02  0.66496E+02  0.49554E+02  0.17635E+02 -0.53464E+02
 -0.15029E+03 -0.22420E+03 -0.24921E+03 -0.25751E+03 -0.28854E+03 -0.31363E+03
 -0.25102E+03 -0.69835E+02  0.15034E+03  0.28809E+03  0.29544E+03  0.22445E+03
  0.15170E+03  0.10361E+03  0.56583E+02 -0.16772E+02 -0.11671E+03 -0.21702E+03
 -0.27934E+03 -0.26968E+03 -0.17611E+03 -0.20110E+02  0.14855E+03  0.27413E+03
  0.32432E+03  0.30877E+03  0.26915E+03  0.24404E+03  0.24048E+03  0.24173E+03
  0.23699E+03  0.23124E+03  0.22577E+03  0.20695E+03  0.16824E+03  0.13355E+03
  0.13889E+03  0.18632E+03  0.22994E+03  0.21841E+03  0.14783E+03  0.65111E+02
  0.20093E+02  0.20837E+02  0.36608E+02  0.37419E+02  0.22404E+02  0.89238E+01
  0.25457E+01 -0.12629E+02 -0.52884E+02 -0.11191E+03 -0.16444E+03 -0.18912E+03
 -0.18161E+03 -0.14871E+03 -0.10152E+03 -0.57933E+02 -0.40072E+02 -0.56172E+02
 -0.87043E+02 -0.10092E+03 -0.84619E+02 -0.53441E+02 -0.29515E+02 -0.20683E+02
 -0.25159E+02 -0.44819E+02 -0.79997E+02 -0.11589E+03 -0.13167E+03 -0.12769E+03
 -0.13116E+03 -0.16497E+03 -0.21843E+03 -0.25871E+03 -0.26812E+03 -0.25957E+03
 -0.25555E+03 -0.26195E+03 -0.26735E+03 -0.26130E+03 -0.24666E+03 -0.23506E+03
 -0.23508E+03 -0.24489E+03 -0.25441E+03 -0.25563E+03 -0.25186E+03 -0.25429E+03
 -0.26634E+03 -0.27597E+03 -0.27046E+03 -0.25781E+03 -0.26248E+03 -0.29344E+03
 -0.32468E+03 -0.31941E+03 -0.27227E+03 -0.21559E+03 -0.18134E+03 -0.16841E+03
 -0.15531E+03 -0.13491E+03 -0.12022E+03 -0.11721E+03 -0.10904E+03 -0.77555E+02
 -0.32166E+02 -0.38127E+01 -0.94851E+01 -0.32001E+02 -0.39401E+02 -0.18880E+02
  0.14800E+02  0.41693E+02  0.58870E+02  0.75996E+02  0.94610E+02  0.10133E+03
  0.85803E+02  0.59306E+02  0.47006E+02  0.60785E+02  0.85488E+02  0.94853E+02
  0.77273E+02  0.43058E+02  0.10257E+02 -0.12789E+02 -0.32863E+02 -0.63050E+02
 -0.10668E+03 -0.14891E+03 -0.16941E+03 -0.16683E+03 -0.16220E+03 -0.16918E+03
 -0.16897E+03 -0.13200E+03 -0.64523E+02 -0.12831E+02 -0.93147E+01 -0.30084E+02
 -0.25787E+02  0.12669E+02  0.42569E+02  0.27701E+02 -0.13013E+02 -0.29686E+02
 -0.26087E+01  0.39049E+02  0.57104E+02  0.45910E+02  0.28342E+02  0.22705E+02
  0.26114E+02  0.27653E+02  0.25554E+02  0.24437E+02  0.20511E+02 -0.12160E+00
 -0.43377E+02 -0.92758E+02 -0.12222E+03 -0.12521E+03 -0.12312E+03 -0.13899E+03
 -0.16905E+03 -0.18919E+03 -0.18705E+03 -0.17561E+03 -0.17122E+03 -0.16867E+03
 -0.14840E+03 -0.10521E+03 -0.59833E+02 -0.38750E+02 -0.47073E+02 -0.64018E+02
 -0.64226E+02 -0.42754E+02 -0.19869E+02 -0.20877E+02 -0.50433E+02 -0.88211E+02
 -0.11089E+03 -0.11504E+03 -0.11500E+03 -0.12212E+03 -0.13307E+03 -0.13906E+03
 -0.13876E+03 -0.13776E+03 -0.13940E+03 -0.14154E+03 -0.14086E+03 -0.13605E+03
 -0.12700E+03 -0.11450E+03 -0.10065E+03 -0.86947E+02 -0.71287E+02 -0.50136E+02
 -0.24771E+02 -0.25195E+01  0.10522E+02  0.16389E+02  0.22536E+02  0.33761E+02
  0.50615E+02  0.75700E+02  0.11657E+03  0.17745E+03  0.24929E+03  0.31194E+03
  0.34906E+03  0.36032E+03  0.35947E+03  0.36190E+03  0.37330E+03  0.38604E+03
  0.38456E+03  0.35816E+03  0.31419E+03  0.27770E+03  0.27176E+03  0.29433E+03
  0.31761E+03  0.31371E+03  0.28013E+03  0.23773E+03  0.20648E+03  0.18695E+03
  0.16427E+03  0.12497E+03  0.69289E+02  0.11370E+02 -0.30639E+02 -0.48218E+02
 -0.49342E+02 -0.48868E+02 -0.49286E+02 -0.34366E+02  0.12806E+02  0.85855E+02
  0.15492E+03  0.19263E+03  0.19701E+03  0.18729E+03  0.18173E+03  0.18421E+03
  0.18923E+03  0.19150E+03  0.18778E+03  0.17530E+03  0.15510E+03  0.13584E+03
  0.12841E+03  0.13404E+03  0.14097E+03  0.13573E+03  0.11666E+03  0.93781E+02
  0.76916E+02  0.67534E+02  0.62926E+02  0.63565E+02  0.72022E+02  0.85721E+02
  0.95452E+02  0.93677E+02  0.82458E+02  0.71032E+02  0.66646E+02  0.69584E+02
  0.76327E+02  0.84011E+02  0.90539E+02  0.93289E+02  0.90391E+02  0.82581E+02
  0.71714E+02  0.58273E+02  0.42447E+02  0.27388E+02  0.18000E+02  0.15444E+02
  0.14822E+02  0.10311E+02  0.11314E+01 -0.85998E+01 -0.14722E+02 -0.15731E+02
 -0.12148E+02 -0.57094E+01  0.76649E+00  0.47850E+01  0.63116E+01  0.73009E+01
  0.81833E+01  0.63081E+01 -0.95251E+00 -0.12417E+02 -0.24078E+02 -0.34298E+02
 -0.46000E+02 -0.62214E+02 -0.79782E+02 -0.89830E+02 -0.85792E+02 -0.69412E+02
 -0.47539E+02 -0.24721E+02 -0.21821E+01  0.17169E+02  0.28150E+02  0.30479E+02
  0.32521E+02  0.42664E+02  0.58428E+02  0.68942E+02  0.68578E+02  0.63490E+02
  0.62901E+02  0.68294E+02  0.74195E+02  0.76520E+02  0.76022E+02  0.74440E+02
  0.71374E+02  0.65451E+02  0.56513E+02  0.46574E+02  0.39370E+02  0.37395E+02
  0.37204E+02  0.30137E+02  0.12656E+02 -0.49738E+01 -0.61893E+01  0.13557E+02
  0.40594E+02  0.58055E+02  0.62848E+02  0.64081E+02  0.68774E+02  0.75543E+02
  0.80293E+02  0.80939E+02  0.74696E+02  0.57366E+02  0.29696E+02  0.96518E+00
 -0.18255E+02 -0.26045E+02 -0.29323E+02 -0.35316E+02 -0.45448E+02 -0.55967E+02
 -0.61014E+02 -0.55397E+02 -0.38437E+02 -0.16120E+02  0.31679E+01  0.16060E+02
  0.25057E+02  0.31397E+02  0.31098E+02  0.21174E+02  0.67020E+01 -0.32159E+01
 -0.65803E+01 -0.11341E+02 -0.26099E+02 -0.51025E+02 -0.79334E+02 -0.10424E+03
 -0.12150E+03 -0.12827E+03 -0.12522E+03 -0.11984E+03 -0.12213E+03 -0.13322E+03
 -0.14101E+03 -0.13192E+03 -0.10677E+03 -0.81008E+02 -0.68408E+02 -0.67591E+02
 -0.66844E+02 -0.58929E+02 -0.46996E+02 -0.36432E+02 -0.26347E+02 -0.11850E+02
  0.75809E+01  0.25200E+02  0.32514E+02  0.26113E+02  0.93558E+01 -0.10766E+02
 -0.28419E+02 -0.42238E+02 -0.54484E+02 -0.66370E+02 -0.74777E+02 -0.75477E+02
 -0.69395E+02 -0.62870E+02 -0.60663E+02 -0.61048E+02 -0.59973E+02 -0.57672E+02
 -0.57657E+02 -0.59560E+02 -0.57447E+02 -0.46588E+02 -0.29464E+02 -0.12625E+02
  0.12305E+00  0.85963E+01  0.11319E+02  0.39372E+01 -0.15298E+02 -0.40555E+02
 -0.61538E+02 -0.71884E+02 -0.73560E+02 -0.72896E+02 -0.73929E+02 -0.76486E+02
 -0.79417E+02 -0.83854E+02 -0.92062E+02 -0.10404E+03 -0.11647E+03 -0.12516E+03
 -0.12732E+03 -0.12095E+03 -0.10336E+03 -0.73174E+02 -0.35725E+02 -0.48439E+01
  0.46391E+01 -0.10507E+02 -0.37605E+02 -0.59211E+02 -0.69344E+02 -0.76161E+02
 -0.87819E+02 -0.10008E+03 -0.10262E+03 -0.94993E+02 -0.88992E+02 -0.92973E+02
 -0.10020E+03 -0.97927E+02 -0.84806E+02 -0.72295E+02 -0.69354E+02 -0.72025E+02
 -0.70577E+02 -0.61742E+02 -0.49068E+02 -0.34435E+02 -0.15471E+02  0.73383E+01
  0.25758E+02  0.30400E+02  0.22294E+02  0.14265E+02  0.18019E+02  0.29814E+02
  0.32170E+02  0.12526E+02 -0.20840E+02 -0.44859E+02 -0.44787E+02 -0.28459E+02
 -0.15597E+02 -0.15210E+02 -0.17552E+02 -0.77690E+01  0.17017E+02  0.46079E+02
  0.67420E+02  0.77848E+02  0.81607E+02  0.83462E+02  0.85624E+02  0.89162E+02
  0.94910E+02  0.10181E+03  0.10687E+03  0.10877E+03  0.10997E+03  0.11259E+03
  0.11253E+03  0.10062E+03  0.71370E+02  0.28608E+02 -0.18538E+02 -0.62065E+02
 -0.94870E+02 -0.10764E+03 -0.93076E+02 -0.55959E+02 -0.15059E+02  0.92247E+01
  0.96965E+01 -0.49632E+01 -0.20176E+02 -0.26550E+02 -0.24044E+02 -0.19412E+02
 -0.20107E+02 -0.27778E+02 -0.36086E+02 -0.36381E+02 -0.26892E+02 -0.15656E+02
 -0.13208E+02 -0.22082E+02 -0.33871E+02 -0.36593E+02 -0.24957E+02 -0.41393E+01
  0.15525E+02  0.27463E+02  0.32697E+02  0.36233E+02  0.41045E+02  0.46422E+02
  0.50897E+02  0.54526E+02  0.57891E+02  0.60203E+02  0.59973E+02  0.57164E+02
  0.53481E+02  0.50387E+02  0.47370E+02  0.42678E+02  0.35472E+02  0.27077E+02
  0.20365E+02  0.17736E+02  0.19897E+02  0.25918E+02  0.34002E+02  0.41578E+02
  0.45457E+02  0.42978E+02  0.33952E+02  0.20866E+02  0.67066E+01 -0.71096E+01
 -0.20102E+02 -0.30696E+02 -0.36162E+02 -0.34846E+02 -0.27873E+02 -0.18651E+02
 -0.11226E+02 -0.89647E+01 -0.12705E+02 -0.19438E+02 -0.24446E+02 -0.26410E+02
 -0.29170E+02 -0.35811E+02 -0.42071E+02 -0.38988E+02 -0.23828E+02 -0.55323E+01
  0.29666E+01 -0.31516E+01 -0.17584E+02 -0.30169E+02 -0.34669E+02 -0.30818E+02
 -0.22563E+02 -0.15060E+02 -0.10500E+02 -0.59619E+01  0.26871E+01  0.14050E+02
  0.21088E+02  0.19073E+02  0.10642E+02  0.94979E+00 -0.88352E+01 -0.18757E+02
 -0.23435E+02 -0.14887E+02  0.61942E+01  0.27290E+02  0.36190E+02  0.33409E+02
  0.29181E+02  0.29780E+02  0.30881E+02  0.24368E+02  0.81945E+01 -0.11330E+02
 -0.24316E+02 -0.23689E+02 -0.10313E+02  0.56830E+01  0.10765E+02 -0.83932E+00
 -0.20693E+02 -0.32599E+02 -0.26500E+02 -0.63781E+01  0.14688E+02  0.25657E+02
  0.24344E+02  0.16579E+02  0.10660E+02  0.11317E+02  0.15840E+02  0.15737E+02
  0.38820E+01 -0.17712E+02 -0.38105E+02 -0.46680E+02 -0.42578E+02 -0.34783E+02
 -0.32994E+02 -0.39299E+02 -0.48147E+02 -0.52919E+02 -0.51769E+02 -0.48083E+02
 -0.46525E+02 -0.48339E+02 -0.49545E+02 -0.44119E+02 -0.30451E+02 -0.15113E+02
 -0.88565E+01 -0.16995E+02 -0.34172E+02 -0.49428E+02 -0.56636E+02 -0.58486E+02
 -0.60336E+02 -0.62330E+02 -0.59461E+02 -0.48592E+02 -0.32789E+02 -0.17896E+02
 -0.69704E+01  0.38185E+00  0.45756E+01  0.46376E+01  0.89647E+00 -0.28588E+01
 -0.18095E+01  0.52856E+01  0.14743E+02  0.21272E+02  0.22501E+02  0.20235E+02
  0.17575E+02  0.14966E+02  0.94061E+01 -0.21697E+01 -0.18415E+02 -0.33013E+02
 -0.38903E+02 -0.33612E+02 -0.20853E+02 -0.73064E+01  0.21298E+01  0.71475E+01
  0.11471E+02  0.19611E+02  0.33187E+02  0.49362E+02  0.62730E+02  0.69080E+02
  0.68039E+02  0.62959E+02  0.58223E+02  0.55749E+02  0.53183E+02  0.46127E+02
  0.33548E+02  0.20920E+02  0.15611E+02  0.17821E+02  0.17432E+02  0.28987E+01
 -0.25600E+02 -0.53553E+02 -0.64349E+02 -0.54274E+02 -0.35241E+02 -0.23313E+02
 -0.25449E+02 -0.36695E+02 -0.48034E+02 -0.55319E+02 -0.60915E+02 -0.68659E+02
 -0.78573E+02 -0.86775E+02 -0.89649E+02 -0.87424E+02 -0.83873E+02 -0.83082E+02
 -0.86563E+02 -0.92775E+02 -0.98592E+02 -0.10161E+03 -0.10143E+03 -0.99242E+02
 -0.95850E+02 -0.90746E+02 -0.83378E+02 -0.75066E+02 -0.68350E+02 -0.63805E+02
 -0.58578E+02 -0.49607E+02 -0.38050E+02 -0.29329E+02 -0.27641E+02 -0.31295E+02
 -0.34462E+02 -0.33583E+02 -0.31157E+02 -0.32540E+02 -0.39503E+02 -0.47597E+02
 -0.50135E+02 -0.44256E+02 -0.33135E+02 -0.22853E+02 -0.17827E+02 -0.18774E+02
 -0.23452E+02 -0.28509E+02 -0.31239E+02 -0.30911E+02 -0.28664E+02 -0.25994E+02
 -0.22866E+02 -0.17968E+02 -0.10422E+02 -0.84002E+00  0.91705E+01  0.17842E+02
  0.23734E+02  0.26692E+02  0.29003E+02  0.34352E+02  0.44528E+02  0.57059E+02
  0.67365E+02  0.73164E+02  0.76372E+02  0.80510E+02  0.87063E+02  0.94524E+02
  0.10036E+03  0.10323E+03  0.10357E+03  0.10255E+03  0.10069E+03  0.97942E+02
  0.94770E+02  0.92807E+02  0.93644E+02  0.97038E+02  0.10114E+03  0.10436E+03
  0.10648E+03  0.10785E+03  0.10837E+03  0.10778E+03  0.10658E+03  0.10587E+03
  0.10624E+03  0.10740E+03  0.10864E+03  0.10929E+03  0.10882E+03  0.10683E+03
  0.10319E+03  0.97829E+02  0.90674E+02  0.82074E+02  0.73344E+02  0.66641E+02
  0.63533E+02  0.63797E+02  0.65482E+02  0.66219E+02  0.64909E+02  0.62266E+02
  0.59710E+02  0.57648E+02  0.55041E+02  0.50953E+02  0.46033E+02  0.42123E+02
  0.40498E+02  0.41007E+02  0.42777E+02  0.44818E+02  0.45951E+02  0.45178E+02
  0.43030E+02  0.41749E+02  0.42974E+02  0.45539E+02  0.46571E+02  0.44839E+02
  0.42240E+02  0.41396E+02  0.42714E+02  0.44406E+02  0.44772E+02  0.43634E+02
  0.41465E+02  0.38487E+02  0.34772E+02  0.31035E+02  0.28372E+02  0.27335E+02
  0.27601E+02  0.28540E+02  0.29787E+02  0.31393E+02  0.33393E+02  0.35722E+02
  0.38101E+02  0.40143E+02  0.41341E+02  0.41106E+02  0.39059E+02  0.35516E+02
  0.32023E+02  0.30757E+02  0.32835E+02  0.36790E+02  0.39585E+02  0.39414E+02
  0.37339E+02  0.35730E+02  0.35732E+02  0.36808E+02  0.38199E+02  0.39454E+02
  0.39585E+02  0.37324E+02  0.32901E+02  0.28634E+02  0.26338E+02  0.24879E+02
  0.21722E+02  0.16640E+02  0.12058E+02  0.98550E+01  0.91340E+01  0.81619E+01
  0.69611E+01  0.66699E+01  0.72094E+01  0.73048E+01  0.64406E+01  0.53903E+01
  0.45333E+01  0.28170E+01 -0.95480E+00 -0.66457E+01 -0.13139E+02 -0.19216E+02
 -0.23819E+02 -0.26258E+02 -0.27022E+02 -0.27836E+02 -0.30161E+02 -0.33732E+02
 -0.37245E+02 -0.39978E+02 -0.41895E+02 -0.42716E+02 -0.41868E+02 -0.39480E+02
 -0.36555E+02 -0.33954E+02 -0.32010E+02 -0.31032E+02 -0.31173E+02 -0.31385E+02
 -0.29785E+02 -0.26109E+02 -0.22862E+02 -0.22772E+02 -0.25585E+02 -0.28482E+02
 -0.29682E+02 -0.30008E+02 -0.30464E+02 -0.29694E+02 -0.25430E+02 -0.17835E+02
 -0.10313E+02 -0.65138E+01 -0.71418E+01 -0.97807E+01 -0.11375E+02 -0.10484E+02
 -0.78022E+01 -0.51704E+01 -0.42721E+01 -0.57731E+01 -0.92075E+01 -0.13344E+02
 -0.16813E+02 -0.18730E+02 -0.18963E+02 -0.17849E+02 -0.15576E+02 -0.12064E+02
 -0.77058E+01 -0.39285E+01 -0.25289E+01 -0.40436E+01 -0.68474E+01 -0.83341E+01
 -0.71201E+01 -0.43242E+01 -0.26949E+01 -0.43603E+01 -0.91693E+01 -0.14960E+02
 -0.19554E+02 -0.22422E+02 -0.24368E+02 -0.26075E+02 -0.27296E+02 -0.27723E+02
 -0.27705E+02 -0.27831E+02 -0.28035E+02 -0.27931E+02 -0.27727E+02 -0.28096E+02
 -0.29167E+02 -0.30331E+02 -0.31302E+02 -0.32645E+02 -0.34754E+02 -0.37042E+02
 -0.38665E+02 -0.39543E+02 -0.40112E+02 -0.40388E+02 -0.40234E+02 -0.40181E+02
 -0.40893E+02 -0.41606E+02 -0.40349E+02 -0.36278E+02 -0.31061E+02 -0.27197E+02
 -0.25526E+02 -0.25286E+02 -0.25670E+02 -0.26275E+02 -0.26192E+02 -0.24106E+02
 -0.20034E+02 -0.15992E+02 -0.14112E+02 -0.14538E+02 -0.15789E+02 -0.16917E+02
 -0.18396E+02 -0.20849E+02 -0.23560E+02 -0.24738E+02 -0.23116E+02 -0.19239E+02
 -0.15089E+02 -0.12694E+02 -0.12598E+02 -0.13554E+02 -0.13608E+02 -0.11671E+02
 -0.82306E+01 -0.48401E+01 -0.29607E+01 -0.31366E+01 -0.47663E+01 -0.67183E+01
 -0.83408E+01 -0.10014E+02 -0.12538E+02 -0.15945E+02 -0.19035E+02 -0.20213E+02
 -0.18607E+02 -0.14536E+02 -0.93692E+01 -0.48904E+01 -0.23738E+01 -0.16476E+01
 -0.12714E+01  0.62912E-01  0.22436E+01  0.41719E+01  0.51138E+01  0.52807E+01
  0.51336E+01  0.46923E+01  0.36706E+01  0.19049E+01 -0.59187E+00 -0.35108E+01
 -0.60366E+01 -0.71149E+01 -0.63534E+01 -0.46245E+01 -0.33899E+01 -0.36388E+01
 -0.55261E+01 -0.84673E+01 -0.11136E+02 -0.11878E+02 -0.10078E+02 -0.72538E+01
 -0.59265E+01 -0.72484E+01 -0.10297E+02 -0.13718E+02 -0.17096E+02 -0.20416E+02
 -0.23071E+02 -0.24279E+02 -0.24012E+02 -0.22770E+02 -0.20698E+02 -0.17903E+02
 -0.15365E+02 -0.14647E+02 -0.16264E+02 -0.18919E+02 -0.20735E+02 -0.21099E+02
 -0.20931E+02 -0.21502E+02 -0.22925E+02 -0.23876E+02 -0.22764E+02 -0.19253E+02
 -0.14711E+02 -0.10942E+02 -0.85547E+01 -0.68483E+01 -0.50134E+01 -0.28631E+01
 -0.44761E+00  0.23751E+01  0.57506E+01  0.95332E+01  0.13503E+02  0.17321E+02
  0.20331E+02  0.21779E+02  0.21716E+02  0.20815E+02  0.19055E+02  0.15404E+02
  0.98125E+01  0.48438E+01  0.37352E+01  0.67015E+01  0.10484E+02  0.12075E+02
  0.11833E+02  0.12042E+02  0.13247E+02  0.13527E+02  0.11222E+02  0.73843E+01
  0.49872E+01  0.60981E+01  0.99518E+01  0.13226E+02  0.12224E+02  0.56724E+01
 -0.37943E+01 -0.11335E+02 -0.13833E+02 -0.12751E+02 -0.12607E+02 -0.16337E+02
 -0.22381E+02 -0.26663E+02 -0.26741E+02 -0.23574E+02 -0.19599E+02 -0.16039E+02
 -0.12708E+02 -0.92703E+01 -0.58322E+01 -0.24082E+01  0.12877E+01  0.49766E+01
  0.76914E+01  0.88231E+01  0.89809E+01  0.90890E+01  0.92037E+01  0.87455E+01
  0.78793E+01  0.79437E+01  0.99639E+01  0.13151E+02  0.15200E+02  0.14189E+02
  0.10244E+02  0.53160E+01  0.16207E+01 -0.75642E-01 -0.51334E+00 -0.64911E+00
 -0.56284E+00  0.13861E+00  0.12558E+01  0.20435E+01  0.25013E+01  0.38619E+01
  0.71201E+01  0.11366E+02  0.14324E+02  0.14768E+02  0.13794E+02  0.13399E+02
  0.14151E+02  0.14845E+02  0.14336E+02  0.12817E+02  0.11284E+02  0.98013E+01
  0.72441E+01  0.28533E+01 -0.20889E+01 -0.47104E+01 -0.30426E+01  0.18337E+01
  0.65096E+01  0.80628E+01  0.63003E+01  0.29120E+01 -0.92744E+00 -0.56192E+01
 -0.11492E+02 -0.16793E+02 -0.18412E+02 -0.14869E+02 -0.80733E+01 -0.17935E+01
  0.15642E+01  0.20214E+01  0.30865E+00 -0.37818E+01 -0.10687E+02 -0.18945E+02
 -0.25277E+02 -0.27048E+02 -0.24685E+02 -0.21041E+02 -0.18651E+02 -0.17972E+02
 -0.18180E+02 -0.19035E+02 -0.21385E+02 -0.25991E+02 -0.31822E+02 -0.36049E+02
 -0.36093E+02 -0.31784E+02 -0.25440E+02 -0.19433E+02 -0.14264E+02 -0.93455E+01
 -0.52653E+01 -0.41426E+01 -0.73743E+01 -0.13728E+02 -0.20326E+02 -0.24961E+02
 -0.27054E+02 -0.26848E+02 -0.24608E+02 -0.20485E+02 -0.14915E+02 -0.90948E+01
 -0.56020E+01 -0.76521E+01 -0.16118E+02 -0.27265E+02 -0.34722E+02 -0.35161E+02
 -0.31338E+02 -0.28898E+02 -0.30633E+02 -0.34610E+02 -0.37376E+02 -0.37422E+02
 -0.35562E+02 -0.33193E+02 -0.31320E+02 -0.30498E+02 -0.30837E+02 -0.31706E+02
 -0.31894E+02 -0.30234E+02 -0.26227E+02 -0.20578E+02 -0.15081E+02 -0.11624E+02
 -0.10552E+02 -0.10218E+02 -0.85876E+01 -0.53530E+01 -0.20468E+01 -0.25166E+00
 -0.36147E+00 -0.20828E+01 -0.53295E+01 -0.98222E+01 -0.14193E+02 -0.16638E+02
 -0.16519E+02 -0.14838E+02 -0.12814E+02 -0.10776E+02 -0.87946E+01 -0.78306E+01
 -0.87066E+01 -0.10177E+02 -0.89626E+01 -0.26989E+01  0.73821E+01  0.17198E+02
  0.23096E+02  0.24426E+02  0.23384E+02  0.22816E+02  0.24138E+02  0.26534E+02
  0.28078E+02  0.27825E+02  0.26927E+02  0.27468E+02  0.30474E+02  0.35226E+02
  0.40451E+02  0.45261E+02  0.48761E+02  0.49624E+02  0.46993E+02  0.41648E+02
  0.35658E+02  0.31014E+02  0.28734E+02  0.29104E+02  0.31693E+02  0.35006E+02
  0.36922E+02  0.36404E+02  0.34453E+02  0.32825E+02  0.32041E+02  0.31100E+02
  0.29271E+02  0.27413E+02  0.27159E+02  0.29083E+02  0.32174E+02  0.34978E+02
  0.36601E+02  0.36734E+02  0.35349E+02  0.32782E+02  0.29778E+02  0.27075E+02
  0.25003E+02  0.23675E+02  0.23464E+02  0.24829E+02  0.27555E+02  0.30703E+02
  0.33371E+02  0.35202E+02  0.36072E+02  0.35676E+02  0.33818E+02  0.31122E+02
  0.28835E+02  0.27929E+02  0.28470E+02  0.29828E+02  0.31315E+02  0.32451E+02
  0.32606E+02  0.30783E+02  0.26219E+02  0.19355E+02  0.12284E+02  0.73816E+01
  0.54596E+01  0.53348E+01  0.56833E+01  0.66397E+01  0.91507E+01  0.13008E+02
  0.16650E+02  0.18867E+02  0.19852E+02  0.20107E+02  0.19224E+02  0.16492E+02
  0.12121E+02  0.72339E+01  0.30558E+01  0.53209E+00  0.14969E+00  0.11423E+01
  0.93896E+00 -0.30744E+01 -0.10783E+02 -0.19058E+02 -0.24589E+02 -0.26690E+02
 -0.26686E+02 -0.25764E+02 -0.24149E+02 -0.21917E+02 -0.19571E+02 -0.17504E+02
 -0.15688E+02 -0.14251E+02 -0.13824E+02 -0.14994E+02 -0.17439E+02 -0.19761E+02
 -0.20395E+02 -0.18722E+02 -0.15616E+02 -0.12783E+02 -0.11281E+02 -0.10769E+02
 -0.10334E+02 -0.99573E+01 -0.10368E+02 -0.11552E+02 -0.12113E+02 -0.10949E+02
 -0.90818E+01 -0.88268E+01 -0.11107E+02 -0.14303E+02 -0.16254E+02 -0.16750E+02
 -0.17347E+02 -0.18738E+02 -0.18863E+02 -0.14353E+02 -0.40073E+01  0.90746E+01
  0.19120E+02  0.21796E+02  0.17704E+02  0.12188E+02  0.11276E+02  0.16795E+02
  0.24864E+02  0.29367E+02  0.27466E+02  0.21871E+02  0.17679E+02  0.16989E+02
  0.16858E+02  0.12659E+02  0.31544E+01 -0.78622E+01 -0.15055E+02 -0.16396E+02
 -0.14622E+02 -0.14145E+02 -0.16947E+02 -0.21152E+02 -0.23260E+02 -0.21213E+02
 -0.15952E+02 -0.10239E+02 -0.63449E+01 -0.45495E+01 -0.37061E+01 -0.29416E+01
 -0.23204E+01 -0.21074E+01 -0.21879E+01 -0.27985E+01 -0.50777E+01 -0.96990E+01
 -0.15115E+02 -0.18619E+02 -0.19515E+02 -0.19860E+02 -0.21195E+02 -0.22019E+02
 -0.19980E+02 -0.15856E+02 -0.13008E+02 -0.13010E+02 -0.14035E+02 -0.14294E+02
 -0.15077E+02 -0.18501E+02 -0.23809E+02 -0.27871E+02 -0.29155E+02 -0.29042E+02
 -0.29107E+02 -0.29044E+02 -0.28107E+02 -0.26927E+02 -0.26585E+02 -0.26500E+02
 -0.24646E+02 -0.19756E+02 -0.12746E+02 -0.60867E+01 -0.22281E+01 -0.21362E+01
 -0.43714E+01 -0.58410E+01 -0.42590E+01 -0.14212E+00  0.40108E+01  0.63440E+01
  0.68090E+01  0.60990E+01  0.45150E+01  0.26880E+01  0.21930E+01  0.45416E+01
  0.94320E+01  0.14967E+02  0.19549E+02  0.23001E+02  0.25828E+02  0.27926E+02
  0.28276E+02  0.25906E+02  0.21070E+02  0.15606E+02  0.11996E+02  0.11444E+02
  0.12746E+02  0.13354E+02  0.11979E+02  0.99450E+01  0.98513E+01  0.13016E+02
  0.18258E+02  0.22805E+02  0.24223E+02  0.22111E+02  0.18472E+02  0.16115E+02
  0.16072E+02  0.16416E+02  0.14639E+02  0.11173E+02  0.95469E+01  0.12533E+02
  0.18663E+02  0.23583E+02  0.24614E+02  0.22953E+02  0.21520E+02  0.21499E+02
  0.21850E+02  0.21399E+02  0.20518E+02  0.20683E+02  0.22896E+02  0.26656E+02
  0.30108E+02  0.31232E+02  0.29406E+02  0.25804E+02  0.22152E+02  0.19073E+02
  0.16015E+02  0.12735E+02  0.99572E+01  0.83172E+01  0.72727E+01  0.56688E+01
  0.32842E+01  0.10860E+01  0.50941E-02  0.41368E-01  0.64347E+00  0.11740E+01
  0.81643E+00 -0.12454E+01 -0.48830E+01 -0.85132E+01 -0.10196E+02 -0.89846E+01
 -0.49734E+01  0.16017E+01  0.99888E+01  0.17932E+02  0.22322E+02  0.22023E+02
  0.19366E+02  0.17591E+02  0.17141E+02  0.15745E+02  0.12287E+02  0.92803E+01
  0.10062E+02  0.14252E+02  0.17526E+02  0.16210E+02  0.11011E+02  0.56052E+01
  0.23766E+01  0.69437E+00 -0.99420E+00 -0.27763E+01 -0.37422E+01 -0.40060E+01
 -0.51578E+01 -0.85798E+01 -0.14072E+02 -0.20100E+02 -0.25069E+02 -0.27754E+02
 -0.27272E+02 -0.23354E+02 -0.16985E+02 -0.10445E+02 -0.61254E+01 -0.50359E+01
 -0.62660E+01 -0.74892E+01 -0.62772E+01 -0.17355E+01  0.43677E+01  0.83296E+01
  0.74362E+01  0.27038E+01 -0.16419E+01 -0.20697E+01  0.90370E+00  0.34762E+01
  0.26474E+01 -0.95317E+00 -0.41387E+01 -0.45877E+01 -0.28532E+01 -0.13972E+01
 -0.20831E+01 -0.46590E+01 -0.71643E+01 -0.78639E+01 -0.68024E+01 -0.54971E+01
 -0.51514E+01 -0.53500E+01 -0.48039E+01 -0.32622E+01 -0.19568E+01 -0.20408E+01
 -0.31632E+01 -0.41280E+01 -0.46201E+01 -0.55348E+01 -0.76529E+01 -0.10465E+02
 -0.12747E+02 -0.13870E+02 -0.14111E+02 -0.14001E+02 -0.13648E+02 -0.13038E+02
 -0.12499E+02 -0.12604E+02 -0.13539E+02 -0.14662E+02 -0.14831E+02 -0.13418E+02
 -0.10974E+02 -0.88807E+01 -0.81264E+01 -0.85537E+01 -0.94112E+01 -0.10626E+02
 -0.13073E+02 -0.17131E+02 -0.21462E+02 -0.23780E+02 -0.22897E+02 -0.19686E+02
 -0.15802E+02 -0.12168E+02 -0.91152E+01 -0.74514E+01 -0.82438E+01 -0.11200E+02
 -0.14276E+02 -0.15656E+02 -0.15825E+02 -0.16711E+02 -0.18742E+02 -0.19728E+02
 -0.17413E+02 -0.12397E+02 -0.77893E+01 -0.59749E+01 -0.65240E+01 -0.73948E+01
 -0.75288E+01 -0.74610E+01 -0.79885E+01 -0.87452E+01 -0.85064E+01 -0.64555E+01
 -0.30082E+01  0.54658E+00  0.30271E+01  0.38748E+01  0.30109E+01  0.46401E+00
 -0.32932E+01 -0.65921E+01 -0.71048E+01 -0.38652E+01  0.87123E+00  0.29938E+01
  0.23921E+00 -0.55448E+01 -0.10269E+02 -0.11548E+02 -0.10428E+02 -0.94010E+01
 -0.95057E+01 -0.96676E+01 -0.82614E+01 -0.48356E+01 -0.48557E+00  0.28974E+01
  0.37593E+01  0.19573E+01 -0.76106E+00 -0.15175E+01  0.18728E+01  0.90442E+01
  0.17154E+02  0.22907E+02  0.24757E+02  0.23235E+02  0.19535E+02  0.14403E+02
  0.87917E+01  0.48198E+01  0.49582E+01  0.99244E+01  0.17747E+02  0.25270E+02
  0.30193E+02  0.31842E+02  0.30485E+02  0.26849E+02  0.22068E+02  0.17481E+02
  0.14203E+02  0.12802E+02  0.13113E+02  0.14068E+02  0.14071E+02  0.12112E+02
  0.86841E+01  0.49485E+01  0.14418E+01 -0.17204E+01 -0.34585E+01 -0.18590E+01
  0.34293E+01  0.94981E+01  0.12172E+02  0.98906E+01  0.50160E+01  0.12732E+01
  0.40227E+00  0.14434E+01  0.25633E+01  0.29027E+01  0.28913E+01  0.31947E+01
  0.38134E+01  0.41810E+01  0.39905E+01  0.35850E+01  0.34874E+01  0.38265E+01
  0.45313E+01  0.59018E+01  0.84541E+01  0.12073E+02  0.15606E+02  0.17614E+02
  0.17266E+02  0.14776E+02  0.11191E+02  0.80855E+01  0.68278E+01  0.75321E+01
  0.87165E+01  0.86041E+01  0.69240E+01  0.51937E+01  0.48882E+01  0.56929E+01
  0.58746E+01  0.43726E+01  0.21983E+01  0.14846E+01  0.34351E+01  0.73335E+01
  0.11339E+02  0.13977E+02  0.14939E+02  0.14941E+02  0.15109E+02  0.16085E+02
  0.17305E+02  0.17387E+02  0.15584E+02  0.12736E+02  0.10411E+02  0.90812E+01
  0.76942E+01  0.52043E+01  0.18625E+01 -0.12219E+01 -0.33892E+01 -0.47341E+01
 -0.55197E+01 -0.57962E+01 -0.56866E+01 -0.53981E+01 -0.50954E+01 -0.50777E+01
 -0.59285E+01 -0.80457E+01 -0.10951E+02 -0.13449E+02 -0.14793E+02 -0.15185E+02
 -0.15061E+02 -0.14543E+02 -0.13860E+02 -0.13809E+02 -0.15145E+02 -0.17449E+02
 -0.19395E+02 -0.20131E+02 -0.19893E+02 -0.19289E+02 -0.18456E+02 -0.17338E+02
 -0.16268E+02 -0.15780E+02 -0.15964E+02 -0.16506E+02 -0.17321E+02 -0.18458E+02
 -0.19501E+02 -0.19392E+02 -0.17528E+02 -0.14612E+02 -0.11924E+02 -0.99317E+01
 -0.81468E+01 -0.63331E+01 -0.52426E+01 -0.55559E+01 -0.66642E+01 -0.69493E+01
 -0.53506E+01 -0.21979E+01  0.12842E+01  0.36702E+01  0.35575E+01  0.31488E+00
 -0.46180E+01 -0.77031E+01 -0.57824E+01  0.60734E+00  0.70828E+01  0.91611E+01
  0.64842E+01  0.29978E+01  0.29204E+01  0.68319E+01  0.11782E+02  0.14612E+02
  0.14613E+02  0.13025E+02  0.11142E+02  0.95255E+01  0.86888E+01  0.92629E+01
  0.11183E+02  0.13233E+02  0.14265E+02  0.14538E+02  0.15477E+02  0.17727E+02
  0.19834E+02  0.19083E+02  0.14064E+02  0.63373E+01 -0.39358E+00 -0.31642E+01
 -0.22895E+01 -0.82052E+00 -0.15788E+01 -0.46216E+01 -0.77858E+01 -0.90888E+01
 -0.82429E+01 -0.60005E+01 -0.31422E+01 -0.34132E+00  0.16575E+01  0.26107E+01
  0.32845E+01  0.45170E+01  0.58210E+01  0.56139E+01  0.31939E+01 -0.56927E-01
 -0.19183E+01 -0.15455E+01  0.17388E+00  0.18859E+01  0.28604E+01  0.28966E+01
  0.21881E+01  0.14938E+01  0.20313E+01  0.43520E+01  0.75679E+01  0.98455E+01
  0.97886E+01  0.71390E+01  0.26561E+01 -0.19844E+01 -0.48631E+01 -0.51781E+01
 -0.42039E+01 -0.41036E+01 -0.53568E+01 -0.60944E+01 -0.42391E+01  0.50412E-01
  0.48415E+01  0.85870E+01  0.11079E+02  0.12555E+02  0.12920E+02  0.12275E+02
  0.11315E+02  0.10513E+02  0.95745E+01  0.81709E+01  0.67885E+01  0.60364E+01
  0.53486E+01  0.33144E+01 -0.47433E+00 -0.46426E+01 -0.75864E+01 -0.91981E+01
 -0.10452E+02 -0.11612E+02 -0.11856E+02 -0.10804E+02 -0.97159E+01 -0.10339E+02
 -0.12954E+02 -0.15890E+02 -0.17159E+02 -0.16185E+02 -0.14131E+02 -0.12656E+02
 -0.12506E+02 -0.13094E+02 -0.13224E+02 -0.12494E+02 -0.11829E+02 -0.12445E+02
 -0.14222E+02 -0.15555E+02 -0.14975E+02 -0.12527E+02 -0.94841E+01 -0.68784E+01
 -0.48597E+01 -0.32134E+01 -0.20041E+01 -0.14392E+01 -0.15333E+01 -0.20930E+01
 -0.28030E+01 -0.31191E+01 -0.24899E+01 -0.10228E+01  0.34394E+00  0.55048E+00
 -0.61081E+00 -0.23880E+01 -0.37857E+01 -0.43598E+01 -0.43467E+01 -0.42477E+01
 -0.44566E+01 -0.51242E+01 -0.62783E+01 -0.80123E+01 -0.10327E+02 -0.12885E+02
 -0.15013E+02 -0.16332E+02 -0.17079E+02 -0.17689E+02 -0.18227E+02 -0.18444E+02
 -0.18223E+02 -0.17723E+02 -0.16959E+02 -0.15736E+02 -0.14226E+02 -0.13103E+02
 -0.13019E+02 -0.13894E+02 -0.15163E+02 -0.16490E+02 -0.17952E+02 -0.19608E+02
 -0.21186E+02 -0.22126E+02 -0.21927E+02 -0.20310E+02 -0.17540E+02 -0.14570E+02
 -0.12660E+02 -0.12274E+02 -0.12491E+02 -0.11727E+02 -0.91935E+01 -0.56357E+01
 -0.26946E+01 -0.16725E+01 -0.27197E+01 -0.48413E+01 -0.64120E+01 -0.58549E+01
 -0.27206E+01  0.17611E+01  0.52754E+01  0.61255E+01  0.45767E+01  0.24765E+01
  0.14214E+01  0.15479E+01  0.17250E+01  0.87802E+00 -0.11363E+01 -0.36311E+01
 -0.57167E+01 -0.67219E+01 -0.65235E+01 -0.55296E+01 -0.45085E+01 -0.41528E+01
 -0.47706E+01 -0.61044E+01 -0.74748E+01 -0.80925E+01 -0.74144E+01 -0.54690E+01
 -0.27781E+01 -0.88380E-01  0.17002E+01  0.16406E+01 -0.83996E+00 -0.52748E+01
 -0.10033E+02 -0.13301E+02 -0.14334E+02 -0.13878E+02 -0.13429E+02 -0.14140E+02
 -0.16149E+02 -0.18564E+02 -0.19963E+02 -0.19199E+02 -0.16373E+02 -0.12788E+02
 -0.99464E+01 -0.82519E+01 -0.68360E+01 -0.47690E+01 -0.21287E+01 -0.18518E-01
  0.72380E+00  0.39188E+00 -0.83220E-01 -0.23610E+00 -0.55373E+00 -0.16376E+01
 -0.33518E+01 -0.48296E+01 -0.53334E+01 -0.48346E+01 -0.38059E+01 -0.27127E+01
 -0.18200E+01 -0.14072E+01 -0.17821E+01 -0.28160E+01 -0.36564E+01 -0.32364E+01
 -0.14558E+01  0.44661E+00  0.96688E+00 -0.10274E+00 -0.15162E+01 -0.21203E+01
 -0.21516E+01 -0.27557E+01 -0.43339E+01 -0.58690E+01 -0.61652E+01 -0.53943E+01
 -0.50532E+01 -0.63091E+01 -0.86177E+01 -0.10232E+02 -0.10084E+02 -0.90050E+01
 -0.88429E+01 -0.10199E+02 -0.11605E+02 -0.11128E+02 -0.86172E+01 -0.56979E+01
 -0.37093E+01 -0.23298E+01 -0.66370E+00  0.10597E+01  0.18161E+01  0.16129E+01
  0.18180E+01  0.34125E+01  0.54864E+01  0.62148E+01  0.49158E+01  0.25145E+01
  0.37759E+00 -0.78560E+00 -0.76651E+00  0.54885E+00  0.29599E+01  0.58360E+01
  0.85620E+01  0.11031E+02  0.13362E+02  0.15401E+02  0.16773E+02  0.17487E+02
  0.17828E+02  0.17797E+02  0.17043E+02  0.15450E+02  0.13693E+02  0.12566E+02
  0.12163E+02  0.11895E+02  0.11334E+02  0.10673E+02  0.10463E+02  0.11076E+02
  0.12506E+02  0.14315E+02  0.15552E+02  0.15198E+02  0.13177E+02  0.10775E+02
  0.96909E+01  0.10648E+02  0.12923E+02  0.15284E+02  0.16872E+02  0.17342E+02
  0.16716E+02  0.15561E+02  0.14828E+02  0.15055E+02  0.15633E+02  0.15423E+02
  0.14096E+02  0.12532E+02  0.11649E+02  0.11324E+02  0.10842E+02  0.10117E+02
  0.97489E+01  0.98113E+01  0.93435E+01  0.76080E+01  0.54073E+01  0.46315E+01
  0.61911E+01  0.88095E+01  0.10312E+02  0.97936E+01  0.84165E+01  0.80703E+01
  0.93146E+01  0.10945E+02  0.11323E+02  0.10210E+02  0.88404E+01  0.84945E+01
  0.89438E+01  0.87558E+01  0.70348E+01  0.45762E+01  0.29773E+01  0.27605E+01
  0.29017E+01  0.21979E+01  0.80659E+00  0.12430E+00  0.12252E+01  0.39232E+01
  0.71868E+01  0.10071E+02  0.11910E+02  0.12209E+02  0.10825E+02  0.84956E+01
  0.66959E+01  0.66798E+01  0.86905E+01  0.11890E+02  0.15125E+02  0.17451E+02
  0.18373E+02  0.17963E+02  0.16923E+02  0.16097E+02  0.15831E+02  0.15786E+02
  0.15735E+02  0.16291E+02  0.18338E+02  0.21581E+02  0.24064E+02  0.23855E+02
  0.20960E+02  0.17313E+02  0.14712E+02  0.13314E+02  0.12173E+02  0.10833E+02
  0.96712E+01  0.90967E+01  0.89091E+01  0.86713E+01  0.81041E+01  0.70571E+01
  0.56377E+01  0.46265E+01  0.52411E+01  0.78680E+01  0.11154E+02  0.12957E+02
  0.12340E+02  0.10169E+02  0.78113E+01  0.58120E+01  0.41779E+01  0.31956E+01
  0.34092E+01  0.47186E+01  0.62214E+01  0.70223E+01  0.69639E+01  0.65832E+01
  0.64102E+01  0.64878E+01  0.62289E+01  0.49818E+01  0.30327E+01  0.19718E+01
  0.34676E+01  0.73195E+01  0.11057E+02  0.12195E+02  0.10797E+02  0.93495E+01
  0.10050E+02  0.12492E+02  0.14453E+02  0.14359E+02  0.12711E+02  0.11185E+02
  0.10747E+02  0.11090E+02  0.11211E+02  0.10401E+02  0.85378E+01  0.58517E+01
  0.27071E+01 -0.45905E+00 -0.30665E+01 -0.46642E+01 -0.52305E+01 -0.53384E+01
 -0.56261E+01 -0.62638E+01 -0.68446E+01 -0.69381E+01 -0.67240E+01 -0.67819E+01
 -0.73267E+01 -0.78998E+01 -0.78577E+01 -0.71133E+01 -0.61396E+01 -0.52737E+01
 -0.44152E+01 -0.35051E+01 -0.29691E+01 -0.31700E+01 -0.36788E+01 -0.35431E+01
 -0.26053E+01 -0.18537E+01 -0.21620E+01 -0.30503E+01 -0.33944E+01 -0.30294E+01
 -0.29438E+01 -0.37676E+01 -0.47489E+01 -0.47277E+01 -0.35247E+01 -0.19207E+01
 -0.55310E+00  0.50671E+00  0.12442E+01  0.15807E+01  0.18885E+01  0.28552E+01
  0.44234E+01  0.54117E+01  0.46524E+01  0.22604E+01 -0.47532E+00 -0.24233E+01
 -0.31967E+01 -0.29103E+01 -0.19578E+01 -0.12917E+01 -0.19506E+01 -0.39773E+01
 -0.61260E+01 -0.71423E+01 -0.69917E+01 -0.64689E+01 -0.58600E+01 -0.47215E+01
 -0.28808E+01 -0.93980E+00  0.47117E+00  0.14668E+01  0.24696E+01  0.34295E+01
  0.40814E+01  0.48193E+01  0.64381E+01  0.87300E+01  0.10019E+02  0.87807E+01
  0.54939E+01  0.24433E+01  0.14625E+01  0.24941E+01  0.41417E+01  0.50372E+01
  0.43429E+01  0.17866E+01 -0.20947E+01 -0.57609E+01 -0.76726E+01 -0.79372E+01
 -0.82020E+01 -0.96046E+01 -0.11302E+02 -0.11716E+02 -0.11064E+02 -0.11486E+02
 -0.14265E+02 -0.17824E+02 -0.19170E+02 -0.17335E+02 -0.14334E+02 -0.12729E+02
 -0.12801E+02 -0.12642E+02 -0.10680E+02 -0.74420E+01 -0.48632E+01 -0.42038E+01
 -0.51413E+01 -0.65085E+01 -0.75750E+01 -0.82762E+01 -0.86908E+01 -0.87192E+01
 -0.85180E+01 -0.87320E+01 -0.97911E+01 -0.11130E+02 -0.11666E+02 -0.11192E+02
 -0.10748E+02 -0.11363E+02 -0.12816E+02 -0.13897E+02 -0.13631E+02 -0.11833E+02
 -0.87740E+01 -0.49347E+01 -0.12958E+01  0.83913E+00  0.70393E+00 -0.10069E+01
 -0.25745E+01 -0.25092E+01 -0.69650E+00  0.15960E+01  0.29074E+01  0.29799E+01
  0.30094E+01  0.43638E+01  0.67566E+01  0.82900E+01  0.74387E+01  0.49617E+01
  0.33798E+01  0.45121E+01  0.77720E+01  0.10845E+02  0.11626E+02  0.96720E+01
  0.61069E+01  0.26558E+01  0.53656E+00 -0.13640E-01  0.37399E+00  0.94074E+00
  0.15074E+01  0.25686E+01  0.46535E+01  0.73543E+01  0.94317E+01  0.99772E+01
  0.94625E+01  0.91627E+01  0.94787E+01  0.94298E+01  0.80414E+01  0.55430E+01
  0.27008E+01 -0.44929E+00 -0.42511E+01 -0.78451E+01 -0.94340E+01 -0.85951E+01
 -0.74482E+01 -0.84140E+01 -0.11199E+02 -0.12981E+02 -0.11705E+02 -0.82595E+01
 -0.53577E+01 -0.45978E+01 -0.54347E+01 -0.64148E+01 -0.67363E+01 -0.63196E+01
 -0.49865E+01 -0.22712E+01  0.17332E+01  0.55797E+01  0.72567E+01  0.60334E+01
  0.32557E+01  0.80745E+00 -0.71686E+00 -0.20264E+01 -0.33574E+01 -0.36428E+01
 -0.21951E+01 -0.46803E+00 -0.10901E+01 -0.49992E+01 -0.10126E+02 -0.13477E+02
 -0.14091E+02 -0.13259E+02 -0.12291E+02 -0.10980E+02 -0.85223E+01 -0.52341E+01
 -0.24973E+01 -0.12142E+01 -0.11917E+01 -0.20357E+01 -0.36677E+01 -0.54923E+01
 -0.58066E+01 -0.31770E+01  0.15434E+01  0.56054E+01  0.71814E+01  0.70967E+01
  0.73559E+01  0.85100E+01  0.92768E+01  0.85189E+01  0.67012E+01  0.52051E+01
  0.48123E+01  0.52288E+01  0.56242E+01  0.54033E+01  0.45304E+01  0.35075E+01
  0.28498E+01  0.25709E+01  0.21214E+01  0.11196E+01 -0.36130E-02 -0.42512E+00
  0.12020E+00  0.10737E+01  0.16549E+01  0.15271E+01  0.56844E+00 -0.14072E+01
 -0.43713E+01 -0.75708E+01 -0.97400E+01 -0.10190E+02 -0.95587E+01 -0.92712E+01
 -0.10208E+02 -0.11990E+02 -0.13264E+02 -0.12848E+02 -0.10505E+02 -0.72600E+01
 -0.48096E+01 -0.45369E+01 -0.64258E+01 -0.89530E+01 -0.10255E+02 -0.97891E+01
 -0.87282E+01 -0.87199E+01 -0.10201E+02 -0.12048E+02 -0.12856E+02 -0.12404E+02
 -0.11709E+02 -0.11872E+02 -0.13010E+02 -0.14112E+02 -0.13996E+02 -0.12291E+02
 -0.97335E+01 -0.74978E+01 -0.61863E+01 -0.55908E+01 -0.52962E+01 -0.52882E+01
 -0.57455E+01 -0.64965E+01 -0.71257E+01 -0.75044E+01 -0.77971E+01 -0.77746E+01
 -0.68140E+01 -0.50012E+01 -0.39404E+01 -0.53573E+01 -0.87937E+01 -0.11479E+02
 -0.11019E+02 -0.80894E+01 -0.56678E+01 -0.57099E+01 -0.69694E+01 -0.62309E+01
 -0.15391E+01  0.58667E+01  0.12457E+02  0.15415E+02  0.14900E+02  0.13354E+02
  0.12589E+02  0.12081E+02  0.10420E+02  0.81512E+01  0.78154E+01  0.10925E+02
  0.15831E+02  0.19477E+02  0.20338E+02  0.18670E+02  0.14417E+02  0.67261E+01
 -0.38721E+01 -0.13998E+02 -0.19261E+02 -0.17828E+02 -0.11883E+02 -0.59453E+01
 -0.37597E+01 -0.62225E+01 -0.11027E+02 -0.14643E+02 -0.15336E+02 -0.14362E+02
 -0.13581E+02 -0.11875E+02 -0.56006E+01  0.63669E+01  0.18657E+02  0.22575E+02
  0.14190E+02 -0.94180E+00 -0.12019E+02 -0.12305E+02 -0.43053E+01  0.36595E+01
  0.53647E+01  0.13550E+01 -0.32060E+01 -0.41792E+01 -0.20443E+01 -0.64700E+00
 -0.31957E+01 -0.92251E+01 -0.15147E+02 -0.17180E+02 -0.14264E+02 -0.83980E+01
 -0.29333E+01 -0.37575E+00 -0.14278E+01 -0.50722E+01 -0.93183E+01 -0.11932E+02
 -0.11565E+02 -0.85783E+01 -0.48321E+01 -0.23820E+01 -0.21092E+01 -0.33044E+01
 -0.45855E+01 -0.53582E+01 -0.64531E+01 -0.90166E+01 -0.12582E+02 -0.14565E+02
 -0.12487E+02 -0.69149E+01 -0.17650E+01 -0.92631E+00 -0.46210E+01 -0.92609E+01
 -0.11029E+02 -0.92809E+01 -0.65158E+01 -0.52403E+01 -0.51895E+01 -0.39425E+01
 -0.31091E+00  0.36287E+01  0.44315E+01  0.13815E+01 -0.22845E+01 -0.30430E+01
 -0.11301E+01  0.14546E+00 -0.97100E+00 -0.23955E+01 -0.10770E+01  0.28984E+01
  0.65016E+01  0.74973E+01  0.64888E+01  0.52432E+01  0.42342E+01  0.28814E+01
  0.13782E+01  0.93494E+00  0.22176E+01  0.41519E+01  0.49189E+01  0.39100E+01
  0.23566E+01  0.19061E+01  0.28379E+01  0.39201E+01  0.39996E+01  0.33845E+01
  0.33279E+01  0.41952E+01  0.48763E+01  0.41609E+01  0.23712E+01  0.10328E+01
  0.12985E+01  0.29321E+01  0.49237E+01  0.63139E+01  0.65868E+01  0.55706E+01
  0.36520E+01  0.18553E+01  0.12473E+01  0.21217E+01  0.38341E+01  0.53604E+01
  0.60128E+01  0.56340E+01  0.43385E+01  0.22051E+01 -0.61573E+00 -0.35010E+01
 -0.51904E+01 -0.45092E+01 -0.15865E+01  0.18088E+01  0.37432E+01  0.39302E+01
  0.37377E+01  0.42183E+01  0.48923E+01  0.47785E+01  0.42064E+01  0.45796E+01
  0.62992E+01  0.79472E+01  0.80339E+01  0.69033E+01  0.61163E+01  0.62174E+01
  0.61466E+01  0.49515E+01  0.32335E+01  0.22461E+01  0.21180E+01  0.18037E+01
  0.72319E+00 -0.19264E+00  0.50289E+00  0.29244E+01  0.55320E+01  0.67146E+01
  0.63502E+01  0.57710E+01  0.59724E+01  0.61952E+01  0.47352E+01  0.13559E+01
 -0.15795E+01 -0.10487E+01  0.33924E+01  0.88075E+01  0.11609E+02  0.10922E+02
  0.88031E+01  0.76796E+01  0.81317E+01  0.90851E+01  0.94728E+01  0.91443E+01
  0.85437E+01  0.82367E+01  0.85814E+01  0.94489E+01  0.10073E+02  0.96943E+01
  0.84277E+01  0.70465E+01  0.59231E+01  0.45776E+01  0.26880E+01  0.10705E+01
  0.62028E+00  0.75736E+00 -0.33737E+00 -0.33513E+01 -0.65588E+01 -0.75962E+01
 -0.61056E+01 -0.39561E+01 -0.28163E+01 -0.25360E+01 -0.19978E+01 -0.85093E+00
  0.11696E+00  0.17750E-01 -0.11485E+01 -0.25297E+01 -0.29439E+01 -0.17613E+01
  0.34535E+00  0.18146E+01  0.17011E+01  0.84994E+00  0.88686E+00  0.21628E+01
  0.33813E+01  0.34755E+01  0.31544E+01  0.36210E+01  0.43812E+01  0.35660E+01
  0.73115E+00 -0.19461E+01 -0.18591E+01  0.85638E+00  0.34500E+01  0.35442E+01
  0.13253E+01 -0.13304E+01 -0.28547E+01 -0.27962E+01 -0.14916E+01  0.27139E+00
  0.13253E+01  0.93261E+00 -0.34808E+00 -0.99141E+00 -0.16660E+00  0.13171E+01
  0.20058E+01  0.16132E+01  0.11203E+01  0.13292E+01  0.16598E+01  0.10524E+01
 -0.60782E+00 -0.22824E+01 -0.32407E+01 -0.38625E+01 -0.48710E+01 -0.61445E+01
 -0.68666E+01 -0.67937E+01 -0.66276E+01 -0.70704E+01 -0.78639E+01 -0.82064E+01
 -0.77897E+01 -0.69863E+01 -0.62688E+01 -0.57590E+01 -0.52707E+01 -0.43527E+01
 -0.25610E+01 -0.31551E-01  0.21541E+01  0.27928E+01  0.18847E+01  0.62558E+00
 -0.89164E-01 -0.61773E+00 -0.15689E+01 -0.21762E+01 -0.85714E+00  0.25461E+01
  0.57558E+01  0.62228E+01  0.38608E+01  0.10692E+01 -0.20414E+00 -0.52502E+00
 -0.17339E+01 -0.40958E+01 -0.56986E+01 -0.47232E+01 -0.17067E+01  0.99462E+00
  0.17553E+01  0.96174E+00 -0.11101E+00 -0.81147E+00 -0.11466E+01 -0.84433E+00
  0.58224E+00  0.29327E+01  0.50612E+01  0.60223E+01  0.60023E+01  0.58532E+01
  0.58978E+01  0.57991E+01  0.54137E+01  0.52433E+01  0.57820E+01  0.67861E+01
  0.75538E+01  0.76628E+01  0.70770E+01  0.57894E+01  0.38931E+01  0.19395E+01
  0.65188E+00  0.18787E+00 -0.61239E-01 -0.51810E+00 -0.87462E+00 -0.75852E+00
 -0.57085E+00 -0.91309E+00 -0.14702E+01 -0.12037E+01 -0.77783E-01  0.38205E+00
 -0.11633E+01 -0.38332E+01 -0.51851E+01 -0.38658E+01 -0.89942E+00  0.17805E+01
  0.34721E+01  0.49131E+01  0.66907E+01  0.82964E+01  0.88494E+01  0.83067E+01
  0.75920E+01  0.75648E+01  0.82253E+01  0.88784E+01  0.89802E+01  0.87311E+01
  0.87541E+01  0.92927E+01  0.96953E+01  0.91668E+01  0.78076E+01  0.68423E+01
  0.73953E+01  0.91588E+01  0.10592E+02  0.10630E+02  0.98074E+01  0.93793E+01
  0.97102E+01  0.98977E+01  0.90614E+01  0.74590E+01  0.62213E+01  0.61579E+01
  0.71908E+01  0.85746E+01  0.93855E+01  0.89359E+01  0.70966E+01  0.44841E+01
  0.21366E+01  0.80596E+00  0.44216E+00  0.35073E+00 -0.21425E+00 -0.15801E+01
 -0.34050E+01 -0.49076E+01 -0.53575E+01 -0.46327E+01 -0.33995E+01 -0.26962E+01
 -0.31173E+01 -0.41616E+01 -0.45469E+01 -0.33711E+01 -0.10995E+01  0.71376E+00
  0.86550E+00 -0.38644E+00 -0.17816E+01 -0.24463E+01 -0.25811E+01 -0.28734E+01
 -0.33877E+01 -0.35511E+01 -0.28337E+01 -0.14646E+01 -0.12403E+00  0.74380E+00
  0.13752E+01  0.23004E+01  0.35763E+01  0.47162E+01  0.52546E+01  0.53131E+01
  0.52641E+01  0.51221E+01  0.43928E+01  0.27612E+01  0.58517E+00 -0.14762E+01
 -0.29790E+01 -0.36654E+01 -0.34494E+01 -0.27393E+01 -0.24375E+01 -0.29950E+01
 -0.35596E+01 -0.27135E+01 -0.39209E+00  0.15712E+01  0.13431E+01 -0.68986E+00
 -0.22142E+01 -0.14326E+01  0.11823E+01  0.34248E+01  0.33684E+01  0.86995E+00
 -0.25022E+01 -0.47787E+01 -0.50499E+01 -0.39390E+01 -0.28209E+01 -0.24835E+01
 -0.27691E+01 -0.33054E+01 -0.40351E+01 -0.48722E+01 -0.52367E+01 -0.46487E+01
 -0.36095E+01 -0.33224E+01 -0.40450E+01 -0.42305E+01 -0.20598E+01  0.22163E+01
  0.59123E+01  0.62853E+01  0.32207E+01 -0.66030E+00 -0.23999E+01 -0.10889E+01
  0.19052E+01  0.45842E+01  0.58022E+01  0.57167E+01  0.51442E+01  0.47364E+01
  0.46509E+01  0.45939E+01  0.43365E+01  0.39358E+01  0.35208E+01  0.32275E+01
  0.32779E+01  0.39442E+01  0.50617E+01  0.57279E+01  0.51194E+01  0.36800E+01
  0.28638E+01  0.33438E+01  0.39956E+01  0.32938E+01  0.13460E+01 -0.20803E+00
 -0.35843E+00  0.15719E+00 -0.64840E-01 -0.14829E+01 -0.35097E+01 -0.51498E+01
 -0.54006E+01 -0.36246E+01 -0.58110E+00  0.14095E+01  0.37094E+00 -0.29236E+01
 -0.55809E+01 -0.57172E+01 -0.42853E+01 -0.32400E+01 -0.28465E+01 -0.18801E+01
 -0.97300E-01  0.96930E+00  0.16261E-01 -0.22115E+01 -0.37732E+01 -0.38884E+01
 -0.36813E+01 -0.45772E+01 -0.65903E+01 -0.84169E+01 -0.88330E+01 -0.78174E+01
 -0.63497E+01 -0.55195E+01 -0.56567E+01 -0.63523E+01 -0.70120E+01 -0.73782E+01
 -0.73649E+01 -0.67213E+01 -0.51897E+01 -0.32715E+01 -0.24133E+01 -0.37823E+01
 -0.67196E+01 -0.87834E+01 -0.79611E+01 -0.49974E+01 -0.28646E+01 -0.37110E+01
 -0.64554E+01 -0.80891E+01 -0.72819E+01 -0.58865E+01 -0.64109E+01 -0.87400E+01
 -0.10274E+02 -0.92516E+01 -0.65605E+01 -0.42203E+01 -0.30476E+01 -0.25838E+01
 -0.24997E+01 -0.29383E+01 -0.39571E+01 -0.52983E+01 -0.66752E+01 -0.75008E+01
 -0.67223E+01 -0.38883E+01 -0.28815E+00  0.20301E+01  0.24576E+01  0.22692E+01
  0.27324E+01  0.37471E+01  0.44681E+01  0.43368E+01  0.32101E+01  0.15604E+01
  0.81310E+00  0.21569E+01  0.44604E+01  0.50020E+01  0.32304E+01  0.20175E+01
  0.34470E+01  0.49266E+01  0.25462E+01 -0.24555E+01 -0.39552E+01  0.13915E+01
  0.94167E+01  0.13231E+02  0.10485E+02  0.45232E+01 -0.21383E+00 -0.16135E+01
 -0.10571E+00  0.21898E+01  0.25016E+01 -0.20173E+00 -0.38076E+01 -0.54725E+01
 -0.52612E+01 -0.56086E+01 -0.73596E+01 -0.86811E+01 -0.83410E+01 -0.77075E+01
 -0.81696E+01 -0.86247E+01 -0.73323E+01 -0.51450E+01 -0.44901E+01 -0.56401E+01
 -0.64177E+01 -0.55911E+01 -0.45712E+01 -0.48691E+01 -0.55753E+01 -0.47561E+01
 -0.24259E+01 -0.57551E+00 -0.61582E+00 -0.17162E+01 -0.20860E+01 -0.99503E+00
  0.63307E+00  0.13444E+01  0.55183E+00 -0.11504E+01 -0.28383E+01 -0.41611E+01
 -0.51760E+01 -0.53815E+01 -0.39544E+01 -0.11309E+01  0.13132E+01  0.19380E+01
  0.14957E+01  0.19844E+01  0.39054E+01  0.56831E+01  0.61000E+01  0.61373E+01
  0.72560E+01  0.88687E+01  0.88557E+01  0.66870E+01  0.44752E+01  0.44907E+01
  0.63464E+01  0.77015E+01  0.70577E+01  0.51894E+01  0.37149E+01  0.31210E+01
  0.26924E+01  0.18265E+01  0.91755E+00  0.77492E+00  0.13697E+01  0.15708E+01
  0.45396E+00 -0.14579E+01 -0.24746E+01 -0.15864E+01  0.43332E+00  0.18084E+01
  0.14933E+01 -0.21842E+00 -0.22667E+01 -0.35202E+01 -0.31838E+01 -0.12648E+01
  0.10909E+01  0.22292E+01  0.16056E+01  0.40190E+00  0.16493E+00  0.10595E+01
  0.19538E+01  0.19530E+01  0.14150E+01  0.11562E+01  0.12125E+01  0.84615E+00
 -0.48703E+00 -0.24362E+01 -0.41921E+01 -0.54037E+01 -0.64078E+01 -0.76626E+01
 -0.90534E+01 -0.10022E+02 -0.10353E+02 -0.10620E+02 -0.11438E+02 -0.12486E+02
 -0.12674E+02 -0.11394E+02 -0.92621E+01 -0.73589E+01 -0.60865E+01 -0.50647E+01
 -0.41147E+01 -0.37232E+01 -0.43059E+01 -0.53111E+01 -0.55286E+01 -0.44643E+01
 -0.30563E+01 -0.27870E+01 -0.40790E+01 -0.57651E+01 -0.62910E+01 -0.55064E+01
 -0.46574E+01 -0.47610E+01 -0.51655E+01 -0.42952E+01 -0.17206E+01  0.87540E+00
  0.11653E+01 -0.15097E+01 -0.53522E+01 -0.77051E+01 -0.74155E+01 -0.55576E+01
 -0.41008E+01 -0.40263E+01 -0.48183E+01 -0.53240E+01 -0.49130E+01 -0.37861E+01
 -0.27379E+01 -0.26209E+01 -0.35495E+01 -0.42634E+01 -0.30079E+01  0.60371E+00
  0.45017E+01  0.59647E+01  0.44770E+01  0.22731E+01  0.16589E+01  0.26775E+01
  0.36459E+01  0.36188E+01  0.32407E+01  0.34640E+01  0.42531E+01  0.49705E+01
  0.54227E+01  0.58679E+01  0.64273E+01  0.67791E+01  0.65579E+01  0.58352E+01
  0.51341E+01  0.51131E+01  0.57653E+01  0.61380E+01  0.52001E+01  0.32739E+01
  0.18489E+01  0.17415E+01  0.19563E+01  0.12185E+01 -0.56499E-01 -0.33609E+00
  0.75922E+00  0.19547E+01  0.23838E+01  0.29274E+01  0.45668E+01  0.65496E+01
  0.73006E+01  0.67766E+01  0.64894E+01  0.73404E+01  0.87357E+01  0.99232E+01
  0.11197E+02  0.12821E+02  0.13922E+02  0.13369E+02  0.11355E+02  0.91971E+01
  0.77767E+01  0.69013E+01  0.62116E+01  0.57940E+01  0.58275E+01  0.60613E+01
  0.59945E+01  0.53401E+01  0.41916E+01  0.29498E+01  0.19085E+01  0.94589E+00
 -0.30328E+00 -0.17817E+01 -0.27303E+01 -0.26191E+01 -0.20710E+01 -0.22894E+01
 -0.35249E+01 -0.45742E+01 -0.40624E+01 -0.19679E+01  0.13364E+00  0.54489E+00
 -0.70570E+00 -0.14114E+01  0.57486E+00  0.46457E+01  0.78275E+01  0.84393E+01
  0.79472E+01  0.78418E+01  0.66412E+01  0.27542E+01 -0.60954E+00  0.22712E+01
  0.11053E+02  0.17185E+02  0.13907E+02  0.59089E+01  0.39554E+01  0.99367E+01
  0.12373E+02 -0.12303E+00 -0.23146E+02 -0.37934E+02 -0.29290E+02 -0.12726E+01
  0.25226E+02  0.30662E+02  0.13912E+02 -0.77092E+01 -0.15615E+02 -0.72070E+01
  0.40436E+01  0.49746E+01 -0.33835E+01 -0.94349E+01 -0.55253E+01  0.45721E+01
  0.12013E+02  0.12348E+02  0.70909E+01 -0.88805E+00 -0.94475E+01 -0.15314E+02
 -0.14205E+02 -0.52899E+01  0.58449E+01  0.11171E+02  0.79258E+01  0.11420E+01
 -0.20110E+01  0.19282E+00  0.28979E+01  0.77584E+00 -0.58437E+01 -0.11475E+02
 -0.11506E+02 -0.67034E+01 -0.19294E+01 -0.10943E+01 -0.41982E+01 -0.86485E+01

