  0.27342E+01  0.18545E+01  0.45212E+00 -0.57070E+00 -0.17564E+00  0.93572E+00
  0.92985E+00 -0.61569E+00 -0.18820E+01 -0.12934E+01  0.44106E+00  0.14665E+01
  0.11528E+01  0.26616E+00 -0.52015E+00 -0.10344E+01 -0.10114E+01 -0.36543E+00
  0.15882E+00 -0.25505E+00 -0.10342E+01 -0.87510E+00 -0.71417E-01 -0.53535E+00
 -0.27395E+01 -0.41631E+01 -0.25000E+01  0.66709E+00  0.14351E+01 -0.11414E+01
 -0.35461E+01 -0.25346E+01  0.46791E+00  0.15583E+01 -0.12297E+00 -0.14962E+01
 -0.60632E+00  0.25491E+00 -0.18702E+01 -0.55064E+01 -0.61776E+01 -0.27883E+01
  0.66552E+00  0.64601E+00 -0.13214E+01 -0.18493E+01 -0.12886E+01 -0.26115E+01
 -0.55384E+01 -0.59516E+01 -0.23616E+01  0.96358E+00 -0.35907E+00 -0.43316E+01
 -0.52316E+01 -0.16271E+01  0.18271E+01  0.94144E+00 -0.30810E+01 -0.62512E+01
 -0.68575E+01 -0.59527E+01 -0.46039E+01 -0.30044E+01 -0.16411E+01 -0.13879E+01
 -0.20513E+01 -0.25858E+01 -0.28624E+01 -0.40056E+01 -0.61943E+01 -0.74162E+01
 -0.56588E+01 -0.19248E+01  0.27663E+00 -0.95944E+00 -0.36922E+01 -0.48924E+01
 -0.45528E+01 -0.52947E+01 -0.76836E+01 -0.83895E+01 -0.46122E+01  0.10557E+01
  0.29138E+01 -0.62798E+00 -0.49647E+01 -0.55199E+01 -0.35687E+01 -0.36942E+01
 -0.67775E+01 -0.86718E+01 -0.61045E+01 -0.14245E+01  0.26922E+00 -0.26921E+01
 -0.70714E+01 -0.89368E+01 -0.77157E+01 -0.56422E+01 -0.44710E+01 -0.40017E+01
 -0.34322E+01 -0.30056E+01 -0.34314E+01 -0.45446E+01 -0.54143E+01 -0.55893E+01
 -0.54849E+01 -0.54019E+01 -0.51041E+01 -0.46773E+01 -0.47733E+01 -0.54135E+01
 -0.54091E+01 -0.42517E+01 -0.36313E+01 -0.55318E+01 -0.87642E+01 -0.97336E+01
 -0.70433E+01 -0.36011E+01 -0.27154E+01 -0.38780E+01 -0.43529E+01 -0.37895E+01
 -0.44935E+01 -0.70954E+01 -0.89953E+01 -0.81165E+01 -0.59558E+01 -0.48978E+01
 -0.46133E+01 -0.34550E+01 -0.22108E+01 -0.33441E+01 -0.66616E+01 -0.88905E+01
 -0.81474E+01 -0.62512E+01 -0.51713E+01 -0.40341E+01 -0.16292E+01  0.66752E-01
 -0.18825E+01 -0.66534E+01 -0.10221E+02 -0.10459E+02 -0.88985E+01 -0.73024E+01
 -0.54916E+01 -0.37451E+01 -0.42545E+01 -0.76713E+01 -0.10487E+02 -0.88116E+01
 -0.40785E+01 -0.16871E+01 -0.39650E+01 -0.71381E+01 -0.66085E+01 -0.31786E+01
 -0.16749E+01 -0.44253E+01 -0.85219E+01 -0.10033E+02 -0.89876E+01 -0.86152E+01
 -0.10220E+02 -0.11100E+02 -0.85004E+01 -0.40744E+01 -0.22980E+01 -0.49475E+01
 -0.91796E+01 -0.11728E+02 -0.12531E+02 -0.12952E+02 -0.12235E+02 -0.83961E+01
 -0.22651E+01  0.20470E+01  0.13532E+01 -0.34011E+01 -0.86853E+01 -0.11628E+02
 -0.11218E+02 -0.79799E+01 -0.40902E+01 -0.26136E+01 -0.49254E+01 -0.89555E+01
 -0.11139E+02 -0.10242E+02 -0.80346E+01 -0.66437E+01 -0.63194E+01 -0.61600E+01
 -0.54205E+01 -0.36281E+01 -0.91186E+00  0.10525E+01 -0.27018E+00 -0.51880E+01
 -0.10349E+02 -0.12416E+02 -0.12063E+02 -0.12053E+02 -0.11922E+02 -0.84531E+01
 -0.18761E+01  0.25310E+01  0.13164E+01 -0.22185E+01 -0.33686E+01 -0.28786E+01
 -0.40499E+01 -0.60451E+01 -0.56406E+01 -0.41762E+01 -0.57058E+01 -0.88531E+01
 -0.81189E+01 -0.44418E+01 -0.60064E+01 -0.14818E+02 -0.21031E+02 -0.16823E+02
 -0.83685E+01 -0.59083E+01 -0.82604E+01 -0.73896E+01 -0.36113E+01 -0.37574E+01
 -0.63741E+01 -0.26314E+01  0.65972E+01  0.87648E+01 -0.49074E+00 -0.89438E+01
 -0.67906E+01 -0.17444E+01 -0.43890E+01 -0.93897E+01 -0.51308E+01  0.50798E+01
  0.76484E+01  0.91500E+00 -0.32549E+01 -0.17714E+00  0.11172E+01 -0.50070E+01
 -0.11698E+02 -0.12673E+02 -0.10899E+02 -0.82572E+01  0.26390E+00  0.13612E+02
  0.18817E+02  0.91195E+01 -0.32421E+01 -0.51053E+01 -0.25703E+01 -0.77569E+01
 -0.14561E+02 -0.74784E+01  0.10704E+02  0.22019E+02  0.22770E+02  0.25642E+02
  0.29474E+02  0.15200E+02 -0.15960E+02 -0.28572E+02 -0.90653E+00  0.34701E+02
  0.31608E+02 -0.32835E+01 -0.18344E+02  0.66505E+01  0.32719E+02  0.23237E+02
 -0.26295E+01 -0.54433E+01  0.11473E+02  0.11946E+02 -0.10003E+02 -0.17729E+02
  0.99518E+01  0.41836E+02  0.36129E+02 -0.13959E+01 -0.25888E+02 -0.12029E+02
  0.18245E+02  0.27098E+02  0.30441E+01 -0.32461E+02 -0.48230E+02 -0.28698E+02
  0.13034E+02  0.42327E+02  0.32969E+02 -0.33313E+01 -0.27263E+02 -0.19462E+02
 -0.51725E+01 -0.15848E+02 -0.36657E+02 -0.21043E+02  0.37269E+02  0.77900E+02
  0.45819E+02 -0.27528E+02 -0.53321E+02  0.10751E+00  0.58871E+02  0.34905E+02
 -0.58071E+02 -0.11780E+03 -0.78772E+02  0.15065E+02  0.76794E+02  0.80514E+02
  0.65571E+02  0.57475E+02  0.33824E+02 -0.20357E+02 -0.65815E+02 -0.53014E+02
  0.51421E+01  0.44327E+02  0.34290E+02  0.15846E+02  0.34621E+02  0.68148E+02
  0.55684E+02 -0.98471E+01 -0.62152E+02 -0.47812E+02  0.15372E+01  0.13875E+02
 -0.22967E+02 -0.44698E+02  0.56075E+00  0.80131E+02  0.11500E+03  0.71797E+02
 -0.95327E+01 -0.71841E+02 -0.95727E+02 -0.92019E+02 -0.66147E+02 -0.14822E+02
  0.47661E+02  0.82923E+02  0.60068E+02 -0.97454E+01 -0.76714E+02 -0.93358E+02
 -0.55205E+02 -0.12940E+01  0.28117E+02  0.32341E+02  0.41334E+02  0.67838E+02
  0.85824E+02  0.67799E+02  0.27156E+02 -0.52372E-01 -0.83680E+01 -0.25758E+02
 -0.56296E+02 -0.54499E+02  0.14400E+02  0.10812E+03  0.14058E+03  0.83805E+02
  0.29168E+01 -0.25416E+02 -0.35949E+01  0.43544E+01 -0.32515E+02 -0.68903E+02
 -0.44634E+02  0.33828E+02  0.96699E+02  0.92409E+02  0.43609E+02  0.84026E+01
 -0.94464E+00 -0.32277E+02 -0.11526E+03 -0.19245E+03 -0.16473E+03 -0.11939E+02
  0.16071E+03  0.22016E+03  0.13869E+03  0.10232E+02 -0.57394E+02 -0.41396E+02
  0.28914E+01  0.17372E+02 -0.71997E+01 -0.37028E+02 -0.32115E+02  0.17579E+02
  0.79189E+02  0.10445E+03  0.80093E+02  0.41814E+02  0.24261E+02  0.10525E+02
 -0.39433E+02 -0.11088E+03 -0.12315E+03 -0.21980E+02  0.13723E+03  0.23169E+03
  0.19711E+03  0.88416E+02  0.10950E+02  0.12425E+02  0.53404E+02  0.67090E+02
  0.28218E+02 -0.32677E+02 -0.65283E+02 -0.43089E+02  0.19690E+02  0.84739E+02
  0.12107E+03  0.12335E+03  0.10596E+03  0.86069E+02  0.73331E+02  0.68041E+02
  0.63780E+02  0.54807E+02  0.45647E+02  0.49601E+02  0.71788E+02  0.96539E+02
  0.10003E+03  0.76201E+02  0.44239E+02  0.29451E+02  0.41282E+02  0.69220E+02
  0.92653E+02  0.94240E+02  0.73770E+02  0.53409E+02  0.59475E+02  0.90532E+02
  0.11212E+03  0.95047E+02  0.54349E+02  0.35328E+02  0.59921E+02  0.10023E+03
  0.11177E+03  0.82961E+02  0.43214E+02  0.28247E+02  0.47032E+02  0.80104E+02
  0.10030E+03  0.93432E+02  0.66541E+02  0.40788E+02  0.33641E+02  0.44563E+02
  0.58283E+02  0.62315E+02  0.58734E+02  0.58950E+02  0.70458E+02  0.90517E+02
  0.10877E+03  0.11375E+03  0.10125E+03  0.80928E+02  0.72219E+02  0.86377E+02
  0.11254E+03  0.12710E+03  0.11852E+03  0.97859E+02  0.83425E+02  0.81662E+02
  0.87628E+02  0.96726E+02  0.10604E+03  0.10701E+03  0.89151E+02  0.56343E+02
  0.31328E+02  0.35637E+02  0.66647E+02  0.99662E+02  0.11164E+03  0.98993E+02
  0.74342E+02  0.51818E+02  0.37135E+02  0.27437E+02  0.17746E+02  0.87286E+01
  0.74240E+01  0.16432E+02  0.23786E+02  0.12111E+02 -0.18069E+02 -0.42313E+02
 -0.38841E+02 -0.17709E+02 -0.12368E+02 -0.41166E+02 -0.87269E+02 -0.12102E+03
 -0.13273E+03 -0.13519E+03 -0.13971E+03 -0.14159E+03 -0.12971E+03 -0.10190E+03
 -0.68087E+02 -0.43549E+02 -0.41232E+02 -0.64207E+02 -0.99708E+02 -0.12297E+03
 -0.11253E+03 -0.64634E+02  0.62580E+01  0.79513E+02  0.14061E+03  0.18583E+03
  0.21898E+03  0.24433E+03  0.26214E+03  0.27081E+03  0.27120E+03  0.26557E+03
  0.25344E+03  0.23456E+03  0.21602E+03  0.20563E+03  0.19139E+03  0.13780E+03
  0.18759E+02 -0.14532E+03 -0.29732E+03 -0.39533E+03 -0.44407E+03 -0.46959E+03
 -0.47865E+03 -0.45878E+03 -0.40958E+03 -0.35181E+03 -0.30310E+03 -0.26316E+03
 -0.23067E+03 -0.21703E+03 -0.22726E+03 -0.23719E+03 -0.21052E+03 -0.14014E+03
 -0.56993E+02  0.67177E+01  0.50763E+02  0.96061E+02  0.15209E+03  0.20799E+03
  0.25124E+03  0.28135E+03  0.30143E+03  0.30519E+03  0.27946E+03  0.21849E+03
  0.13353E+03  0.49176E+02 -0.10769E+02 -0.39032E+02 -0.49207E+02 -0.62362E+02
 -0.86711E+02 -0.11282E+03 -0.12927E+03 -0.13821E+03 -0.15164E+03 -0.17713E+03
 -0.21343E+03 -0.25607E+03 -0.29678E+03 -0.31794E+03 -0.30200E+03 -0.25539E+03
 -0.21376E+03 -0.20929E+03 -0.23475E+03 -0.25264E+03 -0.24090E+03 -0.21553E+03
 -0.20266E+03 -0.20336E+03 -0.19974E+03 -0.18661E+03 -0.17758E+03 -0.17913E+03
 -0.17679E+03 -0.15662E+03 -0.12806E+03 -0.11266E+03 -0.11555E+03 -0.12096E+03
 -0.11489E+03 -0.10123E+03 -0.92291E+02 -0.92157E+02 -0.94286E+02 -0.91606E+02
 -0.84598E+02 -0.80766E+02 -0.87703E+02 -0.10472E+03 -0.12112E+03 -0.12510E+03
 -0.11487E+03 -0.97793E+02 -0.78454E+02 -0.52651E+02 -0.15040E+02  0.31806E+02
  0.79634E+02  0.12191E+03  0.15479E+03  0.17265E+03  0.16745E+03  0.13410E+03
  0.76014E+02  0.75659E+01 -0.49575E+02 -0.78438E+02 -0.80294E+02 -0.74259E+02
 -0.78643E+02 -0.94223E+02 -0.10903E+03 -0.11521E+03 -0.11380E+03 -0.10566E+03
 -0.89820E+02 -0.73992E+02 -0.75587E+02 -0.10284E+03 -0.14022E+03 -0.16259E+03
 -0.16251E+03 -0.15471E+03 -0.15336E+03 -0.15524E+03 -0.15059E+03 -0.14223E+03
 -0.14351E+03 -0.15814E+03 -0.17158E+03 -0.16717E+03 -0.14598E+03 -0.12404E+03
 -0.11070E+03 -0.96422E+02 -0.65491E+02 -0.17544E+02  0.29421E+02  0.57223E+02
  0.64081E+02  0.62073E+02  0.63183E+02  0.71942E+02  0.87337E+02  0.10420E+03
  0.11125E+03  0.94392E+02  0.49440E+02 -0.82478E+01 -0.50774E+02 -0.58703E+02
 -0.37069E+02 -0.10637E+02 -0.19877E+01 -0.12365E+02 -0.23725E+02 -0.19810E+02
 -0.38263E+01  0.61985E+01 -0.19678E+01 -0.22981E+02 -0.43121E+02 -0.56458E+02
 -0.67439E+02 -0.80003E+02 -0.89830E+02 -0.89008E+02 -0.74724E+02 -0.51179E+02
 -0.25020E+02 -0.11745E+01  0.18324E+02  0.34354E+02  0.50074E+02  0.68697E+02
  0.90383E+02  0.11134E+03  0.12632E+03  0.13267E+03  0.13194E+03  0.12617E+03
  0.11211E+03  0.81281E+02  0.29477E+02 -0.33684E+02 -0.89054E+02 -0.12420E+03
 -0.14222E+03 -0.15068E+03 -0.14550E+03 -0.11403E+03 -0.56066E+02  0.56349E+01
  0.42582E+02  0.47268E+02  0.37620E+02  0.35648E+02  0.46716E+02  0.61403E+02
  0.71889E+02  0.80656E+02  0.94132E+02  0.11326E+03  0.13187E+03  0.14142E+03
  0.13622E+03  0.11732E+03  0.93932E+02  0.78799E+02  0.78153E+02  0.86726E+02
  0.95194E+02  0.10159E+03  0.11164E+03  0.12830E+03  0.14626E+03  0.15893E+03
  0.16500E+03  0.16350E+03  0.14744E+03  0.11191E+03  0.69092E+02  0.45432E+02
  0.57255E+02  0.92525E+02  0.12142E+03  0.12251E+03  0.94646E+02  0.48126E+02
 -0.64416E+01 -0.59298E+02 -0.10025E+03 -0.12216E+03 -0.12370E+03 -0.10600E+03
 -0.69473E+02 -0.16730E+02  0.44696E+02  0.10604E+03  0.16185E+03  0.20813E+03
  0.23997E+03  0.25717E+03  0.26946E+03  0.28847E+03  0.31317E+03  0.33014E+03
  0.33064E+03  0.32067E+03  0.30926E+03  0.29273E+03  0.25881E+03  0.20441E+03
  0.14159E+03  0.84989E+02  0.40333E+02  0.75732E+01 -0.11398E+02 -0.14743E+02
 -0.75306E+01  0.28374E-01  0.20790E+01  0.13648E+01  0.27083E+01  0.53522E+01
  0.39507E+01 -0.48769E+01 -0.19638E+02 -0.37325E+02 -0.57078E+02 -0.79446E+02
 -0.10325E+03 -0.12517E+03 -0.14296E+03 -0.15786E+03 -0.17226E+03 -0.18581E+03
 -0.19571E+03 -0.20082E+03 -0.20287E+03 -0.20174E+03 -0.19228E+03 -0.17038E+03
 -0.14194E+03 -0.12112E+03 -0.11654E+03 -0.12198E+03 -0.12366E+03 -0.11443E+03
 -0.96874E+02 -0.74435E+02 -0.46029E+02 -0.11902E+02  0.20006E+02  0.38679E+02
  0.40093E+02  0.29454E+02  0.14575E+02  0.54857E+00 -0.89947E+01 -0.10145E+02
 -0.16051E+01  0.12542E+02  0.25751E+02  0.34771E+02  0.40783E+02  0.46114E+02
  0.52327E+02  0.61926E+02  0.78702E+02  0.10401E+03  0.13356E+03  0.15990E+03
  0.17807E+03  0.18722E+03  0.18591E+03  0.16751E+03  0.12409E+03  0.57199E+02
 -0.14828E+02 -0.64540E+02 -0.75716E+02 -0.58237E+02 -0.40350E+02 -0.42202E+02
 -0.56298E+02 -0.56294E+02 -0.25445E+02  0.25592E+02  0.69948E+02  0.90616E+02
  0.92564E+02  0.91314E+02  0.95313E+02  0.10207E+03  0.10725E+03  0.11089E+03
  0.11376E+03  0.11278E+03  0.10468E+03  0.92736E+02  0.85493E+02  0.87733E+02
  0.95236E+02  0.99860E+02  0.97266E+02  0.87403E+02  0.69733E+02  0.42732E+02
  0.88134E+01 -0.23394E+02 -0.44981E+02 -0.54171E+02 -0.56364E+02 -0.57512E+02
 -0.58730E+02 -0.56605E+02 -0.46414E+02 -0.25440E+02  0.41861E+01  0.34629E+02
  0.56277E+02  0.65077E+02  0.65972E+02  0.67690E+02  0.73876E+02  0.79190E+02
  0.73159E+02  0.47670E+02  0.30462E+01 -0.49599E+02 -0.91939E+02 -0.10853E+03
 -0.98112E+02 -0.75368E+02 -0.59748E+02 -0.60458E+02 -0.71887E+02 -0.82529E+02
 -0.86748E+02 -0.87406E+02 -0.89153E+02 -0.91343E+02 -0.88349E+02 -0.75827E+02
 -0.56253E+02 -0.38765E+02 -0.32547E+02 -0.38542E+02 -0.46402E+02 -0.41674E+02
 -0.18572E+02  0.13434E+02  0.37281E+02  0.42981E+02  0.34460E+02  0.22422E+02
  0.13350E+02  0.65619E+01 -0.53318E+00 -0.82802E+01 -0.16221E+02 -0.25794E+02
 -0.39098E+02 -0.54830E+02 -0.66802E+02 -0.67667E+02 -0.55640E+02 -0.38028E+02
 -0.26582E+02 -0.27245E+02 -0.34569E+02 -0.38311E+02 -0.35251E+02 -0.31589E+02
 -0.33448E+02 -0.39404E+02 -0.45009E+02 -0.50970E+02 -0.60500E+02 -0.69778E+02
 -0.67920E+02 -0.50220E+02 -0.27027E+02 -0.14499E+02 -0.17689E+02 -0.26867E+02
 -0.30264E+02 -0.26465E+02 -0.22816E+02 -0.24674E+02 -0.28673E+02 -0.25604E+02
 -0.82039E+01  0.22695E+02  0.57698E+02  0.84676E+02  0.96880E+02  0.96699E+02
  0.91279E+02  0.85201E+02  0.78054E+02  0.68342E+02  0.57660E+02  0.49847E+02
  0.46937E+02  0.46621E+02  0.43751E+02  0.34609E+02  0.20935E+02  0.10192E+02
  0.98467E+01  0.19606E+02  0.29932E+02  0.30282E+02  0.19159E+02  0.50628E+01
 -0.23144E+01 -0.26663E+00  0.70724E+01  0.14226E+02  0.18408E+02  0.20498E+02
  0.24465E+02  0.34663E+02  0.51278E+02  0.68644E+02  0.80227E+02  0.85434E+02
  0.89286E+02  0.95433E+02  0.10115E+03  0.99581E+02  0.84528E+02  0.52896E+02
  0.62890E+01 -0.46392E+02 -0.89991E+02 -0.11127E+03 -0.10813E+03 -0.89759E+02
 -0.67766E+02 -0.48493E+02 -0.33188E+02 -0.22186E+02 -0.16756E+02 -0.17715E+02
 -0.24231E+02 -0.34355E+02 -0.45806E+02 -0.56161E+02 -0.62597E+02 -0.62380E+02
 -0.54673E+02 -0.42740E+02 -0.33479E+02 -0.32867E+02 -0.40628E+02 -0.49980E+02
 -0.52889E+02 -0.45465E+02 -0.28703E+02 -0.62564E+01  0.17644E+02  0.39380E+02
  0.57001E+02  0.70179E+02  0.78664E+02  0.81453E+02  0.78097E+02  0.69649E+02
  0.57539E+02  0.42836E+02  0.28122E+02  0.18506E+02  0.17643E+02  0.22681E+02
  0.25821E+02  0.22079E+02  0.13876E+02  0.78779E+01  0.88127E+01  0.16587E+02
  0.26567E+02  0.31133E+02  0.24290E+02  0.82590E+01 -0.54511E+01 -0.51101E+01
  0.98902E+01  0.28378E+02  0.37636E+02  0.32956E+02  0.18315E+02  0.17694E+01
 -0.85673E+01 -0.80115E+01  0.12969E+01  0.11198E+02  0.14970E+02  0.14080E+02
  0.14980E+02  0.19274E+02  0.20168E+02  0.10970E+02 -0.51951E+01 -0.17466E+02
 -0.18734E+02 -0.12183E+02 -0.56392E+01 -0.22896E+01  0.13649E+00  0.28489E+01
  0.27471E+01 -0.27252E+01 -0.10211E+02 -0.12475E+02 -0.52142E+01  0.97015E+01
  0.26466E+02  0.38317E+02  0.39082E+02  0.26204E+02  0.50053E+01 -0.11940E+02
 -0.13652E+02 -0.57631E+00  0.15250E+02  0.20742E+02  0.12169E+02 -0.41818E+01
 -0.20066E+02 -0.32363E+02 -0.42627E+02 -0.51787E+02 -0.57731E+02 -0.58441E+02
 -0.55032E+02 -0.49332E+02 -0.39857E+02 -0.24317E+02 -0.72153E+01 -0.46881E+00
 -0.12071E+02 -0.35295E+02 -0.53844E+02 -0.58227E+02 -0.53350E+02 -0.48602E+02
 -0.45192E+02 -0.37508E+02 -0.24058E+02 -0.11174E+02 -0.51366E+01 -0.49356E+01
 -0.54369E+01 -0.44908E+01 -0.36598E+01 -0.30001E+01  0.12473E+01  0.12621E+02
  0.29523E+02  0.44871E+02  0.50306E+02  0.41721E+02  0.22829E+02  0.38446E+01
 -0.53853E+01 -0.26424E+01  0.60458E+01  0.12621E+02  0.12915E+02  0.64069E+01
 -0.65690E+01 -0.24307E+02 -0.41286E+02 -0.50115E+02 -0.47987E+02 -0.40215E+02
 -0.35352E+02 -0.36604E+02 -0.38816E+02 -0.33951E+02 -0.19434E+02 -0.15931E+01
  0.88360E+01  0.53925E+01 -0.86932E+01 -0.23309E+02 -0.29846E+02 -0.27030E+02
 -0.19465E+02 -0.12345E+02 -0.82336E+01 -0.71001E+01 -0.68413E+01 -0.39315E+01
  0.35249E+01  0.12128E+02  0.14421E+02  0.59079E+01 -0.92730E+01 -0.20845E+02
 -0.20922E+02 -0.10164E+02  0.30370E+01  0.84739E+01  0.45536E+00 -0.18414E+02
 -0.38701E+02 -0.50823E+02 -0.51803E+02 -0.45692E+02 -0.38035E+02 -0.31394E+02
 -0.26415E+02 -0.24358E+02 -0.25358E+02 -0.25392E+02 -0.18974E+02 -0.65754E+01
  0.30302E+01  0.11844E+01 -0.98352E+01 -0.16709E+02 -0.77619E+01  0.14362E+02
  0.33342E+02  0.33530E+02  0.14282E+02 -0.92707E+01 -0.20018E+02 -0.13822E+02
 -0.13583E+01  0.40365E+01 -0.99638E+00 -0.94093E+01 -0.13153E+02 -0.10436E+02
 -0.46125E+01  0.17322E+00  0.23970E+00 -0.72996E+01 -0.21169E+02 -0.33185E+02
 -0.32760E+02 -0.16587E+02  0.72698E+01  0.26422E+02  0.34774E+02  0.35907E+02
  0.37227E+02  0.42342E+02  0.48331E+02  0.49078E+02  0.41166E+02  0.27346E+02
  0.14006E+02  0.50268E+01 -0.72902E+00 -0.53962E+01 -0.79658E+01 -0.70757E+01
 -0.65012E+01 -0.12801E+02 -0.25390E+02 -0.32850E+02 -0.23789E+02 -0.56216E+00
  0.21733E+02  0.30665E+02  0.28275E+02  0.26229E+02  0.32074E+02  0.42617E+02
  0.49171E+02  0.46381E+02  0.35554E+02  0.21977E+02  0.10599E+02  0.35390E+01
  0.15340E+00 -0.11342E+01 -0.12545E+01 -0.49432E+00  0.58190E+00  0.99131E+00
  0.34077E+00 -0.57421E+00 -0.80261E+00 -0.72906E+00 -0.22246E+01 -0.70075E+01
 -0.14418E+02 -0.20834E+02 -0.22014E+02 -0.17064E+02 -0.10153E+02 -0.72507E+01
 -0.10852E+02 -0.18084E+02 -0.24056E+02 -0.26117E+02 -0.24290E+02 -0.18953E+02
 -0.10223E+02 -0.10962E+00  0.65662E+01  0.52856E+01 -0.39307E+01 -0.16026E+02
 -0.25121E+02 -0.29094E+02 -0.30268E+02 -0.32122E+02 -0.35853E+02 -0.39777E+02
 -0.41538E+02 -0.40456E+02 -0.37598E+02 -0.34324E+02 -0.30836E+02 -0.26525E+02
 -0.20966E+02 -0.14564E+02 -0.84181E+01 -0.40637E+01 -0.32470E+01 -0.69494E+01
 -0.14139E+02 -0.21594E+02 -0.25698E+02 -0.25104E+02 -0.21608E+02 -0.18250E+02
 -0.16473E+02 -0.15042E+02 -0.11539E+02 -0.50218E+01  0.29275E+01  0.96231E+01
  0.13662E+02  0.15918E+02  0.18366E+02  0.22055E+02  0.26222E+02  0.29165E+02
  0.29709E+02  0.28183E+02  0.26328E+02  0.26120E+02  0.28168E+02  0.30939E+02
  0.32019E+02  0.30193E+02  0.26410E+02  0.22414E+02  0.19011E+02  0.15945E+02
  0.13266E+02  0.11668E+02  0.11524E+02  0.12124E+02  0.12452E+02  0.12329E+02
  0.12078E+02  0.11275E+02  0.88099E+01  0.45114E+01  0.15630E+00 -0.19219E+01
 -0.99275E+00  0.14623E+01  0.34451E+01  0.41168E+01  0.41147E+01  0.46648E+01
  0.68116E+01  0.10992E+02  0.16548E+02  0.21488E+02  0.23284E+02  0.20867E+02
  0.15745E+02  0.10902E+02  0.82505E+01  0.71955E+01  0.57827E+01  0.29091E+01
 -0.86053E+00 -0.41641E+01 -0.63505E+01 -0.75922E+01 -0.81961E+01 -0.77824E+01
 -0.55076E+01 -0.93407E+00  0.51074E+01  0.10713E+02  0.14413E+02  0.16430E+02
  0.18189E+02  0.20549E+02  0.22902E+02  0.24009E+02  0.23162E+02  0.20322E+02
  0.15901E+02  0.10985E+02  0.72429E+01  0.53783E+01  0.40645E+01  0.14107E+01
 -0.20372E+01 -0.31431E+01  0.32670E+00  0.69191E+01  0.13225E+02  0.17697E+02
  0.21526E+02  0.25862E+02  0.29531E+02  0.29994E+02  0.25729E+02  0.17332E+02
  0.68929E+01 -0.29005E+01 -0.96725E+01 -0.12434E+02 -0.12266E+02 -0.11461E+02
 -0.11794E+02 -0.13453E+02 -0.15341E+02 -0.16226E+02 -0.15629E+02 -0.14007E+02
 -0.11985E+02 -0.95978E+01 -0.63224E+01 -0.22449E+01  0.12309E+01  0.23148E+01
  0.52673E+00 -0.26364E+01 -0.49043E+01 -0.49951E+01 -0.34387E+01 -0.16971E+01
 -0.87046E+00 -0.99067E+00 -0.17840E+01 -0.34861E+01 -0.65139E+01 -0.10257E+02
 -0.13055E+02 -0.14170E+02 -0.15272E+02 -0.18958E+02 -0.25775E+02 -0.33371E+02
 -0.39128E+02 -0.42285E+02 -0.43465E+02 -0.42847E+02 -0.40082E+02 -0.35899E+02
 -0.32495E+02 -0.32058E+02 -0.35086E+02 -0.40369E+02 -0.45847E+02 -0.49435E+02
 -0.49749E+02 -0.46926E+02 -0.42886E+02 -0.40243E+02 -0.40536E+02 -0.43256E+02
 -0.46349E+02 -0.47795E+02 -0.46806E+02 -0.44020E+02 -0.40073E+02 -0.34387E+02
 -0.25664E+02 -0.13854E+02 -0.12561E+01  0.87707E+01  0.14300E+02  0.15789E+02
  0.14994E+02  0.13476E+02  0.11936E+02  0.10454E+02  0.89859E+01  0.78542E+01
  0.79255E+01  0.97802E+01  0.12709E+02  0.14872E+02  0.15071E+02  0.13811E+02
  0.12342E+02  0.11010E+02  0.92835E+01  0.71416E+01  0.55653E+01  0.50852E+01
  0.47836E+01  0.35299E+01  0.18533E+01  0.14298E+01  0.25392E+01  0.29104E+01
  0.16249E-01 -0.57141E+01 -0.10864E+02 -0.12140E+02 -0.92334E+01 -0.44364E+01
  0.17662E-01  0.34316E+01  0.59948E+01  0.75116E+01  0.73313E+01  0.52679E+01
  0.20364E+01 -0.14963E+01 -0.51216E+01 -0.90828E+01 -0.13188E+02 -0.16262E+02
 -0.16980E+02 -0.15262E+02 -0.12636E+02 -0.11019E+02 -0.11165E+02 -0.12362E+02
 -0.13617E+02 -0.14787E+02 -0.16350E+02 -0.18421E+02 -0.20450E+02 -0.21906E+02
 -0.22839E+02 -0.23643E+02 -0.24476E+02 -0.25208E+02 -0.25562E+02 -0.25292E+02
 -0.24241E+02 -0.22632E+02 -0.21224E+02 -0.20846E+02 -0.21522E+02 -0.22262E+02
 -0.21828E+02 -0.19739E+02 -0.16555E+02 -0.13363E+02 -0.10945E+02 -0.92575E+01
 -0.77274E+01 -0.60472E+01 -0.45030E+01 -0.31093E+01 -0.70577E+00  0.46125E+01
  0.13526E+02  0.24051E+02  0.32548E+02  0.36398E+02  0.36081E+02  0.34681E+02
  0.35309E+02  0.38643E+02  0.42456E+02  0.43965E+02  0.42694E+02  0.40807E+02
  0.40475E+02  0.41331E+02  0.41256E+02  0.39226E+02  0.36365E+02  0.34135E+02
  0.32807E+02  0.32188E+02  0.32808E+02  0.34974E+02  0.37227E+02  0.37438E+02
  0.35537E+02  0.33979E+02  0.34534E+02  0.35770E+02  0.34821E+02  0.31058E+02
  0.26471E+02  0.22507E+02  0.17855E+02  0.10246E+02  0.37047E-01 -0.92769E+01
 -0.14086E+02 -0.13982E+02 -0.11752E+02 -0.10509E+02 -0.11115E+02 -0.12135E+02
 -0.12174E+02 -0.11556E+02 -0.11652E+02 -0.12795E+02 -0.13493E+02 -0.12036E+02
 -0.85305E+01 -0.47531E+01 -0.22937E+01 -0.13159E+01 -0.10338E+01 -0.81601E+00
 -0.22558E+00  0.12749E+01  0.39845E+01  0.72535E+01  0.99495E+01  0.11621E+02
  0.13193E+02  0.15968E+02  0.20267E+02  0.24861E+02  0.27521E+02  0.26299E+02
  0.21046E+02  0.14095E+02  0.88992E+01  0.71616E+01  0.72580E+01  0.61150E+01
  0.28164E+01 -0.16687E+00  0.20861E+00  0.39860E+01  0.77627E+01  0.78876E+01
  0.40517E+01 -0.33538E+00 -0.10343E+01  0.33444E+01  0.10459E+02  0.16585E+02
  0.19889E+02  0.21582E+02  0.23927E+02  0.27754E+02  0.31918E+02  0.34578E+02
  0.34609E+02  0.31948E+02  0.27489E+02  0.23052E+02  0.20642E+02  0.20960E+02
  0.22087E+02  0.20428E+02  0.13771E+02  0.39624E+01 -0.37910E+01 -0.50052E+01
  0.13222E+00  0.68313E+01  0.97701E+01  0.73603E+01  0.19339E+01 -0.33768E+01
 -0.70552E+01 -0.89787E+01 -0.94272E+01 -0.91877E+01 -0.99081E+01 -0.12698E+02
 -0.16634E+02 -0.19546E+02 -0.20954E+02 -0.22999E+02 -0.27702E+02 -0.34094E+02
 -0.38903E+02 -0.39817E+02 -0.37100E+02 -0.32327E+02 -0.26975E+02 -0.22703E+02
 -0.21555E+02 -0.24510E+02 -0.30014E+02 -0.34780E+02 -0.36282E+02 -0.34145E+02
 -0.29508E+02 -0.23998E+02 -0.19290E+02 -0.16429E+02 -0.15258E+02 -0.14933E+02
 -0.15288E+02 -0.16817E+02 -0.18820E+02 -0.18709E+02 -0.14560E+02 -0.79538E+01
 -0.26654E+01 -0.27011E+00  0.13373E+01  0.41404E+01  0.61416E+01  0.33374E+01
 -0.46374E+01 -0.12655E+02 -0.14937E+02 -0.10887E+02 -0.52262E+01 -0.28739E+01
 -0.46038E+01 -0.75940E+01 -0.91019E+01 -0.88264E+01 -0.81570E+01 -0.80535E+01
 -0.78852E+01 -0.63138E+01 -0.29366E+01  0.93366E+00  0.34864E+01  0.42346E+01
  0.44959E+01  0.55807E+01  0.67013E+01  0.55160E+01  0.10722E+01 -0.42526E+01
 -0.65047E+01 -0.39945E+01  0.92912E+00  0.41698E+01  0.36501E+01  0.58830E+00
 -0.25873E+01 -0.50763E+01 -0.82304E+01 -0.13397E+02 -0.19517E+02 -0.23359E+02
 -0.22403E+02 -0.17407E+02 -0.11710E+02 -0.80395E+01 -0.65247E+01 -0.59619E+01
 -0.63521E+01 -0.88260E+01 -0.13320E+02 -0.17269E+02 -0.17366E+02 -0.12548E+02
 -0.47461E+01  0.29069E+01  0.81961E+01  0.10499E+02  0.10252E+02  0.82944E+01
  0.55558E+01  0.28170E+01  0.86620E+00  0.47658E+00  0.19417E+01  0.43805E+01
  0.61115E+01  0.61009E+01  0.51675E+01  0.51718E+01  0.70880E+01  0.10351E+02
  0.13972E+02  0.17686E+02  0.21422E+02  0.24305E+02  0.24682E+02  0.21392E+02
  0.14786E+02  0.67203E+01 -0.85573E-01 -0.33036E+01 -0.27045E+01 -0.66610E+00
 -0.21023E+00 -0.19385E+01 -0.38029E+01 -0.39772E+01 -0.31058E+01 -0.27285E+01
 -0.27236E+01 -0.18808E+01 -0.64404E+00 -0.13696E+01 -0.49667E+01 -0.90868E+01
 -0.10643E+02 -0.96208E+01 -0.88855E+01 -0.10528E+02 -0.13745E+02 -0.16003E+02
 -0.15260E+02 -0.10900E+02 -0.38842E+01  0.34688E+01  0.86522E+01  0.10949E+02
  0.11835E+02  0.13023E+02  0.14388E+02  0.14365E+02  0.12065E+02  0.84323E+01
  0.53224E+01  0.39534E+01  0.43028E+01  0.52029E+01  0.50155E+01  0.28079E+01
 -0.63143E+00 -0.33114E+01 -0.39640E+01 -0.33708E+01 -0.33220E+01 -0.44258E+01
 -0.54588E+01 -0.48295E+01 -0.22811E+01  0.11123E+01  0.44336E+01  0.75618E+01
  0.10669E+02  0.13375E+02  0.15193E+02  0.16604E+02  0.19116E+02  0.23892E+02
  0.30243E+02  0.35907E+02  0.38921E+02  0.39057E+02  0.37437E+02  0.35144E+02
  0.32458E+02  0.29299E+02  0.26025E+02  0.23461E+02  0.22422E+02  0.23173E+02
  0.25243E+02  0.27555E+02  0.28836E+02  0.28471E+02  0.27031E+02  0.25684E+02
  0.25204E+02  0.25404E+02  0.25876E+02  0.26728E+02  0.28396E+02  0.30745E+02
  0.32858E+02  0.33774E+02  0.33444E+02  0.32485E+02  0.31138E+02  0.28667E+02
  0.24141E+02  0.17982E+02  0.12532E+02  0.10427E+02  0.12138E+02  0.15461E+02
  0.17782E+02  0.18490E+02  0.18727E+02  0.19042E+02  0.18491E+02  0.16064E+02
  0.12333E+02  0.89381E+01  0.67900E+01  0.56017E+01  0.48501E+01  0.46429E+01
  0.53306E+01  0.67779E+01  0.83754E+01  0.94787E+01  0.97443E+01  0.92363E+01
  0.84062E+01  0.77192E+01  0.72612E+01  0.69115E+01  0.70414E+01  0.85666E+01
  0.11884E+02  0.15859E+02  0.18223E+02  0.17493E+02  0.14472E+02  0.11744E+02
  0.11530E+02  0.13558E+02  0.15435E+02  0.14970E+02  0.12243E+02  0.91069E+01
  0.68021E+01  0.45403E+01  0.68801E+00 -0.50253E+01 -0.10739E+02 -0.13803E+02
 -0.12678E+02 -0.77855E+01 -0.98769E+00  0.55090E+01  0.10036E+02  0.11735E+02
  0.10655E+02  0.79924E+01  0.58596E+01  0.59035E+01  0.74953E+01  0.79904E+01
  0.54207E+01  0.10677E+01 -0.16730E+01 -0.94131E+00  0.12875E+01  0.11816E+01
 -0.32499E+01 -0.10324E+02 -0.16145E+02 -0.17504E+02 -0.14201E+02 -0.91784E+01
 -0.63477E+01 -0.75710E+01 -0.11601E+02 -0.15890E+02 -0.19175E+02 -0.21694E+02
 -0.23440E+02 -0.23538E+02 -0.21624E+02 -0.18900E+02 -0.16707E+02 -0.14722E+02
 -0.11555E+02 -0.72341E+01 -0.38307E+01 -0.31622E+01 -0.43204E+01 -0.43473E+01
 -0.11724E+01  0.44438E+01  0.96456E+01  0.11775E+02  0.10129E+02  0.62714E+01
  0.27572E+01  0.98332E+00  0.32950E-01 -0.23927E+01 -0.74036E+01 -0.13554E+02
 -0.18278E+02 -0.20274E+02 -0.20207E+02 -0.19288E+02 -0.18054E+02 -0.16784E+02
 -0.16144E+02 -0.16485E+02 -0.16856E+02 -0.15565E+02 -0.12103E+02 -0.78324E+01
 -0.45287E+01 -0.29508E+01 -0.31841E+01 -0.53952E+01 -0.93812E+01 -0.13791E+02
 -0.16932E+02 -0.18541E+02 -0.19591E+02 -0.20284E+02 -0.19493E+02 -0.16870E+02
 -0.14339E+02 -0.14229E+02 -0.16382E+02 -0.18399E+02 -0.18591E+02 -0.17291E+02
 -0.15398E+02 -0.13197E+02 -0.11268E+02 -0.10986E+02 -0.12831E+02 -0.14991E+02
 -0.15297E+02 -0.13940E+02 -0.12956E+02 -0.13262E+02 -0.13581E+02 -0.12662E+02
 -0.10876E+02 -0.89472E+01 -0.62657E+01 -0.18512E+01  0.37017E+01  0.82944E+01
  0.10224E+02  0.90312E+01  0.51591E+01 -0.31678E+00 -0.54851E+01 -0.84115E+01
 -0.85657E+01 -0.68942E+01 -0.43849E+01 -0.13173E+01  0.19583E+01  0.43957E+01
  0.51581E+01  0.45375E+01  0.32803E+01  0.16143E+01 -0.47446E+00 -0.23119E+01
 -0.27962E+01 -0.15471E+01  0.66129E+00  0.26551E+01  0.35245E+01  0.27179E+01
  0.52893E+00 -0.14517E+01 -0.10903E+01  0.23929E+01  0.74229E+01  0.11458E+02
  0.13001E+02  0.12208E+02  0.10070E+02  0.76018E+01  0.56639E+01  0.46139E+01
  0.41727E+01  0.39973E+01  0.44795E+01  0.64227E+01  0.94199E+01  0.11198E+02
  0.92316E+01  0.33047E+01 -0.39540E+01 -0.91144E+01 -0.10702E+02 -0.97108E+01
 -0.80534E+01 -0.66970E+01 -0.54982E+01 -0.44140E+01 -0.40530E+01 -0.47807E+01
 -0.56802E+01 -0.51904E+01 -0.29674E+01 -0.66575E+00 -0.58415E+00 -0.34532E+01
 -0.79621E+01 -0.12127E+02 -0.14853E+02 -0.16233E+02 -0.16767E+02 -0.16707E+02
 -0.16095E+02 -0.15018E+02 -0.13920E+02 -0.13537E+02 -0.14344E+02 -0.15702E+02
 -0.15577E+02 -0.11714E+02 -0.37265E+01  0.58875E+01  0.13453E+02  0.17043E+02
  0.17726E+02  0.17637E+02  0.17109E+02  0.14569E+02  0.92510E+01  0.32164E+01
 -0.44039E+00 -0.92469E+00 -0.44237E+00 -0.12275E+01 -0.30144E+01 -0.40220E+01
 -0.39549E+01 -0.44894E+01 -0.69431E+01 -0.10442E+02 -0.13111E+02 -0.14326E+02
 -0.15011E+02 -0.15903E+02 -0.16452E+02 -0.15576E+02 -0.13181E+02 -0.10765E+02
 -0.10584E+02 -0.13840E+02 -0.19387E+02 -0.24369E+02 -0.26665E+02 -0.26727E+02
 -0.26654E+02 -0.27502E+02 -0.28395E+02 -0.28099E+02 -0.26507E+02 -0.24005E+02
 -0.20393E+02 -0.15506E+02 -0.10577E+02 -0.74662E+01 -0.64040E+01 -0.56854E+01
 -0.41074E+01 -0.27872E+01 -0.35726E+01 -0.61412E+01 -0.79292E+01 -0.70818E+01
 -0.45370E+01 -0.30379E+01 -0.44894E+01 -0.86837E+01 -0.13795E+02 -0.17596E+02
 -0.18732E+02 -0.17519E+02 -0.15683E+02 -0.14743E+02 -0.14619E+02 -0.14208E+02
 -0.13383E+02 -0.13559E+02 -0.15899E+02 -0.19184E+02 -0.20342E+02 -0.17139E+02
 -0.10111E+02 -0.19588E+01  0.45818E+01  0.83079E+01  0.95279E+01  0.92000E+01
  0.80566E+01  0.63615E+01  0.42935E+01  0.21906E+01  0.40940E+00 -0.83440E+00
 -0.13909E+01 -0.10099E+01  0.15238E+00  0.94215E+00 -0.22324E+00 -0.38095E+01
 -0.83046E+01 -0.11418E+02 -0.12018E+02 -0.10770E+02 -0.90921E+01 -0.78579E+01
 -0.70760E+01 -0.64435E+01 -0.60908E+01 -0.66404E+01 -0.84793E+01 -0.10912E+02
 -0.12293E+02 -0.11467E+02 -0.88010E+01 -0.55624E+01 -0.25456E+01  0.48575E-01
  0.16618E+01  0.12768E+01 -0.12567E+01 -0.46496E+01 -0.73048E+01 -0.87069E+01
 -0.92137E+01 -0.89472E+01 -0.76992E+01 -0.55062E+01 -0.25039E+01  0.15798E+01
  0.71315E+01  0.13650E+02  0.19840E+02  0.24761E+02  0.28100E+02  0.29440E+02
  0.28289E+02  0.24903E+02  0.20106E+02  0.13648E+02  0.44325E+01 -0.64516E+01
 -0.14156E+02 -0.13968E+02 -0.70061E+01  0.70993E-01  0.19988E+01  0.14532E+00
 -0.36910E+00  0.24904E+01  0.57997E+01  0.62954E+01  0.47709E+01  0.49515E+01
  0.89920E+01  0.15231E+02  0.19994E+02  0.20562E+02  0.16710E+02  0.10223E+02
  0.38290E+01 -0.52309E-01 -0.26586E+00  0.26573E+01  0.70562E+01  0.11017E+02
  0.13296E+02  0.13569E+02  0.12316E+02  0.10463E+02  0.91319E+01  0.93477E+01
  0.11548E+02  0.15115E+02  0.18482E+02  0.20187E+02  0.19880E+02  0.18370E+02
  0.16580E+02  0.14784E+02  0.12729E+02  0.10432E+02  0.85059E+01  0.77404E+01
  0.85148E+01  0.10657E+02  0.13723E+02  0.17067E+02  0.19776E+02  0.20536E+02
  0.18489E+02  0.14228E+02  0.10025E+02  0.81994E+01  0.92028E+01  0.11388E+02
  0.12950E+02  0.13559E+02  0.14090E+02  0.14914E+02  0.15294E+02  0.14722E+02
  0.14100E+02  0.14931E+02  0.17631E+02  0.21026E+02  0.23791E+02  0.25710E+02
  0.27480E+02  0.29400E+02  0.30940E+02  0.31242E+02  0.29602E+02  0.25821E+02
  0.20500E+02  0.15015E+02  0.10647E+02  0.75393E+01  0.50760E+01  0.34435E+01
  0.39525E+01  0.72471E+01  0.11630E+02  0.14423E+02  0.14789E+02  0.14531E+02
  0.15620E+02  0.17791E+02  0.19123E+02  0.18392E+02  0.16337E+02  0.14590E+02
  0.14218E+02  0.15163E+02  0.16675E+02  0.17986E+02  0.18852E+02  0.19626E+02
  0.20814E+02  0.22354E+02  0.23493E+02  0.23393E+02  0.21903E+02  0.19612E+02
  0.17299E+02  0.15307E+02  0.13560E+02  0.11949E+02  0.10488E+02  0.89911E+01
  0.68637E+01  0.37555E+01  0.39633E+00 -0.17450E+01 -0.20813E+01 -0.15804E+01
 -0.14658E+01 -0.16306E+01 -0.11080E+01  0.15202E+00  0.85347E+00 -0.23548E+00
 -0.31502E+01 -0.73188E+01 -0.12332E+02 -0.17346E+02 -0.20411E+02 -0.19702E+02
 -0.15549E+02 -0.10657E+02 -0.78652E+01 -0.78585E+01 -0.92266E+01 -0.10316E+02
 -0.10638E+02 -0.10660E+02 -0.10775E+02 -0.10675E+02 -0.97944E+01 -0.83199E+01
 -0.74395E+01 -0.83424E+01 -0.10849E+02 -0.13406E+02 -0.14424E+02 -0.13644E+02
 -0.12005E+02 -0.10437E+02 -0.89480E+01 -0.69289E+01 -0.42797E+01 -0.18740E+01
 -0.11012E+01 -0.26417E+01 -0.59868E+01 -0.99549E+01 -0.13744E+02 -0.16975E+02
 -0.19167E+02 -0.19526E+02 -0.17729E+02 -0.14650E+02 -0.11650E+02 -0.91304E+01
 -0.62524E+01 -0.25288E+01  0.80766E+00  0.18382E+01  0.36912E+00 -0.12643E+01
 -0.52113E+00  0.24219E+01  0.48202E+01  0.43393E+01  0.13448E+01 -0.20435E+01
 -0.43935E+01 -0.58483E+01 -0.70380E+01 -0.80632E+01 -0.87944E+01 -0.93115E+01
 -0.95846E+01 -0.90199E+01 -0.72090E+01 -0.49542E+01 -0.40886E+01 -0.56725E+01
 -0.84666E+01 -0.94417E+01 -0.63633E+01  0.30762E-01  0.63605E+01  0.93958E+01
  0.84923E+01  0.54116E+01  0.22020E+01 -0.21263E+00 -0.16032E+01 -0.16546E+01
 -0.50275E+00  0.73488E+00  0.68346E+00 -0.70718E+00 -0.22339E+01 -0.29657E+01
 -0.32677E+01 -0.38851E+01 -0.46168E+01 -0.43747E+01 -0.23851E+01  0.11657E+01
  0.53895E+01  0.91266E+01  0.11438E+02  0.12046E+02  0.11722E+02  0.11513E+02
  0.11389E+02  0.10106E+02  0.68389E+01  0.28844E+01  0.81318E+00  0.17857E+01
  0.42045E+01  0.55353E+01  0.50965E+01  0.41786E+01  0.36972E+01  0.28148E+01
  0.56442E+00 -0.21442E+01 -0.32702E+01 -0.22549E+01 -0.74544E+00 -0.36749E+00
 -0.69134E+00 -0.19170E+00  0.14252E+01  0.29346E+01  0.34485E+01  0.36975E+01
  0.50065E+01  0.76972E+01  0.10811E+02  0.13187E+02  0.14080E+02  0.13234E+02
  0.10804E+02  0.75365E+01  0.46418E+01  0.31359E+01  0.33274E+01  0.47575E+01
  0.66179E+01  0.80626E+01  0.85119E+01  0.78373E+01  0.63239E+01  0.44746E+01
  0.27683E+01  0.16349E+01  0.14111E+01  0.20465E+01  0.27966E+01  0.25369E+01
  0.68009E+00 -0.21292E+01 -0.44228E+01 -0.51051E+01 -0.42548E+01 -0.27313E+01
 -0.12724E+01 -0.21440E+00  0.22047E+00 -0.31148E+00 -0.20036E+01 -0.45838E+01
 -0.73430E+01 -0.95582E+01 -0.10742E+02 -0.10829E+02 -0.10094E+02 -0.90719E+01
 -0.82504E+01 -0.77940E+01 -0.76530E+01 -0.79917E+01 -0.92609E+01 -0.11570E+02
 -0.14114E+02 -0.15577E+02 -0.15372E+02 -0.14393E+02 -0.14215E+02 -0.15399E+02
 -0.16948E+02 -0.17523E+02 -0.16917E+02 -0.16052E+02 -0.15610E+02 -0.15161E+02
 -0.13860E+02 -0.11606E+02 -0.93598E+01 -0.81300E+01 -0.80966E+01 -0.85071E+01
 -0.85165E+01 -0.79884E+01 -0.76036E+01 -0.82435E+01 -0.10094E+02 -0.12495E+02
 -0.14381E+02 -0.15063E+02 -0.14521E+02 -0.13334E+02 -0.12384E+02 -0.12343E+02
 -0.13177E+02 -0.14282E+02 -0.15122E+02 -0.15618E+02 -0.15792E+02 -0.15386E+02
 -0.14336E+02 -0.13364E+02 -0.13488E+02 -0.14851E+02 -0.16493E+02 -0.17642E+02
 -0.18424E+02 -0.19358E+02 -0.20334E+02 -0.20802E+02 -0.20553E+02 -0.19839E+02
 -0.18768E+02 -0.17380E+02 -0.16158E+02 -0.15816E+02 -0.16370E+02 -0.16788E+02
 -0.16174E+02 -0.14945E+02 -0.14231E+02 -0.14405E+02 -0.14451E+02 -0.13199E+02
 -0.10595E+02 -0.77754E+01 -0.58297E+01 -0.48292E+01 -0.40080E+01 -0.27424E+01
 -0.12700E+01 -0.47731E+00 -0.10451E+01 -0.28878E+01 -0.53040E+01 -0.74907E+01
 -0.90465E+01 -0.10088E+02 -0.11078E+02 -0.12291E+02 -0.13346E+02 -0.13541E+02
 -0.12741E+02 -0.11813E+02 -0.11557E+02 -0.11781E+02 -0.11469E+02 -0.99025E+01
 -0.72192E+01 -0.40848E+01 -0.14372E+01 -0.43685E+00 -0.18858E+01 -0.49890E+01
 -0.73618E+01 -0.69487E+01 -0.40146E+01 -0.90877E+00  0.31360E+00 -0.35469E+00
 -0.14813E+01 -0.19848E+01 -0.19369E+01 -0.19606E+01 -0.22278E+01 -0.21871E+01
 -0.12297E+01  0.52983E+00  0.22321E+01  0.31752E+01  0.34953E+01  0.38368E+01
  0.43789E+01  0.46417E+01  0.40953E+01  0.28971E+01  0.16703E+01  0.97340E+00
  0.11360E+01  0.23728E+01  0.45762E+01  0.70739E+01  0.89982E+01  0.99843E+01
  0.10297E+02  0.10316E+02  0.10364E+02  0.10971E+02  0.12831E+02  0.15994E+02
  0.19308E+02  0.21304E+02  0.21502E+02  0.20742E+02  0.20001E+02  0.19376E+02
  0.18314E+02  0.16608E+02  0.14680E+02  0.13231E+02  0.12534E+02  0.12188E+02
  0.11391E+02  0.95633E+01  0.70972E+01  0.53554E+01  0.55825E+01  0.76141E+01
  0.99042E+01  0.10948E+02  0.10595E+02  0.97623E+01  0.91802E+01  0.86412E+01
  0.76798E+01  0.62665E+01  0.48037E+01  0.35700E+01  0.26588E+01  0.23562E+01
  0.31130E+01  0.48517E+01  0.67334E+01  0.78702E+01  0.82840E+01  0.88190E+01
  0.10027E+02  0.11616E+02  0.13018E+02  0.14104E+02  0.15005E+02  0.15561E+02
  0.15395E+02  0.14713E+02  0.14339E+02  0.14796E+02  0.15789E+02  0.16740E+02
  0.17577E+02  0.18592E+02  0.19714E+02  0.20378E+02  0.20327E+02  0.19917E+02
  0.19521E+02  0.19155E+02  0.18716E+02  0.18428E+02  0.18433E+02  0.18289E+02
  0.17285E+02  0.15378E+02  0.13415E+02  0.12367E+02  0.12452E+02  0.13137E+02
  0.13695E+02  0.13850E+02  0.13956E+02  0.14606E+02  0.15901E+02  0.16974E+02
  0.16765E+02  0.15060E+02  0.12838E+02  0.11110E+02  0.99705E+01  0.90953E+01
  0.88218E+01  0.98373E+01  0.11727E+02  0.12792E+02  0.11703E+02  0.93021E+01
  0.79113E+01  0.88625E+01  0.11318E+02  0.13350E+02  0.13930E+02  0.13362E+02
  0.12423E+02  0.11433E+02  0.10308E+02  0.88099E+01  0.68178E+01  0.46037E+01
  0.28765E+01  0.22521E+01  0.24303E+01  0.24502E+01  0.18837E+01  0.14673E+01
  0.19318E+01  0.26466E+01  0.23306E+01  0.96168E+00  0.28003E+00  0.16617E+01
  0.43671E+01  0.64502E+01  0.68862E+01  0.62336E+01  0.53374E+01  0.42268E+01
  0.25211E+01  0.35731E+00 -0.16488E+01 -0.28028E+01 -0.26818E+01 -0.13221E+01
  0.45319E+00  0.14191E+01  0.93126E+00 -0.32286E+00 -0.12046E+01 -0.12627E+01
 -0.83374E+00  0.75029E-01  0.20008E+01  0.49291E+01  0.74779E+01  0.79856E+01
  0.62661E+01  0.39665E+01  0.29202E+01  0.35211E+01  0.46806E+01  0.50452E+01
  0.41135E+01  0.23296E+01  0.63894E+00 -0.17812E+00  0.93410E-01  0.90925E+00
  0.14458E+01  0.12877E+01  0.82881E+00  0.73519E+00  0.11715E+01  0.16008E+01
  0.14999E+01  0.96238E+00  0.44598E+00  0.10890E+00 -0.52148E+00 -0.20474E+01
 -0.45759E+01 -0.75986E+01 -0.10256E+02 -0.11767E+02 -0.11782E+02 -0.10658E+02
 -0.92761E+01 -0.84887E+01 -0.85320E+01 -0.90838E+01 -0.98931E+01 -0.11075E+02
 -0.12752E+02 -0.14435E+02 -0.15344E+02 -0.15323E+02 -0.15109E+02 -0.15438E+02
 -0.16069E+02 -0.16155E+02 -0.15639E+02 -0.15568E+02 -0.16857E+02 -0.18884E+02
 -0.19887E+02 -0.18691E+02 -0.15648E+02 -0.12067E+02 -0.89945E+01 -0.67961E+01
 -0.54140E+01 -0.46620E+01 -0.44544E+01 -0.48411E+01 -0.58295E+01 -0.69825E+01
 -0.75125E+01 -0.70470E+01 -0.61088E+01 -0.54715E+01 -0.51993E+01 -0.46550E+01
 -0.36881E+01 -0.29433E+01 -0.29504E+01 -0.31579E+01 -0.25778E+01 -0.10093E+01
  0.81706E+00  0.22638E+01  0.34527E+01  0.45844E+01  0.52863E+01  0.50574E+01
  0.42125E+01  0.38116E+01  0.46784E+01  0.64904E+01  0.82237E+01  0.91192E+01
  0.93059E+01  0.94775E+01  0.98572E+01  0.97931E+01  0.84971E+01  0.60413E+01
  0.35135E+01  0.18308E+01  0.96454E+00  0.29882E+00 -0.31678E+00 -0.50261E+00
 -0.18003E+00 -0.14917E-01 -0.74500E+00 -0.22772E+01 -0.37522E+01 -0.44464E+01
 -0.43386E+01 -0.40517E+01 -0.42447E+01 -0.50321E+01 -0.58338E+01 -0.58261E+01
 -0.49305E+01 -0.40922E+01 -0.45070E+01 -0.62683E+01 -0.81369E+01 -0.86020E+01
 -0.72483E+01 -0.51273E+01 -0.37879E+01 -0.38158E+01 -0.42234E+01 -0.34280E+01
 -0.10933E+01  0.12494E+01  0.17508E+01  0.23334E+00 -0.16350E+01 -0.22501E+01
 -0.15480E+01 -0.61639E+00 -0.45828E+00 -0.14746E+01 -0.34505E+01 -0.54409E+01
 -0.61779E+01 -0.53966E+01 -0.46011E+01 -0.55171E+01 -0.77650E+01 -0.89966E+01
 -0.78501E+01 -0.59871E+01 -0.61726E+01 -0.87572E+01 -0.11084E+02 -0.10510E+02
 -0.73584E+01 -0.44213E+01 -0.38407E+01 -0.50649E+01 -0.59162E+01 -0.52780E+01
 -0.41960E+01 -0.42096E+01 -0.51829E+01 -0.54828E+01 -0.43434E+01 -0.31181E+01
 -0.35254E+01 -0.53508E+01 -0.66749E+01 -0.62731E+01 -0.48759E+01 -0.37722E+01
 -0.32557E+01 -0.27320E+01 -0.18719E+01 -0.92581E+00 -0.55967E+00 -0.18050E+01
 -0.54781E+01 -0.10920E+02 -0.15524E+02 -0.16834E+02 -0.15179E+02 -0.13351E+02
 -0.13380E+02 -0.14381E+02 -0.14208E+02 -0.12582E+02 -0.11306E+02 -0.11771E+02
 -0.13166E+02 -0.13510E+02 -0.11997E+02 -0.97407E+01 -0.83930E+01 -0.84783E+01
 -0.89930E+01 -0.85051E+01 -0.66278E+01 -0.43854E+01 -0.32100E+01 -0.34167E+01
 -0.37954E+01 -0.30210E+01 -0.12082E+01  0.24533E-01 -0.64779E+00 -0.28168E+01
 -0.48784E+01 -0.59445E+01 -0.66954E+01 -0.80767E+01 -0.98091E+01 -0.10517E+02
 -0.94774E+01 -0.76146E+01 -0.65323E+01 -0.67964E+01 -0.76335E+01 -0.81479E+01
 -0.84908E+01 -0.93420E+01 -0.10666E+02 -0.11503E+02 -0.11029E+02 -0.96319E+01
 -0.84993E+01 -0.82978E+01 -0.85618E+01 -0.84964E+01 -0.78652E+01 -0.69045E+01
 -0.56575E+01 -0.39879E+01 -0.21321E+01 -0.64142E+00  0.50536E+00  0.19962E+01
  0.41026E+01  0.57505E+01  0.55008E+01  0.34892E+01  0.16785E+01  0.20017E+01
  0.45093E+01  0.76829E+01  0.10083E+02  0.11344E+02  0.11790E+02  0.11840E+02
  0.11956E+02  0.12709E+02  0.14422E+02  0.16650E+02  0.18355E+02  0.18714E+02
  0.17799E+02  0.16475E+02  0.15637E+02  0.15438E+02  0.15368E+02  0.14974E+02
  0.14424E+02  0.14282E+02  0.14663E+02  0.14957E+02  0.14471E+02  0.13419E+02
  0.12790E+02  0.13227E+02  0.14210E+02  0.14526E+02  0.13531E+02  0.11763E+02
  0.10346E+02  0.99246E+01  0.10391E+02  0.11323E+02  0.12298E+02  0.12886E+02
  0.12587E+02  0.11291E+02  0.95372E+01  0.79982E+01  0.68533E+01  0.59231E+01
  0.53297E+01  0.55954E+01  0.67852E+01  0.81187E+01  0.88711E+01  0.92948E+01
  0.10098E+02  0.10987E+02  0.10557E+02  0.80161E+01  0.46223E+01  0.27972E+01
  0.38580E+01  0.67162E+01  0.88582E+01  0.85015E+01  0.58736E+01  0.28168E+01
  0.10629E+01  0.88466E+00  0.14223E+01  0.21542E+01  0.34296E+01  0.53641E+01
  0.67902E+01  0.62894E+01  0.41202E+01  0.22806E+01  0.22742E+01  0.34709E+01
  0.41306E+01  0.34080E+01  0.18189E+01  0.19403E+00 -0.91535E+00 -0.11652E+01
 -0.57721E+00 -0.53743E-01 -0.86939E+00 -0.32033E+01 -0.56086E+01 -0.63317E+01
 -0.49841E+01 -0.24844E+01 -0.34439E-01  0.13557E+01  0.66878E+00 -0.25604E+01
 -0.71074E+01 -0.10301E+02 -0.10143E+02 -0.70980E+01 -0.32443E+01  0.32238E+00
  0.44125E+01  0.97910E+01  0.14819E+02  0.16059E+02  0.11497E+02  0.29759E+01
 -0.50086E+01 -0.89683E+01 -0.87387E+01 -0.65540E+01 -0.40470E+01 -0.75200E+00
  0.42473E+01  0.93183E+01  0.99708E+01  0.27803E+01 -0.10009E+02 -0.20715E+02
 -0.22283E+02 -0.14391E+02 -0.30249E+01  0.57913E+01  0.10654E+02  0.12947E+02
  0.12582E+02  0.76837E+01 -0.12677E+01 -0.93238E+01 -0.10713E+02 -0.43176E+01
  0.55591E+01  0.13387E+02  0.16531E+02  0.15443E+02  0.11583E+02  0.60118E+01
 -0.33312E+00 -0.61766E+01 -0.98073E+01 -0.96351E+01 -0.50801E+01  0.24900E+01
  0.97234E+01  0.12989E+02  0.10605E+02  0.39159E+01 -0.35817E+01 -0.83152E+01
 -0.85802E+01 -0.52643E+01 -0.95998E+00  0.21411E+01  0.37956E+01  0.50063E+01
  0.60587E+01  0.57081E+01  0.27362E+01 -0.20906E+01 -0.62012E+01 -0.72968E+01
 -0.50552E+01 -0.90142E+00  0.32308E+01  0.57520E+01  0.57945E+01  0.33956E+01
 -0.29982E+00 -0.34938E+01 -0.48330E+01 -0.42817E+01 -0.29067E+01 -0.18325E+01
 -0.12382E+01 -0.50771E+00  0.68094E+00  0.15976E+01  0.11032E+01 -0.70159E+00
 -0.20409E+01 -0.10671E+01  0.18977E+01  0.41318E+01  0.30431E+01 -0.11681E+01
 -0.55297E+01 -0.72345E+01 -0.63323E+01 -0.53227E+01 -0.63686E+01 -0.92693E+01
 -0.11955E+02 -0.12406E+02 -0.10237E+02 -0.68571E+01 -0.45156E+01 -0.47667E+01
 -0.73309E+01 -0.10339E+02 -0.11865E+02 -0.11321E+02 -0.91658E+01 -0.60079E+01
 -0.24634E+01  0.30766E+00  0.86578E+00 -0.10612E+01 -0.39621E+01 -0.58103E+01
 -0.59111E+01 -0.51453E+01 -0.44369E+01 -0.35351E+01 -0.13729E+01  0.24294E+01
  0.66182E+01  0.89667E+01  0.80780E+01  0.47830E+01  0.14737E+01  0.40732E-01
  0.42674E+00  0.14502E+01  0.24163E+01  0.33752E+01  0.41121E+01  0.36745E+01
  0.14895E+01 -0.14834E+01 -0.33247E+01 -0.29960E+01 -0.12925E+01  0.11752E+00
  0.47482E+00  0.65294E+00  0.19555E+01  0.44612E+01  0.65371E+01  0.63500E+01
  0.37208E+01  0.46132E+00 -0.12728E+01 -0.98726E+00 -0.71557E-01 -0.18710E+00
 -0.16921E+01 -0.34978E+01 -0.43870E+01 -0.41159E+01 -0.34150E+01 -0.29292E+01
 -0.25149E+01 -0.17067E+01 -0.60493E+00  0.67035E-01 -0.10599E+00 -0.63707E+00
 -0.67408E+00 -0.16412E-01  0.74866E+00  0.10483E+01  0.10327E+01  0.12248E+01
  0.17606E+01  0.19670E+01  0.99179E+00 -0.12654E+01 -0.35441E+01 -0.41184E+01
 -0.24296E+01  0.19018E+00  0.17501E+01  0.15768E+01  0.90935E+00  0.12230E+01
  0.23531E+01  0.28888E+01  0.21210E+01  0.10095E+01  0.76453E+00  0.11068E+01
  0.66129E+00 -0.79408E+00 -0.15547E+01  0.12096E-01  0.29396E+01  0.42200E+01
  0.21917E+01 -0.15268E+01 -0.38846E+01 -0.37716E+01 -0.26131E+01 -0.21565E+01
 -0.23658E+01 -0.19879E+01 -0.44987E+00  0.14033E+01  0.21177E+01  0.91994E+00
 -0.16313E+01 -0.39248E+01 -0.45782E+01 -0.37421E+01 -0.29490E+01 -0.32373E+01
 -0.38765E+01 -0.35632E+01 -0.25410E+01 -0.24498E+01 -0.39126E+01 -0.53539E+01
 -0.49548E+01 -0.31162E+01 -0.19150E+01 -0.25686E+01 -0.41820E+01 -0.51722E+01
 -0.50883E+01 -0.47250E+01 -0.48631E+01 -0.54881E+01 -0.59772E+01 -0.57787E+01
 -0.51219E+01 -0.49807E+01 -0.59710E+01 -0.73267E+01 -0.75436E+01 -0.62925E+01
 -0.50198E+01 -0.50434E+01 -0.56687E+01 -0.51408E+01 -0.31807E+01 -0.13496E+01
 -0.84326E+00 -0.10388E+01 -0.80470E+00 -0.11942E+00  0.38682E+00  0.89306E+00
  0.20080E+01  0.33163E+01  0.34930E+01  0.21229E+01  0.28725E+00 -0.95397E+00
 -0.17297E+01 -0.26201E+01 -0.33959E+01 -0.34484E+01 -0.27990E+01 -0.19993E+01
 -0.12353E+01 -0.32110E+00  0.41415E+00  0.41182E+00 -0.70503E-01  0.55999E-01
  0.12425E+01  0.25291E+01  0.28417E+01  0.24311E+01  0.23427E+01  0.26266E+01
  0.19224E+01 -0.86598E+00 -0.49005E+01 -0.77891E+01 -0.77415E+01 -0.54236E+01
 -0.33636E+01 -0.31513E+01 -0.34904E+01 -0.17813E+01  0.22123E+01  0.51388E+01
  0.36466E+01 -0.15625E+01 -0.63920E+01 -0.77982E+01 -0.64544E+01 -0.45879E+01
 -0.30364E+01 -0.14921E+01 -0.52086E+00 -0.14974E+01 -0.44721E+01 -0.74898E+01
 -0.85237E+01 -0.75022E+01 -0.58864E+01 -0.47146E+01 -0.37217E+01 -0.21488E+01
 -0.28238E+00  0.23059E+00 -0.21712E+01 -0.67717E+01 -0.10305E+02 -0.95843E+01
 -0.49464E+01 -0.79264E-01  0.18803E+01  0.14479E+01  0.12804E+01  0.24665E+01
  0.35022E+01  0.29481E+01  0.17852E+01  0.20545E+01  0.41931E+01  0.65752E+01
  0.75607E+01  0.70925E+01  0.61658E+01  0.54613E+01  0.48713E+01  0.40951E+01
  0.32043E+01  0.25140E+01  0.22964E+01  0.25443E+01  0.28352E+01  0.25746E+01
  0.14260E+01 -0.24544E+00 -0.15874E+01 -0.21058E+01 -0.20226E+01 -0.17676E+01
 -0.12548E+01 -0.10451E+00  0.14396E+01  0.23106E+01  0.17134E+01  0.26404E+00
 -0.58385E+00 -0.14248E+00  0.77139E+00  0.87611E+00 -0.29058E-01 -0.85538E+00
 -0.59319E+00  0.48550E+00  0.11130E+01  0.42271E+00 -0.13131E+01 -0.31135E+01
 -0.44267E+01 -0.53751E+01 -0.61223E+01 -0.63760E+01 -0.58268E+01 -0.47841E+01
 -0.40993E+01 -0.44311E+01 -0.58162E+01 -0.78244E+01 -0.98823E+01 -0.11252E+02
 -0.11327E+02 -0.10162E+02 -0.85538E+01 -0.73035E+01 -0.65682E+01 -0.63059E+01
 -0.68671E+01 -0.88463E+01 -0.11893E+02 -0.14524E+02 -0.15407E+02 -0.14572E+02
 -0.13192E+02 -0.12149E+02 -0.11371E+02 -0.10436E+02 -0.92924E+01 -0.82780E+01
 -0.76288E+01 -0.73306E+01 -0.71182E+01 -0.65765E+01 -0.53114E+01 -0.33445E+01
 -0.13776E+01 -0.37029E+00 -0.55183E+00 -0.11487E+01 -0.10151E+01  0.32173E+00
  0.23245E+01  0.40910E+01  0.50912E+01  0.55543E+01  0.61176E+01  0.72110E+01
  0.84261E+01  0.86171E+01  0.68960E+01  0.37784E+01  0.10046E+01 -0.42152E-03
  0.57743E+00  0.13629E+01  0.14179E+01  0.11149E+01  0.13418E+01  0.24282E+01
  0.39443E+01  0.52884E+01  0.60453E+01  0.58928E+01  0.47735E+01  0.33247E+01
  0.26136E+01  0.33133E+01  0.50014E+01  0.65320E+01  0.70455E+01  0.65851E+01
  0.58168E+01  0.54210E+01  0.54548E+01  0.54170E+01  0.49567E+01  0.45036E+01
  0.49099E+01  0.62544E+01  0.73555E+01  0.69883E+01  0.53394E+01  0.38122E+01
  0.34093E+01  0.38587E+01  0.45301E+01  0.53663E+01  0.64317E+01  0.72607E+01
  0.72519E+01  0.65771E+01  0.61386E+01  0.64951E+01  0.72884E+01  0.78669E+01
  0.78082E+01  0.69186E+01  0.50981E+01  0.26187E+01  0.34705E+00 -0.90771E+00
 -0.10093E+01 -0.52368E+00 -0.52394E-01  0.16108E+00  0.14553E+00 -0.10642E+00
 -0.68059E+00 -0.16272E+01 -0.27456E+01 -0.36348E+01 -0.40226E+01 -0.41025E+01
 -0.44116E+01 -0.52792E+01 -0.63832E+01 -0.69499E+01 -0.62849E+01 -0.44023E+01
 -0.22691E+01 -0.12029E+01 -0.17553E+01 -0.30738E+01 -0.37622E+01 -0.35553E+01
 -0.34343E+01 -0.38791E+01 -0.37008E+01 -0.14813E+01  0.22779E+01  0.53496E+01
  0.63588E+01  0.61291E+01  0.62933E+01  0.73096E+01  0.82904E+01  0.84618E+01
  0.79530E+01  0.73724E+01  0.70570E+01  0.68562E+01  0.62473E+01  0.49221E+01
  0.34681E+01  0.30884E+01  0.42412E+01  0.57665E+01  0.60816E+01  0.52365E+01
  0.48140E+01  0.57235E+01  0.69196E+01  0.69839E+01  0.62679E+01  0.63545E+01
  0.76937E+01  0.86820E+01  0.76871E+01  0.51737E+01  0.31975E+01  0.29901E+01
  0.38930E+01  0.45523E+01  0.44955E+01  0.41953E+01  0.40526E+01  0.40318E+01
  0.42043E+01  0.49785E+01  0.64045E+01  0.77086E+01  0.81104E+01  0.79680E+01
  0.83345E+01  0.94090E+01  0.99334E+01  0.86092E+01  0.59534E+01  0.39421E+01
  0.37713E+01  0.45676E+01  0.44971E+01  0.29157E+01  0.86882E+00 -0.29720E+00
 -0.13824E+00  0.77272E+00  0.16050E+01  0.19145E+01  0.18301E+01  0.18818E+01
  0.25352E+01  0.36111E+01  0.43649E+01  0.42807E+01  0.36953E+01  0.32675E+01
  0.31477E+01  0.28632E+01  0.20417E+01  0.91224E+00 -0.38111E-01 -0.40835E+00
 -0.48083E-01  0.69898E+00  0.83022E+00 -0.48514E+00 -0.25524E+01 -0.34309E+01
 -0.22252E+01 -0.59701E+00 -0.76629E+00 -0.25397E+01 -0.34608E+01 -0.21618E+01
 -0.16093E+00  0.32167E+00 -0.84272E+00 -0.21002E+01 -0.24481E+01 -0.22231E+01
 -0.20696E+01 -0.24890E+01 -0.39181E+01 -0.59845E+01 -0.69910E+01 -0.55696E+01
 -0.28878E+01 -0.16096E+01 -0.24510E+01 -0.33069E+01 -0.26300E+01 -0.17741E+01
 -0.26155E+01 -0.44235E+01 -0.50285E+01 -0.42941E+01 -0.40466E+01 -0.49306E+01
 -0.54995E+01 -0.48795E+01 -0.43382E+01 -0.51861E+01 -0.65855E+01 -0.67459E+01
 -0.53807E+01 -0.36933E+01 -0.25787E+01 -0.19798E+01 -0.18247E+01 -0.23285E+01
 -0.33263E+01 -0.40949E+01 -0.39182E+01 -0.27746E+01 -0.13874E+01 -0.75215E+00
 -0.13557E+01 -0.24678E+01 -0.28349E+01 -0.23785E+01 -0.24591E+01 -0.36854E+01
 -0.45322E+01 -0.34166E+01 -0.13843E+01 -0.98464E+00 -0.25473E+01 -0.35729E+01
 -0.24713E+01 -0.11619E+01 -0.23950E+01 -0.58837E+01 -0.86706E+01 -0.89438E+01
 -0.78057E+01 -0.72128E+01 -0.77576E+01 -0.88969E+01 -0.10129E+02 -0.11068E+02
 -0.11040E+02 -0.97012E+01 -0.78325E+01 -0.66440E+01 -0.62790E+01 -0.57636E+01
 -0.46035E+01 -0.34650E+01 -0.30926E+01 -0.31068E+01 -0.26912E+01 -0.21039E+01
 -0.23327E+01 -0.32849E+01 -0.34276E+01 -0.18445E+01  0.13986E+00  0.51283E+00
 -0.73975E+00 -0.17487E+01 -0.14399E+01 -0.88045E+00 -0.11874E+01 -0.16376E+01
 -0.74122E+00  0.12939E+01  0.25770E+01  0.18908E+01  0.21643E+00 -0.67724E+00
 -0.13143E+00  0.10160E+01  0.16838E+01  0.15638E+01  0.13509E+01  0.20474E+01
  0.38971E+01  0.58826E+01  0.67446E+01  0.64963E+01  0.64699E+01  0.75323E+01
  0.88236E+01  0.89188E+01  0.77905E+01  0.68045E+01  0.69076E+01  0.76768E+01
  0.81022E+01  0.79118E+01  0.74208E+01  0.69083E+01  0.64388E+01  0.59050E+01
  0.48127E+01  0.23668E+01 -0.13393E+01 -0.43793E+01 -0.41965E+01 -0.44011E+00
  0.37532E+01  0.44017E+01  0.68172E+00 -0.41554E+01 -0.61134E+01 -0.45408E+01
 -0.22233E+01 -0.18106E+01 -0.29233E+01 -0.32481E+01 -0.16465E+01  0.69296E+00
  0.20442E+01  0.20850E+01  0.16029E+01  0.12214E+01  0.10976E+01  0.16186E+01
  0.31063E+01  0.51385E+01  0.64832E+01  0.62525E+01  0.43389E+01  0.10289E+01
 -0.29256E+01 -0.58201E+01 -0.57496E+01 -0.30292E+01 -0.86734E+00 -0.22003E+01
 -0.59895E+01 -0.81960E+01 -0.66426E+01 -0.36137E+01 -0.29266E+01 -0.55337E+01
 -0.91791E+01 -0.11400E+02 -0.11457E+02 -0.98167E+01 -0.73172E+01 -0.51184E+01
 -0.42301E+01 -0.43515E+01 -0.40430E+01 -0.28393E+01 -0.20580E+01 -0.27662E+01
 -0.38612E+01 -0.32658E+01 -0.80117E+00  0.16993E+01  0.29467E+01  0.34421E+01
  0.39091E+01  0.38175E+01  0.25443E+01  0.11137E+01  0.14091E+01  0.39247E+01
  0.69702E+01  0.84403E+01  0.75403E+01  0.52294E+01  0.32194E+01  0.26776E+01
  0.33105E+01  0.37356E+01  0.32084E+01  0.27886E+01  0.40022E+01  0.64470E+01
  0.78249E+01  0.68545E+01  0.51103E+01  0.50135E+01  0.67143E+01  0.81430E+01
  0.79822E+01  0.71052E+01  0.68656E+01  0.70629E+01  0.66159E+01  0.53311E+01
  0.38315E+01  0.22747E+01  0.47447E+00 -0.88155E+00 -0.42561E+00  0.18279E+01
  0.39098E+01  0.42013E+01  0.34187E+01  0.34454E+01  0.51122E+01  0.86556E+01
  0.15035E+02  0.24408E+02  0.32420E+02  0.30686E+02  0.12995E+02 -0.18337E+02
 -0.51646E+02 -0.70733E+02 -0.62756E+02 -0.27271E+02  0.18734E+02  0.48612E+02
  0.45976E+02  0.19364E+02 -0.61604E+01 -0.13329E+02 -0.64465E+01 -0.55239E+00
 -0.19986E+01 -0.43258E+01 -0.37902E+00  0.78496E+01  0.12714E+02  0.98928E+01
  0.13428E+01 -0.83311E+01 -0.15743E+02 -0.19644E+02 -0.19872E+02 -0.15573E+02
 -0.50371E+01  0.10964E+02  0.25468E+02  0.28528E+02  0.17171E+02  0.61610E+00
 -0.81978E+01 -0.62258E+01 -0.20837E+01 -0.36995E+01 -0.81015E+01 -0.66304E+01
  0.19739E+01  0.83437E+01  0.33840E+01 -0.10391E+02 -0.20808E+02 -0.18964E+02
 -0.82323E+01  0.15054E+00 -0.71927E+00 -0.69028E+01 -0.94624E+01 -0.49324E+01
  0.17039E+01  0.40502E+01  0.19422E+01  0.37860E+00  0.26107E+01  0.67622E+01

