  0.21729E+01  0.27428E+01  0.36461E+01  0.46149E+01  0.50716E+01  0.49745E+01
  0.48416E+01  0.49410E+01  0.47308E+01  0.35678E+01  0.17795E+01  0.65222E+00
  0.10255E+01  0.23455E+01  0.32546E+01  0.31811E+01  0.29053E+01  0.34928E+01
  0.47592E+01  0.51978E+01  0.36535E+01  0.10375E+01 -0.30428E+00  0.89649E+00
  0.33001E+01  0.45366E+01  0.40403E+01  0.33951E+01  0.37800E+01  0.40637E+01
  0.24718E+01 -0.51361E+00 -0.22187E+01 -0.93467E+00  0.19749E+01  0.37889E+01
  0.35903E+01  0.27960E+01  0.28653E+01  0.35240E+01  0.36171E+01  0.29003E+01
  0.22014E+01  0.20801E+01  0.21016E+01  0.17183E+01  0.11503E+01  0.11361E+01
  0.19019E+01  0.27809E+01  0.29334E+01  0.23237E+01  0.17080E+01  0.17296E+01
  0.22154E+01  0.23262E+01  0.15974E+01  0.66609E+00  0.70541E+00  0.19713E+01
  0.33802E+01  0.36457E+01  0.28037E+01  0.19200E+01  0.15305E+01  0.95644E+00
 -0.42748E+00 -0.19782E+01 -0.24331E+01 -0.16079E+01 -0.53858E+00  0.24606E-01
  0.50445E+00  0.14844E+01  0.25657E+01  0.28371E+01  0.22331E+01  0.15994E+01
  0.14897E+01  0.14276E+01  0.63315E+00 -0.85802E+00 -0.20872E+01 -0.21314E+01
 -0.94904E+00  0.53108E+00  0.99292E+00 -0.26602E+00 -0.25909E+01 -0.41298E+01
 -0.32451E+01 -0.73961E-01  0.31687E+01  0.39580E+01  0.18952E+01 -0.81671E+00
 -0.15578E+01  0.16652E+00  0.25815E+01  0.38114E+01  0.34515E+01  0.20257E+01
 -0.15620E+00 -0.28801E+01 -0.52288E+01 -0.58388E+01 -0.43230E+01 -0.18426E+01
 -0.70746E-01  0.26604E+00 -0.70053E-01  0.21909E+00  0.15384E+01  0.27504E+01
  0.21702E+01 -0.49405E+00 -0.35157E+01 -0.47330E+01 -0.36460E+01 -0.15585E+01
  0.17160E+00  0.11932E+01  0.16312E+01  0.11462E+01 -0.70823E+00 -0.35095E+01
 -0.57450E+01 -0.58608E+01 -0.36662E+01 -0.89996E+00  0.38324E-01 -0.15244E+01
 -0.36111E+01 -0.37446E+01 -0.18954E+01 -0.19495E+00  0.14185E+00  0.11547E+00
  0.60111E+00  0.29494E+00 -0.22324E+01 -0.56706E+01 -0.70844E+01 -0.59437E+01
 -0.47136E+01 -0.51151E+01 -0.54690E+01 -0.32981E+01  0.10462E+01  0.46760E+01
  0.53940E+01  0.31110E+01 -0.13098E+01 -0.66475E+01 -0.10991E+02 -0.12613E+02
 -0.11835E+02 -0.10432E+02 -0.87198E+01 -0.48222E+01  0.17492E+01  0.76478E+01
  0.88062E+01  0.52673E+01  0.50721E+00 -0.34013E+01 -0.73038E+01 -0.11201E+02
 -0.12096E+02 -0.76148E+01  0.22528E+00  0.69696E+01  0.99565E+01  0.87753E+01
  0.33127E+01 -0.52046E+01 -0.12179E+02 -0.12896E+02 -0.87719E+01 -0.66841E+01
 -0.10188E+02 -0.14400E+02 -0.12406E+02 -0.46978E+01  0.15882E+01  0.19672E+01
 -0.48220E+00 -0.26392E+00  0.33008E+01  0.55616E+01  0.23560E+01 -0.46306E+01
 -0.89257E+01 -0.65280E+01 -0.18021E+01 -0.35963E+01 -0.14203E+02 -0.24911E+02
 -0.25711E+02 -0.16918E+02 -0.67914E+01  0.12036E+00  0.57398E+01  0.10085E+02
  0.80525E+01 -0.19111E+01 -0.11714E+02 -0.11906E+02 -0.29401E+01  0.60196E+01
  0.75488E+01  0.17292E+01 -0.59119E+01 -0.89501E+01 -0.53254E+01 -0.72392E+00
 -0.33335E+01 -0.13243E+02 -0.22772E+02 -0.29395E+02 -0.38155E+02 -0.45171E+02
 -0.32305E+02  0.70361E+01  0.46751E+02  0.53264E+02  0.27724E+02  0.13577E+00
 -0.18485E+02 -0.48419E+02 -0.94158E+02 -0.11497E+03 -0.71544E+02  0.13164E+02
  0.71887E+02  0.69623E+02  0.34455E+02  0.95520E+01  0.36798E+01  0.27859E+00
 -0.12048E+02 -0.38933E+02 -0.87267E+02 -0.14005E+03 -0.13582E+03 -0.19083E+02
  0.17048E+03  0.29346E+03  0.23717E+03  0.43932E+02 -0.12097E+03 -0.14252E+03
 -0.70772E+02 -0.40298E+02 -0.96235E+02 -0.14365E+03 -0.77051E+02  0.79226E+02
  0.19140E+03  0.16200E+03  0.24088E+02 -0.10629E+03 -0.14288E+03 -0.89057E+02
 -0.13063E+02  0.17430E+02 -0.11653E+02 -0.55388E+02 -0.58722E+02 -0.15724E+02
  0.26907E+02  0.28537E+02  0.18667E+01 -0.10798E+02  0.43508E+01  0.17689E+02
 -0.33298E+01 -0.55027E+02 -0.10075E+03 -0.10289E+03 -0.52637E+02  0.19604E+02
  0.62185E+02  0.43733E+02 -0.16716E+02 -0.66639E+02 -0.69854E+02 -0.35031E+02
  0.30264E+01  0.20081E+02  0.17575E+02  0.11086E+02  0.11081E+02  0.13018E+02
  0.45276E+01 -0.16140E+02 -0.33275E+02 -0.32547E+02 -0.21977E+02 -0.21922E+02
 -0.35818E+02 -0.46118E+02 -0.41424E+02 -0.30329E+02 -0.20687E+02 -0.32746E+01
  0.28400E+02  0.54673E+02  0.46761E+02  0.42355E+01 -0.40642E+02 -0.57348E+02
 -0.44563E+02 -0.23809E+02 -0.16500E+02 -0.27591E+02 -0.41784E+02 -0.35363E+02
 -0.16466E+01  0.34494E+02  0.38593E+02  0.66079E+01 -0.26575E+02 -0.24614E+02
  0.10361E+02  0.40636E+02  0.32350E+02 -0.10645E+02 -0.49788E+02 -0.49273E+02
 -0.13804E+02  0.15143E+02  0.70603E+01 -0.21089E+02 -0.29691E+02 -0.11020E+02
  0.38750E+01 -0.56193E+01 -0.20717E+02 -0.16908E+02 -0.28998E+01 -0.30159E+01
 -0.16422E+02 -0.20141E+02 -0.54405E+01  0.13903E+02  0.27114E+02  0.35841E+02
  0.37625E+02  0.24850E+02  0.52278E+01 -0.55586E+00  0.86718E+01  0.61511E+01
 -0.24862E+02 -0.63485E+02 -0.77773E+02 -0.63257E+02 -0.37064E+02 -0.81332E+01
  0.23633E+02  0.47789E+02  0.48627E+02  0.28523E+02  0.42806E+01 -0.18402E+02
 -0.43597E+02 -0.59222E+02 -0.42759E+02 -0.24009E+01  0.18159E+02 -0.41061E+01
 -0.35987E+02 -0.36399E+02 -0.19573E+02 -0.31096E+02 -0.69176E+02 -0.76042E+02
 -0.19856E+02  0.55158E+02  0.87325E+02  0.76665E+02  0.69209E+02  0.79400E+02
  0.72597E+02  0.27407E+02 -0.25189E+02 -0.43578E+02 -0.27548E+02 -0.48685E+01
  0.12933E+02  0.31157E+02  0.40560E+02  0.21613E+02 -0.15961E+02 -0.30061E+02
  0.58127E+00  0.41662E+02  0.43100E+02  0.19693E+01 -0.36985E+02 -0.40224E+02
 -0.21621E+02 -0.13779E+02 -0.21400E+02 -0.19119E+02  0.10274E+02  0.50895E+02
  0.71541E+02  0.59680E+02  0.30158E+02  0.26905E+01 -0.19930E+02 -0.45848E+02
 -0.71906E+02 -0.77615E+02 -0.45786E+02  0.14052E+02  0.65863E+02  0.70980E+02
  0.16170E+02 -0.72260E+02 -0.13962E+03 -0.13931E+03 -0.71399E+02  0.15051E+02
  0.65702E+02  0.67907E+02  0.50348E+02  0.41627E+02  0.42489E+02  0.40752E+02
  0.38196E+02  0.49345E+02  0.78386E+02  0.10986E+03  0.12420E+03  0.11519E+03
  0.89218E+02  0.53500E+02  0.10201E+02 -0.38814E+02 -0.84260E+02 -0.10783E+03
 -0.91613E+02 -0.35138E+02  0.35048E+02  0.79189E+02  0.76603E+02  0.46097E+02
  0.29230E+02  0.49234E+02  0.87500E+02  0.10213E+03  0.68713E+02  0.30497E+01
 -0.52569E+02 -0.63282E+02 -0.26935E+02  0.27522E+02  0.65175E+02  0.71412E+02
  0.55531E+02  0.32281E+02  0.75660E+01 -0.15228E+02 -0.26079E+02 -0.17907E+02
 -0.22670E+01 -0.20318E+01 -0.26293E+02 -0.61136E+02 -0.85606E+02 -0.86354E+02
 -0.57662E+02 -0.31261E+01  0.57754E+02  0.10025E+03  0.11883E+03  0.12692E+03
  0.12745E+03  0.10646E+03  0.69170E+02  0.54455E+02  0.85795E+02  0.12945E+03
  0.13884E+03  0.12421E+03  0.12958E+03  0.14493E+03  0.10414E+03 -0.71744E+01
 -0.98228E+02 -0.75859E+02  0.33559E+02  0.11823E+03  0.11945E+03  0.81665E+02
  0.68938E+02  0.88716E+02  0.11378E+03  0.13233E+03  0.14539E+03  0.14424E+03
  0.12224E+03  0.94676E+02  0.82871E+02  0.89449E+02  0.10693E+03  0.13559E+03
  0.17128E+03  0.18919E+03  0.16794E+03  0.12398E+03  0.95396E+02  0.92628E+02
  0.91225E+02  0.76802E+02  0.69912E+02  0.93888E+02  0.13928E+03  0.17731E+03
  0.19485E+03  0.19953E+03  0.19911E+03  0.19372E+03  0.18557E+03  0.18155E+03
  0.18396E+03  0.18759E+03  0.18649E+03  0.17764E+03  0.15975E+03  0.13549E+03
  0.11386E+03  0.10152E+03  0.92199E+02  0.72731E+02  0.41808E+02  0.15624E+02
  0.11227E+02  0.28719E+02  0.52776E+02  0.68399E+02  0.72812E+02  0.74408E+02
  0.82375E+02  0.96665E+02  0.10883E+03  0.11362E+03  0.11639E+03  0.12400E+03
  0.13220E+03  0.13129E+03  0.12421E+03  0.12693E+03  0.14568E+03  0.16438E+03
  0.16422E+03  0.14752E+03  0.13018E+03  0.11591E+03  0.93862E+02  0.62552E+02
  0.39243E+02  0.37335E+02  0.45169E+02  0.38182E+02  0.67453E+01 -0.36940E+02
 -0.75742E+02 -0.10193E+03 -0.11615E+03 -0.12147E+03 -0.12130E+03 -0.11807E+03
 -0.11193E+03 -0.10351E+03 -0.98163E+02 -0.10343E+03 -0.12154E+03 -0.14698E+03
 -0.17186E+03 -0.19154E+03 -0.20611E+03 -0.21999E+03 -0.23929E+03 -0.26493E+03
 -0.28776E+03 -0.29569E+03 -0.28746E+03 -0.27589E+03 -0.27471E+03 -0.28364E+03
 -0.28705E+03 -0.26540E+03 -0.20964E+03 -0.12998E+03 -0.53010E+02 -0.47022E+01
  0.89945E+01  0.48013E+01  0.45538E+01  0.17261E+02  0.37944E+02  0.58081E+02
  0.72186E+02  0.77894E+02  0.75557E+02  0.67799E+02  0.56695E+02  0.42769E+02
  0.28697E+02  0.19557E+02  0.14716E+02  0.39740E+01 -0.19744E+02 -0.46054E+02
 -0.55630E+02 -0.44653E+02 -0.30796E+02 -0.29796E+02 -0.35494E+02 -0.31027E+02
 -0.13056E+02  0.57022E+01  0.15797E+02  0.21875E+02  0.31556E+02  0.41468E+02
  0.39086E+02  0.15083E+02 -0.28702E+02 -0.80447E+02 -0.12512E+03 -0.15294E+03
 -0.16490E+03 -0.16981E+03 -0.17498E+03 -0.18102E+03 -0.18545E+03 -0.18769E+03
 -0.18840E+03 -0.18686E+03 -0.18209E+03 -0.17559E+03 -0.16968E+03 -0.16378E+03
 -0.15493E+03 -0.14261E+03 -0.13075E+03 -0.12360E+03 -0.12106E+03 -0.11935E+03
 -0.11636E+03 -0.11488E+03 -0.11982E+03 -0.13263E+03 -0.15083E+03 -0.17331E+03
 -0.20257E+03 -0.23749E+03 -0.26508E+03 -0.26635E+03 -0.23433E+03 -0.18389E+03
 -0.14002E+03 -0.11704E+03 -0.11145E+03 -0.11199E+03 -0.11160E+03 -0.10898E+03
 -0.10416E+03 -0.96188E+02 -0.84237E+02 -0.68993E+02 -0.53483E+02 -0.43061E+02
 -0.42675E+02 -0.52733E+02 -0.68473E+02 -0.84330E+02 -0.97985E+02 -0.10945E+03
 -0.11825E+03 -0.12381E+03 -0.12750E+03 -0.13223E+03 -0.13998E+03 -0.15112E+03
 -0.16558E+03 -0.18208E+03 -0.19629E+03 -0.20234E+03 -0.19806E+03 -0.18719E+03
 -0.17494E+03 -0.16231E+03 -0.14684E+03 -0.12798E+03 -0.10834E+03 -0.87664E+02
 -0.58692E+02 -0.14610E+02  0.37187E+02  0.72596E+02  0.67770E+02  0.21215E+02
 -0.42170E+02 -0.90309E+02 -0.10749E+03 -0.10073E+03 -0.87241E+02 -0.78861E+02
 -0.76539E+02 -0.75431E+02 -0.72849E+02 -0.71758E+02 -0.77308E+02 -0.90515E+02
 -0.10646E+03 -0.11973E+03 -0.13048E+03 -0.14248E+03 -0.15563E+03 -0.16339E+03
 -0.15932E+03 -0.14465E+03 -0.12779E+03 -0.11681E+03 -0.11312E+03 -0.11089E+03
 -0.10155E+03 -0.80540E+02 -0.51777E+02 -0.25379E+02 -0.92094E+01 -0.24664E+01
  0.17515E+01  0.84471E+01  0.17066E+02  0.24875E+02  0.31277E+02  0.37699E+02
  0.44912E+02  0.52149E+02  0.58195E+02  0.62227E+02  0.63987E+02  0.63893E+02
  0.63097E+02  0.63010E+02  0.64846E+02  0.69564E+02  0.77666E+02  0.88668E+02
  0.10146E+03  0.11547E+03  0.13081E+03  0.14692E+03  0.16183E+03  0.17390E+03
  0.18361E+03  0.19281E+03  0.20208E+03  0.21002E+03  0.21529E+03  0.21826E+03
  0.22040E+03  0.22207E+03  0.22139E+03  0.21524E+03  0.20140E+03  0.18081E+03
  0.15771E+03  0.13724E+03  0.12197E+03  0.11091E+03  0.10203E+03  0.94876E+02
  0.89991E+02  0.86269E+02  0.81762E+02  0.78012E+02  0.81789E+02  0.98349E+02
  0.12210E+03  0.13664E+03  0.12799E+03  0.98911E+02  0.68078E+02  0.53780E+02
  0.58471E+02  0.69528E+02  0.74019E+02  0.70680E+02  0.67722E+02  0.71462E+02
  0.79888E+02  0.87654E+02  0.94472E+02  0.10531E+03  0.12217E+03  0.13880E+03
  0.14610E+03  0.14172E+03  0.13160E+03  0.12257E+03  0.11634E+03  0.11192E+03
  0.11030E+03  0.11360E+03  0.12068E+03  0.12686E+03  0.12877E+03  0.12757E+03
  0.12680E+03  0.12849E+03  0.13186E+03  0.13433E+03  0.13330E+03  0.12796E+03
  0.12020E+03  0.11270E+03  0.10597E+03  0.98301E+02  0.89340E+02  0.81859E+02
  0.78445E+02  0.77846E+02  0.76487E+02  0.72705E+02  0.67727E+02  0.62670E+02
  0.56868E+02  0.49509E+02  0.41070E+02  0.32219E+02  0.22775E+02  0.12652E+02
  0.25964E+01 -0.67883E+01 -0.15630E+02 -0.23708E+02 -0.29960E+02 -0.33846E+02
 -0.36072E+02 -0.36688E+02 -0.33940E+02 -0.26454E+02 -0.15015E+02 -0.22913E+00
  0.20112E+02  0.47504E+02  0.76391E+02  0.95369E+02  0.97173E+02  0.85671E+02
  0.70999E+02  0.59634E+02  0.51327E+02  0.44135E+02  0.38617E+02  0.36427E+02
  0.37535E+02  0.40471E+02  0.44135E+02  0.48042E+02  0.51657E+02  0.54534E+02
  0.56375E+02  0.56299E+02  0.52567E+02  0.44112E+02  0.32115E+02  0.19183E+02
  0.69240E+01 -0.48649E+01 -0.16446E+02 -0.26418E+02 -0.32359E+02 -0.32948E+02
 -0.29302E+02 -0.24430E+02 -0.21439E+02 -0.21884E+02 -0.25046E+02 -0.28885E+02
 -0.32236E+02 -0.36307E+02 -0.43689E+02 -0.55311E+02 -0.68940E+02 -0.81240E+02
 -0.90635E+02 -0.97094E+02 -0.99617E+02 -0.96591E+02 -0.89074E+02 -0.80981E+02
 -0.73519E+02 -0.61607E+02 -0.39895E+02 -0.12330E+02  0.84230E+01  0.13278E+02
  0.63304E+01 -0.24747E+00  0.71915E+00  0.53712E+01  0.48374E+01 -0.56045E+01
 -0.23122E+02 -0.40840E+02 -0.53879E+02 -0.62940E+02 -0.72232E+02 -0.83613E+02
 -0.93989E+02 -0.99640E+02 -0.10082E+03 -0.98565E+02 -0.87987E+02 -0.60672E+02
 -0.16940E+02  0.27835E+02  0.54007E+02  0.54700E+02  0.39792E+02  0.24015E+02
  0.14199E+02  0.79128E+01 -0.21842E+00 -0.13429E+02 -0.31624E+02 -0.52093E+02
 -0.71044E+02 -0.85665E+02 -0.94875E+02 -0.97963E+02 -0.93786E+02 -0.82219E+02
 -0.65288E+02 -0.45451E+02 -0.23464E+02  0.14906E+00  0.22083E+02  0.37001E+02
  0.42155E+02  0.40062E+02  0.35748E+02  0.32154E+02  0.28793E+02  0.23615E+02
  0.14645E+02  0.59540E+00 -0.18016E+02 -0.37794E+02 -0.53760E+02 -0.62915E+02
 -0.65949E+02 -0.64701E+02 -0.58416E+02 -0.44193E+02 -0.21616E+02  0.46118E+01
  0.28046E+02  0.45990E+02  0.60047E+02  0.71775E+02  0.80049E+02  0.83357E+02
  0.82057E+02  0.75397E+02  0.57859E+02  0.23183E+02 -0.26003E+02 -0.75124E+02
 -0.10793E+03 -0.12016E+03 -0.12131E+03 -0.12304E+03 -0.12797E+03 -0.13038E+03
 -0.12463E+03 -0.10970E+03 -0.86397E+02 -0.54560E+02 -0.15625E+02  0.23786E+02
  0.54027E+02  0.69019E+02  0.69595E+02  0.60019E+02  0.43230E+02  0.20929E+02
 -0.30214E+01 -0.22065E+02 -0.31041E+02 -0.30286E+02 -0.24959E+02 -0.20547E+02
 -0.19084E+02 -0.18812E+02 -0.16455E+02 -0.94892E+01  0.28949E+01  0.20191E+02
  0.40698E+02  0.60906E+02  0.75821E+02  0.81578E+02  0.78748E+02  0.72031E+02
  0.65521E+02  0.58613E+02  0.47394E+02  0.29844E+02  0.86698E+01 -0.11058E+02
 -0.26036E+02 -0.36314E+02 -0.43972E+02 -0.50857E+02 -0.56991E+02 -0.60063E+02
 -0.56593E+02 -0.44470E+02 -0.24952E+02 -0.21581E+01  0.19313E+02  0.36247E+02
  0.47221E+02  0.52371E+02  0.53002E+02  0.50602E+02  0.45731E+02  0.38168E+02
  0.28385E+02  0.18113E+02  0.87158E+01 -0.50771E+00 -0.10964E+02 -0.21421E+02
 -0.27697E+02 -0.26821E+02 -0.20641E+02 -0.14043E+02 -0.99468E+01 -0.75172E+01
 -0.47362E+01 -0.32382E+00  0.70654E+01  0.18617E+02  0.31795E+02  0.39167E+02
  0.34481E+02  0.20428E+02  0.72514E+01  0.24345E+01  0.38523E+01  0.46916E+01
  0.26499E+01  0.12210E+01  0.25493E+01  0.28713E+01 -0.32202E+01 -0.15623E+02
 -0.27948E+02 -0.33658E+02 -0.31811E+02 -0.26928E+02 -0.24010E+02 -0.24080E+02
 -0.23937E+02 -0.19970E+02 -0.12330E+02 -0.55169E+01 -0.43310E+01 -0.88502E+01
 -0.13643E+02 -0.12731E+02 -0.54116E+01  0.32115E+01  0.75470E+01  0.67326E+01
  0.41135E+01  0.26142E+01  0.21687E+01  0.19014E+01  0.30342E+01  0.80490E+01
  0.17464E+02  0.28797E+02  0.38838E+02  0.45854E+02  0.49350E+02  0.49107E+02
  0.45423E+02  0.39946E+02  0.35189E+02  0.32969E+02  0.33376E+02  0.34925E+02
  0.35522E+02  0.33654E+02  0.29451E+02  0.24624E+02  0.20850E+02  0.18554E+02
  0.17483E+02  0.17777E+02  0.19231E+02  0.19530E+02  0.15066E+02  0.49625E+01
 -0.62415E+01 -0.11528E+02 -0.76732E+01  0.17367E+01  0.95749E+01  0.10916E+02
  0.52789E+01 -0.52941E+01 -0.18553E+02 -0.32074E+02 -0.42547E+02 -0.46796E+02
 -0.44133E+02 -0.37193E+02 -0.30111E+02 -0.25833E+02 -0.25028E+02 -0.26753E+02
 -0.29358E+02 -0.31000E+02 -0.30182E+02 -0.26244E+02 -0.19710E+02 -0.12151E+02
 -0.58315E+01 -0.29882E+01 -0.45403E+01 -0.90821E+01 -0.13598E+02 -0.15859E+02
 -0.16250E+02 -0.17081E+02 -0.20098E+02 -0.24972E+02 -0.30043E+02 -0.34030E+02
 -0.36660E+02 -0.38146E+02 -0.38423E+02 -0.37010E+02 -0.33429E+02 -0.27936E+02
 -0.22021E+02 -0.17951E+02 -0.17120E+02 -0.18619E+02 -0.19926E+02 -0.19251E+02
 -0.17034E+02 -0.15025E+02 -0.14361E+02 -0.15025E+02 -0.16534E+02 -0.18157E+02
 -0.18214E+02 -0.14472E+02 -0.63117E+01  0.33609E+01  0.93604E+01  0.80529E+01
  0.24925E+00 -0.95846E+01 -0.16787E+02 -0.19434E+02 -0.18508E+02 -0.16088E+02
 -0.13459E+02 -0.10902E+02 -0.85233E+01 -0.69306E+01 -0.68379E+01 -0.83538E+01
 -0.10804E+02 -0.13350E+02 -0.15586E+02 -0.17774E+02 -0.20707E+02 -0.25163E+02
 -0.31163E+02 -0.37585E+02 -0.42655E+02 -0.45278E+02 -0.45870E+02 -0.46004E+02
 -0.46918E+02 -0.48130E+02 -0.47335E+02 -0.42187E+02 -0.32633E+02 -0.21560E+02
 -0.12869E+02 -0.86564E+01 -0.86296E+01 -0.11585E+02 -0.16584E+02 -0.22185E+02
 -0.25730E+02 -0.24697E+02 -0.18668E+02 -0.92560E+01  0.17628E+01  0.13169E+02
  0.22973E+02  0.27853E+02  0.25195E+02  0.15319E+02  0.99002E+00 -0.15137E+02
 -0.31456E+02 -0.46315E+02 -0.57143E+02 -0.61815E+02 -0.60298E+02 -0.54490E+02
 -0.46453E+02 -0.37173E+02 -0.26321E+02 -0.12913E+02  0.35426E+01  0.21505E+02
  0.36888E+02  0.45097E+02  0.44130E+02  0.35606E+02  0.22635E+02  0.73466E+01
 -0.90730E+01 -0.24700E+02 -0.36743E+02 -0.43616E+02 -0.46347E+02 -0.47230E+02
 -0.47436E+02 -0.46200E+02 -0.42243E+02 -0.35284E+02 -0.26170E+02 -0.16062E+02
 -0.55194E+01  0.58037E+01  0.18478E+02  0.32004E+02  0.43923E+02  0.51125E+02
  0.52385E+02  0.49745E+02  0.46926E+02  0.46483E+02  0.48481E+02  0.51426E+02
  0.53889E+02  0.55494E+02  0.56754E+02  0.58246E+02  0.59512E+02  0.58854E+02
  0.54719E+02  0.47810E+02  0.41126E+02  0.37425E+02  0.36625E+02  0.36205E+02
  0.34065E+02  0.30537E+02  0.27599E+02  0.26638E+02  0.27195E+02  0.27663E+02
  0.26595E+02  0.23597E+02  0.19480E+02  0.15696E+02  0.13324E+02  0.12309E+02
  0.11699E+02  0.10792E+02  0.10032E+02  0.10566E+02  0.12838E+02  0.15902E+02
  0.18383E+02  0.19910E+02  0.21343E+02  0.23317E+02  0.25095E+02  0.25021E+02
  0.21904E+02  0.15697E+02  0.75484E+01 -0.10605E+00 -0.40029E+01 -0.21298E+01
  0.38880E+01  0.94291E+01  0.11123E+02  0.10156E+02  0.10523E+02  0.14313E+02
  0.19687E+02  0.23549E+02  0.24934E+02  0.25080E+02  0.25280E+02  0.25849E+02
  0.26828E+02  0.28380E+02  0.30211E+02  0.31316E+02  0.30694E+02  0.28143E+02
  0.24002E+02  0.18783E+02  0.13272E+02  0.87795E+01  0.67586E+01  0.79649E+01
  0.12058E+02  0.17927E+02  0.24462E+02  0.31081E+02  0.37741E+02  0.44300E+02
  0.50037E+02  0.53727E+02  0.54301E+02  0.51506E+02  0.46037E+02  0.39471E+02
  0.33901E+02  0.31034E+02  0.31418E+02  0.34381E+02  0.38784E+02  0.43491E+02
  0.47342E+02  0.49434E+02  0.49884E+02  0.49922E+02  0.50659E+02  0.51983E+02
  0.52950E+02  0.53186E+02  0.53105E+02  0.53001E+02  0.52450E+02  0.50982E+02
  0.48627E+02  0.45468E+02  0.41101E+02  0.35125E+02  0.27875E+02  0.20256E+02
  0.12911E+02  0.61136E+01  0.35283E+00 -0.35384E+01 -0.51379E+01 -0.50693E+01
 -0.44894E+01 -0.42066E+01 -0.46210E+01 -0.60892E+01 -0.89863E+01 -0.13229E+02
 -0.18245E+02 -0.23429E+02 -0.28566E+02 -0.33399E+02 -0.37463E+02 -0.40556E+02
 -0.43382E+02 -0.47071E+02 -0.51933E+02 -0.57100E+02 -0.61551E+02 -0.65199E+02
 -0.68519E+02 -0.71553E+02 -0.73820E+02 -0.75198E+02 -0.76261E+02 -0.77486E+02
 -0.78484E+02 -0.78548E+02 -0.77568E+02 -0.76184E+02 -0.74765E+02 -0.72899E+02
 -0.69967E+02 -0.65868E+02 -0.60905E+02 -0.54955E+02 -0.47187E+02 -0.37081E+02
 -0.25652E+02 -0.15532E+02 -0.93199E+01 -0.77037E+01 -0.91786E+01 -0.11463E+02
 -0.12926E+02 -0.12900E+02 -0.11219E+02 -0.82570E+01 -0.52776E+01 -0.38822E+01
 -0.47856E+01 -0.69805E+01 -0.84909E+01 -0.79171E+01 -0.53309E+01 -0.20895E+01
  0.22204E+00  0.73611E+00 -0.40516E+00 -0.24635E+01 -0.48734E+01 -0.75158E+01
 -0.10479E+02 -0.13788E+02 -0.17436E+02 -0.21454E+02 -0.25662E+02 -0.29417E+02
 -0.31893E+02 -0.32576E+02 -0.31627E+02 -0.29869E+02 -0.28534E+02 -0.28556E+02
 -0.29722E+02 -0.30441E+02 -0.28980E+02 -0.25025E+02 -0.19968E+02 -0.15626E+02
 -0.12867E+02 -0.11639E+02 -0.11715E+02 -0.12976E+02 -0.14934E+02 -0.16522E+02
 -0.16717E+02 -0.15400E+02 -0.13624E+02 -0.12848E+02 -0.13967E+02 -0.16675E+02
 -0.19817E+02 -0.22121E+02 -0.22793E+02 -0.21594E+02 -0.18682E+02 -0.14721E+02
 -0.10944E+02 -0.86682E+01 -0.86021E+01 -0.10477E+02 -0.13411E+02 -0.16405E+02
 -0.18554E+02 -0.19083E+02 -0.17635E+02 -0.14466E+02 -0.10279E+02 -0.57469E+01
 -0.13032E+01  0.27584E+01  0.59628E+01  0.78629E+01  0.84891E+01  0.86027E+01
  0.93419E+01  0.11320E+02  0.14196E+02  0.17222E+02  0.20033E+02  0.22726E+02
  0.24983E+02  0.25835E+02  0.24460E+02  0.21174E+02  0.17173E+02  0.13499E+02
  0.10660E+02  0.91121E+01  0.94102E+01  0.11358E+02  0.13610E+02  0.14658E+02
  0.14259E+02  0.13307E+02  0.12617E+02  0.12313E+02  0.12492E+02  0.13707E+02
  0.16232E+02  0.19502E+02  0.22765E+02  0.25975E+02  0.29405E+02  0.32650E+02
  0.34735E+02  0.35283E+02  0.34754E+02  0.33229E+02  0.29900E+02  0.24393E+02
  0.18379E+02  0.14687E+02  0.14645E+02  0.16902E+02  0.19111E+02  0.20046E+02
  0.19933E+02  0.19052E+02  0.17336E+02  0.15169E+02  0.13770E+02  0.14073E+02
  0.15604E+02  0.16961E+02  0.17246E+02  0.16526E+02  0.14948E+02  0.12084E+02
  0.75758E+01  0.18949E+01 -0.37443E+01 -0.81389E+01 -0.10295E+02 -0.94433E+01
 -0.56866E+01 -0.85779E+00  0.23276E+01  0.25474E+01  0.96315E+00 -0.31749E+00
 -0.68710E+00 -0.10865E+01 -0.19682E+01 -0.23498E+01 -0.14392E+01 -0.33220E+00
 -0.10949E+01 -0.40966E+01 -0.72829E+01 -0.82418E+01 -0.67363E+01 -0.47658E+01
 -0.44032E+01 -0.60174E+01 -0.83823E+01 -0.10062E+02 -0.10640E+02 -0.10641E+02
 -0.10701E+02 -0.10934E+02 -0.11250E+02 -0.12025E+02 -0.14044E+02 -0.17547E+02
 -0.21358E+02 -0.23461E+02 -0.22318E+02 -0.17883E+02 -0.11542E+02 -0.54760E+01
 -0.19218E+01 -0.23574E+01 -0.66217E+01 -0.12821E+02 -0.18402E+02 -0.21606E+02
 -0.22202E+02 -0.20977E+02 -0.18739E+02 -0.15781E+02 -0.12197E+02 -0.83695E+01
 -0.49108E+01 -0.20417E+01  0.63681E+00  0.35057E+01  0.63511E+01  0.90175E+01
  0.12274E+02  0.17250E+02  0.23406E+02  0.27925E+02  0.27995E+02  0.23647E+02
  0.17513E+02  0.11896E+02  0.69707E+01  0.20513E+01 -0.25413E+01 -0.54723E+01
 -0.60627E+01 -0.50105E+01 -0.38269E+01 -0.40842E+01 -0.67531E+01 -0.11286E+02
 -0.15211E+02 -0.15724E+02 -0.12224E+02 -0.69497E+01 -0.26936E+01 -0.41506E+00
  0.62650E+00  0.99377E+00  0.28377E+00 -0.19387E+01 -0.53818E+01 -0.92954E+01
 -0.12971E+02 -0.15586E+02 -0.16273E+02 -0.14791E+02 -0.12054E+02 -0.94117E+01
 -0.76621E+01 -0.67761E+01 -0.65221E+01 -0.67851E+01 -0.73765E+01 -0.79732E+01
 -0.83381E+01 -0.83997E+01 -0.79726E+01 -0.66461E+01 -0.42957E+01 -0.14623E+01
  0.10012E+01  0.26785E+01  0.37187E+01  0.44201E+01  0.48295E+01  0.49950E+01
  0.52432E+01  0.58011E+01  0.62338E+01  0.56788E+01  0.38070E+01  0.14474E+01
 -0.17326E+00 -0.57985E+00 -0.87700E-01  0.11611E+01  0.35539E+01  0.72499E+01
  0.11512E+02  0.15374E+02  0.18743E+02  0.22302E+02  0.26272E+02  0.29712E+02
  0.31258E+02  0.30411E+02  0.27891E+02  0.24953E+02  0.22373E+02  0.20150E+02
  0.17862E+02  0.15408E+02  0.13256E+02  0.11920E+02  0.11175E+02  0.10119E+02
  0.80624E+01  0.51789E+01  0.21171E+01 -0.84993E+00 -0.38417E+01 -0.66715E+01
 -0.86083E+01 -0.90156E+01 -0.82307E+01 -0.74289E+01 -0.75260E+01 -0.81586E+01
 -0.80296E+01 -0.61436E+01 -0.28048E+01  0.72451E+00  0.34142E+01  0.51750E+01
  0.66500E+01  0.85001E+01  0.11077E+02  0.14409E+02  0.18147E+02  0.21587E+02
  0.23950E+02  0.24841E+02  0.24387E+02  0.22986E+02  0.21072E+02  0.19058E+02
  0.17306E+02  0.15958E+02  0.14784E+02  0.13382E+02  0.11749E+02  0.10348E+02
  0.95841E+01  0.91775E+01  0.84966E+01  0.74536E+01  0.65103E+01  0.55982E+01
  0.34881E+01 -0.74743E+00 -0.61497E+01 -0.10481E+02 -0.12661E+02 -0.13806E+02
 -0.15338E+02 -0.16959E+02 -0.17390E+02 -0.16498E+02 -0.15684E+02 -0.16007E+02
 -0.17039E+02 -0.17880E+02 -0.18626E+02 -0.20147E+02 -0.22732E+02 -0.25491E+02
 -0.26993E+02 -0.26286E+02 -0.23608E+02 -0.20490E+02 -0.19008E+02 -0.20308E+02
 -0.23615E+02 -0.27028E+02 -0.29281E+02 -0.30526E+02 -0.31374E+02 -0.31721E+02
 -0.30871E+02 -0.28466E+02 -0.24830E+02 -0.20460E+02 -0.15710E+02 -0.11198E+02
 -0.79726E+01 -0.68129E+01 -0.73088E+01 -0.79590E+01 -0.72818E+01 -0.48783E+01
 -0.14199E+01  0.21638E+01  0.52764E+01  0.77519E+01  0.95606E+01  0.10673E+02
  0.10993E+02  0.10396E+02  0.90254E+01  0.73624E+01  0.59920E+01  0.50672E+01
  0.40895E+01  0.24209E+01  0.67459E-01 -0.19346E+01 -0.22574E+01 -0.59737E+00
  0.15628E+01  0.19724E+01 -0.32732E+00 -0.40201E+01 -0.67253E+01 -0.71849E+01
 -0.61377E+01 -0.51209E+01 -0.50268E+01 -0.58259E+01 -0.72683E+01 -0.94011E+01
 -0.12332E+02 -0.15376E+02 -0.16812E+02 -0.14783E+02 -0.91271E+01 -0.23162E+01
  0.21546E+01  0.27906E+01  0.12116E+01 -0.81602E-01 -0.45191E+00 -0.11913E+01
 -0.31573E+01 -0.54810E+01 -0.67558E+01 -0.67629E+01 -0.63054E+01 -0.59547E+01
 -0.55152E+01 -0.47362E+01 -0.37370E+01 -0.26955E+01 -0.13689E+01  0.64914E+00
  0.32796E+01  0.58513E+01  0.74939E+01  0.78977E+01  0.75102E+01  0.71644E+01
  0.73419E+01  0.78348E+01  0.80370E+01  0.75717E+01  0.66298E+01  0.57481E+01
  0.53960E+01  0.58124E+01  0.70796E+01  0.92108E+01  0.11896E+02  0.14342E+02
  0.15681E+02  0.15782E+02  0.15579E+02  0.16227E+02  0.17810E+02  0.19198E+02
  0.19358E+02  0.18565E+02  0.17957E+02  0.18159E+02  0.18742E+02  0.18974E+02
  0.18616E+02  0.17704E+02  0.16221E+02  0.14453E+02  0.13308E+02  0.13606E+02
  0.14940E+02  0.15844E+02  0.15273E+02  0.13521E+02  0.11592E+02  0.10001E+02
  0.86555E+01  0.76010E+01  0.71244E+01  0.73205E+01  0.77375E+01  0.78975E+01
  0.78619E+01  0.81536E+01  0.92013E+01  0.10815E+02  0.12155E+02  0.12255E+02
  0.10719E+02  0.81581E+01  0.58779E+01  0.48772E+01  0.52225E+01  0.62406E+01
  0.72709E+01  0.80626E+01  0.85390E+01  0.84854E+01  0.77947E+01  0.69491E+01
  0.67884E+01  0.75745E+01  0.85213E+01  0.86285E+01  0.79438E+01  0.74855E+01
  0.79144E+01  0.88552E+01  0.97070E+01  0.10469E+02  0.10928E+02  0.96003E+01
  0.47893E+01 -0.30586E+01 -0.10847E+02 -0.15563E+02 -0.16915E+02 -0.16878E+02
 -0.17033E+02 -0.17074E+02 -0.15990E+02 -0.13548E+02 -0.10439E+02 -0.76404E+01
 -0.59495E+01 -0.56034E+01 -0.61329E+01 -0.65315E+01 -0.60785E+01 -0.45775E+01
 -0.19748E+01  0.17651E+01  0.60646E+01  0.96021E+01  0.11300E+02  0.11294E+02
  0.10420E+02  0.90679E+01  0.71701E+01  0.48960E+01  0.25915E+01 -0.99115E-02
 -0.35758E+01 -0.79634E+01 -0.12030E+02 -0.15084E+02 -0.17763E+02 -0.20680E+02
 -0.22954E+02 -0.23042E+02 -0.20827E+02 -0.17718E+02 -0.14805E+02 -0.11928E+02
 -0.88665E+01 -0.65137E+01 -0.59473E+01 -0.70423E+01 -0.87742E+01 -0.10554E+02
 -0.12464E+02 -0.14399E+02 -0.15970E+02 -0.17266E+02 -0.18868E+02 -0.20659E+02
 -0.21599E+02 -0.21062E+02 -0.19799E+02 -0.18738E+02 -0.17409E+02 -0.14342E+02
 -0.88980E+01 -0.19718E+01  0.51449E+01  0.11731E+02  0.17211E+02  0.20546E+02
  0.20905E+02  0.18703E+02  0.15792E+02  0.14251E+02  0.15044E+02  0.17433E+02
  0.19542E+02  0.19811E+02  0.18127E+02  0.15663E+02  0.13467E+02  0.11563E+02
  0.95931E+01  0.77187E+01  0.64516E+01  0.58338E+01  0.53348E+01  0.48539E+01
  0.49326E+01  0.58508E+01  0.66798E+01  0.59724E+01  0.32526E+01 -0.43190E+00
 -0.34733E+01 -0.47105E+01 -0.36910E+01 -0.42646E+00  0.44636E+01  0.96159E+01
  0.13410E+02  0.14757E+02  0.13651E+02  0.11056E+02  0.86819E+01  0.84871E+01
  0.11495E+02  0.16689E+02  0.21294E+02  0.23028E+02  0.21993E+02  0.20179E+02
  0.19143E+02  0.18699E+02  0.18069E+02  0.17410E+02  0.17524E+02  0.18390E+02
  0.18730E+02  0.17624E+02  0.15804E+02  0.14900E+02  0.15515E+02  0.16589E+02
  0.16900E+02  0.16633E+02  0.16921E+02  0.18042E+02  0.18734E+02  0.17462E+02
  0.14075E+02  0.97177E+01  0.53966E+01  0.12598E+01 -0.25614E+01 -0.52393E+01
 -0.59819E+01 -0.52181E+01 -0.43828E+01 -0.42680E+01 -0.41949E+01 -0.28296E+01
  0.35779E+00  0.47301E+01  0.90786E+01  0.12325E+02  0.13774E+02  0.13383E+02
  0.11908E+02  0.10683E+02  0.10697E+02  0.11901E+02  0.13279E+02  0.13852E+02
  0.13615E+02  0.13409E+02  0.13869E+02  0.14621E+02  0.14653E+02  0.13338E+02
  0.10780E+02  0.72498E+01  0.28574E+01 -0.19521E+01 -0.59219E+01 -0.77126E+01
 -0.72225E+01 -0.59941E+01 -0.61055E+01 -0.86046E+01 -0.12783E+02 -0.16675E+02
 -0.18519E+02 -0.17910E+02 -0.15896E+02 -0.13876E+02 -0.12314E+02 -0.10823E+02
 -0.90711E+01 -0.73307E+01 -0.60782E+01 -0.54630E+01 -0.54789E+01 -0.62931E+01
 -0.78577E+01 -0.93027E+01 -0.93006E+01 -0.72691E+01 -0.41104E+01 -0.15309E+01
 -0.54024E+00 -0.84218E+00 -0.13527E+01 -0.13039E+01 -0.81955E+00 -0.57984E+00
 -0.11674E+01 -0.25230E+01 -0.40333E+01 -0.50381E+01 -0.53224E+01 -0.52128E+01
 -0.51287E+01 -0.51506E+01 -0.49462E+01 -0.42243E+01 -0.31445E+01 -0.23929E+01
 -0.26828E+01 -0.41338E+01 -0.59836E+01 -0.69584E+01 -0.63908E+01 -0.48055E+01
 -0.34762E+01 -0.31647E+01 -0.36393E+01 -0.45839E+01 -0.65535E+01 -0.10327E+02
 -0.15321E+02 -0.19238E+02 -0.20070E+02 -0.18168E+02 -0.15868E+02 -0.15045E+02
 -0.15412E+02 -0.15351E+02 -0.13998E+02 -0.12150E+02 -0.11183E+02 -0.11605E+02
 -0.12753E+02 -0.13644E+02 -0.13946E+02 -0.13843E+02 -0.13473E+02 -0.12649E+02
 -0.11487E+02 -0.10973E+02 -0.12555E+02 -0.16835E+02 -0.22698E+02 -0.27728E+02
 -0.29733E+02 -0.28130E+02 -0.24223E+02 -0.20214E+02 -0.17675E+02 -0.16715E+02
 -0.16398E+02 -0.15955E+02 -0.15347E+02 -0.14773E+02 -0.13956E+02 -0.12460E+02
 -0.10565E+02 -0.93370E+01 -0.94189E+01 -0.10061E+02 -0.96898E+01 -0.76103E+01
 -0.47387E+01 -0.26413E+01 -0.21218E+01 -0.27099E+01 -0.33992E+01 -0.33740E+01
 -0.23066E+01 -0.47722E+00  0.11141E+01  0.10856E+01 -0.14020E+01 -0.56699E+01
 -0.98310E+01 -0.12098E+02 -0.12025E+02 -0.10440E+02 -0.84264E+01 -0.64538E+01
 -0.43507E+01 -0.16222E+01  0.21423E+01  0.67822E+01  0.11154E+02  0.13430E+02
  0.12455E+02  0.89963E+01  0.55439E+01  0.44615E+01  0.63919E+01  0.10138E+02
  0.13814E+02  0.16042E+02  0.16276E+02  0.14681E+02  0.11848E+02  0.86213E+01
  0.58416E+01  0.41278E+01  0.35874E+01  0.38622E+01  0.44647E+01  0.52213E+01
  0.62177E+01  0.72244E+01  0.74342E+01  0.62268E+01  0.41434E+01  0.27215E+01
  0.29904E+01  0.44441E+01  0.57611E+01  0.62562E+01  0.61148E+01  0.54662E+01
  0.39133E+01  0.12526E+01 -0.19379E+01 -0.49142E+01 -0.76109E+01 -0.10320E+02
 -0.12742E+02 -0.13932E+02 -0.13473E+02 -0.12114E+02 -0.11059E+02 -0.10778E+02
 -0.10998E+02 -0.11378E+02 -0.11818E+02 -0.12020E+02 -0.11376E+02 -0.94462E+01
 -0.63729E+01 -0.27397E+01  0.58337E+00  0.24897E+01  0.20919E+01 -0.51569E+00
 -0.39568E+01 -0.66356E+01 -0.79035E+01 -0.80931E+01 -0.74015E+01 -0.55314E+01
 -0.24284E+01  0.91866E+00  0.30450E+01  0.33136E+01  0.23317E+01  0.11770E+01
  0.21298E+00 -0.10310E+01 -0.29299E+01 -0.48824E+01 -0.56024E+01 -0.44170E+01
 -0.20228E+01  0.18094E+00  0.13844E+01  0.17896E+01  0.17900E+01  0.13439E+01
  0.45113E+00 -0.19156E+00  0.41620E+00  0.25365E+01  0.53355E+01  0.74915E+01
  0.82067E+01  0.74448E+01  0.57002E+01  0.35449E+01  0.12944E+01 -0.95014E+00
 -0.29863E+01 -0.42245E+01 -0.42124E+01 -0.33606E+01 -0.29614E+01 -0.40746E+01
 -0.64622E+01 -0.87724E+01 -0.97010E+01 -0.89503E+01 -0.72591E+01 -0.58836E+01
 -0.59787E+01 -0.78900E+01 -0.10861E+02 -0.13427E+02 -0.14398E+02 -0.13665E+02
 -0.11980E+02 -0.10236E+02 -0.89728E+01 -0.84252E+01 -0.85798E+01 -0.90147E+01
 -0.88895E+01 -0.74302E+01 -0.45722E+01 -0.96979E+00  0.26328E+01  0.57467E+01
  0.78845E+01  0.83609E+01  0.69138E+01  0.42163E+01  0.14236E+01 -0.89286E+00
 -0.29591E+01 -0.50135E+01 -0.67107E+01 -0.78422E+01 -0.88546E+01 -0.10224E+02
 -0.11427E+02 -0.11207E+02 -0.90760E+01 -0.58722E+01 -0.27523E+01  0.40165E-01
  0.29935E+01  0.64111E+01  0.99776E+01  0.13002E+02  0.14818E+02  0.15068E+02
  0.14127E+02  0.13138E+02  0.13162E+02  0.14287E+02  0.15596E+02  0.16174E+02
  0.15715E+02  0.14386E+02  0.12469E+02  0.10533E+02  0.94729E+01  0.99013E+01
  0.11473E+02  0.13259E+02  0.14515E+02  0.15003E+02  0.14573E+02  0.13085E+02
  0.10929E+02  0.93441E+01  0.94746E+01  0.11224E+02  0.13303E+02  0.14648E+02
  0.15326E+02  0.15981E+02  0.16617E+02  0.16527E+02  0.15306E+02  0.13501E+02
  0.12012E+02  0.10963E+02  0.96764E+01  0.76213E+01  0.51500E+01  0.32259E+01
  0.26062E+01  0.35223E+01  0.56590E+01  0.83265E+01  0.10541E+02  0.11344E+02
  0.10319E+02  0.77699E+01  0.44227E+01  0.10813E+01 -0.14618E+01 -0.24747E+01
 -0.16299E+01  0.53681E+00  0.26618E+01  0.34291E+01  0.26125E+01  0.13673E+01
  0.13725E+01  0.35217E+01  0.72245E+01  0.10898E+02  0.13028E+02  0.13159E+02
  0.11907E+02  0.10454E+02  0.98036E+01  0.10178E+02  0.10987E+02  0.11331E+02
  0.10830E+02  0.99542E+01  0.95604E+01  0.10030E+02  0.10898E+02  0.11362E+02
  0.11051E+02  0.10228E+02  0.93286E+01  0.83985E+01  0.72365E+01  0.59792E+01
  0.53351E+01  0.60725E+01  0.81556E+01  0.10406E+02  0.11137E+02  0.94688E+01
  0.62044E+01  0.34227E+01  0.28917E+01  0.47962E+01  0.78497E+01  0.10546E+02
  0.12075E+02  0.12384E+02  0.11770E+02  0.10714E+02  0.98857E+01  0.98014E+01
  0.10562E+02  0.11997E+02  0.13883E+02  0.15888E+02  0.17317E+02  0.17512E+02
  0.16480E+02  0.14812E+02  0.12840E+02  0.10261E+02  0.68417E+01  0.31487E+01
  0.14644E+00 -0.17423E+01 -0.28569E+01 -0.36442E+01 -0.41991E+01 -0.44742E+01
 -0.44992E+01 -0.41729E+01 -0.33167E+01 -0.19781E+01 -0.54419E+00  0.75264E+00
  0.21090E+01  0.35547E+01  0.44349E+01  0.39870E+01  0.24138E+01  0.87624E+00
  0.17833E+00 -0.75511E-02 -0.39584E+00 -0.94490E+00 -0.10534E+01 -0.72711E+00
 -0.91895E+00 -0.23791E+01 -0.45717E+01 -0.61986E+01 -0.66464E+01 -0.66061E+01
 -0.71731E+01 -0.87404E+01 -0.10844E+02 -0.12792E+02 -0.14198E+02 -0.15135E+02
 -0.15911E+02 -0.16852E+02 -0.17950E+02 -0.18743E+02 -0.18678E+02 -0.17775E+02
 -0.16645E+02 -0.16003E+02 -0.16207E+02 -0.17191E+02 -0.18669E+02 -0.20189E+02
 -0.21268E+02 -0.21734E+02 -0.21967E+02 -0.22481E+02 -0.23286E+02 -0.23871E+02
 -0.23759E+02 -0.22939E+02 -0.21613E+02 -0.19815E+02 -0.17584E+02 -0.15233E+02
 -0.13329E+02 -0.12205E+02 -0.11772E+02 -0.11672E+02 -0.11495E+02 -0.10758E+02
 -0.91339E+01 -0.68605E+01 -0.48498E+01 -0.38564E+01 -0.36673E+01 -0.33115E+01
 -0.23721E+01 -0.17067E+01 -0.25239E+01 -0.47642E+01 -0.68019E+01 -0.69585E+01
 -0.50724E+01 -0.23463E+01  0.13514E+00  0.22241E+01  0.42289E+01  0.60141E+01
  0.69946E+01  0.68270E+01  0.57295E+01  0.41145E+01  0.21837E+01 -0.20926E-01
 -0.24220E+01 -0.47815E+01 -0.68016E+01 -0.80773E+01 -0.82039E+01 -0.71216E+01
 -0.53426E+01 -0.37126E+01 -0.27851E+01 -0.24233E+01 -0.20259E+01 -0.11520E+01
  0.13866E+00  0.13995E+01  0.23151E+01  0.29150E+01  0.35031E+01  0.41685E+01
  0.45303E+01  0.38917E+01  0.19728E+01 -0.66051E+00 -0.29604E+01 -0.43315E+01
 -0.50713E+01 -0.57933E+01 -0.65093E+01 -0.65345E+01 -0.54939E+01 -0.39056E+01
 -0.26864E+01 -0.21638E+01 -0.19986E+01 -0.19404E+01 -0.20849E+01 -0.23542E+01
 -0.23259E+01 -0.18213E+01 -0.13820E+01 -0.16693E+01 -0.25461E+01 -0.32978E+01
 -0.33827E+01 -0.27231E+01 -0.13133E+01  0.70979E+00  0.24590E+01  0.26898E+01
  0.11819E+01 -0.59404E+00 -0.94680E+00  0.16527E+00  0.12892E+01  0.14069E+01
  0.10065E+01  0.11242E+01  0.19743E+01  0.28720E+01  0.32875E+01  0.33932E+01
  0.36240E+01  0.40514E+01  0.44310E+01  0.46083E+01  0.48153E+01  0.53022E+01
  0.58783E+01  0.58174E+01  0.45835E+01  0.25099E+01  0.66864E+00 -0.77073E-01
  0.28475E+00  0.11766E+01  0.21398E+01  0.30317E+01  0.37687E+01  0.42199E+01
  0.43435E+01  0.40921E+01  0.33703E+01  0.21899E+01  0.92624E+00  0.10317E+00
 -0.15415E+00 -0.22097E+00 -0.46047E+00 -0.89654E+00 -0.14992E+01 -0.25724E+01
 -0.43718E+01 -0.64335E+01 -0.76320E+01 -0.71802E+01 -0.54311E+01 -0.35566E+01
 -0.23670E+01 -0.16895E+01 -0.88679E+00  0.13611E+00  0.69459E+00  0.68089E-01
 -0.16242E+01 -0.34177E+01 -0.44134E+01 -0.44444E+01 -0.38918E+01 -0.30655E+01
 -0.20305E+01 -0.99568E+00 -0.43707E+00 -0.52164E+00 -0.69551E+00 -0.11314E+00
  0.13921E+01  0.30701E+01  0.40516E+01  0.42943E+01  0.43645E+01  0.45721E+01
  0.47135E+01  0.47008E+01  0.50150E+01  0.62107E+01  0.80201E+01  0.93941E+01
  0.95482E+01  0.86181E+01  0.72177E+01  0.57875E+01  0.44407E+01  0.33083E+01
  0.25212E+01  0.18413E+01  0.76841E+00 -0.81049E+00 -0.23598E+01 -0.32123E+01
 -0.31955E+01 -0.26368E+01 -0.17744E+01 -0.56064E+00  0.11652E+01  0.33852E+01
  0.58196E+01  0.79087E+01  0.91285E+01  0.93299E+01  0.88823E+01  0.83276E+01
  0.79039E+01  0.75219E+01  0.71517E+01  0.71270E+01  0.77751E+01  0.89354E+01
  0.99351E+01  0.10220E+02  0.99452E+01  0.98130E+01  0.10265E+02  0.10842E+02
  0.10716E+02  0.96969E+01  0.85048E+01  0.77418E+01  0.70503E+01  0.57513E+01
  0.41429E+01  0.35526E+01  0.47308E+01  0.66116E+01  0.71467E+01  0.53000E+01
  0.20064E+01 -0.72154E+00 -0.15559E+01 -0.63369E+00  0.78869E+00  0.15740E+01
  0.14780E+01  0.96520E+00  0.39287E+00 -0.42950E+00 -0.16568E+01 -0.26460E+01
 -0.24025E+01 -0.78946E+00  0.96648E+00  0.13707E+01  0.23872E+00 -0.11373E+01
 -0.13464E+01 -0.33467E+00  0.59362E+00  0.21786E+00 -0.13189E+01 -0.28201E+01
 -0.34340E+01 -0.35059E+01 -0.38340E+01 -0.44538E+01 -0.45318E+01 -0.35200E+01
 -0.18175E+01 -0.21623E+00  0.10099E+01  0.20931E+01  0.31347E+01  0.38310E+01
  0.38185E+01  0.29785E+01  0.14775E+01 -0.25561E+00 -0.14827E+01 -0.15605E+01
 -0.47121E+00  0.10467E+01  0.20706E+01  0.21595E+01  0.16053E+01  0.10929E+01
  0.11759E+01  0.19496E+01  0.29914E+01  0.37592E+01  0.39733E+01  0.37467E+01
  0.34606E+01  0.35555E+01  0.43175E+01  0.56156E+01  0.68239E+01  0.73121E+01
  0.70437E+01  0.65133E+01  0.60369E+01  0.55067E+01  0.47622E+01  0.38270E+01
  0.25763E+01  0.56357E+00 -0.22650E+01 -0.50102E+01 -0.64454E+01 -0.62371E+01
 -0.50761E+01 -0.37603E+01 -0.27601E+01 -0.23850E+01 -0.28496E+01 -0.36774E+01
 -0.38322E+01 -0.27367E+01 -0.87300E+00  0.96096E+00  0.25567E+01  0.40513E+01
  0.51707E+01  0.53731E+01  0.46288E+01  0.34260E+01  0.19909E+01  0.16885E+00
 -0.18676E+01 -0.33086E+01 -0.34097E+01 -0.22188E+01 -0.38471E+00  0.12469E+01
  0.18424E+01  0.10327E+01 -0.65230E+00 -0.20516E+01 -0.24802E+01 -0.21287E+01
 -0.11044E+01  0.10334E+01  0.41478E+01  0.64999E+01  0.60535E+01  0.30229E+01
 -0.16271E+00 -0.14963E+01 -0.13532E+01 -0.11982E+01 -0.15790E+01 -0.20013E+01
 -0.24362E+01 -0.35669E+01 -0.55736E+01 -0.75443E+01 -0.84610E+01 -0.82642E+01
 -0.76387E+01 -0.72216E+01 -0.71202E+01 -0.69653E+01 -0.63334E+01 -0.51420E+01
 -0.40823E+01 -0.41175E+01 -0.55345E+01 -0.75586E+01 -0.92079E+01 -0.10154E+02
 -0.10600E+02 -0.10605E+02 -0.10123E+02 -0.96104E+01 -0.99375E+01 -0.11355E+02
 -0.13051E+02 -0.13944E+02 -0.13687E+02 -0.12615E+02 -0.11060E+02 -0.92198E+01
 -0.76831E+01 -0.73255E+01 -0.83074E+01 -0.94204E+01 -0.91997E+01 -0.75854E+01
 -0.61677E+01 -0.64114E+01 -0.79709E+01 -0.90660E+01 -0.85713E+01 -0.71237E+01
 -0.61645E+01 -0.62532E+01 -0.67350E+01 -0.69130E+01 -0.68112E+01 -0.67630E+01
 -0.66255E+01 -0.59818E+01 -0.48378E+01 -0.37654E+01 -0.32646E+01 -0.31151E+01
 -0.26500E+01 -0.15001E+01 -0.10818E-01  0.11689E+01  0.17173E+01  0.18192E+01
  0.16770E+01  0.10524E+01 -0.36997E+00 -0.23045E+01 -0.38103E+01 -0.42442E+01
 -0.39459E+01 -0.37308E+01 -0.37479E+01 -0.33124E+01 -0.20017E+01 -0.45870E+00
  0.32808E+00  0.25141E+00  0.33554E+00  0.14320E+01  0.32012E+01  0.44346E+01
  0.44354E+01  0.36621E+01  0.30139E+01  0.27943E+01  0.25510E+01  0.17897E+01
  0.71274E+00 -0.96273E-01 -0.23836E+00  0.23285E+00  0.10496E+01  0.20805E+01
  0.32425E+01  0.43985E+01  0.54712E+01  0.65082E+01  0.74260E+01  0.78438E+01
  0.74159E+01  0.64224E+01  0.56909E+01  0.57632E+01  0.61214E+01  0.56460E+01
  0.38010E+01  0.12474E+01 -0.83587E+00 -0.17340E+01 -0.15306E+01 -0.55317E+00
  0.94229E+00  0.26582E+01  0.41775E+01  0.52920E+01  0.61682E+01  0.71160E+01
  0.80518E+01  0.85946E+01  0.85300E+01  0.80606E+01  0.75140E+01  0.69250E+01
  0.61286E+01  0.50634E+01  0.39866E+01  0.34755E+01  0.39826E+01  0.53353E+01
  0.66940E+01  0.71832E+01  0.67377E+01  0.59109E+01  0.50366E+01  0.37574E+01
  0.17279E+01 -0.61124E+00 -0.22417E+01 -0.25861E+01 -0.19956E+01 -0.11015E+01
 -0.11788E+00  0.10979E+01  0.25637E+01  0.38450E+01  0.43401E+01  0.38291E+01
  0.27702E+01  0.19972E+01  0.19923E+01  0.25232E+01  0.30304E+01  0.32577E+01
  0.33719E+01  0.34861E+01  0.34514E+01  0.31309E+01  0.26734E+01  0.23588E+01
  0.22527E+01  0.22418E+01  0.22131E+01  0.21248E+01  0.21318E+01  0.26330E+01
  0.39559E+01  0.58386E+01  0.73342E+01  0.77581E+01  0.74613E+01  0.73969E+01
  0.79458E+01  0.85958E+01  0.86802E+01  0.80561E+01  0.69079E+01  0.53131E+01
  0.33967E+01  0.15161E+01  0.10675E-01 -0.11317E+01 -0.19344E+01 -0.20227E+01
 -0.10035E+01  0.91486E+00  0.29047E+01  0.43051E+01  0.49015E+01  0.45393E+01
  0.29326E+01  0.36126E+00 -0.19839E+01 -0.28344E+01 -0.20176E+01 -0.45643E+00
  0.97355E+00  0.20524E+01  0.27560E+01  0.26379E+01  0.13824E+01 -0.34931E+00
 -0.12177E+01 -0.47843E+00  0.12732E+01  0.26973E+01  0.28353E+01  0.16930E+01
  0.20647E-01 -0.98470E+00 -0.30497E+00  0.20897E+01  0.48595E+01  0.63074E+01
  0.59630E+01  0.49993E+01  0.47740E+01  0.52632E+01  0.54784E+01  0.49494E+01
  0.42536E+01  0.39746E+01  0.38921E+01  0.35834E+01  0.32330E+01  0.32874E+01
  0.34789E+01  0.29736E+01  0.14680E+01 -0.49618E+00 -0.23770E+01 -0.41803E+01
 -0.58884E+01 -0.68344E+01 -0.62857E+01 -0.43497E+01 -0.19670E+01  0.52402E-01
  0.14288E+01  0.21619E+01  0.22166E+01  0.17583E+01  0.11877E+01  0.75972E+00
  0.32584E+00 -0.20343E+00 -0.51229E+00 -0.24359E+00  0.33482E+00  0.51414E+00
 -0.62717E-01 -0.88374E+00 -0.11629E+01 -0.77513E+00 -0.50056E+00 -0.12799E+01
 -0.32144E+01 -0.52861E+01 -0.62556E+01 -0.57850E+01 -0.45632E+01 -0.33541E+01
 -0.21804E+01 -0.72690E+00  0.73249E+00  0.12810E+01  0.38243E+00 -0.13259E+01
 -0.25282E+01 -0.25752E+01 -0.20626E+01 -0.22050E+01 -0.36931E+01 -0.60327E+01
 -0.78602E+01 -0.79609E+01 -0.63884E+01 -0.45896E+01 -0.42557E+01 -0.58392E+01
 -0.82265E+01 -0.98576E+01 -0.10000E+02 -0.88743E+01 -0.69146E+01 -0.43718E+01
 -0.15310E+01  0.10417E+01  0.27451E+01  0.31266E+01  0.18765E+01 -0.93967E+00
 -0.44703E+01 -0.71614E+01 -0.78995E+01 -0.68393E+01 -0.49574E+01 -0.28195E+01
 -0.38969E+00  0.22246E+01  0.45828E+01  0.66493E+01  0.91206E+01  0.12325E+02
  0.15278E+02  0.16594E+02  0.16172E+02  0.15439E+02  0.15779E+02  0.17125E+02
  0.18173E+02  0.17643E+02  0.15178E+02  0.11623E+02  0.83960E+01  0.64191E+01
  0.53474E+01  0.42220E+01  0.29716E+01  0.27096E+01  0.42102E+01  0.64907E+01
  0.78363E+01  0.77828E+01  0.73960E+01  0.75445E+01  0.77707E+01  0.70740E+01
  0.52935E+01  0.29830E+01  0.58323E+00 -0.16201E+01 -0.29600E+01 -0.27935E+01
 -0.15671E+01 -0.88843E+00 -0.19723E+01 -0.42293E+01 -0.57778E+01 -0.53374E+01
 -0.33072E+01 -0.11341E+01  0.20549E+00  0.79472E+00  0.12529E+01  0.19730E+01
  0.28778E+01  0.35860E+01  0.35499E+01  0.21383E+01 -0.85723E+00 -0.47817E+01
 -0.82299E+01 -0.10076E+02 -0.10255E+02 -0.95709E+01 -0.87795E+01 -0.81488E+01
 -0.78040E+01 -0.78342E+01 -0.80254E+01 -0.77103E+01 -0.64783E+01 -0.47878E+01
 -0.37225E+01 -0.38660E+01 -0.48134E+01 -0.57371E+01 -0.62379E+01 -0.63517E+01
 -0.60666E+01 -0.52992E+01 -0.41983E+01 -0.32403E+01 -0.28719E+01 -0.31406E+01
 -0.37369E+01 -0.41902E+01 -0.40243E+01 -0.29593E+01 -0.12274E+01  0.43907E+00
  0.13195E+01  0.12531E+01  0.53763E+00 -0.59462E+00 -0.20723E+01 -0.37346E+01
 -0.51349E+01 -0.59933E+01 -0.65480E+01 -0.71862E+01 -0.77410E+01 -0.74324E+01
 -0.56769E+01 -0.29567E+01 -0.56406E+00  0.35780E+00 -0.33996E+00 -0.18476E+01
 -0.31171E+01 -0.34696E+01 -0.28753E+01 -0.18583E+01 -0.12283E+01 -0.16463E+01
 -0.31660E+01 -0.51381E+01 -0.65804E+01 -0.67960E+01 -0.57077E+01 -0.37738E+01
 -0.17267E+01 -0.38827E+00 -0.30033E+00 -0.14450E+01 -0.32148E+01 -0.48657E+01
 -0.58793E+01 -0.59704E+01 -0.50486E+01 -0.34066E+01 -0.17229E+01 -0.52156E+00
  0.30462E+00  0.11367E+01  0.17544E+01  0.14254E+01  0.84008E-01 -0.11323E+01
 -0.97312E+00  0.54971E+00  0.23404E+01  0.35713E+01  0.43795E+01  0.51339E+01
  0.58232E+01  0.63930E+01  0.72070E+01  0.85093E+01  0.98353E+01  0.10316E+02
  0.96710E+01  0.84724E+01  0.73872E+01  0.64802E+01  0.55376E+01  0.46784E+01
  0.43728E+01  0.48532E+01  0.57386E+01  0.63798E+01  0.65089E+01  0.63819E+01
  0.62252E+01  0.56992E+01  0.41610E+01  0.15093E+01 -0.14223E+01 -0.35978E+01
 -0.48502E+01 -0.59002E+01 -0.73850E+01 -0.91138E+01 -0.10360E+02 -0.10732E+02
 -0.10400E+02 -0.97115E+01 -0.87789E+01 -0.76079E+01 -0.64132E+01 -0.54983E+01
 -0.48812E+01 -0.41450E+01 -0.29146E+01 -0.14044E+01 -0.31686E+00 -0.24169E+00
 -0.10358E+01 -0.20563E+01 -0.27016E+01 -0.29005E+01 -0.29325E+01 -0.31670E+01
 -0.37886E+01 -0.47495E+01 -0.57584E+01 -0.64514E+01 -0.66503E+01 -0.64681E+01
 -0.60415E+01 -0.54008E+01 -0.45873E+01 -0.37561E+01 -0.31273E+01 -0.27903E+01
 -0.26975E+01 -0.26880E+01 -0.25476E+01 -0.21629E+01 -0.17367E+01 -0.17868E+01
 -0.26646E+01 -0.41676E+01 -0.56647E+01 -0.67212E+01 -0.72953E+01 -0.76075E+01
 -0.77946E+01 -0.79282E+01 -0.80081E+01 -0.79392E+01 -0.76023E+01 -0.70273E+01
 -0.63570E+01 -0.54724E+01 -0.39983E+01 -0.17917E+01  0.64707E+00  0.24546E+01
  0.32141E+01  0.31698E+01  0.27921E+01  0.22892E+01  0.15006E+01  0.27130E+00
 -0.13093E+01 -0.28304E+01 -0.38155E+01 -0.41219E+01 -0.40949E+01 -0.42226E+01
 -0.47255E+01 -0.55023E+01 -0.64934E+01 -0.77645E+01 -0.91724E+01 -0.10241E+02
 -0.10572E+02 -0.10324E+02 -0.10059E+02 -0.10109E+02 -0.10356E+02 -0.10519E+02
 -0.10462E+02 -0.10209E+02 -0.98962E+01 -0.97207E+01 -0.98900E+01 -0.10446E+02
 -0.11087E+02 -0.11322E+02 -0.10854E+02 -0.98564E+01 -0.88945E+01 -0.84805E+01
 -0.86381E+01 -0.89148E+01 -0.88282E+01 -0.82773E+01 -0.74821E+01 -0.65203E+01
 -0.52726E+01 -0.37153E+01 -0.21580E+01 -0.99371E+00 -0.40100E+00 -0.20733E+00
 -0.10890E+00  0.18604E+00  0.79061E+00  0.15738E+01  0.22439E+01  0.26401E+01
  0.28873E+01  0.30811E+01  0.29949E+01  0.22895E+01  0.10482E+01 -0.26378E-01
 -0.19594E+00  0.64092E+00  0.19184E+01  0.28803E+01  0.31633E+01  0.28509E+01
  0.22706E+01  0.16903E+01  0.11337E+01  0.41047E+00 -0.70577E+00 -0.21614E+01
 -0.34861E+01 -0.40545E+01 -0.36880E+01 -0.28928E+01 -0.23358E+01 -0.21717E+01
 -0.20018E+01 -0.16413E+01 -0.14117E+01 -0.16943E+01 -0.22626E+01 -0.25570E+01
 -0.23694E+01 -0.20088E+01 -0.17669E+01 -0.16209E+01 -0.15580E+01 -0.18286E+01
 -0.25993E+01 -0.36559E+01 -0.46827E+01 -0.56797E+01 -0.67780E+01 -0.76916E+01
 -0.77418E+01 -0.65415E+01 -0.44897E+01 -0.24023E+01 -0.97567E+00 -0.51371E+00
 -0.10045E+01 -0.20015E+01 -0.26291E+01 -0.20302E+01 -0.13912E+00  0.21628E+01
  0.37919E+01  0.43552E+01  0.42039E+01  0.38264E+01  0.33714E+01  0.27914E+01
  0.21578E+01  0.16494E+01  0.13076E+01  0.10969E+01  0.10707E+01  0.13424E+01
  0.19295E+01  0.26716E+01  0.35149E+01  0.45011E+01  0.56064E+01  0.67355E+01
  0.78528E+01  0.91369E+01  0.10552E+02  0.11693E+02  0.12120E+02  0.11945E+02
  0.11710E+02  0.11738E+02  0.11825E+02  0.11585E+02  0.10952E+02  0.10104E+02
  0.91614E+01  0.81115E+01  0.70079E+01  0.59877E+01  0.51164E+01  0.43226E+01
  0.35465E+01  0.29135E+01  0.26020E+01  0.28204E+01  0.37595E+01  0.53773E+01
  0.71737E+01  0.83033E+01  0.83612E+01  0.77759E+01  0.74169E+01  0.76713E+01
  0.82116E+01  0.86151E+01  0.88093E+01  0.89390E+01  0.90145E+01  0.90253E+01
  0.91547E+01  0.96534E+01  0.10325E+02  0.10633E+02  0.10316E+02  0.97488E+01
  0.95331E+01  0.97460E+01  0.97924E+01  0.90527E+01  0.74853E+01  0.56083E+01
  0.38981E+01  0.24738E+01  0.13531E+01  0.73864E+00  0.87448E+00  0.13973E+01
  0.13843E+01  0.25189E+00 -0.15058E+01 -0.26857E+01 -0.25379E+01 -0.13241E+01
  0.13379E+00  0.10916E+01  0.10847E+01 -0.17747E-01 -0.18050E+01 -0.34135E+01
 -0.42419E+01 -0.44035E+01 -0.42970E+01 -0.39106E+01 -0.30003E+01 -0.19231E+01
 -0.15426E+01 -0.23233E+01 -0.37291E+01 -0.49085E+01 -0.56057E+01 -0.61957E+01
 -0.69821E+01 -0.78697E+01 -0.86263E+01 -0.90435E+01 -0.90319E+01 -0.86987E+01
 -0.83476E+01 -0.81751E+01 -0.80681E+01 -0.77526E+01 -0.71692E+01 -0.63416E+01
 -0.50674E+01 -0.31739E+01 -0.11077E+01  0.16073E+00  0.14291E+00 -0.52983E+00
 -0.82731E+00 -0.44611E+00  0.36431E-01  0.90284E-01 -0.18334E+00 -0.35570E+00
 -0.30175E+00 -0.21800E+00 -0.22945E+00 -0.17543E+00  0.17044E+00  0.81405E+00
  0.15709E+01  0.23158E+01  0.31501E+01  0.42226E+01  0.54856E+01  0.65522E+01
  0.69758E+01  0.66074E+01  0.57627E+01  0.49657E+01  0.46272E+01  0.48604E+01
  0.54867E+01  0.62440E+01  0.68763E+01  0.72524E+01  0.73490E+01  0.72489E+01
  0.70774E+01  0.69001E+01  0.67049E+01  0.65157E+01  0.64754E+01  0.66376E+01
  0.67879E+01  0.65930E+01  0.60527E+01  0.54648E+01  0.50913E+01  0.49738E+01
  0.50947E+01  0.55609E+01  0.63784E+01  0.74640E+01  0.89368E+01  0.10892E+02
  0.12740E+02  0.13337E+02  0.12381E+02  0.11114E+02  0.10860E+02  0.11369E+02
  0.11567E+02  0.11504E+02  0.12054E+02  0.12664E+02  0.11380E+02  0.79999E+01
  0.54481E+01  0.63381E+01  0.91746E+01  0.10273E+02  0.89304E+01  0.82185E+01
  0.10216E+02  0.12815E+02  0.12699E+02  0.10016E+02  0.79108E+01  0.80329E+01
  0.85003E+01  0.67587E+01  0.28854E+01 -0.73772E+00 -0.21994E+01 -0.18507E+01
 -0.14069E+01 -0.20585E+01 -0.33592E+01 -0.40167E+01 -0.35785E+01 -0.29677E+01
 -0.30237E+01 -0.31034E+01 -0.18552E+01  0.57191E+00  0.22787E+01  0.18300E+01
 -0.29980E-01 -0.15504E+01 -0.20467E+01 -0.20189E+01 -0.17528E+01 -0.10521E+01
 -0.83295E-01  0.41514E+00  0.23476E+00  0.11993E+00  0.66617E+00  0.16054E+01
  0.25030E+01  0.36091E+01  0.52333E+01  0.68991E+01  0.77672E+01  0.77599E+01
  0.74729E+01  0.70073E+01  0.58510E+01  0.39504E+01  0.20558E+01  0.82229E+00
  0.13065E+00 -0.20367E+00  0.12304E+00  0.11762E+01  0.22175E+01  0.25563E+01
  0.26034E+01  0.31625E+01  0.40135E+01  0.42274E+01  0.37685E+01  0.36848E+01
  0.44407E+01  0.50538E+01  0.44998E+01  0.31063E+01  0.18796E+01  0.92087E+00
 -0.40696E+00 -0.22350E+01 -0.38485E+01 -0.46938E+01 -0.48841E+01 -0.48243E+01
 -0.47108E+01 -0.46569E+01 -0.46743E+01 -0.45963E+01 -0.43338E+01 -0.42260E+01
 -0.46540E+01 -0.53083E+01 -0.53611E+01 -0.46755E+01 -0.42280E+01 -0.49952E+01
 -0.67865E+01 -0.86672E+01 -0.10065E+02 -0.11023E+02 -0.11676E+02 -0.11932E+02
 -0.11811E+02 -0.11583E+02 -0.11427E+02 -0.11264E+02 -0.10918E+02 -0.10285E+02
 -0.94554E+01 -0.87215E+01 -0.85648E+01 -0.92001E+01 -0.10276E+02 -0.11161E+02
 -0.11594E+02 -0.11764E+02 -0.11971E+02 -0.12273E+02 -0.12621E+02 -0.12839E+02
 -0.12492E+02 -0.11322E+02 -0.98012E+01 -0.89590E+01 -0.91648E+01 -0.96207E+01
 -0.92726E+01 -0.81623E+01 -0.72067E+01 -0.68822E+01 -0.67423E+01 -0.63344E+01
 -0.60097E+01 -0.63341E+01 -0.70812E+01 -0.73756E+01 -0.68661E+01 -0.62018E+01
 -0.61567E+01 -0.66117E+01 -0.67331E+01 -0.59971E+01 -0.47489E+01 -0.38163E+01
 -0.36934E+01 -0.42313E+01 -0.48705E+01 -0.51463E+01 -0.50947E+01 -0.50251E+01
 -0.49077E+01 -0.41711E+01 -0.25531E+01 -0.99461E+00 -0.97234E+00 -0.26947E+01
 -0.45181E+01 -0.47696E+01 -0.37109E+01 -0.30452E+01 -0.34989E+01 -0.38751E+01
 -0.27806E+01 -0.58421E+00  0.11179E+01  0.14803E+01  0.12413E+01  0.15205E+01
  0.24547E+01  0.33354E+01  0.36088E+01  0.33165E+01  0.27088E+01  0.19939E+01
  0.13684E+01  0.11063E+01  0.13503E+01  0.18028E+01  0.20588E+01  0.20053E+01
  0.19102E+01  0.19402E+01  0.17022E+01  0.63675E+00 -0.11671E+01 -0.27565E+01
 -0.31252E+01 -0.23386E+01 -0.15817E+01 -0.19680E+01 -0.33248E+01 -0.43957E+01
 -0.42221E+01 -0.31613E+01 -0.24099E+01 -0.24981E+01 -0.27768E+01 -0.25195E+01
 -0.21608E+01 -0.27132E+01 -0.40217E+01 -0.43358E+01 -0.24228E+01  0.53238E+00
  0.20049E+01  0.10361E+01 -0.67691E+00 -0.96082E+00  0.17856E+00  0.10738E+01
  0.83778E+00  0.43510E+00  0.87801E+00  0.15473E+01  0.10674E+01 -0.59142E+00
 -0.18274E+01 -0.12591E+01  0.72655E+00  0.24145E+01  0.22862E+01  0.21701E+00
 -0.24714E+01 -0.37843E+01 -0.27273E+01 -0.33036E+00  0.15843E+01  0.26357E+01
  0.40741E+01  0.62451E+01  0.73383E+01  0.56687E+01  0.21592E+01 -0.12787E+01
 -0.45562E+01 -0.80353E+01 -0.88409E+01 -0.20308E+01  0.12377E+02  0.26059E+02
  0.29303E+02  0.21215E+02  0.10799E+02  0.76173E+01  0.12761E+02  0.19089E+02
  0.18755E+02  0.10053E+02 -0.18506E+01 -0.98252E+01 -0.10754E+02 -0.73374E+01
 -0.39499E+01 -0.17593E+01  0.10140E+01  0.46937E+01  0.66995E+01  0.56457E+01
  0.47636E+01  0.85801E+01  0.16423E+02  0.21377E+02  0.16678E+02  0.26135E+01
 -0.12910E+02 -0.19906E+02 -0.13136E+02  0.40376E+01  0.21008E+02  0.26552E+02
  0.16948E+02 -0.10454E+01 -0.15706E+02 -0.19539E+02 -0.13786E+02 -0.47696E+01
  0.22754E+01  0.54441E+01  0.45639E+01  0.35495E+00 -0.43056E+01 -0.50367E+01
 -0.16455E+00  0.64585E+01  0.85621E+01  0.36274E+01 -0.52252E+01 -0.13220E+02
 -0.17834E+02 -0.18230E+02 -0.13244E+02 -0.25240E+01  0.10608E+02  0.19471E+02
  0.18759E+02  0.89122E+01 -0.40779E+01 -0.12912E+02 -0.13588E+02 -0.71423E+01

