  0.14343E+01  0.13771E+01  0.17724E+01  0.23523E+01  0.24677E+01  0.19341E+01
  0.13767E+01  0.13969E+01  0.17504E+01  0.17587E+01  0.14037E+01  0.14596E+01
  0.23968E+01  0.36377E+01  0.42176E+01  0.38864E+01  0.32694E+01  0.30276E+01
  0.31193E+01  0.29072E+01  0.20223E+01  0.91111E+00  0.55017E+00  0.13028E+01
  0.23769E+01  0.27246E+01  0.23994E+01  0.25446E+01  0.36962E+01  0.47108E+01
  0.40640E+01  0.18692E+01 -0.57772E-01 -0.41270E+00  0.23872E+00  0.62813E+00
  0.60062E+00  0.10020E+01  0.20047E+01  0.25726E+01  0.19081E+01  0.62431E+00
 -0.10464E-01  0.48020E+00  0.15305E+01  0.24618E+01  0.28989E+01  0.25677E+01
  0.13614E+01 -0.19629E+00 -0.11705E+01 -0.11800E+01 -0.80247E+00 -0.59767E+00
 -0.32138E+00  0.52071E+00  0.16544E+01  0.22642E+01  0.21415E+01  0.19356E+01
  0.21345E+01  0.23811E+01  0.21155E+01  0.14511E+01  0.91169E+00  0.46159E+00
 -0.42915E+00 -0.16653E+01 -0.21153E+01 -0.78496E+00  0.17065E+01  0.35013E+01
  0.34978E+01  0.23392E+01  0.13294E+01  0.74833E+00 -0.88741E-01 -0.13010E+01
 -0.19772E+01 -0.13793E+01 -0.72697E-01  0.78727E+00  0.83749E+00  0.69120E+00
  0.98546E+00  0.18872E+01  0.30926E+01  0.38157E+01  0.27940E+01 -0.44265E+00
 -0.41497E+01 -0.53201E+01 -0.27511E+01  0.15209E+01  0.44532E+01  0.51286E+01
  0.47264E+01  0.40384E+01  0.24452E+01 -0.42815E+00 -0.33194E+01 -0.44541E+01
 -0.34748E+01 -0.16679E+01 -0.40277E+00  0.16756E-01 -0.10326E-01 -0.22783E+00
 -0.64195E+00 -0.10143E+01 -0.83292E+00 -0.16919E+00 -0.10691E+00 -0.15093E+01
 -0.33584E+01 -0.33020E+01 -0.62558E+00  0.23784E+01  0.29112E+01  0.10145E+01
 -0.10727E+01 -0.23917E+01 -0.40442E+01 -0.63099E+01 -0.70991E+01 -0.47976E+01
 -0.97786E+00  0.14248E+01  0.18386E+01  0.19190E+01  0.21244E+01  0.90072E+00
 -0.22164E+01 -0.48929E+01 -0.49436E+01 -0.35828E+01 -0.37287E+01 -0.55359E+01
 -0.57709E+01 -0.23321E+01  0.23037E+01  0.34918E+01 -0.13145E+00 -0.51301E+01
 -0.73957E+01 -0.66244E+01 -0.57340E+01 -0.65465E+01 -0.76271E+01 -0.68379E+01
 -0.46255E+01 -0.34135E+01 -0.41366E+01 -0.47646E+01 -0.27904E+01  0.17500E+01
  0.62611E+01  0.80032E+01  0.58509E+01  0.42978E+00 -0.63669E+01 -0.11895E+02
 -0.13970E+02 -0.12538E+02 -0.97176E+01 -0.73442E+01 -0.47505E+01 -0.18590E+00
  0.55817E+01  0.86401E+01  0.63747E+01  0.11918E+01 -0.21273E+01 -0.22785E+01
 -0.20784E+01 -0.34801E+01 -0.46851E+01 -0.36456E+01 -0.15279E+01 -0.18449E+00
  0.13912E+01  0.48548E+01  0.83174E+01  0.81370E+01  0.44609E+01  0.11896E+01
  0.79882E-01 -0.11370E+01 -0.39020E+01 -0.60656E+01 -0.59665E+01 -0.55398E+01
 -0.66136E+01 -0.71040E+01 -0.43491E+01 -0.17091E+00  0.12203E+01 -0.82450E+00
 -0.33086E+01 -0.50493E+01 -0.78980E+01 -0.11663E+02 -0.12064E+02 -0.63669E+01
  0.12411E+01  0.32996E+01 -0.27223E+01 -0.12174E+02 -0.18779E+02 -0.20401E+02
 -0.18831E+02 -0.15866E+02 -0.11569E+02 -0.61580E+01 -0.14913E+01  0.74601E+00
  0.13816E+01  0.25533E+01  0.45580E+01  0.63491E+01  0.88127E+01  0.13760E+02
  0.18307E+02  0.14864E+02  0.73259E+00 -0.15376E+02 -0.21427E+02 -0.15248E+02
 -0.45309E+01  0.44951E+01  0.10925E+02  0.11411E+02 -0.15705E+01 -0.27670E+02
 -0.51639E+02 -0.56672E+02 -0.41995E+02 -0.19601E+02  0.31745E+01  0.26682E+02
  0.44944E+02  0.43775E+02  0.21135E+02 -0.37626E+01 -0.16139E+02 -0.30636E+02
 -0.68664E+02 -0.11341E+03 -0.11589E+03 -0.57846E+02  0.16091E+02  0.51313E+02
  0.48451E+02  0.43872E+02  0.38268E+02 -0.87413E+01 -0.10333E+03 -0.18138E+03
 -0.17718E+03 -0.98275E+02  0.59045E+00  0.88983E+02  0.15812E+03  0.16713E+03
  0.64975E+02 -0.11277E+03 -0.22995E+03 -0.18292E+03 -0.21249E+02  0.10788E+03
  0.11942E+03  0.52938E+02 -0.97999E+01 -0.33774E+02 -0.27920E+02 -0.52039E+01
  0.21538E+02  0.31452E+02  0.16304E+02 -0.36381E+01 -0.82293E+01 -0.91162E+01
 -0.26742E+02 -0.45451E+02 -0.24640E+02  0.40818E+02  0.99300E+02  0.97375E+02
  0.41866E+02 -0.85027E+01 -0.87883E+01  0.25910E+02  0.41188E+02  0.62001E+01
 -0.49671E+02 -0.69321E+02 -0.37219E+02 -0.17713E+01 -0.15455E+02 -0.64675E+02
 -0.83830E+02 -0.39391E+02  0.26330E+02  0.46993E+02  0.81102E+01 -0.45569E+02
 -0.64933E+02 -0.39727E+02  0.57545E+01  0.40512E+02  0.48634E+02  0.36065E+02
  0.19917E+02  0.80801E+01 -0.62458E+01 -0.25240E+02 -0.33795E+02 -0.20272E+02
 -0.17584E+01 -0.84386E+01 -0.42361E+02 -0.69304E+02 -0.56882E+02 -0.79345E+01
  0.46706E+02  0.75342E+02  0.62785E+02  0.17508E+02 -0.30133E+02 -0.49574E+02
 -0.38420E+02 -0.19530E+02 -0.73407E+01  0.49448E+01  0.17296E+02  0.65313E+01
 -0.40103E+02 -0.91394E+02 -0.10074E+03 -0.63423E+02 -0.19793E+02 -0.14690E+01
  0.27718E+00  0.79484E+01  0.23533E+02  0.33436E+02  0.31408E+02  0.23144E+02
  0.16227E+02  0.14198E+02  0.14027E+02  0.62937E+01 -0.12616E+02 -0.27507E+02
 -0.18990E+02  0.49851E+01  0.11698E+02 -0.11214E+02 -0.33047E+02 -0.20547E+02
  0.14879E+02  0.34144E+02  0.23672E+02  0.43211E+01 -0.78897E+01 -0.18398E+02
 -0.27298E+02 -0.18936E+02  0.56773E+01  0.14432E+02 -0.11343E+02 -0.36903E+02
 -0.12606E+02  0.53247E+02  0.94264E+02  0.65941E+02 -0.31481E+01 -0.54254E+02
 -0.66148E+02 -0.55761E+02 -0.31906E+02  0.12804E+02  0.63598E+02  0.76305E+02
  0.30775E+02 -0.29631E+02 -0.38626E+02  0.19612E+02  0.98334E+02  0.14490E+03
  0.14686E+03  0.12077E+03  0.81517E+02  0.37729E+02  0.52749E+00 -0.23919E+02
 -0.45174E+02 -0.75009E+02 -0.10406E+03 -0.10721E+03 -0.74954E+02 -0.26350E+02
  0.14155E+02  0.41543E+02  0.63744E+02  0.80093E+02  0.80619E+02  0.66747E+02
  0.59599E+02  0.77930E+02  0.10965E+03  0.11304E+03  0.53096E+02 -0.59769E+02
 -0.16760E+03 -0.20644E+03 -0.15813E+03 -0.65981E+02  0.25534E+01  0.14341E+02
 -0.50745E+01 -0.62091E+01  0.26704E+02  0.59127E+02  0.49821E+02  0.24851E+01
 -0.36574E+02 -0.29462E+02  0.17350E+02  0.69474E+02  0.10134E+03  0.10643E+03
  0.84518E+02  0.40113E+02 -0.55500E+01 -0.19938E+02  0.96408E+01  0.55770E+02
  0.72370E+02  0.38107E+02 -0.24913E+02 -0.73737E+02 -0.80454E+02 -0.46295E+02
  0.10183E+02  0.68338E+02  0.10876E+03  0.11471E+03  0.85833E+02  0.50779E+02
  0.49835E+02  0.91348E+02  0.13326E+03  0.12496E+03  0.68837E+02  0.23265E+02
  0.36147E+02  0.88393E+02  0.11852E+03  0.97483E+02  0.60955E+02  0.62251E+02
  0.10795E+03  0.15318E+03  0.15518E+03  0.11657E+03  0.71704E+02  0.44054E+02
  0.29445E+02  0.15592E+02  0.16433E+01 -0.62728E+01 -0.64722E+01  0.50978E+00
  0.18424E+02  0.49927E+02  0.88335E+02  0.12252E+03  0.14617E+03  0.15571E+03
  0.14662E+03  0.12393E+03  0.11004E+03  0.12436E+03  0.15533E+03  0.17159E+03
  0.16595E+03  0.16792E+03  0.19885E+03  0.23008E+03  0.20812E+03  0.11989E+03
  0.15604E+02 -0.39282E+02 -0.26494E+02  0.15947E+02  0.41201E+02  0.41950E+02
  0.48133E+02  0.80368E+02  0.11728E+03  0.11940E+03  0.79328E+02  0.30949E+02
  0.67558E+01  0.57941E+01  0.12198E+02  0.23145E+02  0.37620E+02  0.35331E+02
 -0.23475E+01 -0.55798E+02 -0.83608E+02 -0.79402E+02 -0.82017E+02 -0.11772E+03
 -0.16142E+03 -0.17541E+03 -0.16318E+03 -0.15646E+03 -0.16216E+03 -0.15479E+03
 -0.12047E+03 -0.79230E+02 -0.53811E+02 -0.37774E+02 -0.85983E+01  0.39676E+02
  0.90421E+02  0.12491E+03  0.13832E+03  0.13897E+03  0.14009E+03  0.15007E+03
  0.16382E+03  0.16353E+03  0.13279E+03  0.72113E+02  0.14922E+00 -0.59370E+02
 -0.93243E+02 -0.10614E+03 -0.11413E+03 -0.12757E+03 -0.14001E+03 -0.13794E+03
 -0.12088E+03 -0.10383E+03 -0.96928E+02 -0.91737E+02 -0.74206E+02 -0.44011E+02
 -0.12418E+02  0.13922E+02  0.36627E+02  0.55885E+02  0.68604E+02  0.77660E+02
  0.92063E+02  0.11295E+03  0.12739E+03  0.12238E+03  0.10066E+03  0.77140E+02
  0.62201E+02  0.53432E+02  0.41268E+02  0.18844E+02 -0.11832E+02 -0.39299E+02
 -0.49903E+02 -0.40154E+02 -0.21236E+02 -0.79557E+01 -0.44527E+01 -0.43445E+01
 -0.29621E+01 -0.37230E+01 -0.12261E+02 -0.29713E+02 -0.53030E+02 -0.77070E+02
 -0.95275E+02 -0.10387E+03 -0.10763E+03 -0.11613E+03 -0.13051E+03 -0.13925E+03
 -0.13313E+03 -0.12094E+03 -0.12293E+03 -0.14852E+03 -0.18547E+03 -0.21221E+03
 -0.21703E+03 -0.20421E+03 -0.18613E+03 -0.17221E+03 -0.16459E+03 -0.16066E+03
 -0.15788E+03 -0.15546E+03 -0.15276E+03 -0.14935E+03 -0.14709E+03 -0.14940E+03
 -0.15631E+03 -0.16255E+03 -0.16287E+03 -0.15727E+03 -0.14900E+03 -0.14031E+03
 -0.13399E+03 -0.13482E+03 -0.14267E+03 -0.14617E+03 -0.13261E+03 -0.10650E+03
 -0.89256E+02 -0.95050E+02 -0.11362E+03 -0.12400E+03 -0.11982E+03 -0.11252E+03
 -0.11246E+03 -0.11771E+03 -0.12256E+03 -0.12775E+03 -0.13713E+03 -0.14966E+03
 -0.15929E+03 -0.16017E+03 -0.14933E+03 -0.12785E+03 -0.10226E+03 -0.81650E+02
 -0.69481E+02 -0.60678E+02 -0.49459E+02 -0.36671E+02 -0.25435E+02 -0.13371E+02
  0.47658E+01  0.27761E+02  0.48092E+02  0.61802E+02  0.72771E+02  0.84852E+02
  0.95148E+02  0.99205E+02  0.99713E+02  0.10532E+03  0.12118E+03  0.14385E+03
  0.16551E+03  0.18118E+03  0.19079E+03  0.19580E+03  0.19516E+03  0.18483E+03
  0.16159E+03  0.12643E+03  0.83453E+02  0.36048E+02 -0.13456E+02 -0.59888E+02
 -0.94808E+02 -0.11284E+03 -0.11773E+03 -0.11925E+03 -0.12418E+03 -0.13179E+03
 -0.13780E+03 -0.13921E+03 -0.13473E+03 -0.12275E+03 -0.10163E+03 -0.72131E+02
 -0.38651E+02 -0.75774E+01  0.16126E+02  0.31539E+02  0.41105E+02  0.46797E+02
  0.47873E+02  0.43576E+02  0.37030E+02  0.33464E+02  0.33421E+02  0.30036E+02
  0.15401E+02 -0.10989E+02 -0.41854E+02 -0.69769E+02 -0.93265E+02 -0.11482E+03
 -0.13472E+03 -0.14930E+03 -0.15565E+03 -0.15615E+03 -0.15589E+03 -0.15469E+03
 -0.14388E+03 -0.11326E+03 -0.61627E+02  0.62371E+00  0.59177E+02  0.10487E+03
  0.13633E+03  0.15690E+03  0.17049E+03  0.17941E+03  0.18403E+03  0.18496E+03
  0.18520E+03  0.18853E+03  0.19473E+03  0.19847E+03  0.19484E+03  0.18446E+03
  0.17061E+03  0.15222E+03  0.12336E+03  0.81055E+02  0.31615E+02 -0.12509E+02
 -0.41840E+02 -0.55471E+02 -0.58888E+02 -0.57728E+02 -0.53300E+02 -0.43483E+02
 -0.27211E+02 -0.71666E+01  0.12570E+02  0.30691E+02  0.48324E+02  0.64676E+02
  0.75313E+02  0.76434E+02  0.69451E+02  0.59765E+02  0.51996E+02  0.47984E+02
  0.48397E+02  0.53656E+02  0.62465E+02  0.71260E+02  0.76484E+02  0.77129E+02
  0.74713E+02  0.71445E+02  0.68839E+02  0.67638E+02  0.68225E+02  0.70855E+02
  0.74996E+02  0.78466E+02  0.77881E+02  0.71232E+02  0.60148E+02  0.48899E+02
  0.40539E+02  0.34747E+02  0.29501E+02  0.23957E+02  0.18738E+02  0.14015E+02
  0.84359E+01 -0.16252E+00 -0.13682E+02 -0.33128E+02 -0.57997E+02 -0.85543E+02
 -0.11136E+03 -0.13173E+03 -0.14569E+03 -0.15471E+03 -0.16025E+03 -0.16265E+03
 -0.16252E+03 -0.16215E+03 -0.16325E+03 -0.16225E+03 -0.14996E+03 -0.11861E+03
 -0.69988E+02 -0.15731E+02  0.31232E+02  0.64303E+02  0.82988E+02  0.88292E+02
  0.81204E+02  0.65324E+02  0.47569E+02  0.33976E+02  0.25349E+02  0.18050E+02
  0.92921E+01  0.51623E+00 -0.45382E+01 -0.43939E+01 -0.10889E+01  0.29770E+01
  0.82909E+01  0.17038E+02  0.28654E+02  0.38301E+02  0.40851E+02  0.35882E+02
  0.27950E+02  0.22075E+02  0.19883E+02  0.19909E+02  0.20299E+02  0.20313E+02
  0.19711E+02  0.17838E+02  0.14042E+02  0.90171E+01  0.56626E+01  0.75216E+01
  0.15716E+02  0.27490E+02  0.38453E+02  0.46472E+02  0.52732E+02  0.59077E+02
  0.65310E+02  0.69798E+02  0.72190E+02  0.74458E+02  0.79068E+02  0.86374E+02
  0.94482E+02  0.10133E+03  0.10681E+03  0.11231E+03  0.11846E+03  0.12424E+03
  0.12858E+03  0.13194E+03  0.13514E+03  0.13730E+03  0.13649E+03  0.13214E+03
  0.12546E+03  0.11721E+03  0.10678E+03  0.94044E+02  0.79892E+02  0.63798E+02
  0.43066E+02  0.17189E+02 -0.82526E+01 -0.25204E+02 -0.31079E+02 -0.30577E+02
 -0.29384E+02 -0.28746E+02 -0.27273E+02 -0.24616E+02 -0.20536E+02 -0.12697E+02
  0.57136E+00  0.15501E+02  0.24572E+02  0.24561E+02  0.20544E+02  0.20409E+02
  0.27181E+02  0.38110E+02  0.49610E+02  0.60175E+02  0.68615E+02  0.71998E+02
  0.66981E+02  0.52716E+02  0.32169E+02  0.10645E+02 -0.73589E+01 -0.20737E+02
 -0.31727E+02 -0.42776E+02 -0.53493E+02 -0.61308E+02 -0.64849E+02 -0.65698E+02
 -0.66547E+02 -0.68391E+02 -0.69997E+02 -0.69256E+02 -0.64436E+02 -0.54669E+02
 -0.40136E+02 -0.22229E+02 -0.36487E+01  0.11657E+02  0.20127E+02  0.21850E+02
  0.22144E+02  0.27267E+02  0.36738E+02  0.41713E+02  0.33243E+02  0.11767E+02
 -0.13245E+02 -0.32923E+02 -0.45936E+02 -0.56110E+02 -0.65766E+02 -0.73253E+02
 -0.75894E+02 -0.73474E+02 -0.68898E+02 -0.65906E+02 -0.65778E+02 -0.66011E+02
 -0.62833E+02 -0.55217E+02 -0.45413E+02 -0.35633E+02 -0.26305E+02 -0.18746E+02
 -0.17290E+02 -0.25474E+02 -0.40315E+02 -0.52983E+02 -0.56029E+02 -0.48845E+02
 -0.35819E+02 -0.21381E+02 -0.79805E+01  0.25685E+01  0.81451E+01  0.74699E+01
  0.19537E+01 -0.41642E+01 -0.62035E+01 -0.26687E+01  0.35814E+01  0.84435E+01
  0.10573E+02  0.10988E+02  0.91337E+01  0.19740E+01 -0.11045E+02 -0.24135E+02
 -0.29329E+02 -0.24705E+02 -0.16394E+02 -0.12079E+02 -0.14118E+02 -0.19747E+02
 -0.26037E+02 -0.32309E+02 -0.38546E+02 -0.43734E+02 -0.46838E+02 -0.48299E+02
 -0.49379E+02 -0.50524E+02 -0.51466E+02 -0.52784E+02 -0.56084E+02 -0.61725E+02
 -0.67252E+02 -0.69517E+02 -0.68095E+02 -0.64869E+02 -0.60274E+02 -0.52236E+02
 -0.39949E+02 -0.26361E+02 -0.14387E+02 -0.20690E+01  0.14626E+02  0.34006E+02
  0.47563E+02  0.48978E+02  0.41660E+02  0.34216E+02  0.30306E+02  0.26670E+02
  0.21385E+02  0.19491E+02  0.27446E+02  0.43504E+02  0.56716E+02  0.56412E+02
  0.41876E+02  0.22106E+02  0.66171E+01 -0.31374E+01 -0.13147E+02 -0.28505E+02
 -0.46786E+02 -0.60458E+02 -0.64777E+02 -0.61281E+02 -0.53512E+02 -0.42121E+02
 -0.26318E+02 -0.83722E+01  0.65615E+01  0.15636E+02  0.21101E+02  0.26764E+02
  0.33397E+02  0.39196E+02  0.43632E+02  0.48675E+02  0.55779E+02  0.63222E+02
  0.67360E+02  0.66169E+02  0.60976E+02  0.54730E+02  0.49347E+02  0.44875E+02
  0.40451E+02  0.34877E+02  0.26613E+02  0.15025E+02  0.29847E+01 -0.30293E+01
  0.18116E+01  0.14353E+02  0.24475E+02  0.24059E+02  0.14615E+02  0.49095E+01
  0.19028E+01  0.56130E+01  0.11997E+02  0.18338E+02  0.24556E+02  0.30974E+02
  0.36328E+02  0.37668E+02  0.31393E+02  0.15429E+02 -0.79354E+01 -0.31670E+02
 -0.48032E+02 -0.54338E+02 -0.54492E+02 -0.54658E+02 -0.57801E+02 -0.62349E+02
 -0.64986E+02 -0.63289E+02 -0.55993E+02 -0.42297E+02 -0.22437E+02  0.95320E+00
  0.22956E+02  0.38713E+02  0.45841E+02  0.44932E+02  0.38144E+02  0.27957E+02
  0.16663E+02  0.59930E+01 -0.34079E+01 -0.11660E+02 -0.18226E+02 -0.21244E+02
 -0.19290E+02 -0.13590E+02 -0.72535E+01 -0.16900E+01  0.54327E+01  0.17391E+02
  0.33446E+02  0.47643E+02  0.53141E+02  0.47938E+02  0.36239E+02  0.24373E+02
  0.15651E+02  0.91684E+01  0.29833E+01 -0.27910E+01 -0.68738E+01 -0.99509E+01
 -0.15106E+02 -0.24000E+02 -0.33532E+02 -0.37930E+02 -0.34392E+02 -0.25577E+02
 -0.16149E+02 -0.78637E+01  0.98643E+00  0.12040E+02  0.24136E+02  0.34148E+02
  0.39467E+02  0.39373E+02  0.34761E+02  0.27480E+02  0.19587E+02  0.12514E+02
  0.64913E+01  0.85986E+00 -0.51873E+01 -0.12218E+02 -0.20373E+02 -0.29112E+02
 -0.36910E+02 -0.41593E+02 -0.41580E+02 -0.36886E+02 -0.29201E+02 -0.20916E+02
 -0.13768E+02 -0.82287E+01 -0.37540E+01  0.41668E+00  0.49448E+01  0.10407E+02
  0.17013E+02  0.23757E+02  0.28160E+02  0.27537E+02  0.20853E+02  0.93387E+01
 -0.46097E+01 -0.18714E+02 -0.31364E+02 -0.41496E+02 -0.48347E+02 -0.51250E+02
 -0.49734E+02 -0.44087E+02 -0.36123E+02 -0.28826E+02 -0.24840E+02 -0.24878E+02
 -0.27787E+02 -0.31673E+02 -0.34903E+02 -0.36252E+02 -0.34766E+02 -0.29797E+02
 -0.21422E+02 -0.10903E+02 -0.93834E+00  0.53231E+01  0.61356E+01  0.23391E+01
 -0.34684E+01 -0.89322E+01 -0.12888E+02 -0.14797E+02 -0.14204E+02 -0.11319E+02
 -0.72493E+01 -0.29889E+01  0.17126E+01  0.77897E+01  0.15450E+02  0.23676E+02
  0.31040E+02  0.36396E+02  0.38870E+02  0.38242E+02  0.35602E+02  0.32979E+02
  0.31589E+02  0.30699E+02  0.28571E+02  0.24311E+02  0.18295E+02  0.11152E+02
  0.31823E+01 -0.50313E+01 -0.12329E+02 -0.17618E+02 -0.20718E+02 -0.21929E+02
 -0.21217E+02 -0.18373E+02 -0.14005E+02 -0.99467E+01 -0.81146E+01 -0.91655E+01
 -0.12235E+02 -0.15875E+02 -0.19183E+02 -0.22192E+02 -0.25398E+02 -0.28925E+02
 -0.32197E+02 -0.34438E+02 -0.35566E+02 -0.36199E+02 -0.36541E+02 -0.35257E+02
 -0.29764E+02 -0.17970E+02  0.57959E-01  0.21867E+02  0.43843E+02  0.62598E+02
  0.75766E+02  0.82207E+02  0.82020E+02  0.76742E+02  0.69219E+02  0.62537E+02
  0.58193E+02  0.54857E+02  0.49406E+02  0.40025E+02  0.28346E+02  0.18173E+02
  0.11960E+02  0.90524E+01  0.74777E+01  0.64513E+01  0.63659E+01  0.68875E+01
  0.65287E+01  0.46025E+01  0.28977E+01  0.45389E+01  0.11307E+02  0.22463E+02
  0.35763E+02  0.48725E+02  0.58683E+02  0.62576E+02  0.58120E+02  0.46024E+02
  0.30957E+02  0.18992E+02  0.12928E+02  0.99547E+01  0.48911E+01 -0.40609E+01
 -0.13489E+02 -0.19172E+02 -0.21008E+02 -0.22368E+02 -0.24918E+02 -0.26244E+02
 -0.23125E+02 -0.15613E+02 -0.64743E+01  0.20442E+01  0.94073E+01  0.14979E+02
  0.17317E+02  0.15981E+02  0.12507E+02  0.83488E+01  0.27726E+01 -0.58633E+01
 -0.17060E+02 -0.28048E+02 -0.36953E+02 -0.44612E+02 -0.52535E+02 -0.59902E+02
 -0.63918E+02 -0.62610E+02 -0.56062E+02 -0.44935E+02 -0.29414E+02 -0.10612E+02
  0.81190E+01  0.22895E+02  0.32421E+02  0.38521E+02  0.43414E+02  0.47330E+02
  0.49370E+02  0.49451E+02  0.48490E+02  0.46731E+02  0.43025E+02  0.35990E+02
  0.25371E+02  0.12179E+02 -0.17388E+01 -0.14156E+02 -0.23210E+02 -0.28690E+02
 -0.32253E+02 -0.35638E+02 -0.38790E+02 -0.40186E+02 -0.39046E+02 -0.36469E+02
 -0.34227E+02 -0.32914E+02 -0.31850E+02 -0.30233E+02 -0.27872E+02 -0.25182E+02
 -0.22988E+02 -0.22288E+02 -0.23243E+02 -0.24312E+02 -0.23064E+02 -0.18427E+02
 -0.11827E+02 -0.56068E+01 -0.55366E+00  0.44696E+01  0.10398E+02  0.16451E+02
  0.20967E+02  0.23341E+02  0.24487E+02  0.25443E+02  0.26096E+02  0.25593E+02
  0.23798E+02  0.21682E+02  0.20225E+02  0.19306E+02  0.17672E+02  0.13798E+02
  0.64418E+01 -0.50890E+01 -0.20246E+02 -0.36350E+02 -0.49196E+02 -0.55470E+02
 -0.54794E+02 -0.49378E+02 -0.41736E+02 -0.33140E+02 -0.24264E+02 -0.16312E+02
 -0.10968E+02 -0.93274E+01 -0.11396E+02 -0.16324E+02 -0.22900E+02 -0.29561E+02
 -0.34559E+02 -0.36486E+02 -0.34852E+02 -0.30258E+02 -0.24092E+02 -0.18075E+02
 -0.13678E+02 -0.11513E+02 -0.11171E+02 -0.11740E+02 -0.12374E+02 -0.12574E+02
 -0.11988E+02 -0.10491E+02 -0.84626E+01 -0.65188E+01 -0.46768E+01 -0.19643E+01
  0.26114E+01  0.86458E+01  0.14305E+02  0.17928E+02  0.19491E+02  0.20267E+02
  0.21389E+02  0.23142E+02  0.25336E+02  0.27625E+02  0.29218E+02  0.28869E+02
  0.25780E+02  0.20454E+02  0.14419E+02  0.91037E+01  0.53368E+01  0.34631E+01
  0.35787E+01  0.53019E+01  0.78828E+01  0.10778E+02  0.14097E+02  0.18185E+02
  0.23123E+02  0.28722E+02  0.34804E+02  0.40880E+02  0.45968E+02  0.49119E+02
  0.50384E+02  0.50672E+02  0.50371E+02  0.48633E+02  0.44569E+02  0.38783E+02
  0.33247E+02  0.29397E+02  0.27101E+02  0.25601E+02  0.24770E+02  0.24980E+02
  0.25971E+02  0.26651E+02  0.25920E+02  0.23356E+02  0.18986E+02  0.13040E+02
  0.61172E+01 -0.56852E+00 -0.56581E+01 -0.83773E+01 -0.89714E+01 -0.84816E+01
 -0.80273E+01 -0.79303E+01 -0.75479E+01 -0.63136E+01 -0.50972E+01 -0.59413E+01
 -0.99773E+01 -0.15698E+02 -0.20055E+02 -0.21351E+02 -0.20600E+02 -0.19920E+02
 -0.20192E+02 -0.20870E+02 -0.21500E+02 -0.22475E+02 -0.24052E+02 -0.25336E+02
 -0.25049E+02 -0.23000E+02 -0.20540E+02 -0.19294E+02 -0.19811E+02 -0.21292E+02
 -0.22386E+02 -0.22201E+02 -0.20824E+02 -0.19054E+02 -0.17434E+02 -0.15576E+02
 -0.12775E+02 -0.93508E+01 -0.68307E+01 -0.63541E+01 -0.73236E+01 -0.79958E+01
 -0.76788E+01 -0.74278E+01 -0.85524E+01 -0.10851E+02 -0.12976E+02 -0.14040E+02
 -0.14534E+02 -0.15516E+02 -0.17373E+02 -0.19492E+02 -0.20980E+02 -0.21485E+02
 -0.21175E+02 -0.20049E+02 -0.17459E+02 -0.12593E+02 -0.56555E+01  0.18894E+01
  0.82973E+01  0.12727E+02  0.15307E+02  0.16420E+02  0.16427E+02  0.15647E+02
  0.13998E+02  0.10670E+02  0.49005E+01 -0.25543E+01 -0.94560E+01 -0.13904E+02
 -0.16011E+02 -0.17178E+02 -0.18226E+02 -0.18839E+02 -0.18785E+02 -0.18648E+02
 -0.19053E+02 -0.19565E+02 -0.18844E+02 -0.15962E+02 -0.11282E+02 -0.63519E+01
 -0.29988E+01 -0.22429E+01 -0.37731E+01 -0.63102E+01 -0.85851E+01 -0.99243E+01
 -0.10038E+02 -0.87636E+01 -0.63343E+01 -0.35659E+01 -0.14702E+01 -0.81522E+00
 -0.22504E+01 -0.64905E+01 -0.13481E+02 -0.21550E+02 -0.28124E+02 -0.31697E+02
 -0.32674E+02 -0.32157E+02 -0.30466E+02 -0.27400E+02 -0.23280E+02 -0.18737E+02
 -0.13687E+02 -0.73051E+01  0.53671E+00  0.86345E+01  0.15583E+02  0.21031E+02
  0.25091E+02  0.27139E+02  0.25989E+02  0.21576E+02  0.15496E+02  0.95348E+01
  0.41090E+01 -0.13576E+01 -0.68960E+01 -0.11530E+02 -0.14490E+02 -0.16164E+02
 -0.17421E+02 -0.18303E+02 -0.17887E+02 -0.15441E+02 -0.11375E+02 -0.69036E+01
 -0.31114E+01 -0.62336E+00  0.13194E+00 -0.10600E+01 -0.38598E+01 -0.71412E+01
 -0.96732E+01 -0.10788E+02 -0.10235E+02 -0.77172E+01 -0.32523E+01  0.19567E+01
  0.56237E+01  0.62478E+01  0.48056E+01  0.39709E+01  0.54642E+01  0.84761E+01
  0.10881E+02  0.11570E+02  0.11110E+02  0.10400E+02  0.95003E+01  0.79566E+01
  0.60916E+01  0.53103E+01  0.69944E+01  0.11065E+02  0.15786E+02  0.19144E+02
  0.20475E+02  0.20849E+02  0.21664E+02  0.23032E+02  0.23608E+02  0.22082E+02
  0.18592E+02  0.14642E+02  0.11842E+02  0.10715E+02  0.10541E+02  0.10093E+02
  0.86326E+01  0.64100E+01  0.43720E+01  0.32808E+01  0.31424E+01  0.34980E+01
  0.40920E+01  0.50190E+01  0.61848E+01  0.70701E+01  0.72710E+01  0.72278E+01
  0.79822E+01  0.99694E+01  0.12004E+02  0.11895E+02  0.82733E+01  0.18762E+01
 -0.50984E+01 -0.10840E+02 -0.15105E+02 -0.18603E+02 -0.21832E+02 -0.24870E+02
 -0.28028E+02 -0.31751E+02 -0.35689E+02 -0.38264E+02 -0.37878E+02 -0.34450E+02
 -0.29468E+02 -0.24629E+02 -0.20874E+02 -0.18499E+02 -0.17489E+02 -0.17259E+02
 -0.16826E+02 -0.15839E+02 -0.15127E+02 -0.15593E+02 -0.16673E+02 -0.16693E+02
 -0.14831E+02 -0.11951E+02 -0.92435E+01 -0.67505E+01 -0.39539E+01 -0.12466E+01
  0.15075E+00 -0.10749E+00 -0.73469E+00 -0.15840E+00  0.20541E+01  0.52679E+01
  0.88262E+01  0.12307E+02  0.15182E+02  0.17013E+02  0.18089E+02  0.19349E+02
  0.21366E+02  0.23901E+02  0.26602E+02  0.29667E+02  0.33100E+02  0.35765E+02
  0.35918E+02  0.32987E+02  0.28513E+02  0.25021E+02  0.24132E+02  0.25737E+02
  0.28725E+02  0.31937E+02  0.34681E+02  0.36673E+02  0.37850E+02  0.38241E+02
  0.37929E+02  0.37212E+02  0.36454E+02  0.35737E+02  0.34592E+02  0.32357E+02
  0.28936E+02  0.25034E+02  0.21602E+02  0.19170E+02  0.17650E+02  0.16564E+02
  0.15299E+02  0.13404E+02  0.10764E+02  0.74565E+01  0.34111E+01 -0.16341E+01
 -0.76150E+01 -0.13858E+02 -0.19547E+02 -0.24336E+02 -0.28274E+02 -0.31117E+02
 -0.32328E+02 -0.31913E+02 -0.30927E+02 -0.30548E+02 -0.30896E+02 -0.30964E+02
 -0.29960E+02 -0.27949E+02 -0.25272E+02 -0.21731E+02 -0.17101E+02 -0.12220E+02
 -0.87571E+01 -0.75147E+01 -0.74038E+01 -0.66737E+01 -0.47228E+01 -0.23670E+01
 -0.48769E+00  0.81417E+00  0.17110E+01  0.19943E+01  0.15882E+01  0.13117E+01
  0.23985E+01  0.53019E+01  0.92306E+01  0.12807E+02  0.15025E+02  0.15714E+02
  0.15688E+02  0.16471E+02  0.19262E+02  0.23839E+02  0.28588E+02  0.31820E+02
  0.32961E+02  0.32588E+02  0.31694E+02  0.30959E+02  0.30433E+02  0.29662E+02
  0.28422E+02  0.27366E+02  0.27608E+02  0.29445E+02  0.31777E+02  0.33276E+02
  0.33720E+02  0.33599E+02  0.32668E+02  0.29652E+02  0.23797E+02  0.16316E+02
  0.97938E+01  0.61769E+01  0.55257E+01  0.64110E+01  0.72181E+01  0.70909E+01
  0.61249E+01  0.50091E+01  0.46846E+01  0.59574E+01  0.89265E+01  0.12640E+02
  0.15597E+02  0.16935E+02  0.17159E+02  0.17246E+02  0.17328E+02  0.16623E+02
  0.14900E+02  0.13231E+02  0.12686E+02  0.12720E+02  0.11360E+02  0.72260E+01
  0.79302E+00 -0.63486E+01 -0.12919E+02 -0.18321E+02 -0.22158E+02 -0.24054E+02
 -0.24085E+02 -0.22956E+02 -0.21356E+02 -0.19381E+02 -0.16799E+02 -0.13985E+02
 -0.12284E+02 -0.12976E+02 -0.15718E+02 -0.18119E+02 -0.17478E+02 -0.13318E+02
 -0.79250E+01 -0.41994E+01 -0.29568E+01 -0.26134E+01 -0.13887E+01  0.85418E+00
  0.30138E+01  0.46494E+01  0.68030E+01  0.10802E+02  0.16660E+02  0.22702E+02
  0.26702E+02  0.27385E+02  0.25155E+02  0.21700E+02  0.18745E+02  0.16968E+02
  0.15871E+02  0.14720E+02  0.13354E+02  0.12025E+02  0.10570E+02  0.84960E+01
  0.58803E+01  0.37408E+01  0.31614E+01  0.41897E+01  0.59386E+01  0.75923E+01
  0.88052E+01  0.90896E+01  0.74202E+01  0.29587E+01 -0.37777E+01 -0.10942E+02
 -0.16613E+02 -0.20099E+02 -0.21850E+02 -0.22537E+02 -0.22425E+02 -0.21826E+02
 -0.21649E+02 -0.23031E+02 -0.26082E+02 -0.29323E+02 -0.30831E+02 -0.29987E+02
 -0.27869E+02 -0.26043E+02 -0.25341E+02 -0.25951E+02 -0.27881E+02 -0.30836E+02
 -0.33774E+02 -0.35347E+02 -0.34925E+02 -0.32926E+02 -0.30326E+02 -0.27916E+02
 -0.26113E+02 -0.24810E+02 -0.23478E+02 -0.21735E+02 -0.20057E+02 -0.19457E+02
 -0.20107E+02 -0.20865E+02 -0.20497E+02 -0.19057E+02 -0.17558E+02 -0.16756E+02
 -0.17091E+02 -0.19277E+02 -0.23858E+02 -0.29665E+02 -0.34001E+02 -0.34990E+02
 -0.33397E+02 -0.31457E+02 -0.30172E+02 -0.28660E+02 -0.25875E+02 -0.22035E+02
 -0.18142E+02 -0.14720E+02 -0.11755E+02 -0.94521E+01 -0.82629E+01 -0.82217E+01
 -0.86759E+01 -0.88141E+01 -0.84340E+01 -0.78218E+01 -0.73289E+01 -0.71211E+01
 -0.73126E+01 -0.80997E+01 -0.94649E+01 -0.10966E+02 -0.11789E+02 -0.11093E+02
 -0.85640E+01 -0.48670E+01 -0.15930E+01 -0.23044E+00 -0.96979E+00 -0.24713E+01
 -0.32404E+01 -0.29436E+01 -0.21883E+01 -0.12841E+01 -0.40513E-01  0.12269E+01
  0.13808E+01 -0.19205E+00 -0.24973E+01 -0.39868E+01 -0.43387E+01 -0.43933E+01
 -0.44894E+01 -0.39662E+01 -0.26451E+01 -0.17289E+01 -0.24501E+01 -0.44157E+01
 -0.61913E+01 -0.71386E+01 -0.77819E+01 -0.85688E+01 -0.92125E+01 -0.93443E+01
 -0.89762E+01 -0.80119E+01 -0.61368E+01 -0.35949E+01 -0.12136E+01  0.81034E+00
  0.36024E+01  0.80320E+01  0.13140E+02  0.17129E+02  0.19505E+02  0.21285E+02
  0.23089E+02  0.24285E+02  0.24409E+02  0.24159E+02  0.24093E+02  0.23336E+02
  0.20770E+02  0.16845E+02  0.13004E+02  0.95914E+01  0.57923E+01  0.16829E+01
 -0.12827E+01 -0.25152E+01 -0.37661E+01 -0.72319E+01 -0.12573E+02 -0.16939E+02
 -0.17736E+02 -0.14610E+02 -0.89599E+01 -0.27079E+01  0.23950E+01  0.54017E+01
  0.67650E+01  0.78073E+01  0.92838E+01  0.10796E+02  0.11945E+02  0.13177E+02
  0.14869E+02  0.16274E+02  0.16036E+02  0.13809E+02  0.10456E+02  0.70682E+01
  0.43885E+01  0.31917E+01  0.39479E+01  0.60438E+01  0.78900E+01  0.84138E+01
  0.77471E+01  0.62707E+01  0.37521E+01  0.43544E+00 -0.18571E+01 -0.87397E+00
  0.36041E+01  0.92309E+01  0.13357E+02  0.15025E+02  0.14769E+02  0.13329E+02
  0.11346E+02  0.96252E+01  0.85716E+01  0.75240E+01  0.54521E+01  0.23025E+01
 -0.10377E+01 -0.40146E+01 -0.68664E+01 -0.92417E+01 -0.96166E+01 -0.68950E+01
 -0.23513E+01  0.11743E+01  0.21691E+01  0.18480E+01  0.24976E+01  0.51004E+01
  0.90010E+01  0.12991E+02  0.15945E+02  0.16839E+02  0.15333E+02  0.12565E+02
  0.10571E+02  0.10369E+02  0.10899E+02  0.10358E+02  0.82865E+01  0.58994E+01
  0.45304E+01  0.43105E+01  0.45381E+01  0.46634E+01  0.43962E+01  0.33312E+01
  0.10989E+01 -0.19488E+01 -0.46870E+01 -0.61631E+01 -0.64899E+01 -0.65366E+01
 -0.68930E+01 -0.75528E+01 -0.85051E+01 -0.10112E+02 -0.12552E+02 -0.15005E+02
 -0.15998E+02 -0.14639E+02 -0.11554E+02 -0.83436E+01 -0.63538E+01 -0.59360E+01
 -0.63577E+01 -0.63210E+01 -0.45931E+01 -0.95382E+00  0.33583E+01  0.63188E+01
  0.65641E+01  0.42667E+01  0.62360E+00 -0.30372E+01 -0.57096E+01 -0.67444E+01
 -0.60650E+01 -0.44081E+01 -0.31684E+01 -0.35603E+01 -0.58160E+01 -0.89467E+01
 -0.11422E+02 -0.12320E+02 -0.12147E+02 -0.12252E+02 -0.13246E+02 -0.13965E+02
 -0.12606E+02 -0.88228E+01 -0.44392E+01 -0.18298E+01 -0.17391E+01 -0.28751E+01
 -0.34930E+01 -0.30748E+01 -0.24720E+01 -0.25539E+01 -0.30763E+01 -0.29201E+01
 -0.15132E+01  0.31041E+00  0.12523E+01  0.11290E+01  0.12613E+01  0.29540E+01
  0.60639E+01  0.93881E+01  0.12128E+02  0.14506E+02  0.16931E+02  0.19308E+02
  0.21472E+02  0.23706E+02  0.26446E+02  0.29312E+02  0.31101E+02  0.30787E+02
  0.28478E+02  0.25353E+02  0.22830E+02  0.21712E+02  0.21887E+02  0.22663E+02
  0.23492E+02  0.24244E+02  0.24913E+02  0.25182E+02  0.24768E+02  0.24078E+02
  0.24199E+02  0.25964E+02  0.29134E+02  0.32690E+02  0.35461E+02  0.36403E+02
  0.34613E+02  0.30029E+02  0.24071E+02  0.18975E+02  0.16041E+02  0.14639E+02
  0.13408E+02  0.11885E+02  0.10589E+02  0.95724E+01  0.79252E+01  0.51048E+01
  0.22545E+01  0.15302E+01  0.39492E+01  0.82919E+01  0.12141E+02  0.13822E+02
  0.13133E+02  0.10896E+02  0.82480E+01  0.63449E+01  0.59653E+01  0.68787E+01
  0.77323E+01  0.69598E+01  0.41095E+01  0.16397E+00 -0.32760E+01 -0.49054E+01
 -0.40995E+01 -0.87003E+00  0.38599E+01  0.84290E+01  0.11271E+02  0.11935E+02
  0.11169E+02  0.10177E+02  0.97255E+01  0.10020E+02  0.10688E+02  0.10744E+02
  0.90965E+01  0.55139E+01  0.12408E+01 -0.17220E+01 -0.22859E+01 -0.11226E+01
  0.12996E+00  0.39407E+00  0.50766E-01  0.20767E+00  0.13293E+01  0.25640E+01
  0.25542E+01  0.82951E+00 -0.17705E+01 -0.40489E+01 -0.56188E+01 -0.67957E+01
 -0.77403E+01 -0.81252E+01 -0.79027E+01 -0.77993E+01 -0.87618E+01 -0.11016E+02
 -0.13843E+02 -0.16121E+02 -0.17024E+02 -0.16272E+02 -0.14269E+02 -0.11795E+02
 -0.94413E+01 -0.70455E+01 -0.41136E+01 -0.74720E+00  0.21609E+01  0.37114E+01
  0.38326E+01  0.29592E+01  0.12108E+01 -0.16810E+01 -0.54897E+01 -0.90185E+01
 -0.10821E+02 -0.10414E+02 -0.86075E+01 -0.65806E+01 -0.50184E+01 -0.43017E+01
 -0.50795E+01 -0.82572E+01 -0.13799E+02 -0.19858E+02 -0.23554E+02 -0.23165E+02
 -0.19620E+02 -0.15717E+02 -0.13732E+02 -0.13903E+02 -0.15115E+02 -0.16382E+02
 -0.17338E+02 -0.17538E+02 -0.16244E+02 -0.13425E+02 -0.10542E+02 -0.95924E+01
 -0.11181E+02 -0.13781E+02 -0.15112E+02 -0.14086E+02 -0.11410E+02 -0.88062E+01
 -0.77623E+01 -0.89148E+01 -0.11932E+02 -0.15729E+02 -0.18984E+02 -0.20667E+02
 -0.20314E+02 -0.18108E+02 -0.15093E+02 -0.12924E+02 -0.12814E+02 -0.14409E+02
 -0.15979E+02 -0.16108E+02 -0.14974E+02 -0.13721E+02 -0.12797E+02 -0.11568E+02
 -0.95893E+01 -0.75984E+01 -0.67095E+01 -0.69216E+01 -0.70504E+01 -0.59650E+01
 -0.35038E+01 -0.11971E+00  0.36276E+01  0.70534E+01  0.92644E+01  0.97547E+01
  0.89110E+01  0.75255E+01  0.60566E+01  0.48199E+01  0.47920E+01  0.69673E+01
  0.10709E+02  0.13426E+02  0.12951E+02  0.98924E+01  0.68573E+01  0.55432E+01
  0.54022E+01  0.52967E+01  0.52985E+01  0.61458E+01  0.76481E+01  0.86503E+01
  0.84499E+01  0.75346E+01  0.66965E+01  0.61027E+01  0.54494E+01  0.45758E+01
  0.35652E+01  0.26500E+01  0.22229E+01  0.25996E+01  0.35838E+01  0.46156E+01
  0.55997E+01  0.72210E+01  0.98307E+01  0.12178E+02  0.12227E+02  0.93531E+01
  0.51984E+01  0.17999E+01 -0.58634E+00 -0.33057E+01 -0.70616E+01 -0.10710E+02
 -0.12537E+02 -0.12351E+02 -0.11646E+02 -0.11812E+02 -0.12513E+02 -0.12184E+02
 -0.10164E+02 -0.78461E+01 -0.74043E+01 -0.94692E+01 -0.12284E+02 -0.13480E+02
 -0.12436E+02 -0.10625E+02 -0.97838E+01 -0.10158E+02 -0.10615E+02 -0.10167E+02
 -0.89093E+01 -0.75800E+01 -0.65844E+01 -0.57257E+01 -0.47837E+01 -0.41156E+01
 -0.44715E+01 -0.60248E+01 -0.76910E+01 -0.77727E+01 -0.56161E+01 -0.25364E+01
 -0.89180E+00 -0.20459E+01 -0.52422E+01 -0.83850E+01 -0.97596E+01 -0.90203E+01
 -0.68994E+01 -0.44333E+01 -0.23835E+01 -0.10547E+01 -0.42284E+00 -0.29627E+00
 -0.45678E+00 -0.61574E+00 -0.59135E+00 -0.51300E+00 -0.95268E+00 -0.24761E+01
 -0.49288E+01 -0.73094E+01 -0.85527E+01 -0.83260E+01 -0.71460E+01 -0.55617E+01
 -0.36673E+01 -0.13201E+01  0.12888E+01  0.36235E+01  0.53339E+01  0.66801E+01
  0.82530E+01  0.10314E+02  0.12583E+02  0.14567E+02  0.15943E+02  0.16521E+02
  0.16200E+02  0.15296E+02  0.14606E+02  0.14743E+02  0.15191E+02  0.14661E+02
  0.12614E+02  0.10137E+02  0.89639E+01  0.97627E+01  0.11859E+02  0.14319E+02
  0.16606E+02  0.18059E+02  0.17536E+02  0.14469E+02  0.98195E+01  0.53659E+01
  0.19603E+01 -0.10642E+01 -0.45830E+01 -0.85542E+01 -0.12240E+02 -0.15139E+02
 -0.16943E+02 -0.16973E+02 -0.14484E+02 -0.97019E+01 -0.42590E+01 -0.12628E+00
  0.16484E+01  0.12556E+01 -0.35793E+00 -0.19714E+01 -0.23285E+01 -0.75632E+00
  0.21496E+01  0.47281E+01  0.53595E+01  0.36505E+01  0.43509E+00 -0.30901E+01
 -0.59718E+01 -0.76034E+01 -0.76929E+01 -0.64183E+01 -0.44237E+01 -0.23694E+01
 -0.44010E+00  0.15487E+01  0.37637E+01  0.60147E+01  0.78066E+01  0.85214E+01
  0.76278E+01  0.50017E+01  0.11609E+01 -0.29121E+01 -0.63123E+01 -0.86885E+01
 -0.10302E+02 -0.11601E+02 -0.12774E+02 -0.13459E+02 -0.13084E+02 -0.11286E+02
 -0.82850E+01 -0.46953E+01 -0.12120E+01  0.16044E+01  0.34738E+01  0.45273E+01
  0.52235E+01  0.58308E+01  0.60862E+01  0.55798E+01  0.45550E+01  0.38401E+01
  0.38634E+01  0.41072E+01  0.38863E+01  0.33500E+01  0.33554E+01  0.42957E+01
  0.56528E+01  0.67181E+01  0.74441E+01  0.82712E+01  0.94675E+01  0.10777E+02
  0.11586E+02  0.11341E+02  0.99236E+01  0.77852E+01  0.57004E+01  0.39730E+01
  0.22156E+01 -0.89450E-01 -0.27399E+01 -0.49676E+01 -0.61593E+01 -0.63684E+01
 -0.59285E+01 -0.50302E+01 -0.38401E+01 -0.27511E+01 -0.21149E+01 -0.16691E+01
 -0.74692E+00  0.86592E+00  0.24192E+01  0.28408E+01  0.18515E+01  0.18950E+00
 -0.12763E+01 -0.23851E+01 -0.34217E+01 -0.42858E+01 -0.42929E+01 -0.29366E+01
 -0.61448E+00  0.16589E+01  0.32059E+01  0.41043E+01  0.47462E+01  0.51442E+01
  0.49702E+01  0.40291E+01  0.25088E+01  0.84074E+00 -0.64277E+00 -0.18109E+01
 -0.26517E+01 -0.32838E+01 -0.38629E+01 -0.44116E+01 -0.47284E+01 -0.45687E+01
 -0.39269E+01 -0.30883E+01 -0.24523E+01 -0.23168E+01 -0.28777E+01 -0.42004E+01
 -0.61255E+01 -0.81033E+01 -0.93673E+01 -0.94457E+01 -0.86372E+01 -0.78762E+01
 -0.80443E+01 -0.91887E+01 -0.10601E+02 -0.11567E+02 -0.12057E+02 -0.12487E+02
 -0.13018E+02 -0.13329E+02 -0.13182E+02 -0.12856E+02 -0.12708E+02 -0.12638E+02
 -0.12216E+02 -0.11373E+02 -0.10504E+02 -0.98804E+01 -0.91672E+01 -0.79182E+01
 -0.63178E+01 -0.51045E+01 -0.46951E+01 -0.46608E+01 -0.42514E+01 -0.33359E+01
 -0.25215E+01 -0.24158E+01 -0.28341E+01 -0.29606E+01 -0.22059E+01 -0.84374E+00
  0.41116E+00  0.13862E+01  0.26232E+01  0.45093E+01  0.64550E+01  0.72751E+01
  0.64221E+01  0.46164E+01  0.30189E+01  0.22195E+01  0.18964E+01  0.15733E+01
  0.12145E+01  0.11355E+01  0.14793E+01  0.19421E+01  0.20061E+01  0.14269E+01
  0.49038E+00 -0.40440E+00 -0.12158E+01 -0.22178E+01 -0.34818E+01 -0.46564E+01
 -0.54142E+01 -0.58863E+01 -0.63285E+01 -0.67471E+01 -0.69690E+01 -0.69468E+01
 -0.66508E+01 -0.57294E+01 -0.40102E+01 -0.22255E+01 -0.16079E+01 -0.23539E+01
 -0.30642E+01 -0.23989E+01 -0.83454E+00  0.74835E-01  0.10292E+00  0.76814E+00
  0.31543E+01  0.59631E+01  0.69201E+01  0.55905E+01  0.37668E+01  0.30982E+01
  0.31857E+01  0.25647E+01  0.87201E+00 -0.76120E+00 -0.13644E+01 -0.12708E+01
 -0.13856E+01 -0.20423E+01 -0.27526E+01 -0.30640E+01 -0.30121E+01 -0.29484E+01
 -0.31347E+01 -0.35294E+01 -0.38049E+01 -0.34018E+01 -0.19745E+01  0.19135E+00
  0.22796E+01  0.35879E+01  0.40090E+01  0.38167E+01  0.33028E+01  0.26581E+01
  0.22455E+01  0.24641E+01  0.33913E+01  0.46340E+01  0.56863E+01  0.63991E+01
  0.69214E+01  0.74318E+01  0.79484E+01  0.83988E+01  0.87903E+01  0.91874E+01
  0.96978E+01  0.10351E+02  0.11034E+02  0.11366E+02  0.10876E+02  0.94035E+01
  0.73653E+01  0.55236E+01  0.44203E+01  0.40911E+01  0.44407E+01  0.54096E+01
  0.67061E+01  0.76452E+01  0.75839E+01  0.67129E+01  0.60026E+01  0.61677E+01
  0.69937E+01  0.78613E+01  0.87469E+01  0.10156E+02  0.12262E+02  0.14387E+02
  0.15671E+02  0.15836E+02  0.15162E+02  0.13963E+02  0.12247E+02  0.10036E+02
  0.75454E+01  0.50547E+01  0.27724E+01  0.85348E+00 -0.49391E+00 -0.10195E+01
 -0.54482E+00  0.95414E+00  0.32272E+01  0.56014E+01  0.71242E+01  0.70214E+01
  0.53465E+01  0.30703E+01  0.13836E+01  0.73888E+00  0.63015E+00  0.36063E+00
 -0.75657E-01 -0.17847E+00  0.99848E-01  0.14588E+00 -0.49278E+00 -0.13697E+01
 -0.16153E+01 -0.93804E+00  0.16794E+00  0.12145E+01  0.22907E+01  0.36408E+01
  0.51758E+01  0.64127E+01  0.69235E+01  0.65763E+01  0.57173E+01  0.50908E+01
  0.52620E+01  0.57788E+01  0.53245E+01  0.31318E+01  0.15302E+00 -0.17658E+01
 -0.18863E+01 -0.13102E+01 -0.14307E+01 -0.23491E+01 -0.30889E+01 -0.29356E+01
 -0.21569E+01 -0.13842E+01 -0.99263E+00 -0.10238E+01 -0.13884E+01 -0.19019E+01
 -0.23320E+01 -0.25596E+01 -0.24776E+01 -0.18597E+01 -0.56292E+00  0.85291E+00
  0.11434E+01 -0.55502E+00 -0.37539E+01 -0.69349E+01 -0.88179E+01 -0.91944E+01
 -0.85824E+01 -0.74523E+01 -0.59173E+01 -0.38285E+01 -0.12573E+01  0.13257E+01
  0.32477E+01  0.42349E+01  0.46088E+01  0.47028E+01  0.41717E+01  0.23364E+01
 -0.73728E+00 -0.38765E+01 -0.57594E+01 -0.61178E+01 -0.56486E+01 -0.50841E+01
 -0.47994E+01 -0.50685E+01 -0.61177E+01 -0.77087E+01 -0.90317E+01 -0.93247E+01
 -0.84861E+01 -0.69689E+01 -0.52908E+01 -0.39045E+01 -0.31731E+01 -0.32219E+01
 -0.37470E+01 -0.41172E+01 -0.39694E+01 -0.35834E+01 -0.36321E+01 -0.45859E+01
 -0.62661E+01 -0.80534E+01 -0.94359E+01 -0.10402E+02 -0.11135E+02 -0.11589E+02
 -0.11429E+02 -0.10566E+02 -0.92931E+01 -0.79422E+01 -0.65677E+01 -0.51931E+01
 -0.40508E+01 -0.33134E+01 -0.26891E+01 -0.16837E+01 -0.17805E+00  0.16015E+01
  0.35239E+01  0.55892E+01  0.73628E+01  0.80348E+01  0.73908E+01  0.61812E+01
  0.52753E+01  0.46909E+01  0.39577E+01  0.32542E+01  0.33725E+01  0.45447E+01
  0.59849E+01  0.68535E+01  0.71564E+01  0.73462E+01  0.74704E+01  0.71958E+01
  0.64210E+01  0.53722E+01  0.40436E+01  0.21493E+01 -0.30466E+00 -0.27706E+01
 -0.45576E+01 -0.53800E+01 -0.53748E+01 -0.48455E+01 -0.40483E+01 -0.31022E+01
 -0.19119E+01 -0.51322E+00  0.69488E+00  0.13433E+01  0.17178E+01  0.26759E+01
  0.45985E+01  0.68249E+01  0.86107E+01  0.10123E+02  0.11885E+02  0.13378E+02
  0.13170E+02  0.10596E+02  0.68507E+01  0.38073E+01  0.23897E+01  0.23117E+01
  0.31388E+01  0.46388E+01  0.63950E+01  0.78119E+01  0.88114E+01  0.98826E+01
  0.11193E+02  0.12228E+02  0.12573E+02  0.12632E+02  0.12971E+02  0.13346E+02
  0.12934E+02  0.11475E+02  0.95390E+01  0.77166E+01  0.60431E+01  0.43757E+01
  0.29398E+01  0.20343E+01  0.17544E+01  0.21351E+01  0.33194E+01  0.49803E+01
  0.59923E+01  0.53846E+01  0.36039E+01  0.22757E+01  0.23528E+01  0.31086E+01
  0.31679E+01  0.23041E+01  0.16130E+01  0.19938E+01  0.30951E+01  0.38749E+01
  0.39758E+01  0.39696E+01  0.44874E+01  0.52731E+01  0.53860E+01  0.43020E+01
  0.25094E+01  0.10443E+01  0.41288E+00  0.18632E+00 -0.26644E+00 -0.93946E+00
 -0.13089E+01 -0.11126E+01 -0.67222E+00 -0.50572E+00 -0.76788E+00 -0.13219E+01
 -0.18342E+01 -0.18641E+01 -0.96516E+00  0.79125E+00  0.24048E+01  0.26845E+01
  0.14219E+01 -0.22168E+00 -0.89470E+00 -0.49590E+00 -0.13874E+00 -0.60931E+00
 -0.13240E+01 -0.10681E+01  0.34898E+00  0.18613E+01  0.26412E+01  0.33378E+01
  0.50645E+01  0.74344E+01  0.85954E+01  0.73985E+01  0.48438E+01  0.27477E+01
  0.15151E+01  0.12160E+00 -0.18554E+01 -0.33024E+01 -0.31060E+01 -0.18496E+01
 -0.11888E+01 -0.17604E+01 -0.24988E+01 -0.21178E+01 -0.90311E+00 -0.48634E+00
 -0.20108E+01 -0.46724E+01 -0.63577E+01 -0.57384E+01 -0.34995E+01 -0.15464E+01
 -0.10225E+01 -0.15525E+01 -0.22789E+01 -0.31900E+01 -0.48573E+01 -0.71676E+01
 -0.89361E+01 -0.88885E+01 -0.69176E+01 -0.42083E+01 -0.22373E+01 -0.16478E+01
 -0.18085E+01 -0.13619E+01  0.54950E+00  0.36280E+01  0.67723E+01  0.90047E+01
  0.99581E+01  0.95469E+01  0.78499E+01  0.52419E+01  0.24969E+01  0.40687E+00
 -0.61723E+00 -0.62918E+00 -0.75304E-01  0.33553E+00  0.91502E-01 -0.50989E+00
 -0.52766E+00  0.55014E+00  0.20388E+01  0.28129E+01  0.26522E+01  0.25213E+01
  0.32895E+01  0.47663E+01  0.60883E+01  0.67493E+01  0.68863E+01  0.66959E+01
  0.60171E+01  0.44928E+01  0.21646E+01 -0.42554E+00 -0.25274E+01 -0.36468E+01
 -0.39385E+01 -0.39801E+01 -0.42540E+01 -0.47660E+01 -0.52244E+01 -0.55876E+01
 -0.61711E+01 -0.72070E+01 -0.83562E+01 -0.88980E+01 -0.83918E+01 -0.71770E+01
 -0.60574E+01 -0.55571E+01 -0.55154E+01 -0.54022E+01 -0.49972E+01 -0.44672E+01
 -0.39192E+01 -0.31272E+01 -0.17695E+01  0.22914E-01  0.16962E+01  0.27801E+01
  0.33399E+01  0.37210E+01  0.40248E+01  0.39177E+01  0.30543E+01  0.15479E+01
  0.29585E-01 -0.76820E+00 -0.54185E+00  0.32167E+00  0.96478E+00  0.57778E+00
 -0.10655E+01 -0.34116E+01 -0.56266E+01 -0.71330E+01 -0.77819E+01 -0.74485E+01
 -0.59240E+01 -0.35004E+01 -0.13329E+01 -0.72542E+00 -0.18389E+01 -0.34644E+01
 -0.42741E+01 -0.39287E+01 -0.28092E+01 -0.11597E+01  0.78751E+00  0.21810E+01
  0.18535E+01 -0.21264E+00 -0.24991E+01 -0.33803E+01 -0.28622E+01 -0.21059E+01
 -0.15937E+01 -0.62911E+00  0.13241E+01  0.34321E+01  0.42777E+01  0.33905E+01
  0.15625E+01 -0.15825E+00 -0.12777E+01 -0.17540E+01 -0.17241E+01 -0.15157E+01
 -0.15871E+01 -0.21051E+01 -0.27302E+01 -0.31946E+01 -0.37067E+01 -0.46534E+01
 -0.58621E+01 -0.68088E+01 -0.73685E+01 -0.80295E+01 -0.91488E+01 -0.10489E+02
 -0.11590E+02 -0.12406E+02 -0.13007E+02 -0.13049E+02 -0.12132E+02 -0.10643E+02
 -0.96725E+01 -0.97260E+01 -0.10083E+02 -0.97439E+01 -0.87375E+01 -0.79991E+01
 -0.79812E+01 -0.80883E+01 -0.75464E+01 -0.65163E+01 -0.59685E+01 -0.66532E+01
 -0.83978E+01 -0.10291E+02 -0.11333E+02 -0.11089E+02 -0.97967E+01 -0.80404E+01
 -0.61885E+01 -0.42592E+01 -0.23597E+01 -0.97822E+00 -0.51969E+00 -0.62088E+00
 -0.26361E+00  0.11655E+01  0.29757E+01  0.35950E+01  0.20230E+01 -0.10674E+01
 -0.37052E+01 -0.41161E+01 -0.20319E+01  0.12669E+01  0.39822E+01  0.49230E+01
  0.37619E+01  0.84421E+00 -0.29548E+01 -0.63073E+01 -0.78017E+01 -0.67001E+01
 -0.33120E+01  0.11777E+01  0.50125E+01  0.64178E+01  0.45005E+01  0.20722E+00
 -0.38478E+01 -0.51101E+01 -0.30737E+01  0.73730E+00  0.45006E+01  0.74243E+01
  0.93059E+01  0.95024E+01  0.72516E+01  0.29822E+01 -0.13467E+01 -0.36574E+01
 -0.34901E+01 -0.22938E+01 -0.20615E+01 -0.37700E+01 -0.67651E+01 -0.96112E+01
 -0.11207E+02 -0.11333E+02 -0.10141E+02 -0.75632E+01 -0.36210E+01  0.77344E+00
  0.38937E+01  0.45784E+01  0.30303E+01  0.24360E+00 -0.31147E+01 -0.65742E+01
 -0.90989E+01 -0.94027E+01 -0.73486E+01 -0.43650E+01 -0.22213E+01 -0.16555E+01
 -0.24831E+01 -0.42814E+01 -0.63952E+01 -0.76694E+01 -0.70322E+01 -0.46504E+01
 -0.18874E+01  0.53846E-01  0.93515E+00  0.96506E+00  0.59960E-01 -0.18931E+01
 -0.41974E+01 -0.54299E+01 -0.45782E+01 -0.20476E+01  0.51898E+00  0.14658E+01
  0.44166E+00 -0.12434E+01 -0.16243E+01  0.14425E+00  0.31157E+01  0.55512E+01
  0.64624E+01  0.60697E+01  0.49502E+01  0.32651E+01  0.10918E+01 -0.93261E+00
 -0.17185E+01 -0.71199E+00  0.14436E+01  0.33671E+01  0.40521E+01  0.36473E+01
  0.31889E+01  0.35463E+01  0.46599E+01  0.55593E+01  0.52974E+01  0.37554E+01
  0.18620E+01  0.90354E+00  0.15170E+01  0.32499E+01  0.50365E+01  0.60907E+01
  0.63290E+01  0.59720E+01  0.50194E+01  0.34536E+01  0.16735E+01  0.41128E+00
  0.54229E-01  0.33436E+00  0.82284E+00  0.14185E+01  0.20976E+01  0.25564E+01
  0.25388E+01  0.22175E+01  0.19141E+01  0.15034E+01  0.59269E+00 -0.75279E+00
 -0.19136E+01 -0.25266E+01 -0.27407E+01 -0.25915E+01 -0.16801E+01 -0.66115E-01
  0.10834E+01  0.55373E+00 -0.13037E+01 -0.27265E+01 -0.24284E+01 -0.67739E+00
  0.14964E+01  0.34439E+01  0.48614E+01  0.52667E+01  0.44157E+01  0.30048E+01
  0.21597E+01  0.19993E+01  0.13864E+01 -0.68538E+00 -0.37991E+01 -0.66152E+01
 -0.81986E+01 -0.85974E+01 -0.82454E+01 -0.74946E+01 -0.66904E+01 -0.62730E+01
 -0.65286E+01 -0.72546E+01 -0.78614E+01 -0.79145E+01 -0.75269E+01 -0.71215E+01
 -0.69840E+01 -0.70429E+01 -0.71555E+01 -0.74467E+01 -0.82322E+01 -0.95711E+01
 -0.11119E+02 -0.12464E+02 -0.13565E+02 -0.14630E+02 -0.15529E+02 -0.15582E+02
 -0.14116E+02 -0.11144E+02 -0.75115E+01 -0.42715E+01 -0.20081E+01 -0.60217E+00
  0.45248E+00  0.15786E+01  0.29428E+01  0.44560E+01  0.58144E+01  0.65356E+01
  0.61910E+01  0.47746E+01  0.29175E+01  0.14952E+01  0.10672E+01  0.15384E+01
  0.23490E+01  0.29810E+01  0.32498E+01  0.32625E+01  0.32574E+01  0.33655E+01
  0.34735E+01  0.34982E+01  0.35884E+01  0.41073E+01  0.51384E+01  0.61634E+01
  0.65336E+01  0.61414E+01  0.56244E+01  0.56491E+01  0.62396E+01  0.69015E+01
  0.73134E+01  0.74989E+01  0.75713E+01  0.74354E+01  0.71090E+01  0.69849E+01
  0.75695E+01  0.89342E+01  0.10490E+02  0.11372E+02  0.11022E+02  0.95281E+01
  0.74807E+01  0.56121E+01  0.43806E+01  0.38340E+01  0.36803E+01  0.36040E+01
  0.34266E+01  0.29752E+01  0.21189E+01  0.94706E+00 -0.28285E-01 -0.86621E-01
  0.98054E+00  0.24942E+01  0.34184E+01  0.33303E+01  0.27361E+01  0.23564E+01
  0.22564E+01  0.20314E+01  0.15623E+01  0.12540E+01  0.13447E+01  0.13997E+01
  0.83537E+00 -0.33637E+00 -0.14781E+01 -0.21139E+01 -0.23150E+01 -0.23493E+01
 -0.22764E+01 -0.20070E+01 -0.15590E+01 -0.99781E+00 -0.31753E+00  0.52950E+00
  0.13944E+01  0.19616E+01  0.19929E+01  0.13810E+01  0.28100E+00 -0.83092E+00
 -0.14248E+01 -0.14351E+01 -0.13741E+01 -0.17833E+01 -0.26273E+01 -0.35487E+01
 -0.45775E+01 -0.60996E+01 -0.81168E+01 -0.99729E+01 -0.11025E+02 -0.11279E+02
 -0.11063E+02 -0.10365E+02 -0.89877E+01 -0.71523E+01 -0.55546E+01 -0.45584E+01
 -0.38841E+01 -0.31144E+01 -0.22370E+01 -0.15565E+01 -0.11617E+01 -0.87399E+00
 -0.45545E+00  0.18950E+00  0.93564E+00  0.14317E+01  0.12907E+01  0.51838E+00
 -0.25385E+00 -0.20436E+00  0.86940E+00  0.23123E+01  0.32074E+01  0.32629E+01
  0.29969E+01  0.31536E+01  0.39773E+01  0.51344E+01  0.61308E+01  0.68533E+01
  0.74031E+01  0.77802E+01  0.78299E+01  0.75221E+01  0.71551E+01  0.69665E+01
  0.68375E+01  0.65001E+01  0.59961E+01  0.56647E+01  0.57621E+01  0.62405E+01
  0.68559E+01  0.72331E+01  0.69911E+01  0.59750E+01  0.47207E+01  0.41392E+01
  0.46892E+01  0.59239E+01  0.71289E+01  0.80719E+01  0.89076E+01  0.96006E+01
  0.98945E+01  0.97836E+01  0.96965E+01  0.10026E+02  0.10701E+02  0.11448E+02
  0.12189E+02  0.12852E+02  0.13074E+02  0.12344E+02  0.10518E+02  0.80493E+01
  0.56875E+01  0.40166E+01  0.31971E+01  0.29672E+01  0.28742E+01  0.26205E+01
  0.22416E+01  0.19819E+01  0.18830E+01  0.18080E+01  0.16674E+01  0.15744E+01
  0.16125E+01  0.16208E+01  0.14147E+01  0.11252E+01  0.11157E+01  0.15765E+01
  0.22339E+01  0.27900E+01  0.32866E+01  0.41405E+01  0.56910E+01  0.78072E+01
  0.99056E+01  0.11343E+02  0.11852E+02  0.11515E+02  0.10612E+02  0.93400E+01
  0.79431E+01  0.66771E+01  0.56076E+01  0.43834E+01  0.25161E+01  0.65269E-01
 -0.21831E+01 -0.33836E+01 -0.34169E+01 -0.28310E+01 -0.20903E+01 -0.12363E+01
 -0.22754E+00  0.63831E+00  0.10278E+01  0.99441E+00  0.87774E+00  0.88021E+00
  0.79918E+00  0.38481E+00 -0.38091E+00 -0.13491E+01 -0.22994E+01 -0.29342E+01
 -0.29794E+01 -0.24649E+01 -0.17480E+01 -0.11084E+01 -0.36762E+00  0.81374E+00
  0.23405E+01  0.35814E+01  0.39768E+01  0.37529E+01  0.36482E+01  0.41328E+01
  0.50939E+01  0.60970E+01  0.67597E+01  0.68338E+01  0.61868E+01  0.49867E+01
  0.37504E+01  0.29906E+01  0.26655E+01  0.23105E+01  0.15447E+01  0.39789E+00
 -0.93366E+00 -0.22532E+01 -0.31918E+01 -0.32490E+01 -0.22762E+01 -0.91019E+00
 -0.11596E+00 -0.31021E+00 -0.11178E+01 -0.20266E+01 -0.28401E+01 -0.33499E+01
 -0.30381E+01 -0.16306E+01  0.16400E+00  0.99985E+00  0.31728E+00 -0.10382E+01
 -0.17683E+01 -0.16055E+01 -0.14425E+01 -0.21490E+01 -0.35163E+01 -0.46932E+01
 -0.52091E+01 -0.52845E+01 -0.51394E+01 -0.45597E+01 -0.33251E+01 -0.18046E+01
 -0.67117E+00 -0.12728E+00  0.17246E+00  0.48415E+00  0.61115E+00  0.35716E+00
 -0.45824E-01 -0.16886E+00  0.53382E-01  0.36500E+00  0.54560E+00  0.52368E+00
  0.11462E+00 -0.87781E+00 -0.23408E+01 -0.37978E+01 -0.47249E+01 -0.48838E+01
 -0.42509E+01 -0.31058E+01 -0.21097E+01 -0.19947E+01 -0.27849E+01 -0.35871E+01
 -0.34901E+01 -0.25119E+01 -0.13372E+01 -0.48404E+00 -0.60529E-02 -0.10402E-01
 -0.71740E+00 -0.19663E+01 -0.28937E+01 -0.26837E+01 -0.13603E+01  0.26084E+00
  0.14235E+01  0.19072E+01  0.18848E+01  0.16361E+01  0.15303E+01  0.18235E+01
  0.23547E+01  0.25824E+01  0.23335E+01  0.20491E+01  0.21753E+01  0.24327E+01
  0.21301E+01  0.11249E+01  0.18600E-01 -0.59361E+00 -0.78305E+00 -0.95466E+00
 -0.12335E+01 -0.15302E+01 -0.18209E+01 -0.22248E+01 -0.27895E+01 -0.34853E+01
 -0.42525E+01 -0.48650E+01 -0.50130E+01 -0.46847E+01 -0.43207E+01 -0.42961E+01
 -0.45336E+01 -0.48425E+01 -0.54194E+01 -0.64310E+01 -0.74369E+01 -0.78410E+01
 -0.78287E+01 -0.80899E+01 -0.88580E+01 -0.98161E+01 -0.10834E+02 -0.11864E+02
 -0.12060E+02 -0.10589E+02 -0.84803E+01 -0.82421E+01 -0.10230E+02 -0.11266E+02
 -0.87591E+01 -0.51328E+01 -0.50608E+01 -0.85147E+01 -0.99917E+01 -0.60735E+01
 -0.80362E+00 -0.55359E+00 -0.52817E+01 -0.85866E+01 -0.63954E+01 -0.20131E+01
 -0.96527E+00 -0.36035E+01 -0.55270E+01 -0.40328E+01 -0.13299E+01 -0.80628E+00
 -0.24026E+01 -0.31295E+01 -0.12902E+01  0.13829E+01  0.20670E+01  0.32760E+00
 -0.14714E+01 -0.11982E+01  0.43848E+00  0.90806E+00 -0.73624E+00 -0.27498E+01
 -0.32569E+01 -0.29244E+01 -0.37234E+01 -0.57252E+01 -0.67862E+01 -0.57811E+01
 -0.43651E+01 -0.46343E+01 -0.61183E+01 -0.66198E+01 -0.53886E+01 -0.37764E+01
 -0.29085E+01 -0.23443E+01 -0.15122E+01 -0.92433E+00 -0.10153E+01 -0.93366E+00
  0.19000E+00  0.15637E+01  0.17226E+01  0.66079E+00 -0.18074E+00 -0.18274E+00
 -0.29792E+00 -0.11991E+01 -0.20945E+01 -0.20728E+01 -0.15034E+01 -0.12080E+01
 -0.93048E+00  0.25209E+00  0.22861E+01  0.40998E+01  0.49784E+01  0.51962E+01
  0.50744E+01  0.45001E+01  0.35446E+01  0.27260E+01  0.22646E+01  0.16186E+01
  0.36522E+00 -0.10788E+01 -0.19632E+01 -0.22938E+01 -0.26483E+01 -0.31934E+01
 -0.33872E+01 -0.26999E+01 -0.13219E+01  0.44262E-01  0.96357E+00  0.17639E+01
  0.31953E+01  0.54484E+01  0.75526E+01  0.82275E+01  0.74138E+01  0.64810E+01
  0.65484E+01  0.70744E+01  0.68558E+01  0.59348E+01  0.55670E+01  0.61943E+01
  0.66841E+01  0.59944E+01  0.47459E+01  0.43598E+01  0.50164E+01  0.55540E+01
  0.51676E+01  0.44128E+01  0.41757E+01  0.43375E+01  0.40585E+01  0.30647E+01
  0.19405E+01  0.14113E+01  0.15370E+01  0.18893E+01  0.20979E+01  0.20328E+01
  0.16884E+01  0.98577E+00 -0.79767E-01 -0.13002E+01 -0.22825E+01 -0.26219E+01
 -0.21574E+01 -0.11095E+01  0.12897E+00  0.11292E+01  0.15041E+01  0.93210E+00
 -0.40206E+00 -0.15160E+01 -0.13975E+01 -0.20712E+00  0.64361E+00  0.11292E+00
 -0.11681E+01 -0.17823E+01 -0.15153E+01 -0.16652E+01 -0.31014E+01 -0.48651E+01
 -0.53189E+01 -0.42544E+01 -0.30292E+01 -0.26436E+01 -0.26809E+01 -0.23312E+01
 -0.17791E+01 -0.19417E+01 -0.30571E+01 -0.41011E+01 -0.38589E+01 -0.23367E+01
 -0.71319E+00 -0.16165E+00 -0.68208E+00 -0.14883E+01 -0.21875E+01 -0.31904E+01
 -0.47592E+01 -0.60361E+01 -0.59020E+01 -0.45949E+01 -0.37463E+01 -0.44283E+01
 -0.56938E+01 -0.56791E+01 -0.38901E+01 -0.17141E+01 -0.65167E+00 -0.64924E+00
 -0.55758E+00  0.32590E+00  0.14177E+01  0.16699E+01  0.93946E+00  0.25661E+00
  0.83011E+00  0.26361E+01  0.43407E+01  0.47412E+01  0.39983E+01  0.31959E+01
  0.30424E+01  0.35318E+01  0.46941E+01  0.66066E+01  0.84535E+01  0.85138E+01
  0.60791E+01  0.29121E+01  0.15907E+01  0.25499E+01  0.37115E+01  0.33248E+01
  0.21102E+01  0.18782E+01  0.27833E+01  0.29559E+01  0.93727E+00 -0.24213E+01
 -0.49167E+01 -0.52565E+01 -0.40065E+01 -0.25305E+01 -0.15486E+01 -0.83483E+00
 -0.37816E-01  0.58048E+00  0.30550E+00 -0.11010E+01 -0.27516E+01 -0.33902E+01
 -0.27366E+01 -0.20295E+01 -0.25254E+01 -0.39027E+01 -0.45952E+01 -0.38827E+01
 -0.28367E+01 -0.28567E+01 -0.38533E+01 -0.46655E+01 -0.46977E+01 -0.42477E+01
 -0.35179E+01 -0.23178E+01 -0.10761E+01 -0.10017E+01 -0.29340E+01 -0.67838E+01
 -0.12188E+02 -0.18152E+02 -0.21323E+02 -0.16688E+02 -0.29189E+01  0.13518E+02
  0.22363E+02  0.19221E+02  0.99873E+01  0.47487E+01  0.79421E+01  0.14988E+02
  0.17681E+02  0.11686E+02 -0.31127E+00 -0.11570E+02 -0.17511E+02 -0.19261E+02
 -0.20469E+02 -0.21017E+02 -0.16252E+02 -0.41164E+01  0.95017E+01  0.15797E+02
  0.12998E+02  0.76325E+01  0.54835E+01  0.51258E+01  0.28450E+01  0.48642E+00
  0.39336E+01  0.13776E+02  0.21558E+02  0.17591E+02  0.15967E+01 -0.15798E+02
 -0.22081E+02 -0.13722E+02  0.72195E+00  0.79260E+01  0.17193E+01 -0.10930E+02
 -0.16166E+02 -0.64499E+01  0.12305E+02  0.26754E+02  0.28581E+02  0.20259E+02
  0.98718E+01  0.26642E+01 -0.11316E+01 -0.22957E+01  0.41434E-01  0.59393E+01
  0.11373E+02  0.10220E+02  0.54029E+00 -0.11980E+02 -0.18063E+02 -0.12756E+02
  0.39952E+00  0.12400E+02  0.15909E+02  0.10260E+02  0.77604E+00 -0.62194E+01

