 -0.25336E+01 -0.27546E+00 -0.38673E+01 -0.38726E+01  0.62880E+01  0.66746E+01
  0.16371E+01 -0.42199E+01 -0.63960E+01 -0.37642E+01 -0.49425E-01  0.11142E+01
  0.70289E+01  0.64504E+01 -0.59898E-01  0.13733E+01  0.73218E+01  0.46294E+01
 -0.49053E+01  0.37777E+01  0.94525E+01  0.50557E+01 -0.16403E+01 -0.20741E+01
 -0.19211E+01 -0.98634E+01 -0.13150E+02 -0.11020E+01  0.16877E+02  0.14417E+02
 -0.46401E+01 -0.11787E+02 -0.10535E+02 -0.51376E+01  0.71749E+01  0.16964E+02
  0.16724E+02  0.69173E+01  0.21195E+01 -0.29071E+01 -0.10244E+02 -0.20693E+01
  0.41508E+01 -0.40445E+00  0.56148E-01 -0.26483E+01  0.48133E+01  0.17198E+02
  0.13547E+02  0.11921E+02  0.87584E+01 -0.59270E+01 -0.81422E+01  0.32520E+01
  0.52243E+01  0.38404E+01 -0.31551E+01 -0.14211E+02 -0.57800E+01  0.48487E+01
 -0.21517E+01 -0.20289E+01  0.29061E+01 -0.31297E+00 -0.12748E+02 -0.11643E+02
  0.13140E+02  0.16703E+02  0.47685E+01  0.12932E+01  0.38899E+01  0.14174E+02
  0.20539E+02  0.74748E+01 -0.76504E+01 -0.16147E+02 -0.20138E+02  0.22849E+01
  0.14220E+02 -0.56764E+01 -0.23885E+02 -0.22055E+02 -0.96159E+00  0.11074E+02
  0.19083E+02  0.26962E+02  0.18717E+02  0.13638E+02  0.10242E+02 -0.37511E+01
 -0.20792E+01 -0.50202E+01 -0.91711E+01  0.44973E+01 -0.21028E+01 -0.18685E+02
 -0.18269E+02 -0.85855E+01 -0.36129E+01  0.41506E+00  0.15231E+01  0.14293E+01
  0.79267E+01  0.47567E+01 -0.72331E+01 -0.39103E+01  0.10601E+01  0.65741E+01
 -0.99136E+00 -0.16197E+02 -0.12028E+02 -0.60545E+01 -0.23961E+01 -0.54462E+01
 -0.99102E+01 -0.53388E+01 -0.50744E+01  0.17287E+01  0.90095E+01  0.94486E+01
  0.84852E+01  0.65287E+01 -0.22127E+01 -0.21981E+02 -0.19179E+02 -0.17368E+02
 -0.17310E+02 -0.90180E+01 -0.26001E+01  0.20864E+01 -0.10187E-01  0.25536E+01
  0.49407E+01  0.14272E+02  0.14935E+02 -0.32824E+01 -0.20671E+02 -0.31867E+02
 -0.32146E+02 -0.32687E+02 -0.13602E+02  0.39337E+01  0.27379E+01 -0.23424E+01
 -0.10266E+02  0.79830E-01  0.10174E+02  0.93240E+01 -0.65796E+01 -0.19590E+02
 -0.22065E+02 -0.21273E+02  0.33419E+01  0.16482E+02  0.16755E+02  0.16016E+02
  0.21056E+01  0.41844E+01  0.21169E+02  0.17090E+02  0.55716E-01 -0.83735E+01
 -0.12634E+02 -0.19180E+02 -0.73637E+01  0.17116E+02  0.17470E+02  0.19334E+02
  0.16646E+02  0.13244E+02  0.66551E+01 -0.40168E+01 -0.81208E+00  0.29321E+01
  0.17180E+02  0.19796E+02  0.88950E+01  0.22128E+01 -0.88149E+01 -0.91873E+01
 -0.45118E+01 -0.58037E+01 -0.88428E+01 -0.86717E+01  0.38388E+01  0.13689E+02
  0.14457E+02  0.15088E+02  0.13524E+02  0.21924E+02  0.17852E+02  0.71471E+01
 -0.62365E+01 -0.14455E+02  0.40554E+01  0.26396E+02  0.36304E+02  0.23208E+02
  0.63605E+01 -0.29220E+01 -0.15519E+02 -0.12515E+02  0.82746E+01  0.19500E+02
  0.28773E+02  0.23876E+02  0.21589E+02  0.22702E+01 -0.13793E+02 -0.28861E+02
 -0.34186E+02 -0.19953E+01 -0.39230E+01 -0.74956E+01 -0.17111E+02 -0.28060E+02
 -0.34682E+01  0.10552E+02  0.47436E+01 -0.49257E+01 -0.17902E+02 -0.32803E+02
 -0.14058E+02  0.10976E+01 -0.77805E+01 -0.74033E-01  0.94634E+01 -0.28981E-01
 -0.18287E+01 -0.14489E+01 -0.22339E+01  0.17980E+01  0.65141E+01  0.46424E+01
 -0.96657E+01 -0.15521E+02 -0.19040E+02  0.10146E+02  0.26297E+02  0.14110E+02
  0.60372E+01 -0.24878E+02 -0.24435E+02 -0.45432E+01 -0.16843E+01  0.13888E+02
  0.13075E+02  0.13236E+02  0.14283E+02 -0.14816E+02 -0.21157E+02 -0.19185E+02
 -0.21377E+02 -0.25073E+02 -0.34067E+02 -0.13893E+02 -0.69227E+01  0.80205E+01
  0.18471E+02  0.10881E+02  0.52247E+01 -0.18588E+02 -0.12971E+02 -0.30930E+00
  0.87892E+01  0.20836E+02  0.14883E+02 -0.19839E+01 -0.18920E+02 -0.99447E+01
  0.34909E+01  0.70550E+01  0.18976E+02  0.22196E+02  0.98626E+01  0.14602E+01
 -0.67355E+01 -0.12179E+02 -0.93953E+01 -0.57870E+01 -0.93652E+01 -0.12134E+02
 -0.61785E+01 -0.18061E+02 -0.17777E+02  0.21206E+01  0.15467E+02  0.18848E+02
  0.13261E+02 -0.58716E+01 -0.77287E+01 -0.14638E+02 -0.19160E+02  0.16455E+02
  0.20652E+02  0.10377E+02  0.25371E+01 -0.58877E+01 -0.18073E+02 -0.17765E+02
 -0.35843E+01  0.16283E+02  0.48346E+02  0.38559E+02  0.21112E+02  0.70153E+01
 -0.28192E+02 -0.22378E+02 -0.19116E+01  0.10383E+02  0.33682E+02  0.11716E+02
 -0.95099E+01 -0.11604E+02 -0.21049E+02 -0.77640E+01  0.45361E+01  0.86911E+01
 -0.84710E+00 -0.27695E+02 -0.32807E+02 -0.80801E+01 -0.65836E+01 -0.14341E+00
 -0.41886E+01 -0.13030E+02 -0.54048E+01  0.13327E+01  0.18406E+02  0.65945E+01
  0.42158E+01 -0.43480E+01 -0.24402E+01  0.92875E+01  0.55177E+01  0.14696E+02
  0.13912E+01  0.38143E+01  0.54105E+01 -0.67614E+01  0.56653E+01  0.10790E+01
 -0.80182E+01 -0.14949E+02 -0.11195E+02 -0.99691E+01 -0.19704E+02  0.49010E+01
  0.18681E+02  0.20682E+02  0.27254E+02  0.25300E+01 -0.26875E+02 -0.31445E+01
 -0.18604E+01 -0.15535E+02 -0.11662E+01 -0.12191E+02 -0.26065E+02 -0.13045E+02
 -0.92495E+01  0.39167E+01  0.26379E+02  0.26382E+01 -0.93755E+01  0.50601E+01
  0.21014E+02  0.45962E+01 -0.13632E+02 -0.50990E+01 -0.17268E+02 -0.11646E+02
  0.10640E+02  0.74389E+00  0.50395E+01 -0.10725E+02 -0.45542E+02 -0.41111E+02
 -0.27057E+02 -0.89986E+01 -0.10375E+02 -0.15242E+02  0.10924E+01  0.43113E+01
 -0.25833E+02 -0.24823E+02 -0.18119E+02 -0.32381E+02 -0.28711E+02 -0.20545E+02
 -0.16148E+01 -0.17982E+01 -0.61467E+01 -0.10786E+02 -0.20896E+02 -0.57242E+01
  0.92872E+00  0.49563E+01  0.52504E+01  0.87662E+01  0.49071E+02  0.25839E+02
  0.10251E+02  0.37693E+02  0.13580E+02 -0.13409E+02  0.56638E+00 -0.18027E+02
 -0.38010E+02 -0.94094E+01 -0.14412E+02  0.30032E+02  0.45217E+02 -0.17367E+02
 -0.30496E+02 -0.16778E+02 -0.46739E+01 -0.27153E+01  0.32121E+02  0.55620E+02
  0.31798E+02  0.23288E+02  0.24808E+02  0.61858E+01 -0.89102E+01 -0.72719E+01
 -0.82767E+01  0.10051E+02  0.31223E+02  0.33838E+02  0.23429E+02  0.11483E+02
  0.14152E+02  0.12721E+01  0.96938E+01  0.31150E+02  0.23817E+02  0.69494E+01
 -0.19313E+02 -0.25639E+02 -0.26288E+02 -0.25785E+02  0.54977E+01  0.14493E+02
  0.16059E+02  0.32354E+02  0.27889E+02  0.11504E+02 -0.14097E+02 -0.15331E+02
 -0.50127E+01  0.38240E+01 -0.37814E+01 -0.47638E+01  0.24955E+02  0.23091E+02
  0.91980E+01  0.18758E+02  0.40896E+02  0.49236E+02  0.26138E+02  0.10246E+02
 -0.13857E+00  0.14800E+02  0.51617E+02  0.53602E+02  0.38062E+02  0.27721E+02
 -0.41387E+00 -0.18020E+02 -0.29635E+01  0.17543E+02  0.14508E+02  0.26832E+02
  0.41499E+01 -0.45736E+02 -0.24105E+02 -0.13857E+02 -0.41364E+00  0.37496E+02
  0.32423E+02 -0.18390E+02 -0.37160E+02 -0.15721E+02 -0.13755E+02  0.12615E+02
  0.25181E+02 -0.43179E+02 -0.54456E+02 -0.13209E+02 -0.50650E+01 -0.70373E+01
  0.27263E+02  0.30039E+02 -0.78446E+01 -0.15652E+02 -0.10176E+02  0.21004E+02
  0.49057E+02  0.47704E+02  0.39523E+02  0.21626E+02  0.11939E+02  0.12596E+02
 -0.17507E+02 -0.25255E+02  0.49002E+01 -0.12169E+02 -0.20055E+02 -0.19791E+02
 -0.16000E+02  0.49874E+01  0.30914E+00 -0.16715E+02 -0.13317E+02 -0.34490E+02
 -0.65870E+02 -0.43176E+02 -0.30328E+01  0.30855E+02  0.38188E+02  0.26366E+02
 -0.25300E+01  0.81950E+00  0.12792E+02 -0.24321E+02 -0.34740E+02  0.25452E+00
  0.40315E+02  0.64037E+02  0.64911E+02  0.60639E+02  0.43275E+02  0.18209E+02
  0.15688E+02  0.33361E+02  0.37986E+02  0.38947E+02  0.34429E+02  0.15227E+02
 -0.47658E+00 -0.84506E+01 -0.10299E+02 -0.21862E+02 -0.44796E+02 -0.40582E+02
 -0.36127E+02 -0.52390E+01  0.18536E+02  0.17950E+02  0.11349E+02 -0.56103E+02
 -0.63660E+02 -0.14637E+01  0.16136E+02  0.41081E+02  0.67352E+02  0.63313E+02
  0.32149E+02 -0.35591E-02 -0.26340E+02 -0.43789E+02 -0.33734E+02 -0.19081E+02
 -0.20166E+02 -0.24475E+02 -0.18599E+02  0.43947E+01  0.28083E+02  0.43490E+00
 -0.29761E+02 -0.34238E+02 -0.45454E+02 -0.18527E+02  0.31234E+02  0.50856E+02
  0.46943E+02  0.11437E+02 -0.23028E+02 -0.24720E+02 -0.74975E+01 -0.14717E+02
 -0.53141E+02 -0.32542E+02 -0.21234E+02 -0.22746E+02 -0.31438E+02 -0.12347E+02
  0.29827E+02  0.37303E+02  0.31891E+02 -0.61647E+02 -0.79855E+02 -0.29258E+02
 -0.68335E+01 -0.96608E+01 -0.12267E+02 -0.22195E+02 -0.12125E+02  0.50501E+02
  0.69449E+02  0.69260E+02  0.58366E+02  0.32757E+02  0.29124E+02  0.34878E+02
  0.46803E+01 -0.30291E+02 -0.16054E+02 -0.11256E+02  0.13357E+02  0.58843E+02
  0.73928E+02  0.11625E+03  0.90243E+02  0.28523E+02 -0.56105E+01 -0.25827E+02
 -0.22642E+02 -0.27284E+02 -0.39362E+02 -0.14173E+02  0.27458E+02  0.30769E+02
  0.37784E+02  0.10068E+02 -0.31840E+02 -0.66812E+02 -0.48393E+02  0.20018E+01
  0.12545E+02  0.59313E+02  0.52306E+02  0.40087E+02  0.45749E+02 -0.74324E+01
 -0.19122E+02 -0.17350E+02 -0.26632E+02 -0.72061E+01 -0.16604E+02 -0.36663E+02
 -0.45007E+02 -0.54811E+02 -0.32845E+02 -0.20835E+02 -0.57255E+02 -0.11388E+03
 -0.96859E+02 -0.55965E+02 -0.50334E+02 -0.32901E+02 -0.26891E+02 -0.27289E+02
 -0.16908E+02 -0.18985E+02 -0.14017E+02 -0.85842E+01 -0.46585E+02 -0.63070E+02
 -0.48126E+02 -0.28369E+02 -0.19616E+02 -0.24105E+02  0.28617E+01  0.16089E+02
  0.32526E+01 -0.20344E+01  0.32266E+01 -0.48005E+01 -0.18815E+02 -0.14013E+02
 -0.20181E+02 -0.43263E+02 -0.55624E+02 -0.31623E+02 -0.38538E+01  0.82017E+00
 -0.13012E+01 -0.52998E+01 -0.51490E+02 -0.46378E+02  0.81015E+01  0.52942E+02
  0.10695E+03  0.35456E+02 -0.69007E+02 -0.48293E+02 -0.14669E+02  0.20247E+02
  0.60383E+02  0.78714E+02  0.43498E+02 -0.54795E+02 -0.90774E+02 -0.86340E+02
 -0.77058E+02 -0.12906E+03 -0.17706E+03 -0.12848E+03 -0.98335E+02 -0.10064E+03
 -0.10350E+03 -0.10438E+03 -0.10906E+03 -0.10122E+03 -0.86565E+02 -0.36046E+02
  0.49491E+02  0.93368E+02  0.10577E+03  0.11971E+03  0.14352E+03  0.12079E+03
  0.12684E+03  0.16472E+03  0.11647E+03  0.54714E+02  0.28552E+02  0.20377E+02
  0.36399E+02  0.52092E+02  0.57945E+02  0.43583E+02  0.63080E+02  0.66822E+02
 -0.81564E+01 -0.74353E+02 -0.10396E+03 -0.15348E+03 -0.22167E+03 -0.26145E+03
 -0.22316E+03 -0.11365E+03 -0.24122E+02  0.45419E+02  0.80996E+02  0.46878E+02
  0.33893E+02  0.11622E+03  0.21258E+03  0.20171E+03  0.13011E+03  0.97818E+02
  0.39968E+02 -0.29995E+02 -0.32392E+02  0.86834E+01  0.69551E+02  0.65125E+02
  0.61661E+01 -0.15980E+02 -0.73002E+02 -0.14321E+03 -0.16449E+03 -0.17523E+03
 -0.18116E+03 -0.17276E+03 -0.16809E+03 -0.16199E+03 -0.16952E+03 -0.19205E+03
 -0.23392E+03 -0.24717E+03 -0.18870E+03 -0.81277E+02  0.38226E+01  0.83219E+01
  0.11170E+02  0.62789E+02  0.94485E+02  0.10277E+03  0.92788E+02  0.10378E+03
  0.85779E+02 -0.23347E+00  0.21171E+02  0.83354E+02  0.14901E+03  0.18136E+03
  0.19147E+03  0.20958E+03  0.18866E+03  0.17205E+03  0.18212E+03  0.24849E+03
  0.30300E+03  0.23235E+03  0.12560E+03  0.68279E+02  0.69752E+02  0.97369E+02
  0.10192E+03  0.13172E+03  0.13124E+03  0.61935E+02  0.13040E+02 -0.38989E+02
 -0.62300E+02 -0.39514E+02 -0.91077E+02 -0.16035E+03 -0.23618E+03 -0.36983E+03
 -0.41298E+03 -0.32060E+03 -0.18422E+03 -0.43302E+02  0.24932E+01 -0.14001E+02
 -0.25555E+02  0.26868E+01  0.79203E+02  0.12147E+03  0.14765E+03  0.20662E+03
  0.26751E+03  0.27051E+03  0.22150E+03  0.15895E+03  0.10659E+03  0.65286E+02
  0.25341E+02 -0.33689E+02 -0.10160E+03 -0.98547E+02 -0.26884E+02  0.93012E+01
 -0.63350E+01 -0.36924E+02 -0.60640E+02 -0.70492E+02 -0.61194E+02 -0.30069E+02
  0.62458E+01 -0.24702E+02 -0.64066E+02 -0.64118E+02 -0.10485E+03 -0.12346E+03
 -0.54609E+02 -0.44604E+01 -0.52092E+02 -0.96106E+02 -0.11594E+03 -0.11333E+03
 -0.60461E+02 -0.12509E+02  0.53884E+02  0.78059E+02  0.42601E+02  0.62949E+02
  0.11240E+03  0.12922E+03  0.10736E+03  0.89391E+02  0.93010E+02  0.11140E+03
  0.10556E+03  0.73834E+02  0.63569E+02  0.76217E+02  0.78061E+02  0.12676E+03
  0.21969E+03  0.26549E+03  0.28242E+03  0.24163E+03  0.14012E+03  0.63869E+02
  0.39597E+02 -0.29409E+01 -0.42830E+02 -0.20234E+02 -0.97680E+01 -0.12168E+02
  0.77881E+01 -0.38818E+00 -0.14696E+02 -0.32810E+02 -0.42006E+02 -0.26948E+02
 -0.30017E+02 -0.32061E+02 -0.36871E+02 -0.36147E+02  0.12941E+02  0.85792E+02
  0.11386E+03  0.11540E+03  0.11849E+03  0.11173E+03  0.10194E+03  0.11571E+03
  0.14278E+03  0.18412E+03  0.23359E+03  0.22717E+03  0.18714E+03  0.11548E+03
  0.36543E+02 -0.14842E+02 -0.32848E+02 -0.48377E+02 -0.68695E+02 -0.10078E+03
 -0.15806E+03 -0.18754E+03 -0.19071E+03 -0.18100E+03 -0.15861E+03 -0.12917E+03
 -0.78313E+02 -0.64316E+02 -0.76693E+02 -0.21932E+02  0.75767E+01 -0.11689E+02
 -0.41533E+02 -0.63958E+02 -0.55035E+02 -0.42640E+02 -0.19518E+02 -0.17311E+02
  0.11017E+01  0.39558E+01 -0.28876E+02 -0.16725E+02 -0.16043E+02 -0.20543E+02
 -0.17343E+02 -0.27834E+02 -0.52092E+02 -0.55604E+02 -0.14000E+02  0.14729E+02
  0.29836E+02  0.21806E+02 -0.25838E+01 -0.11587E+02 -0.12079E+02 -0.12359E+02
 -0.23814E+02 -0.69483E+02 -0.11038E+03 -0.11302E+03 -0.10367E+03 -0.93738E+02
 -0.95273E+02 -0.10579E+03 -0.12493E+03 -0.16642E+03 -0.18006E+03 -0.13683E+03
 -0.11370E+03 -0.13055E+03 -0.16773E+03 -0.16874E+03 -0.11249E+03 -0.58390E+02
 -0.44492E+02 -0.33330E+02 -0.94402E+00  0.22963E+02  0.30661E+02  0.28939E+02
  0.26277E+02  0.55980E+02  0.83658E+02  0.70017E+02  0.72131E+01 -0.34061E+02
 -0.12686E+02  0.38792E+01  0.17116E+02  0.19850E+02  0.64184E+01 -0.12176E+02
 -0.31705E+02 -0.35282E+02 -0.12194E+02 -0.19904E+01 -0.19182E+02 -0.30990E+02
 -0.41967E+02 -0.54845E+02 -0.48432E+02 -0.33857E+02  0.18781E+00  0.17881E+02
  0.25178E+02  0.44071E+02  0.36759E+02  0.19821E+01 -0.42921E+02 -0.56605E+02
 -0.45064E+02 -0.35574E+02 -0.28307E+02 -0.16956E+01  0.23476E+01  0.11313E+02
  0.36739E+02  0.46286E+02  0.14609E+02 -0.35794E+02 -0.33022E+02 -0.30416E+02
 -0.21641E+02 -0.70567E+00  0.13131E+01 -0.17737E+02 -0.35854E+02 -0.25824E+02
 -0.78319E+01 -0.12714E+01 -0.67041E-01  0.29741E+01 -0.97341E+01 -0.37320E+02
 -0.47323E+02 -0.42675E+02 -0.87943E+01  0.13975E+02 -0.14869E+02 -0.22941E+02
 -0.16324E+02  0.45736E+01  0.32011E+02  0.52442E+02  0.88741E+02  0.10984E+03
  0.97770E+02  0.77859E+02  0.56162E+02  0.14769E+02  0.94689E+01  0.18415E+02
  0.13534E+02  0.13980E+02  0.15908E+02  0.21310E+02  0.16058E+02  0.69228E+01
  0.16648E+02  0.23277E+02  0.76389E+01 -0.13761E+02 -0.17484E+02 -0.26746E+02
 -0.27609E+02 -0.10197E+02 -0.12133E+02  0.10446E+02  0.38685E+02  0.39230E+02
  0.31171E+02  0.10191E+02  0.86246E+01  0.21377E+02  0.14899E+02  0.73179E+01
  0.20469E+02  0.30304E+02  0.39124E+02  0.27823E+02 -0.10869E+02  0.42589E+01
  0.13718E+02  0.48854E+01  0.21334E+01  0.20608E+02  0.78356E+02  0.98899E+02
  0.96010E+02  0.94059E+02  0.89533E+02  0.69781E+02  0.45137E+02  0.36247E+02
  0.28763E+02  0.58492E+01 -0.18347E+02 -0.43039E+02 -0.39883E+02 -0.11777E+02
 -0.59405E+01 -0.51174E+01  0.11265E+02  0.15672E+02  0.10769E+02  0.74522E+01
  0.45110E+00  0.17094E+02  0.54092E+02  0.91801E+02  0.91732E+02  0.83537E+02
  0.78145E+02  0.82096E+02  0.71940E+02  0.40642E+02  0.98655E+01 -0.11669E+02
 -0.24499E+02 -0.68421E+02 -0.94681E+02 -0.92916E+02 -0.65385E+02 -0.38774E+02
 -0.54018E+02 -0.67068E+02 -0.80300E+02 -0.88307E+02 -0.83344E+02 -0.68123E+02
 -0.52171E+02 -0.36847E+02 -0.16019E+02 -0.15528E+01 -0.99138E+00 -0.16763E+02
 -0.30334E+02 -0.42542E+02 -0.46269E+02 -0.37369E+02 -0.42909E+02 -0.37619E+02
 -0.70959E+01  0.84127E+01  0.20195E+02  0.23061E+02  0.20589E+02  0.26724E+02
  0.11799E+02 -0.13952E+02 -0.18095E+02 -0.31070E+01  0.79555E+01  0.29347E+01
 -0.25873E+01 -0.43574E+02 -0.82811E+02 -0.98071E+02 -0.11445E+03 -0.75914E+02
 -0.22278E+02 -0.24460E+02 -0.11640E+02  0.44413E+02  0.53826E+02  0.58110E+02
  0.40695E+02 -0.10271E+02 -0.73158E+01  0.12072E+02 -0.24591E+02 -0.38949E+02
  0.43529E+02  0.73387E+02  0.24666E+02  0.15743E+02  0.23341E+02  0.33809E+02
  0.39526E+02  0.39649E+02  0.42053E+02  0.38183E+02  0.31235E+02 -0.70181E+01
 -0.18795E+02 -0.33141E+02 -0.26168E+02  0.48532E+01  0.26082E+02  0.15231E+02
 -0.69002E+02 -0.11709E+03 -0.90468E+02 -0.95590E+02 -0.12682E+03 -0.80731E+02
 -0.34465E+02 -0.39952E+02 -0.44266E+02 -0.16906E+02 -0.39341E+02 -0.28945E+02
  0.16216E+02  0.14604E+02  0.41743E+02  0.37859E+02 -0.30604E+02 -0.67143E+02
  0.11271E+02  0.63222E+02  0.38038E+02  0.47251E+02  0.59348E+02  0.22229E+02
  0.19776E+02  0.18658E+02 -0.47313E+01  0.12931E+02  0.39803E+02  0.42253E+02
  0.43748E+02  0.61770E+02  0.15555E+02 -0.17619E+02 -0.30063E+02 -0.67099E+02
 -0.62196E+02 -0.28677E+02  0.12680E+02  0.55847E+02  0.86273E+02  0.59450E+02
  0.31732E+02  0.28194E+02  0.15561E+02  0.99499E+01  0.13449E+02  0.78512E+01
  0.21490E+02  0.37443E+02  0.54632E+02  0.67418E+02  0.61078E+02  0.41260E+02
  0.83948E+01 -0.15002E+02 -0.33091E+02 -0.36965E+02 -0.46233E+02 -0.32238E+02
  0.26785E+02  0.52311E+02  0.53189E+02  0.35378E+02  0.16081E+02  0.21889E+02
  0.17623E+02  0.13073E+02  0.14584E+00 -0.16486E+02  0.21043E+01  0.11505E+02
 -0.20300E+02 -0.36204E+01 -0.13627E+02 -0.32690E+02  0.42193E+01 -0.12785E+02
  0.13995E+02  0.70824E+02  0.56288E+02  0.49231E+02  0.49941E+02  0.59050E+02
  0.44744E+02 -0.28258E+02 -0.55235E+02 -0.89421E+02 -0.14782E+03 -0.86535E+02
  0.14277E+02  0.89040E+02  0.13681E+03  0.15173E+03  0.12577E+03  0.65788E+02
  0.28722E+02 -0.86090E+01 -0.16357E+02  0.27462E+02  0.78286E+02  0.87971E+02
  0.75804E+02  0.19815E+02 -0.19970E+02 -0.62794E+01  0.29527E+02  0.64256E+02
  0.76974E+02  0.91828E+02  0.10650E+03  0.89803E+02  0.15706E+02 -0.21576E+02
 -0.28007E+02  0.67571E+01  0.90612E+02  0.14833E+03  0.14805E+03  0.34786E+02
 -0.11956E+03 -0.15639E+03 -0.59719E+02  0.96554E+02  0.17783E+03  0.17265E+03
  0.13957E+03  0.88103E+02  0.41697E+02  0.48592E+01 -0.10859E+02 -0.38988E+02
 -0.52440E+02 -0.73787E+02 -0.11534E+03 -0.13036E+03 -0.15182E+03 -0.14828E+03
 -0.11133E+03 -0.33493E+02  0.46949E+02  0.76869E+02  0.53705E+02 -0.16534E+02
 -0.56931E+02 -0.59475E+02 -0.46069E+02 -0.33107E+02 -0.29209E+02 -0.43860E+02
 -0.82378E+02 -0.63230E+02  0.23660E+02  0.74240E+02  0.79784E+02  0.46513E+02
 -0.18536E+02 -0.63248E+02 -0.84720E+02 -0.88417E+02 -0.73506E+02 -0.46537E+02
 -0.69302E+02 -0.11408E+03 -0.13538E+03 -0.12180E+03 -0.58330E+02 -0.83995E+01
  0.21121E+02  0.38786E+02  0.43600E+02  0.32424E+02 -0.30020E+02 -0.90412E+02
 -0.98352E+02 -0.85461E+02 -0.63477E+02 -0.53889E+02 -0.40927E+02 -0.40073E+02
 -0.50538E+02 -0.61390E+02 -0.65595E+02 -0.31358E+02  0.19278E+02  0.69231E+02
  0.10396E+03  0.85319E+02 -0.41197E+02 -0.11929E+03 -0.10562E+03 -0.92183E+02
 -0.86560E+02 -0.92725E+02 -0.89629E+02 -0.69469E+02 -0.59410E+02 -0.64858E+02
 -0.71032E+02 -0.77475E+02 -0.75151E+02 -0.72920E+02 -0.79885E+02 -0.87609E+02
 -0.79036E+02 -0.64335E+02 -0.51189E+02 -0.50240E+02 -0.47263E+02 -0.38526E+02
 -0.26352E+02 -0.19620E+02 -0.16568E+02 -0.55345E+01  0.14377E+02  0.29138E+02
  0.55465E+02  0.10355E+03  0.11894E+03  0.77229E+02  0.29374E+02 -0.32605E+01
 -0.26236E+02  0.16105E+02  0.57279E+02  0.66420E+02  0.69424E+02  0.36968E+02
  0.46803E+00 -0.34489E+02 -0.59940E+02 -0.66035E+02 -0.42158E+02  0.22925E+02
  0.56653E+02  0.56562E+02  0.34614E+02 -0.39189E+02 -0.90865E+02 -0.91115E+02
 -0.28279E+02  0.27104E+02  0.10556E+02 -0.17805E+01  0.12543E+01  0.35920E+02
  0.74861E+02  0.85344E+02  0.78502E+02  0.61978E+02  0.53546E+02  0.43912E+02
  0.41072E+02  0.32537E+02  0.33870E+02  0.34937E+02  0.27727E+02  0.32123E+02
  0.44297E+02  0.55977E+02  0.57875E+02  0.56618E+02  0.89424E+02  0.13469E+03
  0.14728E+03  0.14751E+03  0.14666E+03  0.14628E+03  0.14721E+03  0.14026E+03
  0.11171E+03  0.74542E+02  0.40696E+02  0.23039E+02  0.12476E+02  0.22800E+02
  0.47000E+02  0.48166E+02  0.22667E+02 -0.90891E+01  0.49845E+01  0.22089E+02
  0.15235E+02  0.96702E+01  0.13143E+02  0.29706E+02  0.41712E+02  0.35582E+02
  0.16964E+02  0.31260E+02  0.80747E+02  0.11037E+03  0.10180E+03  0.88905E+02
  0.66180E+02  0.22259E+02 -0.98464E+01 -0.22043E+02 -0.19100E+02 -0.10263E+02
 -0.13626E+01 -0.20363E+00  0.73753E+00 -0.37674E+01 -0.24672E+02 -0.32967E+02
 -0.22926E+02 -0.20451E+02 -0.20404E+02 -0.22038E+02 -0.17794E+02 -0.18363E+01
  0.10468E+02  0.19190E+02  0.12676E+02 -0.95615E+01 -0.24614E+02 -0.35637E+02
 -0.36151E+02 -0.30268E+02 -0.35051E+02 -0.31884E+02 -0.29135E+02 -0.36605E+02
 -0.48575E+02 -0.61928E+02 -0.69757E+02 -0.68355E+02 -0.57623E+02 -0.52217E+02
 -0.50751E+02 -0.46298E+02 -0.40194E+02 -0.37430E+02 -0.23598E+02 -0.56688E+01
  0.55227E+00  0.48939E+01 -0.20923E+01 -0.13731E+02 -0.29269E+02 -0.52160E+02
 -0.71947E+02 -0.78073E+02 -0.80209E+02 -0.90662E+02 -0.10183E+03 -0.11064E+03
 -0.11383E+03 -0.11160E+03 -0.10746E+03 -0.99599E+02 -0.95881E+02 -0.97792E+02
 -0.88233E+02 -0.81764E+02 -0.67964E+02 -0.56113E+02 -0.54949E+02 -0.48935E+02
 -0.42701E+02 -0.28135E+02 -0.30038E+02 -0.35257E+02 -0.43855E+02 -0.51990E+02
 -0.51609E+02 -0.54589E+02 -0.44755E+02 -0.37013E+02 -0.32669E+02 -0.22813E+02
 -0.22974E+02 -0.19209E+02 -0.96513E+01 -0.19516E+01  0.30893E+01  0.53535E+01
  0.54009E+01  0.94526E+01  0.31123E+02  0.47620E+02  0.56773E+02  0.60099E+02
  0.58135E+02  0.48819E+02  0.35599E+02  0.33936E+02  0.36954E+02  0.36167E+02
  0.41618E+02  0.48411E+02  0.59547E+02  0.73249E+02  0.76240E+02  0.64381E+02
  0.54118E+02  0.48626E+02  0.50909E+02  0.55880E+02  0.51829E+02  0.45350E+02
  0.27404E+02  0.17278E+02  0.19408E+02  0.31794E+02  0.47430E+02  0.58307E+02
  0.61107E+02  0.57044E+02  0.51463E+02  0.39316E+02  0.40736E+02  0.50503E+02
  0.53558E+02  0.44821E+02  0.31779E+02  0.16385E+02  0.17168E+01 -0.90664E+01
 -0.22224E+02 -0.28326E+02 -0.27371E+02 -0.28542E+02 -0.24709E+02 -0.10895E+02
  0.56780E+00  0.19091E+02  0.28709E+02  0.32712E+02  0.39380E+02  0.44379E+02
  0.46643E+02  0.46902E+02  0.39039E+02  0.19894E+02 -0.25930E+01 -0.12371E+02
 -0.11186E+02 -0.11045E+02 -0.17303E+01  0.13286E+01  0.44330E-01 -0.15527E+01
 -0.83719E+01 -0.18510E+02 -0.22985E+02 -0.23989E+02 -0.23091E+02 -0.14473E+02
 -0.30518E+01  0.99733E+01  0.17867E+02  0.12807E+02  0.48954E+01 -0.60677E+01
 -0.10876E+02 -0.58258E+01  0.20011E+01  0.14108E+02  0.16663E+02  0.11255E+02
  0.12240E+02  0.12139E+02  0.61483E+01  0.60910E+01  0.45722E+01  0.42653E+01
  0.65591E+01  0.12777E+02  0.96047E+01  0.55430E+01  0.78284E+01 -0.39520E+01
 -0.10453E+02 -0.43423E+01  0.73702E+01  0.13019E+02  0.17200E+02  0.25541E+02
  0.29894E+02  0.39700E+02  0.42127E+02  0.35834E+02  0.25949E+02  0.21954E+02
  0.25685E+02  0.23370E+02  0.18508E+02  0.13037E+02  0.11802E+02  0.45630E+01
  0.31070E+01  0.44343E+01  0.47695E+01  0.39061E+01 -0.51616E+00 -0.14665E+01
  0.28426E+01  0.11461E+02  0.60111E+01 -0.95528E+00 -0.50112E+01 -0.88438E+01
 -0.83304E+01 -0.88995E+01 -0.11293E+02 -0.85494E+01 -0.71460E+01 -0.16418E+02
 -0.30056E+02 -0.38087E+02 -0.42064E+02 -0.45744E+02 -0.42610E+02 -0.44681E+02
 -0.51475E+02 -0.57363E+02 -0.57416E+02 -0.50693E+02 -0.46520E+02 -0.41330E+02
 -0.35874E+02 -0.36455E+02 -0.40568E+02 -0.49045E+02 -0.50647E+02 -0.51301E+02
 -0.49762E+02 -0.40755E+02 -0.37416E+02 -0.34126E+02 -0.31162E+02 -0.24648E+02
 -0.15300E+02 -0.17061E+02 -0.20793E+02 -0.31656E+02 -0.36072E+02 -0.30440E+02
 -0.26500E+02 -0.17132E+02 -0.14438E+02 -0.11674E+02 -0.12665E+02 -0.22922E+02
 -0.28772E+02 -0.35062E+02 -0.44809E+02 -0.52311E+02 -0.58028E+02 -0.51286E+02
 -0.44347E+02 -0.44191E+02 -0.42377E+02 -0.40405E+02 -0.44393E+02 -0.47856E+02
 -0.46592E+02 -0.49752E+02 -0.54857E+02 -0.56385E+02 -0.53256E+02 -0.42231E+02
 -0.35279E+02 -0.27830E+02 -0.11351E+02  0.97160E+01  0.23562E+02  0.24375E+02
  0.16645E+02  0.70518E+01 -0.11469E+01 -0.93690E+00  0.10464E+02  0.16922E+02
  0.27178E+02  0.28794E+02  0.30265E+02  0.39939E+02  0.49709E+02  0.55768E+02
  0.55633E+02  0.57312E+02  0.59900E+02  0.57235E+02  0.58906E+02  0.64671E+02
  0.66774E+02  0.74720E+02  0.80303E+02  0.83918E+02  0.83371E+02  0.74179E+02
  0.69812E+02  0.68927E+02  0.63016E+02  0.59343E+02  0.60711E+02  0.65699E+02
  0.69658E+02  0.66432E+02  0.55299E+02  0.45785E+02  0.37776E+02  0.34208E+02
  0.35043E+02  0.36088E+02  0.40647E+02  0.39614E+02  0.35321E+02  0.29928E+02
  0.25961E+02  0.26959E+02  0.27024E+02  0.27417E+02  0.22218E+02  0.19584E+02
  0.22840E+02  0.27553E+02  0.27352E+02  0.27108E+02  0.27306E+02  0.22285E+02
  0.15766E+02  0.53257E+01  0.22513E+01  0.33553E+01  0.66364E+01  0.87942E+01
  0.40459E+01  0.14461E+00 -0.46967E+01 -0.79971E+01 -0.11529E+02 -0.11517E+02
 -0.15557E+02 -0.19252E+02 -0.25767E+02 -0.28739E+02 -0.27497E+02 -0.30085E+02
 -0.26074E+02 -0.25827E+02 -0.32825E+02 -0.37381E+02 -0.36337E+02 -0.36726E+02
 -0.31798E+02 -0.24279E+02 -0.15913E+02 -0.11836E+02 -0.12848E+02 -0.10025E+02
 -0.48090E+01 -0.86515E+01 -0.12968E+02 -0.13154E+02 -0.15394E+02 -0.20375E+02
 -0.26290E+02 -0.28101E+02 -0.28649E+02 -0.27039E+02 -0.25700E+02 -0.28809E+02
 -0.35060E+02 -0.34077E+02 -0.27729E+02 -0.28099E+02 -0.25847E+02 -0.19146E+02
 -0.16920E+02 -0.93140E+01 -0.55713E+01 -0.16667E+01 -0.20704E+01 -0.74996E+01
 -0.95009E+01 -0.81379E+01 -0.17862E+01 -0.25740E+00  0.28071E+00  0.89399E+00
  0.82424E+01  0.11024E+02  0.16852E+02  0.16921E+02  0.10877E+02  0.16585E+02
  0.20429E+02  0.20681E+02  0.12648E+02  0.42526E+01 -0.10599E+01 -0.22533E+01
 -0.14387E+01  0.92703E+00  0.77582E+01  0.13033E+02  0.16160E+02  0.12173E+02
  0.10730E+02  0.12280E+02  0.55854E+01 -0.32957E+01 -0.75056E+01 -0.12739E+02
 -0.99890E+01 -0.51905E+01 -0.27499E+01  0.64589E+01  0.11307E+02  0.51807E+01
  0.51417E+01  0.11809E+01 -0.13583E+02 -0.25387E+02 -0.32171E+02 -0.31123E+02
 -0.25353E+02 -0.10730E+02 -0.25585E+01 -0.43212E+00 -0.63126E+01 -0.19153E+02
 -0.24006E+02 -0.29066E+02 -0.25184E+02 -0.19245E+02 -0.14373E+02 -0.10446E+02
 -0.11139E+02 -0.87366E+01 -0.26189E+01  0.60703E+01  0.98156E+01  0.68639E+01
 -0.94816E+00  0.38573E+01  0.57151E+01  0.55156E+01  0.18565E+01 -0.45780E+01
  0.13569E+01  0.38061E+01  0.52717E+01  0.61026E+01  0.73300E+01  0.14092E+01
 -0.90631E+01 -0.18349E+02 -0.17453E+02 -0.11518E+02 -0.10349E+02 -0.15643E+02
 -0.14648E+02 -0.15050E+02 -0.17145E+02 -0.15952E+02 -0.16103E+02 -0.17036E+02
 -0.23649E+02 -0.24339E+02 -0.21794E+02 -0.12686E+02 -0.12024E+02 -0.14464E+02
 -0.10282E+02 -0.11664E+02 -0.11183E+02 -0.12384E+02 -0.81817E+01 -0.43777E+01
 -0.41942E+01  0.24026E+01  0.47404E+01  0.30657E+01  0.38664E+01  0.88079E+01
  0.11431E+02  0.10548E+02  0.11630E+02  0.10445E+02  0.12540E+02  0.13748E+02
  0.11527E+02  0.82471E+01  0.34834E+01 -0.69120E+00 -0.49385E+01 -0.43395E+01
  0.61610E+00  0.10221E+02  0.10342E+02  0.14422E+02  0.20520E+02  0.29250E+02
  0.34474E+02  0.29436E+02  0.28373E+02  0.28313E+02  0.26448E+02  0.27284E+02
  0.34293E+02  0.38583E+02  0.37450E+02  0.31264E+02  0.26531E+02  0.26106E+02
  0.26790E+02  0.26443E+02  0.26925E+02  0.24616E+02  0.20682E+02  0.22535E+02
  0.24958E+02  0.24792E+02  0.28056E+02  0.32269E+02  0.29744E+02  0.24963E+02
  0.21113E+02  0.15316E+02  0.66573E+01  0.31760E+01  0.22254E+01 -0.64198E-01
  0.87770E+01  0.18103E+02  0.20086E+02  0.18161E+02  0.12002E+02  0.54682E+01
 -0.98570E+00 -0.68986E+01 -0.12229E+02 -0.12446E+02 -0.11793E+02 -0.13211E+02
 -0.19661E+02 -0.28012E+02 -0.35104E+02 -0.37989E+02 -0.33409E+02 -0.27862E+02
 -0.21615E+02 -0.23997E+02 -0.32552E+02 -0.37328E+02 -0.36114E+02 -0.25979E+02
 -0.19613E+02 -0.22144E+02 -0.30642E+02 -0.36572E+02 -0.34939E+02 -0.30151E+02
 -0.29109E+02 -0.29946E+02 -0.27238E+02 -0.22157E+02 -0.15628E+02 -0.12953E+02
 -0.18964E+02 -0.26804E+02 -0.29981E+02 -0.32562E+02 -0.30090E+02 -0.20041E+02
 -0.10697E+02 -0.31783E+01  0.14022E+01  0.22490E+01  0.11450E+01 -0.54304E+01
 -0.71641E+01 -0.83885E+01 -0.73240E+01 -0.43933E+01 -0.12877E+01 -0.11682E+01
 -0.39846E+01 -0.33383E+01  0.21892E+01  0.55649E+01  0.29493E+01  0.33842E+01
  0.29161E+01  0.49165E+01  0.10143E+02  0.12910E+02  0.13037E+02  0.12427E+02
  0.13520E+02  0.14265E+02  0.17473E+02  0.18384E+02  0.15631E+02  0.16160E+02
  0.17118E+02  0.16980E+02  0.15611E+02  0.16365E+02  0.16330E+02  0.16348E+02
  0.17754E+02  0.12724E+02  0.91934E+01  0.11132E+02  0.90906E+01  0.59115E+01
  0.65726E+01  0.10129E+02  0.12734E+02  0.92292E+01  0.31569E+01 -0.40164E+01
 -0.10057E+02 -0.90148E+01 -0.51159E+01 -0.14976E+00  0.22155E+01 -0.57134E+00
 -0.32448E+01 -0.40968E+01 -0.28507E+01 -0.30228E+01 -0.29570E+01 -0.27279E+01
 -0.22181E+01 -0.27752E+01  0.25399E-01  0.13828E+01  0.10116E+01  0.46144E+01
  0.62371E+01  0.39877E+01 -0.39803E+00 -0.59001E+00  0.68738E+01  0.14077E+02
  0.17732E+02  0.19624E+02  0.13458E+02  0.25931E+01 -0.79072E+01 -0.83321E+01
 -0.28279E+01  0.19266E+01  0.41888E+01  0.70878E+01  0.87113E+01  0.10751E+02
  0.16299E+02  0.18630E+02  0.13341E+02  0.11181E+02  0.68055E+01  0.35857E+01
  0.29281E+01 -0.13159E+01 -0.11420E+01 -0.16927E+01  0.47080E+00  0.12478E+01
 -0.91426E-01 -0.32566E+01 -0.29937E+01 -0.61360E+01 -0.91560E+01 -0.10069E+02
 -0.11428E+02 -0.11994E+02 -0.73557E+01  0.10391E+01  0.50000E+01  0.74589E+01
  0.74865E+01  0.70055E+01  0.31297E+01  0.47322E+01  0.61105E+01  0.23917E+01
 -0.40700E+00 -0.26014E+01 -0.17595E+01 -0.30992E+01 -0.36370E+01 -0.37962E+01
 -0.33595E+01 -0.59678E+01 -0.11333E+02 -0.94054E+01 -0.43986E+01 -0.37893E+01
 -0.32320E+01 -0.18092E+01 -0.24412E+01 -0.33654E+01 -0.41400E+01 -0.32175E+01
  0.13482E+01  0.99059E+01  0.16010E+02  0.14624E+02  0.98630E+01  0.77453E+01
  0.63846E+01  0.50330E+01 -0.30589E+00 -0.18521E+01 -0.57953E+01 -0.11476E+02
 -0.11522E+02 -0.12137E+02 -0.12503E+02 -0.19308E+02 -0.20295E+02 -0.24505E+02
 -0.29448E+02 -0.28583E+02 -0.29782E+02 -0.26893E+02 -0.20723E+02 -0.14925E+02
 -0.82097E+01 -0.86242E+01 -0.11711E+02 -0.10979E+02 -0.10072E+02 -0.10717E+02
 -0.12739E+02 -0.10378E+02 -0.11670E+02 -0.12736E+02 -0.12248E+02 -0.10080E+02
 -0.72452E+01 -0.24154E+01 -0.21610E+00  0.46761E+00  0.15003E+01  0.79076E+00
 -0.34239E+00  0.64750E+00  0.15378E+01  0.27885E+01  0.78544E+01  0.87198E+01
  0.95791E+01  0.10105E+02  0.10515E+02  0.10638E+02  0.11919E+02  0.17648E+02
  0.19663E+02  0.14328E+02  0.13379E+02  0.17128E+02  0.17888E+02  0.20529E+02
  0.22384E+02  0.21490E+02  0.22088E+02  0.19345E+02  0.14961E+02  0.14478E+02
  0.13764E+02  0.10761E+02  0.11142E+02  0.12893E+02  0.19568E+02  0.26134E+02
  0.23408E+02  0.21472E+02  0.21957E+02  0.21121E+02  0.17055E+02  0.16314E+02
  0.14591E+02  0.15765E+02  0.12352E+02  0.73999E+01  0.74077E+01  0.66207E+01
  0.65628E+01  0.97087E+01  0.68873E+01 -0.51260E-01 -0.25306E+01 -0.42830E+01
 -0.52778E+01 -0.47502E+01 -0.34321E+01 -0.10017E+02 -0.15026E+02 -0.12086E+02
 -0.46750E+01  0.11385E+01  0.33634E+01  0.27292E+01  0.76947E+00 -0.11878E+01
 -0.43141E+01 -0.23403E+01  0.33128E+00  0.12558E+00 -0.29075E+01 -0.81087E+01
 -0.97617E+01 -0.13001E+02 -0.12923E+02 -0.11710E+02 -0.13272E+02 -0.10451E+02
 -0.87665E+01 -0.61642E+01 -0.51774E+01 -0.83162E+01 -0.11625E+02 -0.14045E+02
 -0.15636E+02 -0.16362E+02 -0.14027E+02 -0.86199E+01 -0.22244E+01 -0.88340E+00
  0.34640E+00 -0.51690E+00  0.21538E+01  0.33248E+01  0.48245E+01  0.33902E+01
 -0.17374E+00 -0.56090E+01 -0.11905E+02 -0.19411E+02 -0.22497E+02 -0.23084E+02
 -0.23985E+02 -0.19777E+02 -0.23814E+02 -0.19711E+02 -0.21116E+02 -0.21196E+02
 -0.18835E+02 -0.18402E+02 -0.14436E+02 -0.11495E+02 -0.86146E+01 -0.91779E+01
 -0.15435E+02 -0.18379E+02 -0.18048E+02 -0.19669E+02 -0.22953E+02 -0.25003E+02
 -0.19188E+02 -0.12066E+02 -0.48926E+01 -0.60932E+00 -0.10409E+01 -0.69545E+00
 -0.18216E+00 -0.23314E+00 -0.10432E+01 -0.53642E+00  0.41501E+01  0.89227E+01
  0.14213E+02  0.15575E+02  0.17822E+02  0.22318E+02  0.23383E+02  0.18778E+02
  0.12943E+02  0.64128E+01  0.63236E+00 -0.26326E+00 -0.18817E+01  0.61447E+00
  0.53988E+01  0.63587E+01  0.85782E+01  0.13932E+02  0.14432E+02  0.13812E+02
  0.14752E+02  0.14784E+02  0.14436E+02  0.17363E+02  0.21003E+02  0.23248E+02
  0.24095E+02  0.24402E+02  0.23870E+02  0.21560E+02  0.20280E+02  0.19810E+02
  0.21480E+02  0.25480E+02  0.21812E+02  0.16920E+02  0.17411E+02  0.16407E+02
  0.21275E+02  0.24131E+02  0.24385E+02  0.19151E+02  0.14241E+02  0.88319E+01
  0.82921E+01  0.64541E+01  0.46323E+00 -0.85526E-02  0.97207E+00  0.16464E+01
  0.99561E+00  0.42011E+01  0.61851E+01  0.30854E+01  0.48426E+01  0.54559E+01
  0.25348E+01  0.92101E+00 -0.35778E-01 -0.40920E+01 -0.45459E+01 -0.40302E+01
 -0.28505E+01  0.14036E+01 -0.40393E+01 -0.63579E+01 -0.63089E+01 -0.27981E+01
  0.47002E+01  0.83492E+01  0.60917E+01  0.57382E+00 -0.50055E+01 -0.72356E+01
 -0.12180E+02 -0.13407E+02 -0.15280E+02 -0.16724E+02 -0.17879E+02 -0.20993E+02
 -0.25915E+02 -0.30736E+02 -0.26810E+02 -0.20176E+02 -0.14187E+02 -0.13901E+02
 -0.17223E+02 -0.17041E+02 -0.15077E+02 -0.13345E+02 -0.13531E+02 -0.12537E+02
 -0.10951E+02 -0.12521E+02 -0.13522E+02 -0.15846E+02 -0.18283E+02 -0.22124E+02
 -0.25358E+02 -0.29312E+02 -0.30098E+02 -0.29504E+02 -0.28156E+02 -0.23845E+02
 -0.23091E+02 -0.21205E+02 -0.18557E+02 -0.17513E+02 -0.14097E+02 -0.77351E+01
 -0.44951E+01 -0.35539E+01  0.10252E+00  0.20757E+01  0.17376E+01  0.21333E+01
 -0.34204E+01 -0.44679E+01 -0.45526E+01 -0.21746E+01  0.99193E+00  0.74662E+01
  0.11852E+02  0.15369E+02  0.22690E+02  0.26260E+02  0.27323E+02  0.25160E+02
  0.25993E+02  0.24160E+02  0.23744E+02  0.19649E+02  0.16464E+02  0.13943E+02
  0.10405E+02  0.67460E+01  0.46551E+01  0.42839E+01  0.36112E+01  0.44542E+01
  0.33486E+01  0.38811E+01  0.47330E+01  0.32127E+01  0.28070E+01  0.39056E+01
  0.50404E+01  0.72717E+01  0.10314E+02  0.98059E+01  0.10877E+02  0.96622E+01
  0.72146E+01  0.59179E+01  0.84002E+01  0.12636E+02  0.13059E+02  0.11762E+02
  0.10343E+02  0.62952E+01  0.59493E+01  0.89795E+01  0.82440E+01  0.61016E+01
  0.21216E+01  0.11640E+01  0.11555E+01  0.12716E+01  0.56040E+01  0.58876E+01
  0.30400E+01 -0.20936E+01 -0.42775E+01 -0.31604E+01  0.34239E+00  0.59994E+01
  0.79389E+01  0.10175E+02  0.59063E+01  0.17486E+01  0.17187E+01  0.83244E+00
  0.33445E+01  0.90353E+01  0.10442E+02  0.93511E+01  0.46604E+01  0.46188E+01
  0.28574E+01  0.81734E+00  0.12106E+01  0.10824E+01 -0.97367E+00 -0.57010E+01
 -0.62235E+01 -0.69703E+01 -0.62037E+01 -0.61691E+01 -0.86471E+01 -0.14343E+02
 -0.10764E+02 -0.87521E+01 -0.11638E+02 -0.10405E+02 -0.10691E+02 -0.10258E+02
 -0.83410E+01 -0.76952E+01 -0.48928E+01 -0.34904E+01 -0.55751E+01 -0.54913E+01
 -0.54714E+01  0.67946E+00  0.33025E+01  0.13807E+01 -0.38127E+01 -0.11104E+02
 -0.14701E+02 -0.16582E+02 -0.14684E+02 -0.14472E+02 -0.13828E+02 -0.12929E+02
 -0.13220E+02 -0.98094E+01 -0.70874E+01 -0.52377E+01 -0.68894E-01  0.33303E+01
  0.93621E+01  0.61389E+01  0.22449E+01 -0.16652E+01 -0.56726E+01 -0.70292E+01
 -0.12890E+02 -0.11494E+02 -0.87344E+01 -0.19645E+01  0.32443E+01  0.91123E+01
  0.10359E+02  0.10010E+02  0.10750E+02  0.10705E+02  0.11249E+02  0.10598E+02
  0.10379E+02  0.99308E+01  0.96446E+01  0.10816E+02  0.90277E+01  0.81458E+01
  0.71977E+01  0.43426E+01  0.42216E+01  0.13049E+01  0.14011E+01  0.13028E+01
  0.10412E+01  0.13075E+01  0.18388E+01  0.20280E+01  0.20562E+01  0.27323E+01
  0.15190E+01 -0.49621E+01 -0.59989E+01 -0.63787E+01 -0.95930E+01 -0.10125E+02
 -0.64717E+01 -0.17767E+01  0.12485E+01 -0.59066E+00 -0.59122E+01 -0.82204E+01
 -0.14301E+02 -0.14872E+02 -0.15173E+02 -0.14984E+02 -0.13470E+02 -0.68025E+01
 -0.14214E+01  0.38419E+01  0.88989E+01  0.69052E+01  0.32417E+01  0.11550E+01
  0.14654E+01  0.76070E+00  0.24620E+01  0.13518E+01 -0.16164E+01 -0.47115E+01
 -0.12317E+01  0.14642E+01 -0.90595E+00 -0.41801E+01 -0.60950E+01 -0.58688E+01
 -0.59120E+01 -0.56931E+01 -0.59765E+01 -0.58388E+01 -0.61203E+01 -0.51989E+01
 -0.55028E+01 -0.50549E+01 -0.60182E+01 -0.19134E+01  0.37590E+01  0.33871E+01
  0.57513E+01  0.46791E+01  0.37090E+01  0.31709E+01  0.29236E+01  0.33694E+01
  0.34019E+01  0.32562E+01  0.35661E+01  0.81667E+01  0.11245E+02  0.10283E+02
  0.12981E+02  0.13562E+02  0.14085E+02  0.13687E+02  0.97283E+01  0.10378E+02
  0.10503E+02  0.11259E+02  0.10579E+02  0.47144E+01  0.37032E+00 -0.67062E+00
 -0.46387E+01 -0.56411E+01 -0.61812E+01 -0.69797E+01 -0.63056E+01 -0.69975E+01
 -0.67220E+01 -0.62903E+01 -0.56229E+01 -0.63466E+01 -0.25255E+01 -0.27348E+01
 -0.54840E+01 -0.53150E+01 -0.67434E+01 -0.63795E+01 -0.71646E+01 -0.82688E+01
 -0.98012E+01 -0.10654E+02 -0.82831E+01 -0.11596E+02 -0.11080E+02 -0.84888E+01
 -0.76990E+01 -0.72585E+01 -0.78150E+01 -0.44032E+01 -0.54802E+00  0.33481E+01
  0.62790E+00  0.16447E+01  0.57654E+01  0.55902E+01  0.73631E+01  0.59666E+01
  0.18447E+01  0.94222E+00  0.30168E+01  0.48877E+01  0.49505E+01  0.53825E+01
  0.84156E+01  0.72159E+01  0.69800E+01  0.93355E+01  0.87255E+01  0.96106E+01
  0.84164E+01  0.11764E+02  0.16055E+02  0.17638E+02  0.17445E+02  0.16076E+02
  0.14084E+02  0.96838E+01  0.10277E+02  0.10381E+02  0.13439E+02  0.18190E+02
  0.19118E+02  0.20090E+02  0.19192E+02  0.81744E+01  0.31489E+01 -0.27464E+00
 -0.27013E+01 -0.16389E+01 -0.50919E+01 -0.58555E+01 -0.42651E+01  0.15500E+00
  0.33812E+01  0.27354E+01  0.25428E+01  0.24565E+01  0.82096E+00 -0.55588E+01
 -0.10702E+02 -0.11053E+02 -0.84136E+01 -0.25791E+01 -0.23909E+01 -0.16430E+01
 -0.26623E+01 -0.28863E+01 -0.28589E+01 -0.33208E+01 -0.30349E+01 -0.33064E+01
 -0.27645E+01 -0.28525E+01 -0.22970E+01 -0.44624E+01 -0.52277E+01 -0.19510E+01
 -0.13116E+01  0.16185E+01  0.63473E+01  0.97941E+01  0.12804E+02  0.13303E+02
  0.14026E+02  0.12348E+02  0.62385E+01  0.52310E+01 -0.42565E-01 -0.24954E+01
 -0.23268E+01 -0.25751E+01 -0.15094E+01 -0.19796E+01 -0.16886E+01 -0.21317E+01
 -0.24772E+01 -0.29497E+01 -0.58644E+01 -0.11272E+02 -0.11127E+02 -0.12142E+02
 -0.12482E+02 -0.11917E+02 -0.12221E+02 -0.11762E+02 -0.11054E+02 -0.46909E+01
 -0.51630E+01 -0.43618E+01 -0.13765E+01 -0.17760E+01 -0.26219E+01 -0.61185E+01
 -0.94631E+01 -0.12600E+02 -0.97889E+01 -0.89553E+01 -0.83601E+01 -0.70942E+01
 -0.75366E+01 -0.88873E+01 -0.93455E+01 -0.75129E+01 -0.72165E+01 -0.61113E+01
 -0.63427E+01 -0.54232E+01 -0.23604E+01  0.89060E+00  0.21931E+01  0.93324E+00
 -0.27600E+01 -0.44094E+01 -0.14711E+01  0.35949E+00  0.13042E+01  0.25300E+00
  0.81713E+00  0.21454E+00  0.85808E+00  0.15447E+01  0.16943E+01  0.13025E+01
 -0.37950E+01 -0.48618E+01 -0.44402E+01  0.12990E+01  0.25711E+00 -0.42580E+01
 -0.65550E+01 -0.51906E+01  0.48303E+00  0.34832E+01  0.89779E+01  0.96719E+01
  0.97289E+01  0.92266E+01  0.94424E+01  0.92550E+01  0.93306E+01  0.91432E+01
  0.98554E+01  0.95503E+01  0.89598E+01  0.10408E+02  0.75228E+01  0.59718E+01
  0.43121E+01  0.14811E+01  0.78871E+00  0.15669E+01  0.18422E+01  0.38846E+01
  0.78711E+01  0.75303E+01  0.78733E+01  0.76346E+01  0.92943E+01  0.67082E+01
  0.50402E+00  0.37172E+00 -0.51661E-02  0.21375E+00  0.40867E-01  0.21227E+00
 -0.11696E+00 -0.20684E+01 -0.59387E+01 -0.69905E+01 -0.82781E+01 -0.74990E+01
 -0.89703E+01 -0.60684E+01 -0.58125E+00 -0.48862E+00 -0.82442E+00 -0.55304E+01
 -0.53723E+01 -0.45186E+01 -0.69588E+01 -0.68659E+01 -0.38622E+00  0.30469E+00
  0.15964E+00  0.13038E+01 -0.26951E+01 -0.65330E+01 -0.66892E+01 -0.67753E+01
 -0.67683E+01 -0.67930E+01 -0.59182E+01 -0.35355E+00 -0.50635E+01 -0.63588E+01
 -0.65898E+01 -0.51054E+01  0.20771E+01  0.13118E+01  0.16749E+01  0.11158E+01
  0.16715E+01  0.33103E+01  0.11291E+01  0.16056E+01  0.16177E+01  0.18133E+01
  0.15288E+01  0.23498E+01  0.31708E+01  0.16855E+01  0.13263E+01  0.14745E+01
  0.36461E+01  0.38783E+01  0.15571E+01  0.18778E+01  0.16411E+01  0.19732E+01
  0.18771E+01 -0.38673E+01 -0.73073E+01 -0.12472E+02 -0.13721E+02 -0.14029E+02
 -0.15018E+02 -0.13682E+02 -0.13672E+02 -0.13335E+02 -0.13240E+02 -0.12502E+02
 -0.13207E+02 -0.18530E+02 -0.20471E+02 -0.13072E+02 -0.15370E+02 -0.18619E+02
 -0.14716E+02 -0.12733E+02 -0.76066E+01 -0.16186E+00  0.42016E+01  0.71175E+01
  0.99744E+01  0.11658E+02  0.10957E+02  0.11127E+02  0.84703E+01  0.12204E+02
  0.11094E+02  0.52695E+01  0.64797E+01  0.55035E+01  0.70263E+01  0.59550E+01
  0.47683E+01  0.43881E+01  0.57435E+01  0.82159E+01  0.84226E+01  0.93725E+01
  0.71823E+01  0.19221E+01  0.16940E+01  0.15113E+01  0.17341E+01  0.15107E+01
  0.16406E+01  0.16121E+01  0.14476E+01  0.44664E+01  0.51470E+01  0.63874E+01
  0.90279E+01  0.94549E+01  0.91684E+01  0.10159E+02  0.99275E+01  0.89389E+01
  0.89534E+01  0.10117E+02  0.11009E+02  0.95692E+01  0.93096E+01  0.10721E+02
  0.45799E+01  0.13505E+01  0.15309E+01  0.12470E+01  0.15771E+01  0.22130E+01
  0.59234E+01  0.10114E+02  0.94815E+01  0.11158E+02  0.16982E+02  0.17709E+02
  0.17559E+02  0.17907E+02  0.18310E+02  0.17061E+02  0.16793E+02  0.17443E+02
  0.15320E+02  0.11774E+02  0.91452E+01  0.92445E+01  0.98697E+01  0.95770E+01
  0.92006E+01  0.10043E+02  0.70773E+01  0.20541E+01  0.13969E+01  0.15666E+01
  0.14872E+01  0.16116E+01  0.10632E+01  0.19489E+01 -0.45507E+00 -0.36701E+01
 -0.32873E+01 -0.54217E+01 -0.67177E+01 -0.66474E+01 -0.71550E+01 -0.44590E+01
 -0.48962E+01 -0.66001E+01 -0.67201E+01 -0.62807E+01 -0.62512E+01 -0.89498E+01
 -0.10723E+02 -0.89994E+01 -0.65095E+01 -0.99510E+01 -0.92531E+01 -0.11365E+02
 -0.93777E+01 -0.78801E+01 -0.12135E+02 -0.10787E+02 -0.10134E+02 -0.72728E+01
 -0.64844E+01 -0.61740E+01 -0.59474E+01 -0.61128E+01 -0.68990E+01 -0.75537E+01
 -0.92258E+01 -0.13664E+02 -0.15230E+02 -0.14740E+02 -0.15409E+02 -0.12557E+02
 -0.94277E+01 -0.86189E+01 -0.73276E+01 -0.55605E+01 -0.52887E+01 -0.55743E+01
 -0.63903E+01 -0.12698E+02 -0.14035E+02 -0.15163E+02 -0.14193E+02 -0.14867E+02
 -0.14527E+02 -0.11983E+02 -0.91713E+01 -0.72867E+01 -0.67776E+01 -0.69859E+01
 -0.75099E+01 -0.76232E+01 -0.75990E+01 -0.80567E+01 -0.74361E+01 -0.54068E+01
 -0.10754E+01 -0.30651E+01 -0.75859E+01 -0.52297E+01 -0.73599E+01 -0.17508E+01
  0.20051E+01  0.10733E+01  0.45912E+01  0.39879E+01  0.17261E+01  0.16756E+01
  0.67117E+00 -0.43774E+01 -0.54068E+01  0.12276E+00  0.61738E+01  0.11037E+02
  0.12447E+02  0.11712E+02  0.11608E+02  0.15431E+02  0.17519E+02  0.17540E+02
  0.18306E+02  0.15605E+02  0.12532E+02  0.10474E+02  0.99245E+01  0.10976E+02
  0.11376E+02  0.12419E+02  0.15977E+02  0.16543E+02  0.17699E+02  0.19165E+02
  0.17531E+02  0.17708E+02  0.17299E+02  0.15571E+02  0.13398E+02  0.11215E+02
  0.10074E+02  0.98023E+01  0.12178E+02  0.14955E+02  0.12205E+02  0.97926E+01
  0.54702E+01  0.10979E+01  0.10595E+01  0.18298E+00 -0.65061E+00 -0.16723E+01
 -0.85299E+01 -0.10776E+02 -0.91714E+01 -0.77734E+01 -0.63529E+01 -0.74337E+01
 -0.80751E+01 -0.72732E+01 -0.95093E+01 -0.10545E+02 -0.92156E+01 -0.85204E+01
 -0.67515E+01 -0.23701E+01  0.25278E+01  0.22486E+01  0.22504E+01  0.13753E+01
  0.11933E+01 -0.26975E+01 -0.30856E+01 -0.34761E+01 -0.52531E+01 -0.60311E+01
 -0.57579E+01 -0.51992E+01 -0.63262E+01 -0.55229E+01 -0.79684E+01 -0.83051E+01
 -0.96182E+01 -0.12102E+02 -0.11365E+02 -0.13342E+02 -0.14329E+02 -0.14224E+02
 -0.14071E+02 -0.14120E+02 -0.13349E+02 -0.11996E+02 -0.14627E+02 -0.14387E+02
 -0.15170E+02 -0.14367E+02 -0.15373E+02 -0.16944E+02 -0.97691E+01 -0.78157E+01
 -0.55113E+01 -0.44801E+01 -0.41264E+01 -0.36799E+01 -0.31155E+01 -0.21162E+01
 -0.26531E+01  0.31719E+01  0.75402E+01  0.10542E+02  0.92981E+01  0.67857E+01
  0.71137E+01  0.78723E+01  0.83120E+01  0.88142E+01  0.69066E+01  0.41443E+01
  0.75673E+01  0.95020E+01  0.93383E+01  0.96140E+01  0.83719E+01  0.92707E+01
  0.99657E+01  0.11417E+02  0.12588E+02  0.11500E+02  0.13044E+02  0.14346E+02
  0.14617E+02  0.12380E+02  0.93906E+01  0.10955E+02  0.12497E+02  0.12648E+02
  0.96992E+01  0.68818E+01  0.64256E+01  0.77401E+01  0.64548E+01  0.70447E+01
  0.68982E+01  0.92439E+01  0.11472E+02  0.11185E+02  0.92925E+01  0.67397E+01
  0.48578E+01 -0.98708E-01 -0.18359E+01 -0.51044E+01 -0.65220E+01 -0.41923E+01
 -0.18650E+01 -0.19505E+01 -0.53913E+01 -0.86690E+01 -0.99512E+01 -0.10470E+02
 -0.11063E+02 -0.13967E+02 -0.11214E+02 -0.94306E+01 -0.52182E+01 -0.50276E+01
 -0.93456E+01 -0.10915E+02 -0.10383E+02 -0.98457E+01 -0.97255E+01 -0.10230E+02
 -0.11203E+02 -0.83592E+01 -0.43191E+01 -0.38297E+01 -0.54790E+01 -0.25427E+01
  0.18118E+01  0.45237E+01  0.22082E+01  0.19861E+01  0.90538E+00  0.34473E+01
  0.33815E+01  0.20627E+01  0.50193E+01  0.49102E+01  0.50664E+01  0.48261E+01
  0.47375E+01  0.38426E+01  0.34751E+01  0.12341E+01  0.20520E+00 -0.20696E+01
 -0.41180E+01 -0.39144E+01 -0.45400E+01 -0.40715E+01 -0.33854E+01 -0.89239E-01
  0.71919E+00  0.37415E+01  0.38585E+01  0.45039E+01  0.17463E+01 -0.26767E+01
 -0.24958E+01 -0.38942E+01  0.21305E+00 -0.11581E+01 -0.19515E+01 -0.20131E+01
 -0.26774E+01 -0.21159E+01 -0.38020E+01 -0.40814E+01 -0.41090E+01 -0.38985E+01
 -0.39874E+01 -0.44794E+01 -0.48854E+01 -0.41609E+01 -0.57110E+01 -0.74719E+01
 -0.78439E+01 -0.10610E+02 -0.99315E+01 -0.94607E+01 -0.98598E+01 -0.91217E+01
 -0.93351E+01 -0.86671E+01 -0.88692E+01 -0.78545E+01 -0.73248E+01 -0.73116E+01
 -0.41423E+01  0.46329E+00  0.10203E+01  0.12646E+01  0.18692E+01  0.18847E+01
  0.63341E+01  0.10435E+02  0.10230E+02  0.11925E+02  0.13014E+02  0.11745E+02
  0.11788E+02  0.12352E+02  0.85771E+01  0.53778E+01  0.19769E+01  0.38527E+01
  0.25520E+01 -0.31689E+01  0.30275E+01  0.50098E+01  0.49553E+01  0.49801E+01
  0.49007E+01  0.55395E+01  0.98919E+01  0.13338E+02  0.12602E+02  0.13370E+02
  0.86752E+01  0.43457E+01  0.48804E+01  0.76388E+00 -0.30718E+01 -0.32076E+01
 -0.32142E+01 -0.33794E+01 -0.31730E+01 -0.40383E+01 -0.19491E+01 -0.30399E+00
 -0.25829E+01  0.15930E+01  0.27601E+01  0.50737E+01  0.15148E+01 -0.34171E+01
 -0.29794E+01 -0.36178E+01 -0.31234E+01 -0.32702E+01 -0.30884E+01 -0.35591E+01
 -0.31620E+01 -0.35715E+01 -0.31132E+01 -0.38465E+01 -0.32794E+01 -0.36140E+01
 -0.30355E+01 -0.38300E+01 -0.18332E+01  0.34783E+01  0.61730E+01  0.67744E+01
  0.47452E+01  0.50067E+01  0.52365E+01  0.38260E+01  0.21437E+01  0.28403E+01
  0.47377E+01  0.20405E+01 -0.39714E+01 -0.24500E+01 -0.94894E+00 -0.21070E-01
 -0.24323E-01 -0.11151E+01 -0.87468E-01 -0.44248E+01 -0.51394E+01 -0.29562E+01
 -0.30431E+01 -0.27426E+01  0.65282E+00 -0.11264E+01 -0.15577E+01  0.27849E+01
  0.33053E+01  0.47955E+01  0.43893E+01  0.30316E+01  0.47733E+01  0.60551E+01
  0.72554E+01  0.80071E+01  0.95972E+01  0.91935E+01  0.88623E+01  0.76226E+01
  0.72462E+01  0.68857E+01  0.64164E+01  0.65362E+01  0.62278E+01  0.75078E+01
  0.46370E+01  0.45372E+01  0.44373E+01  0.15984E+01  0.76456E+00  0.13173E+01
 -0.34587E+01 -0.55430E+01 -0.49767E+01 -0.66600E+01 -0.74641E+01 -0.75819E+01
 -0.35353E+01 -0.16660E+01 -0.27783E+01 -0.32131E+01 -0.30475E+01 -0.36998E+01
 -0.19459E+01 -0.14993E+01 -0.35358E+01 -0.37077E+01 -0.43667E+01 -0.30205E+01
 -0.16698E+01 -0.30650E+01 -0.54368E+01 -0.56629E+01 -0.52365E+01 -0.74773E+00
  0.81956E-01 -0.29988E+01 -0.23525E+01 -0.13076E+01 -0.15153E+00  0.59221E+00
  0.13513E+00  0.58694E-01 -0.58407E+00 -0.16207E+00  0.16489E+01  0.33352E+01
  0.10136E+01  0.13338E+01  0.26395E+01 -0.40021E-01 -0.15799E+01 -0.64458E+01
 -0.92997E+01 -0.94802E+01 -0.92325E+01 -0.10149E+02 -0.86032E+01 -0.85050E+01
 -0.86356E+01 -0.60520E+01 -0.92796E+01 -0.86218E+01 -0.62873E+01 -0.70567E+01
 -0.41083E+01 -0.79727E+00 -0.94823E+00 -0.11716E+01 -0.15944E+01 -0.10044E+01
  0.18557E+01 -0.14399E+01  0.51626E+00  0.75957E+00 -0.75746E+00 -0.12664E+01
 -0.53811E+00  0.88105E+00 -0.47511E+00  0.32029E+01  0.57051E+01  0.55632E+01
  0.50204E+01  0.22007E+01 -0.82088E+00 -0.51867E+00 -0.71489E+00  0.67493E+00
  0.24452E+01  0.22468E+01 -0.42925E-01 -0.66737E+00 -0.16349E+00 -0.35783E-01
  0.50537E+01  0.56504E+01  0.66686E+01  0.71723E+01  0.41258E+01  0.28602E+01
 -0.42419E+00 -0.20207E+01 -0.53822E+01 -0.83652E+01 -0.80269E+01 -0.83569E+01
 -0.62378E+01 -0.33983E+01 -0.29128E+01 -0.80274E+00  0.47516E-01 -0.21463E+00
  0.65601E+00  0.18846E+01  0.91126E+01  0.52616E+01  0.46096E+01  0.10326E+02
  0.88497E+01  0.91221E+01  0.93582E+01  0.10029E+02  0.10018E+02  0.10293E+02
  0.10210E+02  0.97840E+01  0.72375E+01  0.86111E+01  0.91279E+01  0.95495E+01
  0.98896E+01  0.98788E+01  0.95476E+01  0.81003E+01  0.40314E+01  0.63297E+00
  0.85510E+00  0.55835E+00  0.71920E+00  0.58784E+00  0.42695E+00  0.29769E+00
  0.64877E+00  0.55344E+00  0.57138E+00 -0.30470E+01 -0.53401E+01 -0.28912E+01
 -0.12671E+01  0.11591E+01 -0.17912E+01 -0.71475E+01 -0.61443E+01 -0.42462E+01
 -0.27922E+01 -0.21289E+01 -0.38174E+01 -0.22163E+01  0.33929E-02  0.13190E+01
  0.10917E+01  0.22350E+01  0.30158E+01  0.14380E+01  0.24952E+01  0.10035E+01
  0.22302E+00  0.10444E+01 -0.11317E+01 -0.54511E+01 -0.76681E+01 -0.72819E+01
 -0.73851E+01 -0.19874E+01  0.13640E+00 -0.20559E+01 -0.27197E+00 -0.45714E+01
 -0.43871E+01 -0.60154E+01 -0.59038E+01 -0.42901E+01 -0.34604E+01 -0.55692E+01
 -0.77346E+01 -0.69096E+01 -0.78427E+01 -0.71491E+01 -0.56829E+01 -0.15230E+01
  0.17183E+00  0.74062E+00  0.16990E+01  0.16174E+01 -0.44435E+00 -0.42598E+01
 -0.81432E+01 -0.72825E+01 -0.69927E+01 -0.41814E+01 -0.33095E+01 -0.56639E+01
 -0.53425E+01 -0.58325E+01 -0.39504E+01 -0.47141E+01 -0.17606E+01 -0.64352E-01
 -0.13082E+00  0.28503E+01  0.74962E+01  0.64506E+01  0.51106E+01  0.85035E+01
  0.75440E+01  0.49647E+01  0.80222E+01  0.78465E+01  0.50403E+01  0.72027E+01
  0.65126E+01  0.63096E+01  0.70443E+01  0.60460E+01  0.52696E+01  0.37862E+01
  0.35353E+01  0.28199E+01  0.38423E+01  0.43638E+01  0.28961E+01  0.50285E+01
  0.49472E+01  0.57246E+01  0.47777E+01  0.27547E+01  0.38310E+01  0.10783E+01
 -0.30370E+00 -0.20845E+01 -0.27144E+01 -0.25650E+01 -0.22888E+01  0.39817E+00
 -0.56278E+00 -0.22193E+01 -0.11705E+01 -0.14065E+01  0.88134E+00  0.13521E+01
 -0.80525E+00  0.54228E+00  0.12509E+01  0.24035E+01  0.20403E+01 -0.71990E+00
 -0.29002E+01 -0.26835E+01 -0.37967E+01 -0.29547E+01 -0.80546E+00 -0.16518E+00
  0.15037E+01  0.20669E+01  0.15244E+01  0.16844E+00  0.48232E+00 -0.22873E+01
 -0.26986E+01 -0.20109E+01 -0.40716E+01 -0.37534E+01 -0.48262E+01 -0.45443E+01
 -0.32021E+01 -0.26369E+01 -0.34856E+01 -0.39084E+01 -0.39731E+01 -0.50937E+01
 -0.28454E+01 -0.77146E+00  0.13931E+01  0.28506E+01  0.10345E+01  0.32159E+00
  0.16297E+01 -0.20285E+01 -0.43320E+01 -0.35269E+01 -0.45140E+01 -0.23337E+01
 -0.33434E+01 -0.24433E+01 -0.20030E+01 -0.33435E+01 -0.39591E+01 -0.33738E+01
 -0.28769E+01 -0.30891E+01 -0.22909E+01 -0.29063E+01 -0.33791E+01 -0.21141E+01
 -0.36653E+01 -0.44053E+01 -0.27529E+01 -0.23692E+01  0.22127E+01  0.33918E+01
  0.42309E+01  0.32983E+01  0.39923E+00 -0.67373E+00 -0.35327E+00 -0.36964E+01
  0.36201E-01  0.14691E+01  0.45290E+00  0.14395E+01 -0.17175E+01 -0.24051E+01
 -0.27324E+01 -0.31571E+01 -0.40280E+01 -0.25903E+01 -0.32935E+01 -0.26735E+01
  0.93714E+00  0.13080E+01  0.16200E+01  0.43428E+01  0.27675E+01  0.10520E+01
  0.10289E+01  0.23780E+00  0.11347E+01 -0.14438E+01 -0.33630E+01 -0.36894E+01
 -0.28375E+01 -0.21170E+01 -0.21417E+01 -0.69155E+00 -0.21100E+00  0.14841E+01
  0.69381E+00  0.16596E+01  0.17168E+01  0.30633E+01  0.14283E+01  0.92398E+00
  0.10473E+01  0.10892E+01  0.15481E+01  0.34231E+01  0.57445E+01  0.58820E+01
  0.63843E+01  0.57177E+01  0.60911E+01  0.41220E+01  0.45251E+01  0.18040E+01
  0.35554E+01  0.37912E+01  0.20357E+01  0.44876E+01  0.96965E+00 -0.77414E+00
 -0.14146E+01 -0.44152E+00  0.71736E+00  0.24632E+01  0.31715E+01  0.26403E+00
  0.27032E+00 -0.32365E+00  0.12473E+00  0.23541E+01  0.38359E+01  0.49283E+01
  0.64128E+01  0.71270E+01  0.44770E+01  0.30438E+01  0.23177E+01  0.11478E+01
  0.41105E+01  0.38470E+01  0.22630E+01  0.45783E+01  0.12501E+01  0.59780E+00
  0.25837E+00 -0.32074E+01 -0.32225E+01 -0.33234E+01 -0.14032E+01 -0.28359E+01
 -0.35298E+01 -0.41169E+01 -0.42984E+01 -0.50210E+01 -0.85684E+01 -0.84164E+01
 -0.69815E+01 -0.68740E+01 -0.58826E+01 -0.31126E+01 -0.56461E+01 -0.49418E+01
 -0.35870E+01 -0.73886E+01 -0.61262E+01 -0.59396E+01 -0.51728E+01 -0.19657E+01
 -0.21613E+01 -0.30295E+01 -0.32767E+01 -0.19331E+01 -0.38699E+01 -0.13543E+01
 -0.75306E+00 -0.25100E+01 -0.15569E+01 -0.36803E+01 -0.35128E+01 -0.36169E+01
 -0.29775E+01 -0.33755E+01 -0.73964E+00 -0.13024E+01 -0.27190E+01 -0.40968E+01
 -0.33378E+01 -0.24039E+01 -0.30172E+01 -0.24452E+01 -0.16622E+01 -0.26007E+01
 -0.27618E+01 -0.22413E+00 -0.24304E+01 -0.18972E+01 -0.20591E+01 -0.21142E+01
 -0.20647E+01 -0.18246E+01 -0.25605E+01 -0.26663E+01 -0.10203E+01 -0.19870E+00
  0.59156E+00  0.24562E+01  0.49012E+01  0.31755E+01  0.44952E+01  0.56750E+01
  0.57063E+01  0.55024E+01  0.55369E+01  0.10420E+02  0.11070E+02  0.10727E+02
  0.86376E+01  0.58626E+01  0.67266E+01  0.55563E+01  0.86030E+01  0.78074E+01
  0.32536E+01  0.52252E+01  0.45149E+01  0.25363E+01  0.79948E-01 -0.15195E+01
  0.38198E+00  0.23224E+01  0.40039E+00  0.27881E+01  0.63566E+01  0.42457E+01
  0.33292E+01  0.44569E+01  0.54445E+01  0.32721E+01  0.73077E+00 -0.17375E+01
 -0.27712E+01 -0.21093E+00  0.20847E+01  0.30803E+01  0.39025E+00 -0.52854E+01
 -0.65494E+01 -0.51915E+01 -0.34773E+01 -0.33893E+01 -0.35433E+01 -0.98471E+00
 -0.40671E+01 -0.55131E+01 -0.32361E+01 -0.10674E+01  0.23820E+01  0.22636E+01
  0.41870E+01  0.49986E+01  0.36538E+01  0.61386E+01  0.78241E+01  0.90979E+01
  0.11118E+02  0.95424E+01  0.11754E+02  0.11850E+02  0.85675E+01  0.76018E+01
  0.84469E+01  0.64878E+01  0.33171E+01  0.48324E+01  0.32670E+01  0.18813E+01
 -0.85871E+00 -0.39312E+01 -0.51203E+01 -0.78313E+01 -0.75397E+01 -0.66946E+01
 -0.55385E+01 -0.36024E+01 -0.56667E+01 -0.76715E+01 -0.73149E+01 -0.73405E+01
 -0.72092E+01 -0.75257E+01 -0.69490E+01 -0.77785E+01 -0.74405E+01 -0.73195E+01
 -0.46013E+01 -0.35635E+01 -0.40635E+01 -0.29110E+01 -0.16809E+01  0.10226E+01

