 -0.15163E+01  0.78412E+00 -0.46958E+01 -0.33857E+01  0.44244E+01  0.73495E+01
  0.13523E+02  0.11065E+02  0.43136E+01  0.57905E+01 -0.25384E+01 -0.11022E+02
  0.69284E+01  0.19046E+02  0.13166E+02 -0.45728E+01 -0.74242E+01 -0.57809E+01
 -0.97516E+01 -0.33486E+01  0.71646E+01  0.86531E+01  0.28842E+00  0.45341E+01
  0.50204E-01 -0.75130E+01 -0.15979E+01  0.83455E+01  0.41057E+01  0.21741E+01
  0.10126E+02  0.12587E+02  0.22996E+01 -0.52058E+01 -0.79897E+01 -0.36328E+01
 -0.19262E+01  0.23830E+01  0.71703E+01  0.59012E+01  0.55652E+01  0.68949E+01
 -0.76784E+01 -0.21178E+02 -0.68964E+01 -0.66959E+01 -0.46129E+01 -0.45894E+01
 -0.10235E+02 -0.17290E+02 -0.16654E+01  0.13773E+02 -0.61060E+01 -0.18279E+02
 -0.70646E+01  0.11515E+02  0.37935E+01 -0.59221E+01  0.24483E+01  0.11494E+02
  0.84521E+01 -0.77039E+00  0.60658E+01  0.27586E+01 -0.10689E+02 -0.21100E+02
 -0.25167E+02 -0.31415E+02 -0.16284E+02  0.22152E+01  0.39071E+01  0.46295E+00
  0.56371E+01  0.10029E+02  0.42799E+01  0.10232E+01 -0.82745E+01 -0.65856E+01
  0.30347E+01  0.27046E+01 -0.16356E+02 -0.13257E+02 -0.46468E+01 -0.15882E+01
  0.10050E+02  0.16992E+02 -0.74117E+01 -0.11971E+02 -0.55805E+01 -0.37461E+01
 -0.49252E+01 -0.68612E+01  0.24901E+01  0.48744E+01  0.31216E+01  0.26594E+01
 -0.13746E+01  0.62183E+00  0.73873E+01  0.24386E+02  0.15709E+02 -0.26200E+01
  0.17234E+02  0.14274E+02  0.16315E+02  0.36090E+01  0.43900E+01 -0.34975E+01
 -0.36433E+01  0.59214E+01 -0.21292E+00 -0.49448E+01 -0.35323E+01  0.55810E+01
  0.21924E+01 -0.49924E-01 -0.48185E+01 -0.75979E+01 -0.94913E+01 -0.24949E+01
  0.12167E+02  0.22931E+02  0.95090E+01  0.84285E+01  0.11321E+02  0.53490E+01
 -0.55172E+01 -0.17040E+02 -0.12013E+02 -0.27948E+01  0.97451E+01  0.88791E+01
  0.25483E+01 -0.39118E+01  0.98561E+01  0.23494E+02  0.82705E+01  0.48741E+01
  0.13774E+02 -0.88827E+01 -0.50309E+02 -0.46893E+02 -0.32043E+02 -0.10122E+02
  0.13700E+02  0.52279E+01 -0.39209E+00  0.41856E+01  0.13138E+01  0.33799E+00
 -0.65910E+01 -0.15034E+02 -0.16143E+02 -0.11296E+02 -0.46931E+01 -0.47083E+01
  0.12290E+01  0.79703E+01  0.95209E+01  0.99866E+01  0.73753E+01 -0.64637E+00
 -0.14998E+02 -0.13982E+02 -0.65157E+01 -0.25222E+01  0.10651E+02  0.15342E+02
  0.63829E+01  0.55731E+01  0.81913E+01  0.11797E+02 -0.15731E+01 -0.27635E+01
  0.43344E+01 -0.10464E+00 -0.39329E+00 -0.20229E+01  0.14453E+01  0.84805E-02
  0.11839E+02  0.13144E+02  0.51293E+00 -0.61846E+01 -0.46890E+01  0.13690E+00
  0.57399E+01  0.10917E+02  0.12159E+02  0.11493E+02  0.18923E+02  0.91884E+01
 -0.22411E+01  0.26107E+01  0.42384E+01 -0.44081E+01 -0.56689E+01  0.10614E+01
  0.21502E+01 -0.65685E+01 -0.12652E+02  0.49082E+01  0.22646E+02  0.59980E+01
 -0.23523E+02 -0.17943E+02 -0.73935E+01  0.42301E+01  0.28692E+01 -0.96633E+01
 -0.93649E+01 -0.72593E+01 -0.76430E+01 -0.24168E+01 -0.29838E+01 -0.81339E+01
 -0.70008E+01 -0.32396E+01 -0.72268E+01 -0.19950E+02 -0.28156E+02 -0.34179E+02
 -0.22154E+02 -0.12716E+02 -0.39306E+01 -0.27574E+01 -0.18060E+02 -0.20925E+02
 -0.53242E+01  0.18565E+02  0.11098E+02  0.78776E+01  0.17933E+02  0.13096E+02
  0.17286E+02 -0.20796E+02 -0.53082E+02 -0.44406E+02 -0.15537E+02  0.15554E+01
 -0.11353E+01 -0.50418E+00  0.87052E+01  0.22099E+02  0.37759E+02  0.97945E+01
 -0.72704E+02 -0.37620E+02  0.79027E+01  0.22214E+01 -0.72360E+01  0.92701E+00
  0.56554E+01 -0.26632E+02 -0.16778E+02 -0.20396E+02 -0.17786E+02  0.30954E+01
  0.20287E+02  0.19328E+02  0.99917E-01 -0.53028E+01  0.13178E+01  0.13608E+02
  0.10150E+02  0.51591E+01  0.12791E+02  0.73611E+01 -0.13657E+02 -0.66977E+01
 -0.46844E+01 -0.11962E+02 -0.14269E+01  0.13925E+02  0.87216E+01 -0.60304E+00
 -0.15462E+02  0.52134E+00  0.25271E+02  0.17668E+02  0.13948E+02  0.58899E+01
  0.95165E+01 -0.45561E+01  0.10963E+02  0.17298E+02  0.67018E+01  0.14238E+02
  0.18907E+02 -0.11856E+01 -0.31783E+02 -0.31477E+02 -0.25928E+02  0.25292E+01
  0.41656E+02  0.33666E+02  0.24063E+02  0.17232E+02 -0.53493E+01 -0.13769E+02
 -0.30969E+02 -0.45176E+01  0.29322E+02 -0.67422E+01 -0.68752E+01  0.15792E+02
  0.19921E+02 -0.30902E+00 -0.12979E+02  0.95717E+01  0.19224E+02  0.23846E+02
  0.34681E+02  0.29382E+02  0.19110E+02 -0.23789E+01 -0.31468E+02 -0.46237E+02
 -0.34859E+02  0.64530E+01  0.30344E+02  0.24885E+02  0.19050E+02  0.11802E+02
 -0.49346E+01 -0.14060E+02 -0.10095E+02  0.32826E+01 -0.10799E+02  0.36144E+02
  0.30288E+02 -0.25585E+02 -0.18250E+02 -0.14812E+02 -0.18395E+01  0.36544E+01
  0.60222E+01 -0.49271E+01 -0.65031E+01  0.11548E+02  0.37605E+02  0.23622E+02
  0.55984E+01 -0.12787E+02  0.16965E+02  0.29483E+01 -0.30198E+02 -0.46038E+01
  0.85622E+01  0.15731E+02  0.75008E+02  0.70900E+02 -0.41910E+01 -0.31395E+02
 -0.30620E+02 -0.38711E+01  0.70616E+01  0.81300E+01  0.10100E+02  0.14443E+02
  0.22638E+02 -0.39886E+02 -0.50262E+02  0.17154E+02 -0.62925E+01 -0.23781E+01
  0.10314E+02  0.82886E+01 -0.37349E+01  0.42000E+02  0.77801E+02  0.15008E+02
 -0.50150E+02 -0.18221E+02  0.17859E+02  0.14618E+02  0.14340E+02  0.12397E+02
  0.40015E+01 -0.66624E+00  0.90168E+01  0.12404E+02  0.12537E+02  0.53015E+01
  0.10314E+02  0.12710E+02  0.80707E+01  0.99801E+01  0.19410E+01  0.22626E+02
 -0.36263E+01 -0.25251E+02 -0.18889E+02 -0.42039E+02 -0.19683E+02 -0.93231E+01
 -0.84929E+01 -0.84348E+01 -0.17929E+02  0.12567E+02  0.28295E+02  0.19813E+01
  0.16556E+01  0.37829E+02  0.17663E+02  0.16930E+02  0.34399E+02  0.12801E+02
 -0.58329E+02 -0.68498E+02 -0.29233E+02 -0.70414E+01  0.28128E+02  0.26996E+02
  0.99447E+01  0.46412E+01 -0.16681E+02 -0.31632E+02 -0.30960E+02 -0.77965E+01
  0.26016E+02  0.31133E+02  0.38948E+02  0.20454E+02 -0.17195E+01 -0.32738E+02
 -0.29440E+02 -0.46601E+02 -0.31025E+02  0.14598E+02  0.11314E+01  0.17872E+01
 -0.11561E+02 -0.39955E+02 -0.57411E+02 -0.14240E+02  0.12987E+02  0.25166E+02
  0.37691E+02  0.28585E+02  0.34980E+01 -0.14481E+02  0.12651E+02  0.17006E+02
  0.17870E+02  0.32343E+01 -0.19528E+02 -0.36592E+02 -0.42255E+02 -0.46660E+01
  0.26256E+02  0.78567E+00 -0.13558E+02 -0.20609E+02 -0.32814E+02  0.18174E+02
  0.58000E+02  0.14315E+02 -0.13451E+02 -0.14140E+00 -0.10803E+02 -0.14719E+02
 -0.36774E+02 -0.29227E+02 -0.12209E+02  0.16596E+01 -0.27431E+02 -0.29033E+02
  0.23618E+01 -0.19629E+02  0.31712E+02  0.60068E+02  0.49006E+02  0.35988E+02
  0.16031E+02  0.27725E+01 -0.12036E+02  0.32074E+00 -0.26977E+02 -0.18378E+02
  0.19297E+02  0.21732E+02  0.96675E+01 -0.50700E+00 -0.37791E+02 -0.13655E+02
  0.25032E+02  0.33092E+02  0.13654E+02 -0.64306E+01 -0.10364E+02 -0.19148E+02
 -0.24951E+02 -0.39844E+02 -0.28515E+02 -0.19885E+02  0.45619E+01  0.55423E+01
 -0.17331E+01 -0.13502E+02 -0.43119E+01 -0.55236E+02 -0.45782E+02 -0.34969E+02
 -0.30480E+02  0.29660E+02  0.35855E+02  0.44604E+02  0.49357E+02  0.37730E+02
 -0.13583E+02 -0.72775E+01 -0.10180E+01  0.86828E+01  0.12914E+02  0.17871E+02
  0.52764E+01 -0.38868E+02 -0.53179E+02 -0.34764E+02  0.34388E+02  0.33280E+02
  0.43757E+02  0.64862E+02  0.62690E+02  0.45755E+02  0.61726E+02  0.71016E+02
  0.56321E+02  0.57111E+02 -0.90467E+01 -0.16600E+02 -0.52679E+01  0.10426E+02
 -0.23472E+02 -0.70901E+02 -0.89251E+02 -0.48878E+02 -0.13871E+02 -0.22580E+02
 -0.12050E+02 -0.30300E+01  0.62013E+00 -0.52284E+01  0.12857E+02  0.72804E+01
  0.39599E+02  0.52218E+02  0.23734E+02  0.69085E+00  0.57037E+01  0.84506E+01
  0.31492E+02  0.45303E+02  0.28450E+02  0.11028E+02  0.26617E+02  0.48848E+02
  0.32862E+02  0.45418E+02  0.24241E+02 -0.10258E+02 -0.23841E+02 -0.33514E+02
 -0.25383E+02 -0.31271E+02 -0.59067E+02 -0.62172E+02 -0.44075E+02 -0.57835E+02
 -0.84783E+02 -0.90238E+02 -0.41293E+02  0.11135E+02  0.44442E+02  0.72746E+02
  0.79941E+02  0.73561E+02  0.61998E+02  0.69125E+02  0.74896E+02  0.67157E+02
  0.44988E+02  0.97687E+01  0.67758E+02  0.71018E+02  0.41701E+02  0.28414E+01
 -0.61646E+02 -0.67206E+02 -0.54738E+02 -0.52771E+02 -0.77165E+02 -0.61406E+02
 -0.38824E+02 -0.13518E+02 -0.36907E+02 -0.46914E+02 -0.56331E+02 -0.51584E+02
 -0.44811E+02 -0.40811E+02  0.30244E+02  0.48056E+02  0.41056E+02  0.42303E+02
  0.26442E+02  0.40083E+02  0.56880E+02  0.61532E+02  0.56506E+02  0.30836E+02
  0.16675E+02  0.27615E+02  0.28873E+02  0.19833E+02  0.21498E+01 -0.13207E+02
  0.26085E+01  0.23906E+02  0.43277E+02  0.39358E+02  0.56533E+01  0.15662E+02
  0.21015E+02  0.14361E+02  0.19021E+01  0.11138E+02  0.23760E+02  0.45182E+02
  0.90068E+02  0.98074E+02  0.47416E+02  0.23781E+02  0.87250E+01 -0.57146E+02
 -0.70908E+02 -0.49548E+02 -0.25424E+02 -0.32912E+02 -0.11003E+02 -0.93282E+01
 -0.82196E+02 -0.19238E+03 -0.21286E+03 -0.14614E+03 -0.86231E+02 -0.18234E+02
  0.10268E+02  0.19514E+02  0.72773E+02  0.15696E+03  0.17145E+03  0.89830E+02
  0.12489E+02 -0.17303E+02 -0.70482E+02 -0.15595E+03 -0.18269E+03 -0.18382E+03
 -0.10590E+03 -0.39248E+02 -0.15726E+02  0.48903E+01  0.22347E+02  0.96589E+02
  0.96922E+02  0.58180E+02 -0.57158E+02 -0.13527E+03 -0.12640E+03 -0.11079E+03
 -0.69433E+02 -0.52214E+02  0.30858E+01  0.98263E+02  0.15612E+03  0.16238E+03
  0.15221E+03  0.12911E+03  0.10635E+03  0.10470E+03  0.19030E+02 -0.81359E+02
 -0.80237E+02 -0.90331E+02 -0.43516E+02 -0.63887E+01 -0.62049E+00 -0.34733E+02
 -0.82863E+02 -0.12783E+03 -0.12098E+03 -0.41309E+02 -0.12036E+02  0.19636E+02
  0.76469E+02  0.12615E+03  0.13937E+03  0.13036E+03  0.46480E+02 -0.94122E+02
 -0.13270E+03 -0.96985E+02 -0.82258E+02 -0.91214E+02 -0.58872E+02 -0.35089E+02
 -0.36291E+02  0.58660E+02  0.10817E+03  0.96618E+02  0.23560E+02 -0.21908E+02
 -0.53729E+02 -0.61114E+02 -0.37938E+02 -0.41765E+02 -0.29409E+02 -0.21097E+02
 -0.27656E+02 -0.28419E+02 -0.23984E+02 -0.48335E+02 -0.45562E+02 -0.50599E+02
 -0.10305E+03 -0.69077E+02  0.17239E+01  0.77922E+01  0.48090E+02  0.10815E+03
  0.45813E+02 -0.42083E+02 -0.34406E+02  0.32626E+02  0.48687E+02  0.26457E+02
  0.11315E+02 -0.41747E+01  0.20860E+02  0.25315E+02  0.11556E+02 -0.23858E+02
 -0.57818E+02 -0.97285E+02 -0.13798E+03 -0.18270E+03 -0.22504E+03 -0.25710E+03
 -0.29095E+03 -0.32183E+03 -0.30448E+03 -0.23869E+03 -0.15935E+03 -0.10164E+03
 -0.10567E+03 -0.10768E+03 -0.85708E+02 -0.91173E+02 -0.61211E+02 -0.52740E+02
 -0.49590E+02  0.36324E+02  0.79006E+02  0.71331E+02  0.47747E+02  0.61448E+02
  0.86832E+02  0.11776E+03  0.96052E+02  0.26442E+02  0.32837E+02  0.79065E+02
  0.11109E+03  0.23508E+03  0.33974E+03  0.41749E+03  0.41478E+03  0.35474E+03
  0.30495E+03  0.24960E+03  0.20133E+03  0.11960E+03  0.65815E+02  0.32923E+02
  0.10522E+02 -0.34344E+02 -0.62363E+02 -0.69802E+02 -0.60869E+02 -0.96944E+02
 -0.91761E+02 -0.36150E+02 -0.25097E+02 -0.24327E+02 -0.54214E+02 -0.64806E+02
 -0.11982E+03 -0.15698E+03 -0.22694E+03 -0.27982E+03 -0.26899E+03 -0.27255E+03
 -0.20270E+03 -0.13672E+03 -0.79154E+02 -0.53550E+02  0.41543E+02  0.13364E+03
  0.24568E+03  0.31152E+03  0.31133E+03  0.24654E+03  0.14308E+03  0.91184E+02
 -0.11702E+02 -0.52411E+02 -0.12467E+03 -0.14417E+03 -0.14754E+03 -0.15823E+03
 -0.11715E+03 -0.85457E+02 -0.36643E+01  0.17318E+02  0.42889E+02  0.84443E+02
  0.14286E+03  0.11871E+03  0.39751E+02  0.38617E+02  0.24472E+02  0.44519E+02
  0.69300E+02  0.29161E+02 -0.16630E+02 -0.71001E+01 -0.92200E+01 -0.37746E+01
  0.21952E+02  0.27347E+02  0.14286E+02  0.21939E+02  0.62306E+02  0.84757E+02
  0.10702E+03  0.16350E+03  0.13899E+03  0.30322E+02 -0.28445E+02 -0.20521E+02
 -0.12731E+02 -0.48938E+01  0.37851E+02  0.67997E+02  0.79722E+02  0.81270E+02
  0.73705E+02  0.45776E+02  0.59658E+02  0.66407E+02  0.60789E+02  0.27516E+02
  0.86480E+01  0.17367E+02  0.67373E+02  0.13641E+03  0.10478E+03  0.69999E+02
  0.66754E+02  0.59656E+02  0.60577E+02  0.24753E+02 -0.25928E+02 -0.26975E+02
 -0.41634E+02 -0.51338E+02 -0.65262E+02 -0.62056E+02 -0.28050E+02 -0.14526E+02
  0.53712E+01  0.58955E+02  0.69368E+02  0.66670E+02  0.69774E+02  0.69022E+02
  0.63046E+02  0.79446E+02  0.11740E+03  0.10876E+03  0.10062E+03  0.99644E+02
  0.12244E+03  0.13378E+03  0.14449E+03  0.16176E+03  0.16944E+03  0.12693E+03
  0.60643E+02  0.45518E+02 -0.49936E+01 -0.80754E+02 -0.12006E+03 -0.14557E+03
 -0.15007E+03 -0.14606E+03 -0.11368E+03 -0.34924E+02 -0.17077E+02  0.56705E+02
  0.12010E+03  0.52379E+02 -0.39650E+02 -0.76758E+02 -0.77819E+02 -0.10547E+03
 -0.10116E+03 -0.10340E+03 -0.10150E+03 -0.92061E+02 -0.97304E+02 -0.77972E+02
 -0.43204E+02  0.46250E+01  0.35325E+02  0.84250E+02  0.14436E+03  0.14863E+03
  0.13002E+03  0.87755E+02  0.44751E+02  0.18982E+02  0.13312E+02  0.14682E+01
 -0.78149E+01 -0.29479E+01 -0.24961E+02 -0.53465E+02 -0.81297E+02 -0.62610E+02
 -0.17317E+02  0.49488E+02  0.11167E+03  0.13808E+03  0.13021E+03  0.94961E+02
  0.67262E+02  0.45309E+02 -0.80215E+01 -0.46875E+02 -0.77041E+02 -0.89647E+02
 -0.92946E+02 -0.12649E+03 -0.12156E+03 -0.11721E+03 -0.87340E+02 -0.54835E+02
 -0.38205E+01  0.54271E+02  0.60364E+02  0.55122E+02  0.52472E+02  0.59516E+02
  0.69667E+02  0.81746E+02  0.96852E+02  0.91868E+02  0.90570E+02  0.61446E+02
 -0.76834E+01 -0.62135E+02 -0.56426E+02 -0.27408E+02 -0.21121E+02  0.96509E+01
  0.12586E+02 -0.46768E+02 -0.90455E+02 -0.11721E+03 -0.15081E+03 -0.16639E+03
 -0.15947E+03 -0.14500E+03 -0.95167E+02 -0.15520E+02  0.32243E+01 -0.43067E+01
 -0.21852E+02 -0.55515E+02 -0.90635E+02 -0.13328E+03 -0.17362E+03 -0.19800E+03
 -0.19982E+03 -0.19124E+03 -0.15652E+03 -0.10269E+03 -0.45385E+02 -0.20716E+01
  0.26689E+02  0.36830E+02  0.40728E+02  0.40967E+02  0.34520E+02  0.15042E+02
 -0.23949E+02 -0.50458E+02 -0.45323E+02 -0.23738E+02 -0.73603E+01  0.13081E+01
 -0.38119E+01 -0.22294E+02 -0.31666E+00  0.66947E+02  0.11075E+03  0.10820E+03
  0.11019E+03  0.13092E+03  0.11902E+03  0.76296E+02  0.27804E+02 -0.29887E+02
 -0.64883E+02 -0.72788E+02 -0.84255E+02 -0.67496E+02 -0.38903E+02 -0.43479E+02
 -0.46112E+02 -0.57295E+02 -0.66603E+02 -0.52629E+02 -0.37121E+02 -0.27179E+02
 -0.23684E+02 -0.18812E+02  0.99569E+01  0.44570E+02  0.40530E+02  0.17779E+02
 -0.25388E+02 -0.43269E+02 -0.39667E+02 -0.12002E+02 -0.31337E+02 -0.51149E+02
 -0.38760E+02 -0.24208E+02 -0.10695E+02 -0.49350E+02 -0.67805E+02 -0.79816E+02
 -0.76464E+02 -0.87004E+02 -0.10507E+03 -0.11808E+03 -0.10113E+03 -0.54629E+02
 -0.59406E+02 -0.73611E+02 -0.63212E+02 -0.61767E+02 -0.69464E+02 -0.86395E+02
 -0.89244E+02 -0.76866E+02 -0.72954E+02 -0.32745E+02 -0.13392E+01 -0.29012E+01
 -0.36062E+01  0.21750E+02  0.49538E+02  0.42051E+02  0.80695E+01 -0.24390E+02
 -0.39927E+02 -0.35546E+02  0.69366E+00  0.26723E+02  0.65111E+02  0.10468E+03
  0.11875E+03  0.13249E+03  0.11777E+03  0.10564E+03  0.98305E+02  0.83124E+02
  0.65345E+02  0.70511E+02  0.79173E+02  0.47383E+02  0.34547E+02  0.27914E+02
  0.44129E+02  0.66213E+02  0.66913E+02  0.52860E+02  0.37689E+02  0.18912E+02
  0.11830E+02  0.10952E+02 -0.26476E+02 -0.49849E+02 -0.47280E+02 -0.61424E+02
 -0.90288E+02 -0.10999E+03 -0.12169E+03 -0.11936E+03 -0.63607E+02 -0.62263E-01
  0.40787E+02  0.55106E+02  0.50298E+02  0.50025E+02  0.40265E+02  0.69294E+02
  0.97575E+02  0.89934E+02  0.64842E+02  0.32021E+02  0.62338E+01 -0.17524E+02
 -0.15838E+02 -0.85239E+01 -0.22732E+02 -0.38329E+02 -0.33287E+02 -0.42113E+02
 -0.34712E+02 -0.12557E+02  0.73612E+01  0.21678E+02  0.14231E+02 -0.99399E+01
 -0.36475E+02 -0.25969E+02 -0.17991E+02 -0.57036E+01  0.91761E+01  0.33371E+02
  0.58307E+02  0.74505E+02  0.85769E+02  0.74434E+02  0.19834E+02 -0.13617E+02
  0.26765E+02  0.34444E+02  0.54146E+02  0.41937E+02 -0.35702E+02 -0.59273E+02
 -0.39363E+02 -0.27009E+02 -0.30342E+02 -0.13946E+02  0.32570E+02  0.43277E+02
  0.45612E+02  0.26643E+02  0.30595E+02  0.69562E+02  0.57730E+02  0.78485E+02
  0.79507E+02  0.47885E+02 -0.81296E+01 -0.27045E+01  0.15153E+01 -0.47724E+02
 -0.42834E+02 -0.73002E+01  0.26445E+02 -0.16956E+02 -0.84081E+02 -0.68907E+02
 -0.38323E+02 -0.30669E+02  0.13704E+01 -0.28015E+01 -0.17135E+02 -0.45741E+02
 -0.43898E+02 -0.58474E+02 -0.91380E+02 -0.81775E+02 -0.59636E+02  0.12416E+02
  0.97270E+02  0.89768E+02  0.28460E+02  0.23720E+02  0.32119E+02  0.27161E+02
  0.82776E+01  0.16062E+02 -0.10604E+02 -0.24617E+02  0.16255E+02  0.34804E+02
  0.43257E+02  0.37362E+02  0.28768E+01 -0.13415E+02  0.42462E+01  0.16449E+02
  0.34373E+02  0.48362E+02  0.64292E+02  0.93819E+02  0.11298E+03  0.10280E+03
  0.72419E+02  0.52603E+02  0.34762E+02  0.14912E+02  0.14671E+02  0.17315E+02
  0.13792E+02  0.31686E+01 -0.79514E+01 -0.42737E+01 -0.65407E+01 -0.15717E+02
 -0.28899E+02 -0.29451E+02 -0.43440E+02 -0.15184E+02  0.49520E+02  0.74340E+02
  0.84774E+02  0.66671E+02  0.29010E+02  0.19065E+02  0.91148E+01  0.27646E+02
  0.36729E+02  0.13723E+02  0.10262E+01  0.24559E+02  0.45279E+02  0.48409E+02
  0.44843E+02  0.32595E+02  0.40355E+02  0.36232E+02  0.67514E+02  0.67983E+02
  0.40261E+02  0.44415E+02  0.60099E+02  0.91908E+02  0.13089E+03  0.13119E+03
  0.68101E+02 -0.40302E+02 -0.91207E+02 -0.56851E+02 -0.61288E+02 -0.51366E+02
 -0.73585E+02 -0.10915E+03 -0.45436E+02  0.33967E+02  0.75788E+02  0.70842E+02
  0.68696E+02  0.30389E+02 -0.45606E+02 -0.89641E+02 -0.90896E+02 -0.56858E+02
 -0.63876E+02 -0.58925E+02 -0.47413E+02 -0.20161E+02  0.15849E+02  0.39676E+02
  0.56504E+02  0.33290E+02 -0.23534E+02 -0.63640E+02 -0.38677E+02  0.46586E+02
  0.70947E+02 -0.43735E+02 -0.14880E+03 -0.17163E+03 -0.96528E+02 -0.36281E+02
 -0.82364E+01 -0.31798E+02 -0.94783E+02 -0.11012E+03 -0.64154E+02  0.20633E+02
  0.77739E+02  0.65495E+02 -0.17148E+02 -0.12205E+02  0.24893E+02  0.34445E+02
  0.25321E+02  0.80327E+01  0.84018E+01  0.11850E+02  0.14264E+02  0.94582E+01
  0.17076E+01 -0.65062E+02 -0.10867E+03 -0.11859E+03 -0.10282E+03 -0.57150E+02
 -0.30024E+02 -0.29295E+02 -0.66346E+02 -0.78721E+02 -0.50533E+02 -0.29891E+02
  0.80878E+01  0.37729E+02  0.51829E+02  0.70335E+02  0.44894E+02  0.36114E+02
  0.18930E+02 -0.24568E+02 -0.57889E+02 -0.89435E+02 -0.11993E+03 -0.16319E+03
 -0.14857E+03 -0.10970E+03 -0.11858E+02  0.45491E+02  0.32273E+02 -0.80478E+01
 -0.65525E+02 -0.84840E+02 -0.92100E+02 -0.82415E+02 -0.69178E+02 -0.57868E+02
 -0.38205E+01  0.68080E+02  0.89088E+02  0.70954E+02  0.14084E+02 -0.11696E+02
 -0.38304E+01  0.87221E+01  0.22065E+02  0.41377E+02  0.51306E+02  0.36832E+02
  0.18996E+02  0.33654E+02  0.66252E+02  0.93366E+02  0.88421E+02  0.30573E+02
 -0.38750E+01  0.35051E+01  0.70251E+01  0.10356E+02  0.15029E+02  0.60790E+01
 -0.69106E+01 -0.21413E+02 -0.36420E+02 -0.49894E+02 -0.61257E+02 -0.63966E+02
 -0.53517E+02 -0.40312E+02 -0.45335E+02 -0.41088E+02 -0.20762E+02 -0.53344E+01
  0.11556E+02  0.28822E+02  0.38721E+02  0.23463E+02  0.52069E+01  0.11280E+02
  0.11237E+02  0.15465E+01  0.55006E+01  0.33907E+02  0.47108E+02  0.45411E+02
  0.49696E+02  0.40001E+02  0.63435E+01 -0.12685E+02 -0.26820E+01  0.92421E+00
  0.82254E+01  0.15810E+02  0.27497E+02  0.26774E+02  0.18614E+02 -0.33167E+02
 -0.76924E+02 -0.70431E+02 -0.42402E+02 -0.15199E+02  0.19179E+02  0.62186E+02
  0.64747E+02  0.66061E+02  0.79974E+02  0.10358E+03  0.10774E+03  0.63394E+02
  0.31666E+02  0.31787E+02  0.36318E+02  0.12964E+02 -0.86260E+01  0.25854E+02
  0.55273E+02  0.65885E+02  0.56151E+02  0.40445E+02  0.16430E+02  0.52234E+01
  0.13544E+02  0.25445E+02  0.50038E+02  0.58743E+02  0.69647E+02  0.78875E+02
  0.90897E+02  0.91932E+02  0.55202E+02  0.77005E+01 -0.51052E+01  0.11344E+02
  0.29900E+02  0.34538E+02  0.41079E+02  0.64425E+02  0.84331E+02  0.59850E+02
 -0.14008E+02 -0.45803E+02 -0.41685E+02 -0.25849E+02 -0.38866E+01  0.62954E+01
  0.80413E+01  0.12441E+02  0.19131E+02  0.57872E+02  0.57530E+02  0.11325E+02
 -0.44454E+01  0.76035E+01  0.20088E+02  0.14351E+02  0.10367E+02  0.23208E+01
 -0.12123E+02 -0.34248E+02 -0.41654E+02 -0.41125E+02 -0.32725E+02 -0.28908E+02
 -0.34383E+02 -0.34705E+02 -0.38293E+02 -0.42245E+02 -0.53219E+02 -0.61078E+02
 -0.58201E+02 -0.64460E+02 -0.65268E+02 -0.55717E+02 -0.54463E+02 -0.54268E+02
 -0.43344E+02 -0.36007E+02 -0.32628E+02 -0.32651E+02 -0.42306E+02 -0.46965E+02
 -0.34247E+02 -0.27288E+02 -0.36741E+02 -0.39513E+02 -0.40139E+02 -0.37361E+02
 -0.29160E+02 -0.28837E+02 -0.38428E+02 -0.61416E+02 -0.76602E+02 -0.89346E+02
 -0.93343E+02 -0.68448E+02 -0.50136E+02 -0.44682E+02 -0.52409E+02 -0.51734E+02
 -0.42525E+02 -0.39189E+02 -0.45082E+02 -0.50769E+02 -0.49199E+02 -0.39415E+02
 -0.43858E+02 -0.47006E+02 -0.39928E+02 -0.34054E+02 -0.30232E+02 -0.29139E+02
 -0.24479E+02 -0.32067E+02 -0.37176E+02 -0.33705E+02 -0.23111E+02 -0.14279E+02
 -0.19726E+02 -0.27521E+02 -0.29398E+02 -0.22120E+02 -0.12802E+02 -0.33531E+01
  0.62473E+01  0.14529E+02  0.34513E+02  0.38968E+02  0.42066E+02  0.42273E+02
  0.36205E+02  0.32579E+02  0.36567E+02  0.44083E+02  0.45408E+02  0.43193E+02
  0.45741E+02  0.43886E+02  0.39221E+02  0.38324E+02  0.43237E+02  0.48491E+02
  0.59835E+02  0.64665E+02  0.64159E+02  0.65878E+02  0.61953E+02  0.63742E+02
  0.59642E+02  0.57325E+02  0.54005E+02  0.53745E+02  0.45909E+02  0.44799E+02
  0.50471E+02  0.54783E+02  0.48744E+02  0.46317E+02  0.48566E+02  0.39602E+02
  0.25597E+02  0.88650E+01 -0.47588E+01 -0.17128E+02 -0.18716E+02 -0.10896E+02
 -0.13054E+02 -0.23441E+02 -0.21084E+02 -0.13296E+02 -0.81572E+01 -0.80002E+01
 -0.95494E+01 -0.13357E+01  0.22718E+02  0.40252E+02  0.35251E+02  0.23064E+02
  0.17293E+02  0.24633E+02  0.24881E+02  0.20458E+02  0.20547E+02  0.19511E+02
  0.17064E+02  0.19403E+02  0.16759E+02  0.20392E+02  0.28569E+02  0.24012E+02
  0.18704E+02  0.22281E+02  0.26356E+02  0.25585E+02  0.26973E+02  0.25105E+02
  0.21739E+02  0.27311E+02  0.33578E+02  0.34175E+02  0.35070E+02  0.26159E+02
  0.20754E+02  0.13447E+02  0.16007E+02  0.21691E+02  0.12332E+02  0.10387E+02
 -0.20726E+01 -0.13701E+02 -0.18733E+02 -0.12835E+02 -0.74557E+01 -0.70928E+01
 -0.14418E+02 -0.23814E+02 -0.20769E+02 -0.19123E+02 -0.18820E+02 -0.24075E+02
 -0.18539E+02 -0.22072E+02 -0.20145E+02 -0.12608E+02 -0.15823E+02 -0.22098E+02
 -0.26449E+02 -0.26379E+02 -0.30659E+02 -0.33682E+02 -0.30287E+02 -0.40280E+02
 -0.44734E+02 -0.43549E+02 -0.45528E+02 -0.49122E+02 -0.58196E+02 -0.48800E+02
 -0.47429E+02 -0.47951E+02 -0.46094E+02 -0.44799E+02 -0.46137E+02 -0.49283E+02
 -0.47653E+02 -0.44412E+02 -0.49199E+02 -0.51632E+02 -0.45707E+02 -0.46352E+02
 -0.38841E+02 -0.37396E+02 -0.35802E+02 -0.25492E+02 -0.18481E+02 -0.21081E+02
 -0.29653E+02 -0.33634E+02 -0.41194E+02 -0.42530E+02 -0.45645E+02 -0.53091E+02
 -0.43170E+02 -0.32905E+02 -0.40179E+02 -0.38725E+02 -0.33209E+02 -0.27574E+02
 -0.23687E+02 -0.18057E+02 -0.16905E+02 -0.21892E+02 -0.23709E+02 -0.26958E+02
 -0.32526E+02 -0.36287E+02 -0.34795E+02 -0.23562E+02 -0.14519E+02 -0.80815E+01
  0.30049E+00  0.97913E+01  0.30641E+02  0.47033E+02  0.49788E+02  0.46226E+02
  0.38464E+02  0.39508E+02  0.43144E+02  0.33138E+02  0.28663E+02  0.29461E+02
  0.40183E+02  0.52844E+02  0.62870E+02  0.64161E+02  0.59079E+02  0.57593E+02
  0.54763E+02  0.59811E+02  0.67927E+02  0.73799E+02  0.77808E+02  0.79079E+02
  0.74782E+02  0.70626E+02  0.71355E+02  0.72457E+02  0.72877E+02  0.69554E+02
  0.68213E+02  0.68631E+02  0.65450E+02  0.59498E+02  0.50493E+02  0.49396E+02
  0.50277E+02  0.46323E+02  0.39016E+02  0.31156E+02  0.24059E+02  0.20211E+02
  0.23264E+02  0.19475E+02  0.19961E+02  0.15764E+02  0.19335E+02  0.18493E+02
  0.15073E+02  0.13485E+02  0.12676E+02  0.13030E+02  0.96703E+01  0.38743E+01
 -0.66103E+01 -0.10814E+02 -0.19693E+02 -0.22181E+02 -0.31969E+02 -0.35763E+02
 -0.35767E+02 -0.33877E+02 -0.26811E+02 -0.23516E+02 -0.21092E+02 -0.23708E+02
 -0.22209E+02 -0.23685E+02 -0.29587E+02 -0.32350E+02 -0.28547E+02 -0.28894E+02
 -0.31533E+02 -0.38823E+02 -0.42142E+02 -0.42159E+02 -0.46697E+02 -0.46199E+02
 -0.47805E+02 -0.46269E+02 -0.41583E+02 -0.34703E+02 -0.25656E+02 -0.24266E+02
 -0.27284E+02 -0.32280E+02 -0.37743E+02 -0.32775E+02 -0.32173E+02 -0.29318E+02
 -0.22208E+02 -0.27392E+02 -0.32103E+02 -0.31268E+02 -0.31450E+02 -0.25075E+02
 -0.22665E+02 -0.18409E+02 -0.13349E+02 -0.14882E+02 -0.14008E+02 -0.20693E+02
 -0.23200E+02 -0.20915E+02 -0.13390E+02 -0.13411E+02 -0.10830E+02 -0.42582E+01
 -0.51506E+01 -0.79950E+01 -0.13570E+02 -0.16598E+02 -0.14898E+02 -0.15953E+02
 -0.14022E+02 -0.81756E+01 -0.65323E+01 -0.13534E+02 -0.16445E+02 -0.21811E+02
 -0.25393E+02 -0.25979E+02 -0.26341E+02 -0.15755E+02 -0.98719E+01 -0.94229E+01
 -0.17120E+02 -0.13978E+02 -0.99094E+01 -0.75187E+01 -0.36459E+01 -0.28023E+01
  0.44823E+01  0.91577E+01  0.10844E+02  0.17533E+02  0.25901E+02  0.27878E+02
  0.24752E+02  0.27916E+02  0.36891E+02  0.42946E+02  0.47626E+02  0.46730E+02
  0.47090E+02  0.45069E+02  0.37824E+02  0.37171E+02  0.37633E+02  0.44073E+02
  0.46478E+02  0.45849E+02  0.47909E+02  0.49162E+02  0.48281E+02  0.42681E+02
  0.39414E+02  0.43310E+02  0.42482E+02  0.34776E+02  0.33374E+02  0.28577E+02
  0.18409E+02  0.14133E+02  0.20194E+02  0.22948E+02  0.17028E+02  0.14115E+02
  0.44474E+01 -0.28728E+01 -0.11596E+01 -0.28811E+01 -0.70774E+01 -0.12874E+02
 -0.18117E+02 -0.19509E+02 -0.24058E+02 -0.23687E+02 -0.17978E+02 -0.14627E+02
 -0.15325E+02 -0.19788E+02 -0.18611E+02 -0.12189E+02 -0.63428E+01 -0.11623E+01
 -0.61116E+01 -0.10623E+02 -0.14870E+02 -0.14723E+02 -0.16675E+02 -0.22001E+02
 -0.15661E+02 -0.12559E+02 -0.20013E+02 -0.16891E+02 -0.74508E+01 -0.50424E+01
 -0.89438E+01 -0.18819E+02 -0.21595E+02 -0.21624E+02 -0.13737E+02 -0.54483E+01
  0.37370E+01  0.11246E+02  0.10630E+02  0.12507E+02  0.39213E+01 -0.35546E+01
  0.23737E+01  0.84973E+01  0.10276E+02  0.10370E+02  0.49978E+01  0.53867E+00
 -0.71494E-01 -0.33521E-01  0.65477E+01  0.13050E+02  0.17354E+02  0.13095E+02
  0.95217E+01  0.29332E+01  0.11366E+01  0.39893E+01  0.70618E+01  0.15293E+02
  0.20951E+02  0.17530E+02  0.69369E+01 -0.50521E+01 -0.85064E+01 -0.71052E+01
 -0.84294E+01 -0.13668E+01  0.15372E+01  0.76857E-01  0.20425E+01 -0.32098E+01
 -0.83264E+01 -0.12670E+02 -0.20968E+02 -0.24572E+02 -0.25520E+02 -0.28178E+02
 -0.28949E+02 -0.27943E+02 -0.21943E+02 -0.18561E+02 -0.12481E+02 -0.68493E+01
 -0.29360E+01  0.56987E+01  0.10178E+02  0.92120E+01  0.12951E+02  0.20641E+02
  0.13392E+02  0.75996E+01  0.93428E+01  0.16204E+02  0.20322E+02  0.21765E+02
  0.16707E+02  0.12453E+02  0.11097E+02  0.69033E+01  0.12537E+02  0.15386E+02
  0.11530E+02  0.12357E+02  0.67739E+01  0.21109E+01 -0.59595E+01 -0.65962E+01
 -0.36916E+01  0.24155E+00 -0.10260E+00 -0.69580E+01 -0.88024E+01 -0.17914E+02
 -0.16126E+02 -0.15770E+02 -0.10686E+02 -0.25922E+01  0.52163E+01  0.10709E+02
  0.69466E+01  0.28878E+01  0.64474E+01  0.11454E+02  0.12442E+02  0.69608E+01
  0.19933E+01  0.24296E+01  0.21270E+01  0.82548E+01  0.13895E+02  0.19613E+02
  0.19558E+02  0.15690E+02  0.15796E+02  0.18052E+02  0.19257E+02  0.19025E+02
  0.11745E+02  0.34977E+01 -0.98181E+00 -0.83590E+01 -0.10654E+02 -0.13387E+02
 -0.14903E+02 -0.16101E+02 -0.10695E+02 -0.76934E+01 -0.76302E+01 -0.10133E+02
 -0.17895E+02 -0.18197E+02 -0.12433E+02 -0.10078E+02 -0.12586E+02 -0.12307E+02
 -0.15533E+02 -0.14198E+02 -0.17490E+02 -0.14424E+02 -0.16901E+02 -0.20650E+02
 -0.21827E+02 -0.20635E+02 -0.18026E+02 -0.19813E+02 -0.25194E+02 -0.27658E+02
 -0.22775E+02 -0.20486E+02 -0.16701E+02 -0.19669E+02 -0.16116E+02 -0.14148E+02
 -0.12446E+02 -0.10846E+02 -0.56151E+01 -0.27188E+01 -0.79678E+01 -0.75546E+01
 -0.13557E+02 -0.12834E+02 -0.97630E+01 -0.10619E+02 -0.35808E+01  0.10310E+01
 -0.27946E+01 -0.28072E+01  0.93884E+00  0.20976E+01  0.36029E+01  0.86630E+01
  0.11885E+02  0.11880E+02  0.16382E+02  0.20664E+02  0.21307E+02  0.21110E+02
  0.27264E+02  0.30965E+02  0.30574E+02  0.27110E+02  0.22478E+02  0.21974E+02
  0.22063E+02  0.21371E+02  0.22233E+02  0.15978E+02  0.13675E+02  0.13622E+02
  0.64724E+01  0.37948E+01  0.12440E+02  0.12349E+02  0.96312E+01  0.10069E+01
 -0.24855E+01  0.47739E+01  0.54160E+01  0.10904E+02  0.99897E+01  0.14044E+02
  0.12576E+02  0.87089E+01  0.54720E+01 -0.12087E+01  0.64969E+00  0.14205E+01
  0.23204E+01  0.41105E+00 -0.42219E+01 -0.52636E+01 -0.51023E+01 -0.69393E+01
 -0.12590E+01  0.27061E+00 -0.64491E+01 -0.57488E+01 -0.33810E+01  0.31103E+01
  0.12956E+01 -0.18649E+01 -0.27367E-01  0.45968E+01  0.24852E+01 -0.87703E+00
 -0.42349E+01 -0.22933E+01  0.99397E+00 -0.47889E+00  0.44486E+01  0.81390E+01
  0.86984E+01  0.85665E+01  0.77980E+01  0.93608E+01  0.13024E+02  0.83697E+01
  0.14497E+00  0.25245E+00  0.23978E+01  0.24128E+01  0.24935E+01 -0.20635E+01
 -0.33740E+01 -0.46867E+01 -0.63892E+01 -0.47681E+01 -0.50524E+01 -0.44529E+01
 -0.41121E+01 -0.65445E+01 -0.83541E+01 -0.96262E+01 -0.11329E+02 -0.16372E+02
 -0.18439E+02 -0.16567E+02 -0.15443E+02 -0.12194E+02 -0.80514E+01 -0.51691E+01
 -0.57759E+01 -0.54448E+01 -0.53290E+01  0.81572E+00  0.52587E+00 -0.69749E+00
 -0.28064E+01 -0.35925E+01 -0.13680E+01 -0.57319E+01 -0.36318E+01 -0.54174E+01
 -0.78845E+01 -0.12335E+02 -0.13500E+02 -0.13269E+02 -0.13331E+02 -0.13411E+02
 -0.13799E+02 -0.74241E+01 -0.40717E+01 -0.12654E+01  0.44454E+01  0.57041E+01
  0.67068E+01  0.29651E+01 -0.27772E+01  0.61341E+00  0.35710E+01  0.42154E+01
  0.37972E+01  0.41175E+01  0.52965E+01  0.43388E+01  0.45457E+01  0.43197E+01
  0.84528E+01  0.68129E+01  0.14142E+01  0.10226E+01  0.45012E+01  0.81268E+00
 -0.32653E+01 -0.55488E+01 -0.85666E+01 -0.81270E+01 -0.74836E+01 -0.15680E+01
  0.13953E+01  0.52807E+01  0.95379E+01  0.10185E+02  0.10296E+02  0.97022E+01
  0.11052E+02  0.13335E+02  0.11370E+02  0.13996E+02  0.12375E+02  0.75507E+01
  0.72236E+01  0.79051E+01  0.77611E+01  0.68340E+01  0.73947E+01  0.68519E+01
  0.73835E+01  0.51444E+01  0.50229E+01  0.58760E+01  0.81971E+01  0.72621E+01
  0.88585E+01  0.12937E+02  0.88306E+01  0.25194E+01 -0.44172E+01 -0.55516E+01
  0.51653E+00  0.25812E+01  0.14060E+01  0.32101E+01  0.91600E+01  0.11730E+02
  0.78539E+01  0.52263E+01  0.48571E+01  0.30498E+01  0.54214E+00 -0.17819E+01
 -0.39407E+01 -0.43779E+01 -0.62556E+01 -0.68131E+01 -0.10853E+02 -0.12323E+02
 -0.13052E+02 -0.11446E+02 -0.83576E+01 -0.79605E+01 -0.12179E+02 -0.17468E+02
 -0.15704E+02 -0.12193E+02 -0.96938E+01 -0.84797E+01 -0.12188E+02 -0.15744E+02
 -0.17651E+02 -0.22310E+02 -0.18478E+02 -0.17604E+02 -0.14636E+02 -0.12887E+02
 -0.17423E+02 -0.24082E+02 -0.27857E+02 -0.27954E+02 -0.24904E+02 -0.20988E+02
 -0.19241E+02 -0.14821E+02 -0.10831E+02 -0.10378E+02 -0.13555E+02 -0.16086E+02
 -0.19641E+02 -0.15107E+02 -0.11464E+02 -0.11414E+02 -0.94001E+01 -0.84941E+01
 -0.44093E+01 -0.43369E+01 -0.58686E+01 -0.58233E+01 -0.25993E+01  0.34681E+01
  0.39982E+01  0.13044E+01  0.33095E+01  0.53101E+01  0.45331E+01  0.40574E+01
  0.52898E+01  0.56482E+01  0.36412E+01  0.87914E+01  0.12466E+02  0.13076E+02
  0.13437E+02  0.80402E+01  0.11351E+02  0.14197E+02  0.11830E+02  0.14206E+02
  0.78607E+01  0.74873E+01  0.12994E+02  0.12424E+02  0.13421E+02  0.13342E+02
  0.13261E+02  0.13946E+02  0.95927E+01  0.35035E+01  0.47891E+01  0.32766E+01
  0.17823E+01  0.27394E+01  0.24958E+01  0.13958E+01  0.15125E+01  0.12466E+01
  0.16758E+01  0.17727E+01  0.51067E+01  0.11072E+02  0.11130E+02  0.10966E+02
  0.42589E+01  0.10345E+01  0.69651E+01  0.12267E+02  0.11525E+02  0.12225E+02
  0.15691E+02  0.14576E+02  0.97231E+01  0.14372E+02  0.19411E+02  0.18919E+02
  0.16835E+02  0.11712E+02  0.12778E+02  0.12688E+02  0.13093E+02  0.12682E+02
  0.13230E+02  0.12594E+02  0.13397E+02  0.11683E+02  0.18100E+02  0.21848E+02
  0.15533E+02  0.15458E+02  0.88556E+01  0.76742E+01  0.59058E+01  0.11243E+01
  0.83559E+00  0.83029E+00  0.30521E+01  0.21521E+01  0.48521E+01  0.12038E+02
  0.12713E+02  0.12948E+02  0.13102E+02  0.85684E+01  0.38398E+01  0.48976E+01
  0.23217E+01 -0.10995E+01  0.23151E+01  0.87046E+00 -0.33001E+01 -0.43855E+01
 -0.39909E+01 -0.43261E+01 -0.37017E+01 -0.63901E+01 -0.64689E+01 -0.10127E+02
 -0.16690E+02 -0.18071E+02 -0.17270E+02 -0.13510E+02 -0.14658E+02 -0.85004E+01
 -0.36027E+01 -0.40567E+01 -0.36197E+01 -0.46973E+01 -0.29759E+01 -0.40681E+01
 -0.45466E+01 -0.55754E+01 -0.60900E+01 -0.67993E+01 -0.13252E+02 -0.15225E+02
 -0.15565E+02 -0.15017E+02 -0.15078E+02 -0.15039E+02 -0.87332E+01 -0.34945E+01
 -0.23151E+00 -0.61836E+00 -0.30714E+01 -0.66571E+01 -0.68987E+01 -0.69002E+01
 -0.69445E+01 -0.62480E+01 -0.67929E+01 -0.69412E+01 -0.69151E+01 -0.67756E+01
 -0.53038E+01 -0.56875E+01 -0.45644E+01 -0.10096E+02 -0.15964E+02 -0.15851E+02
 -0.16500E+02 -0.16870E+02 -0.16413E+02 -0.17910E+02 -0.13191E+02 -0.81298E+01
 -0.67748E+01 -0.91337E+01 -0.17645E+02 -0.16896E+02 -0.17380E+02 -0.16571E+02
 -0.15039E+02 -0.81895E+01  0.84845E-01  0.34315E+01  0.78662E+01  0.98170E+01
  0.12303E+02  0.83660E+01  0.28547E+01 -0.72196E+00 -0.44884E+01 -0.47235E+01
 -0.52552E+01 -0.69806E+01 -0.64722E+01 -0.46464E+01 -0.62501E+01 -0.20790E+00
  0.38573E+01  0.81975E+01  0.72478E+01  0.65827E+01  0.11154E+02  0.16609E+02
  0.21371E+02  0.17953E+02  0.17106E+02  0.12345E+02  0.87036E+01  0.87643E+01
  0.50459E+01  0.16515E+01  0.19390E+01  0.37195E+01  0.78789E+01  0.86445E+01
  0.91112E+01  0.91947E+01  0.10028E+02  0.15883E+02  0.19503E+02  0.17319E+02
  0.13037E+02  0.92122E+01  0.13642E+02  0.10980E+02  0.10774E+02  0.13633E+02
  0.87917E+01  0.89277E+01  0.83296E+01  0.83684E+01  0.81058E+01  0.81990E+01
  0.85052E+01  0.78439E+01  0.81138E+01  0.42127E+01  0.10457E+01  0.13075E+00
 -0.27734E+01 -0.59857E+01 -0.55731E+01 -0.59824E+01 -0.45139E+01 -0.22684E+01
 -0.32490E+01 -0.52297E+00 -0.11637E+01  0.15668E+01  0.17395E+01  0.49954E+01
  0.82203E+01  0.82684E+01  0.73828E+01  0.23965E+01 -0.49172E+00  0.29720E+00
  0.24613E+01  0.31528E+01  0.32258E+01 -0.65949E+00 -0.64544E+00 -0.89201E+00
 -0.38619E+01 -0.95120E+01 -0.94935E+01 -0.62148E+01 -0.10297E+02 -0.92204E+01
 -0.47435E+01 -0.52623E+01 -0.45730E+01 -0.23683E+01  0.14631E+01  0.11521E+00
 -0.89286E+00 -0.48946E+00  0.13527E+01  0.21932E+01  0.46694E-02 -0.94229E+00
  0.84006E-01  0.45654E+01  0.33781E+01  0.54533E+01  0.67954E+00 -0.21618E+01
 -0.14144E+01 -0.82329E+00  0.16528E+01  0.23412E+01  0.63760E+01  0.13212E+01
  0.39664E+01  0.47251E+01 -0.20792E+01 -0.24128E+01 -0.28416E+01  0.21602E+01
  0.29049E+01  0.67012E+00 -0.31687E+01 -0.71299E+01 -0.10926E+02 -0.98982E+01
 -0.10570E+02 -0.91482E+01 -0.60115E+01 -0.86974E+01 -0.91179E+01 -0.77215E+01
 -0.70116E+01 -0.64625E+01 -0.31856E+01 -0.36607E+01 -0.29194E+01 -0.23229E+01
 -0.25076E+01 -0.20045E+01 -0.18683E+01 -0.13401E+01  0.54970E+00  0.22060E+01
  0.47956E+01  0.28202E+01 -0.13895E+01  0.17323E-01 -0.98882E+00 -0.76707E+00
  0.22731E+01  0.29635E+01  0.28385E+01  0.27677E+01 -0.14198E+01 -0.42050E+01
 -0.40408E+01 -0.44109E+01 -0.51274E+01 -0.78767E+01 -0.97384E+01 -0.69256E+01
 -0.38065E+01 -0.44370E+00  0.46545E+01  0.62665E+01  0.11114E+02  0.13726E+02
  0.14909E+02  0.17493E+02  0.14804E+02  0.13202E+02  0.13590E+02  0.12482E+02
  0.90220E+01  0.60584E+01  0.36453E+01 -0.33332E+01 -0.63219E+01 -0.77384E+01
 -0.10428E+02 -0.69081E+01 -0.61090E+01 -0.39371E+01  0.16264E+01  0.36962E+01
  0.12007E+01 -0.39325E+00 -0.82048E+00  0.44468E+00  0.44444E+01  0.46740E+01
  0.32696E+01  0.16963E-01  0.21089E+01 -0.76580E+00 -0.21568E+01 -0.11213E+01
 -0.44380E+00 -0.19232E+01 -0.19370E+01  0.40107E+00  0.88799E+00  0.96236E+00
  0.24323E+01  0.86827E+01  0.97311E+01  0.90689E+01  0.64036E+01  0.41462E+01
  0.96872E+00  0.57344E+00 -0.75080E+00 -0.45877E+01 -0.50309E+01 -0.55127E+01
 -0.86700E+01 -0.94899E+01 -0.88048E+01 -0.78845E+01 -0.73336E+01 -0.13088E+02
 -0.14177E+02 -0.12961E+02 -0.14184E+02 -0.15781E+02 -0.18484E+02 -0.18373E+02
 -0.18589E+02 -0.15209E+02 -0.14809E+02 -0.15529E+02 -0.16998E+02 -0.19940E+02
 -0.17838E+02 -0.18978E+02 -0.14937E+02 -0.11372E+02 -0.13784E+02 -0.92426E+01
 -0.75264E+01 -0.80894E+01 -0.68854E+01 -0.57452E+01 -0.35987E+01 -0.52634E+01
 -0.83482E+01 -0.12009E+02 -0.91633E+01 -0.84921E+01 -0.95227E+01 -0.78028E+01
 -0.63141E+01 -0.22767E+01 -0.95799E+00  0.81826E+00  0.22457E+00 -0.16583E+01
 -0.43365E+01 -0.41579E+01 -0.69653E+01 -0.63518E+01 -0.43426E+01 -0.52901E+01
 -0.33945E+01 -0.22464E+01  0.21301E+01  0.49727E+01  0.10437E+02  0.14217E+02
  0.14996E+02  0.14560E+02  0.15177E+02  0.21837E+02  0.24119E+02  0.23924E+02
  0.24541E+02  0.24402E+02  0.27116E+02  0.26299E+02  0.25305E+02  0.23696E+02
  0.22425E+02  0.20986E+02  0.17343E+02  0.12713E+02  0.75879E+01  0.87823E+01
  0.79627E+01  0.73356E+01  0.74562E+01  0.10114E+02  0.11753E+02  0.11672E+02
  0.16380E+02  0.15478E+02  0.12504E+02  0.13811E+02  0.11460E+02  0.10132E+02
  0.97788E+01  0.75243E+01  0.57142E+01  0.58913E+01  0.58998E+01  0.50507E+01
  0.39899E+01  0.34350E+01  0.58931E+01  0.67564E+01  0.77599E+01  0.46512E+01
  0.16582E+01 -0.33354E+01 -0.46160E+01 -0.37731E+01 -0.23709E+01 -0.38348E+01
 -0.42971E+01  0.47860E+00 -0.24647E+01 -0.25918E+01 -0.54617E+00 -0.16385E+01
 -0.35668E+01 -0.51031E+01 -0.92677E+01 -0.14159E+02 -0.16953E+02 -0.16865E+02
 -0.17896E+02 -0.18087E+02 -0.13824E+02 -0.14481E+02 -0.14055E+02 -0.95488E+01
 -0.79382E+01 -0.53375E+01 -0.25487E+01  0.13095E+01  0.98076E+00  0.11821E+01
 -0.71206E+00 -0.34491E+01 -0.23936E+01 -0.69453E+01 -0.74598E+01 -0.91840E+01
 -0.10319E+02 -0.80673E+01 -0.78089E+01 -0.37219E+01 -0.12321E+01 -0.78580E+00
 -0.22584E+01 -0.20638E+01 -0.18369E+01 -0.46870E+01 -0.67237E+01 -0.42677E+01
 -0.24482E+01 -0.25771E+01 -0.24886E+01 -0.81139E+01 -0.89496E+01 -0.66951E+01
 -0.32192E+01 -0.17100E+01 -0.46804E+00  0.30217E+01  0.27682E+01  0.24813E+01
  0.55944E+01  0.90433E+01  0.11006E+02  0.10578E+02  0.85739E+01  0.69140E+01
  0.71142E+01  0.37981E+01  0.33503E+01  0.43254E+01  0.42742E+01  0.57909E+01
  0.70605E+01  0.77369E+01  0.65806E+01  0.56252E+01 -0.18207E+01 -0.21751E+01
 -0.23211E+01 -0.31717E+01 -0.21235E+01 -0.37873E+01 -0.13140E+01 -0.12898E+01
 -0.41972E+01 -0.70594E+01 -0.88430E+01 -0.73527E+01 -0.67006E+01 -0.41115E+01
 -0.58421E+00  0.27709E+01  0.29474E+01  0.56274E+01  0.69188E+01  0.59920E+01
  0.33186E+01 -0.20940E+01 -0.57575E+01 -0.66182E+01 -0.56732E+01 -0.93069E+01
 -0.74828E+01 -0.73782E+01 -0.78195E+01 -0.83898E+01 -0.10462E+02 -0.60663E+01
 -0.61766E+01 -0.71206E+01 -0.62882E+01 -0.59769E+01 -0.27179E+01 -0.48535E+01
 -0.26319E+01 -0.74345E+00 -0.17844E+01 -0.75900E+00 -0.63073E+00 -0.68363E+00
  0.98769E+00  0.10617E+01  0.30753E+01  0.19306E+01 -0.38563E+01 -0.30615E+01
 -0.43646E+01 -0.13878E+01  0.29802E+01  0.43689E+01  0.40222E+01  0.38704E+01
  0.58076E+01  0.89142E+01  0.66280E+01  0.46528E+01  0.46985E+01  0.48439E+01
  0.69673E+01  0.79761E+01  0.82554E+01  0.85688E+01  0.80961E+01  0.88922E+01
  0.68949E+01  0.59941E+01  0.58570E+01  0.55658E+01  0.70194E+01  0.68143E+01
  0.10577E+02  0.92235E+01  0.12014E+02  0.14267E+02  0.11494E+02  0.84730E+01
  0.90074E+01  0.12236E+02  0.11109E+02  0.82337E+01  0.68241E+01  0.26892E+01
  0.12573E+01 -0.20483E+01 -0.24629E+01 -0.31425E+01 -0.47440E+01 -0.35384E+01
 -0.45734E+01 -0.32386E+01 -0.66819E+01 -0.66451E+01 -0.57224E+01 -0.77876E+01
 -0.73613E+01 -0.82101E+01 -0.10783E+02 -0.58520E+01 -0.22033E+01 -0.35866E+01
 -0.13447E+01 -0.26463E+01  0.15216E+01 -0.63399E+00 -0.45998E+01 -0.33568E+01
 -0.51088E+01 -0.17587E+01 -0.35967E+01 -0.26978E+01  0.17903E+00  0.18234E+01
  0.23011E+01  0.20855E+01  0.13693E+01 -0.19750E+01 -0.15718E+01 -0.63176E+00
 -0.28521E+01 -0.40552E+01 -0.91945E+00 -0.36449E+01 -0.11821E+01  0.31137E+01
  0.34220E+01  0.44466E+01  0.36566E+01  0.62195E+01  0.61605E+01  0.47066E+01
  0.55255E+01  0.42094E+01  0.52729E+01  0.57808E+01  0.52336E+01  0.11109E+01
  0.22875E+01  0.46516E+01  0.62862E+01  0.52133E+01  0.33610E+01  0.37359E+01
  0.23255E+01  0.32944E+01  0.35058E+01  0.35592E+01 -0.14350E+01  0.10721E+01
  0.43405E+01  0.23414E+01  0.62126E+01  0.47255E+01  0.47814E+01  0.43411E+01
  0.10259E+01  0.20606E+01 -0.11142E+01  0.17399E+01  0.52949E+00 -0.10207E+01
 -0.88070E+00 -0.18033E+01 -0.38156E+01 -0.37209E+01 -0.45437E+01 -0.34928E+01
 -0.38058E+01 -0.40191E+01 -0.27597E+01 -0.55898E+01 -0.25744E+01 -0.40292E+01
 -0.22622E+01 -0.32842E+01 -0.52056E+01 -0.64335E+01 -0.98234E+01 -0.79341E+01
 -0.10474E+02 -0.13786E+02 -0.11398E+02 -0.11713E+02 -0.10911E+02 -0.73700E+01
 -0.66360E+01 -0.26643E+01 -0.49833E+00 -0.13389E+01 -0.18192E+01 -0.38287E+01
 -0.41821E+01 -0.42047E+01 -0.42976E+01 -0.46194E+01 -0.11780E+01  0.49216E+00
  0.29707E-01  0.44391E+01  0.74709E+01  0.84610E+01  0.81071E+01  0.53639E+01
  0.66303E+01  0.73760E+01  0.47388E+01  0.37872E+01  0.45397E+01  0.27294E+01
  0.76736E+00  0.26899E+00 -0.76183E+00 -0.12218E+01 -0.38798E+00 -0.11378E+01
 -0.26128E+01 -0.10020E+00 -0.42642E+00  0.26913E+00 -0.56237E+00 -0.27596E-02
  0.86946E+00 -0.31318E+01 -0.92957E+00 -0.12095E-01 -0.59673E+00  0.34111E+00
 -0.50410E+00  0.11768E+01 -0.69247E+00 -0.45669E+01 -0.65858E+01 -0.72274E+01
 -0.58655E+01 -0.42325E+01 -0.12807E+01 -0.90708E+00 -0.33652E+00 -0.20633E+01
 -0.37787E+01 -0.20187E+01 -0.16022E+01 -0.44326E+01 -0.45508E+01 -0.41548E+01
 -0.40963E+01 -0.36596E+01 -0.64424E+01 -0.88078E+00 -0.13459E+01 -0.40902E+01
 -0.36015E+01 -0.28479E+01  0.14677E+01  0.88663E+00  0.57558E+00  0.97580E+00
  0.13668E+01  0.21386E+01  0.38410E+00 -0.16469E+01 -0.32384E+01 -0.49114E+01
 -0.80121E+01 -0.97799E+01 -0.83633E+01 -0.68776E+01 -0.28959E+01 -0.39811E+00
  0.33702E+01  0.59634E+01  0.82660E+01  0.71863E+01  0.77223E+01  0.91432E+01
  0.68967E+01  0.94280E+01  0.98821E+01  0.12205E+02  0.11206E+02  0.83047E+01
  0.91140E+01  0.83919E+01  0.86465E+01  0.60660E+01  0.44736E+01  0.20203E+01
  0.45962E+00  0.22428E+00  0.28341E+00  0.28589E+00 -0.50467E+00 -0.94469E-01
 -0.18163E+01 -0.28335E+01 -0.64064E+01 -0.76797E+01 -0.12184E+02 -0.10943E+02
 -0.81152E+01 -0.79000E+01 -0.42824E+01 -0.39722E+01  0.23780E+01  0.33496E+01
  0.11130E+01  0.15476E+01  0.62049E+00  0.15148E+01  0.74435E+01  0.10284E+02
  0.10075E+02  0.10359E+02  0.11024E+02  0.11135E+02  0.11474E+02  0.10813E+02
  0.56200E+01  0.43367E+01  0.32457E+01  0.24267E+01  0.26857E+01 -0.41457E+00
  0.11883E+01  0.28228E+01  0.27085E+01  0.16507E+01  0.18988E+01  0.35490E+01
  0.94654E+00 -0.27389E+01 -0.29150E+01  0.14357E+01  0.25397E+01  0.60701E+01
  0.79598E+01  0.51513E+01  0.50089E+01  0.35321E+01  0.22183E+01  0.14030E+01
 -0.32822E+01 -0.47886E+01 -0.49694E+01 -0.70857E+01 -0.63832E+01 -0.66641E+01
 -0.10317E+02 -0.10160E+02 -0.98000E+01 -0.79740E+01 -0.43809E+01 -0.53758E+01
 -0.31534E+01 -0.29770E+01 -0.51297E+01 -0.45750E+01 -0.49900E+01 -0.46370E+01
 -0.47509E+01 -0.38905E+01 -0.52142E+01 -0.83777E+01 -0.90488E+01 -0.99991E+01
 -0.94878E+01 -0.94771E+01 -0.12738E+02 -0.98369E+01 -0.46497E+01 -0.38031E+01
 -0.33350E+01 -0.64990E+01 -0.36497E+01 -0.30420E+00  0.33799E+00  0.42836E+01
  0.66299E+01  0.63156E+01  0.65320E+01  0.23030E+01 -0.11034E+01 -0.60621E+00
 -0.13303E+01 -0.12434E+01 -0.10001E+01 -0.13573E+01  0.34603E+01  0.80149E+01
  0.81606E+01  0.86598E+01  0.99452E+01  0.14246E+02  0.15076E+02  0.16386E+02
  0.15476E+02  0.12929E+02  0.99781E+01  0.95182E+01  0.94262E+01  0.86698E+01
  0.65904E+01  0.47490E+01  0.65278E+01  0.29324E+01  0.32568E-02  0.55636E+00
  0.21680E+00  0.69742E+00  0.59341E+00  0.40560E+00 -0.15537E+01 -0.42227E+01
 -0.41750E+01 -0.30012E+01 -0.87465E-01  0.61045E+00  0.59249E+00 -0.21856E+00
 -0.12743E+01 -0.57013E+01 -0.83388E+01 -0.11025E+02 -0.12213E+02 -0.10214E+02
 -0.11508E+02 -0.10862E+02 -0.10479E+02 -0.90042E+01 -0.91361E+01 -0.10484E+02
 -0.92900E+01 -0.92176E+01 -0.70358E+01 -0.57558E+01 -0.50716E+01 -0.49357E+01
 -0.68683E+01 -0.96779E+01 -0.10323E+02 -0.10498E+02 -0.11300E+02 -0.80946E+01
 -0.88284E+01 -0.69166E+01 -0.74946E+01 -0.88382E+01 -0.10267E+02 -0.51654E+01
 -0.86982E+00 -0.22315E+01 -0.10783E+01 -0.17104E+01 -0.68866E+00 -0.31152E+01
 -0.78892E+01 -0.98898E+01 -0.58000E+01 -0.73089E+01 -0.83012E+01 -0.71095E+01
 -0.85095E+01 -0.83895E+01 -0.64002E+01 -0.33641E+01 -0.55232E+01 -0.35655E+01
  0.28391E+00  0.78696E+00  0.16277E+01  0.21625E+01  0.36105E+01  0.29039E+01
  0.72382E+01  0.10408E+02  0.10585E+02  0.94412E+01  0.84446E+01  0.12292E+02
  0.13076E+02  0.13004E+02  0.13435E+02  0.11802E+02  0.91809E+01  0.46659E+01
  0.95942E+01  0.12785E+02  0.10479E+02  0.98518E+01  0.49336E+01  0.42771E+01
  0.40694E+01  0.38775E+01  0.42066E+01  0.42504E+01  0.44460E+01  0.43992E+01
  0.44430E+01  0.54225E+01  0.91980E+01  0.10525E+02  0.11767E+02  0.92461E+01
  0.11075E+02  0.11985E+02  0.53000E+01  0.61530E+01  0.50711E+01  0.57904E+01
  0.44231E+01  0.49021E+01  0.31591E+01  0.11978E+00 -0.21082E+01 -0.43183E+01
 -0.31841E+01 -0.35927E+01 -0.30000E+01 -0.34834E+01 -0.22902E+01  0.20614E+01
  0.69771E+01  0.13848E+01  0.49831E+00  0.89420E+00 -0.16076E+01  0.19983E+00
 -0.10264E+01  0.32439E+01  0.29467E+01  0.61038E+00  0.11857E+01  0.71171E+00
  0.98331E+00  0.84712E+00  0.62707E+00  0.15797E+00 -0.73326E-01  0.37549E-01
 -0.28212E-01 -0.66263E+00  0.28900E+00  0.54723E+00  0.52694E+00  0.60408E+00
  0.45913E+00  0.93741E+00 -0.17132E+01  0.90609E+00  0.11556E+01  0.40291E+01
  0.90520E+01  0.24368E+01  0.81443E+01  0.67989E+01 -0.56429E-01  0.18807E-01
 -0.29784E+00 -0.19757E+00  0.69988E-02  0.41878E+01  0.74692E+00  0.12455E+00
 -0.31114E-01  0.30957E+00  0.55961E+00  0.68724E+00  0.45706E+00 -0.19905E+00
  0.14777E-01 -0.24480E+00  0.11639E+00 -0.29140E+01 -0.70845E+00  0.42495E-01
 -0.18753E+00  0.85558E-01 -0.57721E+00  0.23671E+01  0.14190E+01 -0.61660E+00
  0.21390E+00 -0.79528E+00 -0.36804E+01 -0.22993E+01  0.71538E+00  0.10158E+01
  0.11826E+01  0.11297E+01  0.15480E+01  0.31240E+00 -0.45164E+01 -0.45330E+01
 -0.37112E+01 -0.37052E+01 -0.28766E+01 -0.37133E+01 -0.40946E+01 -0.33271E+01
 -0.39530E+01 -0.39491E+01 -0.19218E+01 -0.45800E+01 -0.20113E+01 -0.32738E+01
 -0.42689E+01 -0.30505E+01 -0.20268E+01 -0.30332E+01 -0.45992E+01 -0.35303E+01
 -0.39996E+01 -0.32592E+01 -0.34227E+01 -0.33414E+01 -0.33464E+01 -0.34214E+01
 -0.30887E+01 -0.29236E+01 -0.25819E+01 -0.29877E+01 -0.27137E+01 -0.45221E+01
 -0.43570E+01 -0.25175E+01 -0.36732E+01 -0.26403E+01 -0.40611E+01  0.11722E+01
 -0.81268E+00 -0.29132E+01  0.64594E+00 -0.96741E+00  0.29887E+00 -0.13666E+01
 -0.36755E+01 -0.30073E+01 -0.14330E+01 -0.23847E+01 -0.41294E+01 -0.42271E+01
 -0.39395E+01 -0.36181E+01 -0.38901E+01 -0.33353E+01 -0.24111E+01 -0.21099E+01
 -0.29417E+01 -0.17910E+01  0.37929E+00  0.12014E+01  0.26150E+01  0.28934E+01
  0.49254E+01  0.53443E+01  0.46689E+01  0.55182E+01  0.15553E+01 -0.19386E+01
 -0.35045E+01 -0.38016E+01 -0.40964E+01 -0.30455E+01 -0.91745E+01 -0.97979E+01
 -0.82100E+01 -0.78185E+01 -0.58546E+01 -0.62107E+01 -0.52505E+01 -0.37171E+01
 -0.31376E+01 -0.97673E+01 -0.52886E+01 -0.29872E+01 -0.40594E+01 -0.19869E+01
  0.17169E+01  0.54115E+01  0.39971E+01  0.28002E+01  0.66765E+00 -0.38432E+00
  0.38311E+00  0.74713E+00  0.18248E+01  0.47716E+01  0.44378E+01  0.17340E+01
  0.54081E+01  0.60597E+01  0.60996E+01  0.60262E+01  0.59981E+01  0.61580E+01
  0.63269E+01  0.59089E+01  0.41860E+01  0.58524E+01  0.63702E+01  0.56757E+01
  0.62999E+01  0.56484E+01  0.55294E+01  0.52064E+01  0.11428E+01  0.16278E+00
  0.21030E+01  0.52282E+01  0.64026E+01  0.61021E+01  0.65990E+01  0.59314E+01
  0.51867E+01  0.69183E+01  0.67942E+01  0.64415E+01  0.70265E+01  0.61026E+01
  0.61982E+01  0.44790E+01  0.66567E+01  0.14914E+01  0.18926E+01  0.58012E+01
 -0.18443E+00 -0.81184E+00 -0.45093E+01  0.10440E+01  0.11233E+01 -0.11016E+01
 -0.19757E+00 -0.13509E+01  0.50678E+00  0.44997E+00  0.29352E+01  0.90940E+00
 -0.51827E+00 -0.13750E+01 -0.78184E+00 -0.89109E+00 -0.12586E+01 -0.24390E-01
 -0.54150E+00  0.63598E+00 -0.42131E+01 -0.88310E+01 -0.10348E+02 -0.10151E+02
 -0.81341E+01 -0.97435E+01 -0.84165E+01 -0.10566E+02 -0.39374E+01 -0.38389E+01
 -0.90057E+01 -0.86517E+01 -0.46059E+01  0.13170E+01  0.17367E+00  0.78393E+00
  0.56491E+00  0.95981E+00  0.11280E+01  0.11808E+01  0.36372E+01  0.41543E+01
  0.14812E+01  0.16786E+01  0.18352E+01  0.14684E+01  0.12080E+01  0.15706E+01
  0.17746E+01  0.23138E+01  0.17089E+01  0.14935E+01  0.50544E+00  0.56505E+01
  0.39714E+01  0.15558E+01  0.28513E+01  0.93870E+00  0.25399E+01 -0.25402E+01
 -0.67391E+01 -0.70388E+01 -0.70623E+01 -0.52393E+01 -0.42779E-01  0.20973E+01
  0.23206E+01  0.22742E+01  0.21666E+01  0.16601E+01  0.13757E+01  0.17823E+01
 -0.38696E+01 -0.42285E+00  0.29719E+01  0.12349E+01  0.21128E-01 -0.68364E+01
 -0.35008E+01  0.18919E+01  0.13893E+01  0.20173E+01  0.18340E+01  0.17980E+01
  0.14425E+01  0.16216E+01  0.14653E+01  0.15899E+01  0.17168E+01  0.21765E+01
  0.23508E+01  0.24141E+01  0.25361E+01  0.24927E+01  0.23450E+01  0.18076E+01
  0.17142E+01 -0.12340E+01  0.80666E+00  0.24237E+01  0.16526E+01  0.22454E+01
  0.10234E+01  0.68248E+01  0.10830E+02  0.10407E+02  0.10485E+02  0.99404E+01
  0.10814E+02  0.11907E+02  0.12875E+02  0.74589E+01  0.31573E+01  0.33575E+01
  0.35961E+01  0.30576E+01  0.38015E+01  0.22954E+01 -0.12384E+01 -0.34831E+01
 -0.56123E+01 -0.60538E+01 -0.82306E+01 -0.66852E+01 -0.63042E+01 -0.53615E+01
 -0.27603E+01 -0.42894E+01  0.33248E+00  0.12864E+01 -0.43120E+01 -0.32562E+01
 -0.47085E+01 -0.53430E+01 -0.55900E+01 -0.52641E+01 -0.58442E+01 -0.64608E+01
 -0.56521E+01 -0.56638E+01 -0.55214E+01 -0.58095E+01 -0.46250E+01 -0.37940E+01
 -0.45036E+01 -0.56641E+01 -0.51844E+01 -0.87941E+01 -0.74284E+01 -0.47897E+01
 -0.60885E+01 -0.47660E+01 -0.53105E+01 -0.29232E+01 -0.27948E+01 -0.61554E+01
 -0.61450E+01 -0.64788E+01 -0.63844E+01 -0.64283E+01 -0.61165E+01 -0.60947E+01
 -0.58962E+01 -0.58427E+01 -0.57167E+01 -0.56745E+01 -0.57797E+01 -0.58326E+01
 -0.58336E+01 -0.56284E+01 -0.57834E+01 -0.39718E+01 -0.52550E+01 -0.44494E+01
 -0.11787E+01 -0.81035E+00  0.23320E+00  0.28128E+01  0.42098E+01  0.39438E+01
  0.44232E+01  0.45878E+01  0.48203E+01  0.50029E+01  0.45309E+01  0.45594E+01
  0.43253E+01  0.38646E+01  0.31366E+01  0.33556E+01  0.27612E+01  0.34947E+01
  0.19669E+01 -0.37413E+00 -0.17069E+01 -0.51422E+01 -0.64160E+01 -0.93528E+01
 -0.69177E+01 -0.61841E+01 -0.50879E+01 -0.45128E+01 -0.47691E+01 -0.13800E+01
  0.52969E+00  0.92275E-01  0.21606E+01  0.40433E+01  0.47185E+01  0.55613E+01
  0.50448E+01  0.61868E+01  0.55572E+01  0.55393E+01  0.56506E+01  0.54108E+01
  0.63470E+01  0.32663E+01  0.21952E+01  0.81146E+00 -0.17661E+01 -0.18197E+01
 -0.60216E+01 -0.49423E+01  0.72966E+00  0.11455E+00 -0.23788E+01 -0.32135E+01
 -0.15967E+01 -0.86350E+00 -0.29214E+01 -0.22424E+01 -0.26349E+01 -0.33445E+01
 -0.38660E+01 -0.32115E+01 -0.23870E+01 -0.26997E+01 -0.29194E+01 -0.28695E+01
 -0.28692E+01  0.12093E+01  0.18282E+01  0.40084E+01  0.64106E+01  0.52831E+01
  0.57123E+01 -0.10479E+00  0.15616E+01  0.26821E+01  0.23527E+01  0.28459E+01
  0.23309E+01  0.45621E+01  0.37983E+01  0.28283E+01  0.24363E+01  0.35307E+01
  0.46547E+01  0.41294E+01  0.40143E+01  0.36501E+01  0.15031E+01  0.25109E+00
  0.42207E+00  0.14247E+01  0.13106E+01  0.23996E+01  0.48142E+01  0.58537E+01
  0.60120E+01  0.54637E+01  0.48383E+00  0.43969E+01  0.74898E+01  0.63870E+01
  0.74593E+01  0.65451E+01  0.86396E+01  0.57861E+01  0.14919E+01 -0.79026E+00
 -0.10672E+01 -0.99497E+00 -0.15546E+01 -0.30391E+00 -0.12144E+01 -0.16490E+01
 -0.14444E+01 -0.71399E-02  0.79818E+00  0.20365E+01  0.35899E+01 -0.13315E+00
 -0.55724E+00 -0.11126E+01 -0.19825E+01 -0.21228E+01 -0.25553E+00  0.14172E+01
  0.19481E+01  0.28532E+01  0.11869E+01  0.63791E+01  0.59499E+01  0.25741E+01
  0.22976E+01 -0.17034E+01 -0.20565E+01 -0.19494E+01 -0.23746E+01 -0.20904E+01
 -0.22295E+01 -0.24093E+01 -0.25594E+01 -0.25483E+01 -0.22788E+01 -0.18798E+01
 -0.19292E+01 -0.19852E+01 -0.19593E+01 -0.15798E+01 -0.16622E+01 -0.15472E+01
 -0.13346E+01 -0.23248E+01  0.15202E+01  0.25516E+01  0.58601E+01  0.57477E+01
  0.23731E+01  0.42913E+01  0.30810E+01  0.31261E+01  0.61801E+00 -0.15612E+01
 -0.16581E+01 -0.15757E+01 -0.17762E+01 -0.15482E+01  0.83463E+00  0.16001E+01
 -0.12342E+01 -0.88051E+00 -0.16140E+01 -0.20369E+01 -0.23530E+01 -0.85662E+01
 -0.41805E+01 -0.63729E+00 -0.22481E+01 -0.18830E+00 -0.22630E+01  0.25908E+01
  0.67655E+01  0.41886E+01  0.20562E+01 -0.81218E+00 -0.52651E+00  0.43912E+00
  0.36458E+01  0.44829E+01  0.50134E+00  0.10242E+01  0.64255E+01  0.10200E+02
  0.63191E+01 -0.19231E-01 -0.10875E+00  0.32458E+01  0.93490E+01  0.89227E+01
  0.18608E+01 -0.32060E+00  0.20810E+00 -0.73553E+00  0.14040E+00 -0.10813E+01
  0.18775E+01  0.16398E+01 -0.68423E+00 -0.34351E+00 -0.66068E+01 -0.33563E+01
  0.29557E+00  0.67161E+00  0.25506E+00  0.67742E-01 -0.24844E+00 -0.70471E+00
 -0.82760E+00 -0.23414E+00  0.40165E-01  0.36925E+00 -0.15996E+00  0.20386E+00
  0.43883E+00 -0.57217E+01 -0.23503E+01 -0.11943E+01 -0.58902E+01 -0.79869E+01
 -0.41247E+01  0.73023E+00 -0.39912E+01 -0.91746E+01 -0.81157E+01 -0.84453E+01
 -0.77255E+01 -0.74970E+01 -0.72045E+01 -0.69707E+01 -0.61452E+01 -0.56863E+01
 -0.26600E+01 -0.33829E+01 -0.36939E+00  0.39543E+01  0.93034E+00  0.49901E-03
 -0.23540E+01 -0.33578E+01 -0.61940E+01 -0.52871E+01 -0.50050E+01 -0.62792E+01
 -0.45576E+01 -0.20068E+00  0.23192E+01  0.43410E+01 -0.23164E+01 -0.72196E+00
  0.13827E+01  0.21012E+01  0.31826E+01 -0.12365E+01 -0.81745E-01 -0.33741E+01
 -0.11590E+00 -0.41896E+00 -0.43155E+00  0.43342E-01 -0.16087E+01  0.37586E+01
  0.50935E+01  0.60346E+01  0.68606E+01  0.71121E+00  0.43950E+01  0.62125E+01
  
