  0.21183E+01  0.45686E+00 -0.97949E+00  0.19966E+01  0.52530E+01 -0.12782E+01
 -0.50625E+01 -0.28223E+01  0.61122E-01 -0.25882E+01 -0.64067E+01 -0.17908E+01
 -0.27046E+01 -0.56901E+01 -0.41772E+01  0.25576E+00  0.13652E+01 -0.33828E+01
 -0.73006E+01 -0.25326E+01  0.58494E+01  0.51242E+01 -0.25220E+01 -0.25596E+01
 -0.30463E+01 -0.18967E+01  0.13410E+01  0.19324E+01  0.46146E+00 -0.33170E+01
  0.62478E+00  0.50706E+01  0.25678E+01 -0.20954E+01 -0.46996E+01 -0.51804E+01
  0.34627E+01  0.47926E+01  0.26060E+01  0.20403E+01 -0.22641E+01  0.25785E+01
  0.80811E+01  0.95253E+00 -0.63264E+01 -0.43390E+01  0.43347E+01  0.82614E+01
 -0.33036E+01 -0.87723E+01 -0.16239E+01 -0.83251E+00 -0.44954E+01  0.19310E+01
  0.65614E+01  0.52147E+01 -0.11112E+00 -0.75607E+01 -0.34917E+01  0.34239E+01
 -0.12193E+01 -0.17656E+01  0.54384E+00  0.19216E+01 -0.58142E+01 -0.67748E+01
  0.56815E+01  0.35575E+01  0.24173E+01 -0.40323E+01 -0.51854E+01  0.32190E+01
  0.79408E+00 -0.52102E+01 -0.55993E+01  0.39398E+01  0.64860E+01  0.53580E+01
  0.35034E+01  0.48221E+01 -0.59745E+01 -0.56736E+01 -0.19409E+01  0.88307E+00
  0.82743E+01 -0.17967E+01 -0.49766E+00  0.31531E+01  0.61970E+01 -0.30426E+01
 -0.51977E+01 -0.12444E+02 -0.10898E+02  0.16615E+00  0.24860E+01  0.73023E+00
  0.20677E+01  0.14132E+01  0.91329E+00 -0.18582E+00 -0.10281E+02 -0.95580E+01
 -0.21142E+01  0.63191E+01  0.25633E+01  0.17157E+01  0.31833E+01  0.26825E+01
  0.14976E+01  0.88814E+01  0.64723E+01 -0.51069E+01 -0.19154E+02 -0.83900E+01
  0.11461E+02 -0.62454E+01 -0.14814E+02 -0.87144E+01  0.13860E+00  0.13162E+02
  0.18384E+02 -0.35139E+01 -0.16239E+02 -0.11592E+02 -0.26362E+00  0.36146E+02
  0.33098E+02 -0.11314E+02 -0.21201E+02 -0.65776E+01  0.14928E+02  0.12341E+02
  0.21862E+01 -0.10839E+02 -0.19704E+02  0.14288E+01  0.25202E+02  0.22130E+02
 -0.16156E+02 -0.17880E+02 -0.82485E+00  0.68328E+01  0.69595E+01  0.23434E+01
 -0.15811E+02 -0.78634E+01  0.42617E+02  0.55636E+02  0.15651E+02 -0.28278E+02
 -0.21589E+02  0.75025E+01  0.33061E+02  0.27560E+02 -0.13999E+02 -0.41033E+02
 -0.24074E+02  0.56293E+01  0.40014E+02  0.27195E+02 -0.35340E+02 -0.33763E+02
  0.14193E+02  0.33610E+02 -0.15948E+01 -0.25516E+02 -0.17664E+02 -0.12833E+01
  0.61148E+01  0.93671E+01  0.15507E+01 -0.31569E+01  0.24789E+01  0.57769E+00
  0.74147E+00 -0.12957E+02 -0.30257E+01  0.75837E+01  0.22769E+01 -0.14148E+02
 -0.16423E+02  0.24751E+01  0.37464E+01  0.44887E+00 -0.16834E+02 -0.18558E+02
  0.65265E+01 -0.81713E+01 -0.21079E+02 -0.58549E+01  0.25182E+02  0.14461E+02
 -0.10093E+02 -0.57419E+01 -0.14086E+02  0.10773E+01  0.24232E+01  0.14496E+01
 -0.20570E+01 -0.20209E+02 -0.15919E+02  0.53684E+01  0.13260E+02  0.50328E+01
 -0.61122E+01  0.30518E+01 -0.77511E+01 -0.27516E+02 -0.15176E+02 -0.13673E+02
 -0.10111E+02  0.11086E+02  0.17179E+02  0.33415E+01  0.63720E+01  0.31631E+02
  0.18843E+02  0.54553E+01  0.11561E+02  0.11392E+02 -0.50668E+01 -0.94535E+01
  0.12791E+01  0.21301E+02  0.34013E+02 -0.29112E+01 -0.61035E+01  0.22935E+01
  0.66207E+01 -0.43953E+00 -0.12040E+02 -0.50725E+01  0.16768E+02  0.23475E+02
  0.85984E+01 -0.97847E+01 -0.64022E+01 -0.10076E+01 -0.10003E+02  0.56780E+01
  0.16364E+02  0.13478E+01 -0.16135E+02 -0.70460E+01  0.76886E+01 -0.13091E+02
 -0.23413E+02 -0.11449E+02  0.17208E+02 -0.20152E+00 -0.35709E+02 -0.27248E+02
 -0.23014E+02 -0.91858E+01  0.13366E+02  0.22745E+02 -0.15575E+02 -0.20190E+02
  0.39669E+01 -0.22845E+01 -0.15536E+02 -0.12197E+02 -0.69325E+01 -0.11956E+02
  0.11754E+01  0.10390E+02  0.14791E+02  0.13518E+02 -0.75295E+01 -0.19007E+02
 -0.12432E+02  0.12440E+02  0.97537E+01  0.10423E+02  0.16380E+02 -0.48723E+01
 -0.27847E+01  0.77567E+00 -0.10369E+02 -0.10792E+02 -0.57732E+01  0.16783E+02
  0.13507E+02 -0.77287E+01 -0.52821E+00 -0.50290E+01 -0.16237E+02 -0.20782E+02
 -0.12266E+02 -0.14144E+02 -0.18263E+02 -0.25597E+02 -0.33274E+02 -0.15367E+02
  0.13582E+02  0.90149E+01 -0.10167E+02  0.89165E+00  0.78108E+01 -0.16023E+01
  0.13570E+02  0.36458E+02  0.20727E+02  0.65690E+01  0.11190E+02 -0.47935E+01
 -0.17950E+02 -0.17393E+02 -0.10644E+02 -0.98962E+01 -0.20219E+01  0.10265E+02
  0.17929E+02  0.23885E+02  0.13554E+02  0.89616E+01 -0.61730E+01 -0.14716E+02
 -0.27424E+02 -0.18923E+02  0.83101E+01 -0.48367E+00 -0.12662E+02 -0.76714E+01
  0.13416E+02  0.37207E+02  0.50155E+02  0.22174E+00 -0.39271E+02 -0.12958E+02
  0.26920E+02  0.15359E+02 -0.14194E+02 -0.83198E+01 -0.11202E+02  0.18731E+01
  0.54777E+01  0.50167E+01  0.14158E+02  0.29032E+02 -0.12762E+01 -0.73155E+01
  0.18988E+02  0.19321E+02  0.11386E+02 -0.14608E+02 -0.86494E+01  0.18319E+02
  0.20002E+02 -0.29902E+01  0.63587E+01  0.13036E+02  0.88953E+00 -0.20293E+02
 -0.43486E+02 -0.16098E+02  0.33146E+02  0.22050E+02 -0.43628E+02 -0.38298E+02
  0.20770E+02  0.34978E+02 -0.29094E+01 -0.32914E+02  0.39741E+00  0.20278E+02
  0.15261E+02  0.89675E+01  0.15674E+02 -0.11935E+02 -0.47429E+02  0.75908E+01
  0.58401E+02  0.25390E+02 -0.35272E+02 -0.63912E+02 -0.36876E+02 -0.47454E+01
  0.13115E+01 -0.33927E+01 -0.22867E+02 -0.58807E+01 -0.18780E+02 -0.18035E+02
  0.13591E+01 -0.14292E+01  0.58384E+01  0.45420E+01  0.40546E+02 -0.70638E+00
 -0.38024E+02 -0.95863E+01  0.13915E+02  0.46603E+02  0.73550E+02  0.52865E+02
  0.11029E+02 -0.19504E+02  0.62091E+01  0.23658E+02 -0.69056E+01 -0.30262E+02
 -0.53252E+02 -0.12845E+02  0.23642E+02  0.17504E+02  0.16088E+02  0.92971E+01
 -0.25910E+02 -0.30020E+02 -0.15352E+02 -0.18950E+02 -0.65719E+01  0.20887E+02
  0.50601E+02  0.27383E+02  0.17820E+01  0.24518E+02  0.14097E+01 -0.48611E+02
 -0.47029E+02  0.61378E+00  0.18896E+02 -0.12450E+02 -0.26408E+02 -0.12144E+02
  0.60927E+01  0.18094E+02  0.19802E+02  0.32682E+02 -0.41629E+01 -0.12722E+02
  0.33662E+02  0.57329E+02  0.34161E+02 -0.38453E+01  0.22556E+02  0.34298E+02
  0.44171E+02  0.14045E+02 -0.44454E+02 -0.66619E+02 -0.39940E+02 -0.33206E+01
  0.21051E+02  0.25981E+02 -0.72938E+01  0.15146E+01  0.36343E+02  0.10944E+02
 -0.34479E+02 -0.12569E+02  0.90862E+01 -0.37102E+01 -0.24508E+02 -0.22718E+02
 -0.65264E+00  0.11312E+02  0.15490E+02  0.12429E+02  0.15336E+02  0.19936E+02
  0.15090E+02  0.27656E+02  0.15445E+02 -0.33035E+01  0.48298E+01  0.74388E+00
  0.57374E+01  0.17282E+02 -0.58595E+01 -0.17291E+02  0.11488E+02  0.27580E+02
  0.22714E+02  0.10426E+02  0.31030E+02  0.21856E+02  0.31689E+02  0.21893E+02
 -0.23365E+02 -0.19198E+01  0.30157E+02 -0.96386E+01 -0.60508E+02 -0.39516E+02
  0.97058E+01  0.16991E+02 -0.11747E+02 -0.12106E+02 -0.15010E+02 -0.21655E+02
  0.53370E+01  0.87141E+01 -0.47025E+00  0.17551E+02  0.35406E+02  0.31728E+02
  0.25791E+02  0.50803E+02  0.31260E+02  0.33050E+01  0.24874E+02  0.26162E+02
  0.13789E+01 -0.11381E+02 -0.14236E+02 -0.15196E+02  0.16815E+01  0.23851E+02
  0.30269E+02  0.59616E+01 -0.33189E+02 -0.65911E+02 -0.41468E+02  0.27711E+02
  0.50939E+02  0.16348E+02  0.49997E+00  0.34613E+02  0.35534E+02  0.53698E+01
 -0.70851E+00 -0.76068E+01 -0.31601E+02 -0.57563E+02 -0.47929E+02  0.24295E+02
  0.82090E+02  0.73309E+02  0.39821E+02  0.51350E+01 -0.69884E+01  0.13253E+02
 -0.19324E+02 -0.58772E+02 -0.59415E+02  0.39669E+01  0.11095E+02  0.85369E+01
  0.27878E+02  0.26434E+02  0.45285E+02  0.59369E+02  0.65888E+02  0.61182E+02
  0.32935E+02 -0.27991E+02 -0.35349E+02 -0.39042E+01  0.34565E+02  0.25760E+01
 -0.15545E+02 -0.33177E+02 -0.15140E+02 -0.37262E+02 -0.61976E+02 -0.59205E+02
 -0.10607E+02  0.54145E+02  0.36445E+02  0.28350E+02  0.65039E+01  0.25483E+02
 -0.81617E+01 -0.16326E+02  0.38566E+02  0.50574E+02  0.44021E+02  0.20057E+02
 -0.46094E+01  0.29772E+02  0.51250E+02  0.13960E+02 -0.22003E+02  0.22618E+02
  0.10197E+02 -0.24579E+02  0.19634E+02  0.42661E+02  0.64806E+02  0.18997E+02
  0.11751E+02  0.56960E+02  0.61658E+02  0.28285E+02  0.31145E+02  0.69186E+02
  0.88875E+02  0.50538E+02  0.16677E+02  0.14045E+02 -0.27405E+02 -0.69943E+02
 -0.63407E+02 -0.84822E+02 -0.34221E+02  0.39411E+02 -0.11020E+02 -0.27611E+02
 -0.50328E+02 -0.49063E+02 -0.47865E+02 -0.64099E+02 -0.92727E+02 -0.47426E+02
 -0.93890E+01 -0.52177E+02 -0.57947E+02  0.91055E+01  0.64591E+02  0.60762E+02
  0.72648E+02  0.95901E+02  0.14962E+03  0.12490E+03  0.38644E+01 -0.10707E+03
 -0.10021E+03 -0.69001E+02 -0.67159E+02 -0.40984E+02 -0.26630E+01  0.31440E+02
  0.18536E+02  0.87978E+01 -0.13489E+02 -0.72693E+02 -0.57829E+02 -0.24142E+01
  0.33047E+02  0.82577E+02  0.45035E+02 -0.43635E+02 -0.11036E+03 -0.12014E+03
 -0.64260E+02 -0.22430E+02  0.94686E+00  0.69686E+01 -0.13016E+02 -0.29461E+02
 -0.48232E+02 -0.10047E+03 -0.94243E+02 -0.53659E+02 -0.78105E+02 -0.10835E+03
 -0.11119E+03 -0.13069E+03 -0.16517E+03 -0.17686E+03 -0.16428E+03 -0.14256E+03
 -0.12308E+03 -0.77409E+02  0.10630E+02  0.70721E+02  0.63305E+02  0.26826E+02
 -0.33707E+01 -0.22422E+02 -0.58326E+02 -0.99794E+02 -0.11775E+03 -0.99909E+02
 -0.55563E+02 -0.12253E+02  0.41940E+02  0.93060E+02  0.91782E+02  0.80869E+02
  0.56994E+02  0.72351E+01 -0.14964E+02  0.21865E+02  0.11218E+03  0.16727E+03
  0.17483E+03  0.15305E+03  0.11631E+03  0.12119E+03  0.14326E+03  0.16469E+03
  0.17608E+03  0.16075E+03  0.10992E+03  0.44372E+02  0.38474E+01  0.27724E+02
  0.61300E+02  0.23920E+02 -0.82077E+02 -0.21611E+03 -0.29251E+03 -0.29160E+03
 -0.17262E+03 -0.48510E+02  0.43084E+01 -0.11167E+02 -0.96944E+02 -0.16210E+03
 -0.23152E+03 -0.28519E+03 -0.29729E+03 -0.30034E+03 -0.24994E+03 -0.19454E+03
 -0.11979E+03 -0.23271E+02  0.10303E+01  0.57701E+01  0.62438E+02  0.16850E+03
  0.24327E+03  0.24612E+03  0.21281E+03  0.92478E+02 -0.33179E+02 -0.22180E+02
  0.50465E+02  0.84337E+02  0.14283E+01 -0.12805E+03 -0.18919E+03 -0.20739E+03
 -0.18805E+03 -0.15317E+03 -0.13471E+03 -0.15154E+03 -0.22400E+03 -0.26159E+03
 -0.18675E+03 -0.26617E+02  0.11725E+03  0.19078E+03  0.22177E+03  0.23482E+03
  0.25384E+03  0.28325E+03  0.28469E+03  0.26853E+03  0.27937E+03  0.28060E+03
  0.21949E+03  0.16856E+03  0.20536E+03  0.27216E+03  0.28775E+03  0.20957E+03
  0.38127E+02 -0.14388E+03 -0.23889E+03 -0.20323E+03 -0.93429E+02 -0.18577E+02
  0.20195E+02  0.42455E+02  0.16964E+02 -0.48901E+02 -0.15186E+03 -0.17803E+03
 -0.95482E+02 -0.18051E+02  0.46637E+02  0.33828E+02 -0.55897E+02 -0.13108E+03
 -0.16900E+03 -0.20140E+03 -0.23153E+03 -0.18306E+03 -0.58285E+02  0.19491E+02
  0.18789E+02  0.20496E+02  0.37959E+02 -0.17122E+02 -0.15731E+03 -0.21689E+03
 -0.17246E+03 -0.14893E+03 -0.14620E+03 -0.13439E+03 -0.13685E+03 -0.79419E+02
 -0.18830E+02 -0.38467E+02 -0.80193E+02 -0.76075E+02 -0.71052E+02 -0.11152E+03
 -0.16350E+03 -0.21454E+03 -0.22096E+03 -0.21557E+03 -0.16307E+03 -0.11317E+03
 -0.95826E+02 -0.86874E+02 -0.49100E+02  0.35444E+02  0.35517E+02 -0.15779E+02
 -0.60166E+02 -0.10694E+03 -0.11035E+03 -0.36352E+02  0.95360E+02  0.21272E+03
  0.29398E+03  0.36660E+03  0.42786E+03  0.47578E+03  0.49552E+03  0.50970E+03
  0.50120E+03  0.45310E+03  0.39693E+03  0.35828E+03  0.33573E+03  0.30032E+03
  0.24671E+03  0.19725E+03  0.15265E+03  0.97144E+02  0.83558E+02  0.88826E+02
  0.97028E+02  0.11116E+03  0.12375E+03  0.13016E+03  0.10435E+03  0.66782E+02
  0.36949E+02  0.80328E+01 -0.27612E+02 -0.72302E+02 -0.12192E+03 -0.17422E+03
 -0.21931E+03 -0.27258E+03 -0.30901E+03 -0.33315E+03 -0.34007E+03 -0.28718E+03
 -0.19881E+03 -0.10153E+03 -0.71815E+02 -0.74637E+02 -0.42756E+02 -0.31291E+02
 -0.45406E+02 -0.82017E+02 -0.14094E+03 -0.16916E+03 -0.17944E+03 -0.17888E+03
 -0.13974E+03 -0.74062E+02 -0.23502E+02  0.10129E+02  0.31003E+02  0.75583E+02
  0.12209E+03  0.13613E+03  0.13982E+03  0.15483E+03  0.20105E+03  0.23104E+03
  0.25781E+03  0.24261E+03  0.19935E+03  0.18406E+03  0.18447E+03  0.20278E+03
  0.19886E+03  0.18755E+03  0.18318E+03  0.18162E+03  0.16295E+03  0.13164E+03
  0.79383E+02  0.15000E+02 -0.33450E+02 -0.53703E+02 -0.42726E+02 -0.14962E+02
  0.46661E+01  0.22061E+01  0.23194E+02  0.45453E+02  0.76310E+02  0.12328E+03
  0.16749E+03  0.15428E+03  0.60859E+02 -0.10925E+02 -0.35760E+02 -0.29682E+02
 -0.17607E+02 -0.56215E+01  0.19878E+02  0.66350E+02  0.13117E+03  0.13924E+03
  0.11852E+03  0.12960E+03  0.15523E+03  0.16293E+03  0.14659E+03  0.15925E+03
  0.17586E+03  0.18912E+03  0.18731E+03  0.12181E+03  0.20593E+02 -0.67826E+02
 -0.10378E+03 -0.12934E+03 -0.18679E+03 -0.22352E+03 -0.25643E+03 -0.28179E+03
 -0.29186E+03 -0.27984E+03 -0.23510E+03 -0.18913E+03 -0.14699E+03 -0.11838E+03
 -0.79424E+02 -0.29033E+02  0.15567E+02  0.54088E+02  0.82259E+02  0.10521E+03
  0.11080E+03  0.87540E+02  0.53312E+02  0.26198E+02 -0.65771E+00 -0.49885E+02
 -0.11012E+03 -0.16329E+03 -0.17492E+03 -0.14512E+03 -0.91931E+02 -0.40544E+02
  0.77640E+01  0.30308E+02  0.38325E+01 -0.95934E+01  0.16658E+02  0.53515E+02
  0.72700E+02  0.81361E+02  0.86126E+02  0.82364E+02  0.74510E+02  0.41426E+02
  0.79890E+01 -0.22683E+02 -0.67575E+02 -0.97768E+02 -0.11818E+03 -0.11631E+03
 -0.10285E+03 -0.10177E+03 -0.11539E+03 -0.11817E+03 -0.10994E+03 -0.10125E+03
 -0.74977E+02 -0.29957E+02 -0.21838E+02 -0.63898E+02 -0.94811E+02 -0.98042E+02
 -0.85619E+02 -0.72756E+02 -0.66969E+02 -0.75726E+02 -0.81143E+02 -0.74372E+02
 -0.59418E+02 -0.58749E+02 -0.68194E+02 -0.85991E+02 -0.11137E+03 -0.14631E+03
 -0.17070E+03 -0.15573E+03 -0.13952E+03 -0.14374E+03 -0.13612E+03 -0.12266E+03
 -0.11318E+03 -0.98475E+02 -0.11637E+03 -0.15106E+03 -0.15293E+03 -0.11767E+03
 -0.48314E+02  0.51638E+02  0.13473E+03  0.17729E+03  0.18647E+03  0.15172E+03
  0.88661E+02  0.56281E+02  0.48727E+02  0.38399E+02  0.23087E+02  0.19229E+02
  0.38644E+01 -0.26714E+02 -0.50190E+02 -0.46623E+02 -0.19749E+02 -0.58611E+01
  0.69812E+01  0.25587E+02  0.48524E+02  0.46131E+02  0.38345E+02  0.40213E+02
  0.25447E+02 -0.21381E+02 -0.69738E+02 -0.59187E+02 -0.11315E+02  0.58681E+02
  0.10638E+03  0.76404E+02  0.27189E+02  0.39565E+02  0.73739E+02  0.85518E+02
  0.22663E+02 -0.96896E+02 -0.14296E+03 -0.13361E+03 -0.12528E+03 -0.13988E+03
 -0.14812E+03 -0.13626E+03 -0.14592E+03 -0.16168E+03 -0.16716E+03 -0.14077E+03
 -0.87331E+02 -0.43472E+02 -0.28582E+02 -0.39926E+02 -0.51064E+02 -0.31783E+02
  0.14135E+02  0.61438E+02  0.11158E+03  0.14616E+03  0.17050E+03  0.17552E+03
  0.13784E+03  0.69933E+02 -0.71028E+01 -0.63594E+02 -0.73656E+02 -0.59294E+02
 -0.42784E+02 -0.34520E+02 -0.52161E+02 -0.88122E+02 -0.12927E+03 -0.13423E+03
 -0.68103E+02 -0.58759E+00  0.34037E+02  0.56394E+02  0.38817E+02  0.72684E+01
 -0.21377E+02 -0.68526E+01  0.96216E+01 -0.28590E+02 -0.73722E+02 -0.98035E+02
 -0.69504E+02 -0.73118E+00  0.40451E+02  0.56751E+02  0.33519E+02 -0.85942E+01
  0.45629E+01  0.54181E+02  0.10099E+03  0.13418E+03  0.15530E+03  0.14554E+03
  0.12323E+03  0.12450E+03  0.13890E+03  0.12495E+03  0.10696E+03  0.10706E+03
  0.10679E+03  0.98342E+02  0.10089E+03  0.11004E+03  0.11317E+03  0.12551E+03
  0.15519E+03  0.16550E+03  0.14067E+03  0.91702E+02  0.50332E+01 -0.41600E+02
 -0.42231E+02 -0.39557E+02 -0.33399E+02 -0.14328E+02 -0.14855E+02 -0.56837E+02
 -0.11441E+03 -0.15636E+03 -0.16052E+03 -0.13515E+03 -0.10972E+03 -0.11070E+03
 -0.11702E+03 -0.98844E+02 -0.59610E+02 -0.11462E+02  0.19460E+02  0.12608E+01
 -0.42709E+02 -0.72348E+02 -0.60298E+02 -0.35335E+02  0.16386E+01  0.60545E+02
  0.98291E+02  0.12758E+03  0.15308E+03  0.15890E+03  0.13406E+03  0.81330E+02
  0.38633E+02  0.17199E+02  0.85192E+01  0.12792E+02  0.12894E+02  0.28900E+02
  0.49652E+02  0.32315E+02  0.13759E+02 -0.11766E+02 -0.41580E+02 -0.25108E+02
  0.20936E+02  0.50606E+02  0.71570E+02  0.86125E+02  0.78426E+02  0.66044E+02
  0.18395E+02  0.72434E+00  0.23250E+01 -0.21907E+02 -0.31106E+01  0.30618E+02
  0.32843E+02  0.18795E+01 -0.22251E+02 -0.14256E+01 -0.14732E+02 -0.80634E+02
 -0.81607E+02 -0.34018E+02  0.74444E+01  0.37825E+02  0.89678E+02  0.98998E+02
  0.84598E+02  0.10282E+03  0.68640E+02  0.22666E+02  0.76817E+01 -0.93698E+01
  0.21956E+01  0.40007E+02  0.10200E+03  0.10997E+03  0.70796E+02  0.77917E+02
  0.91588E+02  0.10128E+03  0.82594E+02  0.39586E+02  0.36124E+02  0.73253E+02
  0.10361E+03  0.10938E+03  0.63799E+02  0.52198E+02  0.74291E+02  0.56504E+02
  0.26503E+02 -0.44201E+01 -0.44102E+02 -0.61441E+02 -0.24011E+02  0.89984E+01
  0.85419E+01 -0.43489E+02 -0.88407E+02 -0.10019E+03 -0.10222E+03 -0.80455E+02
 -0.41463E+02  0.78248E+01  0.42335E+02  0.56788E+01 -0.69614E+02 -0.10850E+03
 -0.99884E+02 -0.81884E+02 -0.88630E+02 -0.82179E+02 -0.50649E+02 -0.36332E+02
 -0.65030E+02 -0.79966E+02 -0.20867E+02  0.37908E+02  0.28390E+02 -0.14413E+02
 -0.29671E+02 -0.22070E+02 -0.14389E+02 -0.11066E+01 -0.19435E+02 -0.36496E+02
 -0.35854E+02 -0.26230E+02  0.75901E+01  0.12906E+02 -0.59015E+01 -0.33515E+02
 -0.69687E+02 -0.89149E+02 -0.87733E+02 -0.58527E+02 -0.25240E+02 -0.39289E+02
 -0.67276E+02 -0.77492E+02 -0.68928E+02 -0.27562E+02 -0.59291E+01 -0.16602E+02
 -0.28926E+02 -0.28802E+02 -0.15522E+02  0.64195E+01  0.40447E+01 -0.30819E+02
 -0.44239E+02 -0.36501E+02 -0.60796E+02 -0.10698E+03 -0.13364E+03 -0.12936E+03
 -0.12360E+03 -0.13958E+03 -0.13707E+03 -0.91416E+02 -0.43972E+02 -0.29943E+02
 -0.41927E+02 -0.61124E+02 -0.57790E+02 -0.19844E+02 -0.20917E+02 -0.49079E+02
 -0.39623E+02 -0.14797E+02  0.12627E+02  0.52766E+02  0.10705E+03  0.13708E+03
  0.14323E+03  0.14348E+03  0.12366E+03  0.90712E+02  0.75484E+02  0.76990E+02
  0.80974E+02  0.93386E+02  0.10503E+03  0.95501E+02  0.65047E+02  0.37136E+02
  0.29126E+02  0.25546E+02  0.13339E+02  0.12417E+02  0.16215E+02 -0.33251E-01
 -0.18526E+02 -0.23617E+02 -0.21484E+02 -0.24101E+02 -0.20462E+02 -0.46585E+01
  0.11936E+01 -0.10378E+02 -0.15465E+02 -0.64559E+01  0.13124E+01  0.49724E+01
  0.73361E+01  0.22678E+02  0.34010E+02  0.49748E+02  0.79589E+02  0.83299E+02
  0.76867E+02  0.80870E+02  0.89636E+02  0.88255E+02  0.64922E+02  0.54268E+02
  0.54039E+02  0.48326E+02  0.46674E+02  0.44696E+02  0.42802E+02  0.49685E+02
  0.70330E+02  0.89268E+02  0.83711E+02  0.48010E+02  0.19973E+02  0.24636E+02
  0.37195E+02  0.32695E+02  0.17181E+02  0.91670E+01  0.12281E+02  0.19733E+02
  0.21745E+02  0.35816E+02  0.51743E+02  0.63672E+02  0.71888E+02  0.59411E+02
  0.35807E+02  0.12916E+02  0.10758E+02  0.26331E+02  0.34033E+02  0.41601E+02
  0.76364E+02  0.11848E+03  0.13565E+03  0.10707E+03  0.71281E+02  0.33872E+02
 -0.33283E+02 -0.79088E+02 -0.64180E+02 -0.19533E+02 -0.13840E+02 -0.33322E+02
 -0.45721E+02 -0.66912E+02 -0.88181E+02 -0.10870E+03 -0.11107E+03 -0.11338E+03
 -0.13599E+03 -0.14441E+03 -0.13107E+03 -0.11440E+03 -0.10188E+03 -0.84306E+02
 -0.69274E+02 -0.73229E+02 -0.82763E+02 -0.92910E+02 -0.11362E+03 -0.13166E+03
 -0.14174E+03 -0.14675E+03 -0.15566E+03 -0.14462E+03 -0.11536E+03 -0.10331E+03
 -0.89694E+02 -0.75065E+02 -0.54431E+02 -0.17742E+02  0.53754E+01 -0.26067E+01
 -0.28402E+02 -0.45097E+02 -0.39556E+02 -0.28335E+02 -0.25184E+02 -0.37368E+02
 -0.39107E+02 -0.27772E+02 -0.21389E+02  0.49745E+01  0.36347E+02  0.35033E+02
 -0.35694E+01 -0.23343E+02 -0.17106E+02 -0.98627E+01  0.21603E+01  0.13888E+01
 -0.10172E+02 -0.11983E+02 -0.18592E+02 -0.44668E+02 -0.67503E+02 -0.52924E+02
 -0.14024E+02  0.10872E+02  0.27735E+02  0.50480E+02  0.59005E+02  0.53285E+02
  0.54721E+02  0.73086E+02  0.91560E+02  0.90657E+02  0.87809E+02  0.91587E+02
  0.91174E+02  0.77879E+02  0.62534E+02  0.50316E+02  0.55320E+02  0.56018E+02
  0.51700E+02  0.41210E+02  0.24158E+02  0.19380E+02  0.18164E+02  0.46371E+02
  0.74480E+02  0.80085E+02  0.59110E+02  0.37632E+02  0.39416E+02  0.40878E+02
  0.39755E+02  0.25144E+02  0.15599E+01  0.22111E+01  0.34052E+02  0.38657E+02
  0.88614E+01 -0.27140E+02 -0.45386E+02 -0.34334E+02 -0.14614E+02  0.11475E+02
  0.29011E+02  0.13718E+02 -0.18470E+02 -0.23398E+02  0.14304E+02  0.71720E+02
  0.11621E+03  0.98507E+02  0.44550E+02  0.10343E+02 -0.23939E+02 -0.69470E+02
 -0.11731E+03 -0.13924E+03 -0.84557E+02  0.15221E+02  0.71218E+02  0.33538E+02
 -0.41241E+02 -0.73028E+02 -0.79815E+02 -0.25384E+02  0.51278E+02  0.10808E+03
  0.15060E+03  0.10314E+03  0.35429E+02 -0.76276E+01 -0.47473E+02 -0.62435E+02
 -0.33658E+01  0.37371E+02  0.30546E+00  0.15225E+02  0.48345E+02  0.62536E+02
  0.61108E+02 -0.13097E+02 -0.76709E+02 -0.56987E+02 -0.21334E+01  0.14916E+02
 -0.24523E+02 -0.66746E+02 -0.90502E+02 -0.10757E+03 -0.11235E+03 -0.82359E+02
 -0.38822E+02 -0.28383E+01  0.21121E+02  0.12809E+02 -0.12804E+02 -0.46432E+02
 -0.78738E+02 -0.95442E+02 -0.95966E+02 -0.55266E+02 -0.46330E+01  0.21935E+02
  0.90486E+01 -0.40661E+02 -0.81367E+02 -0.97796E+02 -0.90432E+02 -0.63097E+02
 -0.12874E+02  0.19011E+02  0.14919E+02 -0.13977E+02 -0.19877E+02 -0.41266E+01
 -0.73815E+01 -0.16172E+02 -0.25001E+02 -0.28981E+02 -0.60859E+01  0.42792E+02
  0.64557E+02  0.38496E+02  0.77145E+01 -0.21073E+00  0.21680E+01  0.13890E+02
  0.17903E+02  0.18521E+02  0.26342E+02  0.32043E+02  0.50079E+02  0.67649E+02
  0.84237E+02  0.11652E+03  0.14669E+03  0.14502E+03  0.12782E+03  0.10905E+03
  0.75699E+02  0.43342E+02  0.24353E+02  0.11696E+02  0.27050E+01  0.59086E+01
  0.20391E+02  0.34814E+02  0.37870E+02  0.24667E+02  0.19065E+02  0.35816E+02
  0.50162E+02  0.44345E+02  0.26348E+02  0.18785E+02  0.10597E+02 -0.61207E+01
 -0.15873E+02 -0.13979E+02 -0.11695E+02 -0.16850E+02 -0.20306E+02 -0.22787E+02
 -0.23057E+02 -0.25199E+02 -0.31006E+02 -0.31019E+02 -0.44087E+02 -0.56425E+02
 -0.45525E+02 -0.25086E+02  0.49420E+01  0.18280E+02 -0.87675E+01 -0.47025E+02
 -0.67391E+02 -0.59992E+02 -0.35875E+02 -0.23537E+02 -0.25371E+02 -0.21435E+02
 -0.17700E+02 -0.28933E+02 -0.54282E+02 -0.72298E+02 -0.85412E+02 -0.66123E+02
 -0.91067E+01  0.79642E+01 -0.10945E+02 -0.36924E+02 -0.59164E+02 -0.85145E+02
 -0.11508E+03 -0.13148E+03 -0.13945E+03 -0.13123E+03 -0.10158E+03 -0.52781E+02
 -0.95877E+01 -0.83729E+01 -0.29723E+02 -0.47988E+02 -0.45681E+02 -0.11222E+02
  0.39265E+02  0.78902E+02  0.94817E+02  0.80696E+02  0.58992E+02  0.30855E+02
  0.44321E+01 -0.36975E+01 -0.61193E+01 -0.60564E+01  0.10288E+02  0.39775E+02
  0.37947E+02  0.12339E+02  0.48967E+01  0.26537E+02  0.48375E+02  0.60987E+02
  0.66490E+02  0.50855E+02  0.37266E+02  0.40935E+02  0.33590E+02  0.15987E+02
  0.11833E+02  0.18536E+02  0.22347E+02  0.19501E+02  0.74072E+01  0.14118E+02
  0.37733E+02  0.54433E+02  0.51648E+02  0.29576E+02  0.25371E+02  0.19723E+02
  0.13227E+02  0.23398E+02  0.40162E+02  0.37482E+02  0.14473E+02 -0.10047E+02
 -0.10815E+02  0.19401E+01 -0.21377E+01  0.14534E+02  0.44763E+02  0.43746E+02
  0.15054E+02  0.15926E+02  0.20695E+02  0.14278E+01  0.12013E+00  0.20589E+02
  0.29334E+02  0.12518E+02 -0.72726E+01 -0.21582E+02 -0.22026E+02 -0.12763E+02
 -0.72329E+01 -0.14378E+02 -0.19670E+02 -0.20565E+02 -0.24696E+02 -0.16728E+02
  0.33036E+00  0.24721E+02  0.50835E+02  0.70448E+02  0.86212E+02  0.82836E+02
  0.68608E+02  0.53460E+02  0.46411E+02  0.37820E+02  0.26358E+02  0.33908E+02
  0.33206E+02  0.37080E+02  0.47759E+02  0.51504E+02  0.45610E+02  0.30561E+02
  0.59460E+01 -0.54440E+01 -0.13661E+01  0.21157E+01  0.86111E+01  0.12920E+02
  0.98276E+01 -0.10202E+02 -0.29981E+02 -0.33321E+02 -0.19171E+02 -0.63277E+01
 -0.39892E+01 -0.11006E+02 -0.21980E+02 -0.28980E+02 -0.37932E+02 -0.44927E+02
 -0.48924E+02 -0.56643E+02 -0.55938E+02 -0.56648E+02 -0.58615E+02 -0.55426E+02
 -0.59171E+02 -0.69247E+02 -0.80691E+02 -0.90363E+02 -0.98123E+02 -0.10096E+03
 -0.88460E+02 -0.60613E+02 -0.39928E+02 -0.41505E+02 -0.42862E+02 -0.40718E+02
 -0.46549E+02 -0.45911E+02 -0.35733E+02 -0.22714E+02 -0.15252E+02 -0.11476E+02
 -0.91345E+01 -0.18930E+02 -0.30674E+02 -0.25315E+02 -0.22730E+02 -0.25204E+02
 -0.82386E+01  0.14354E+02  0.15221E+02  0.37192E+01 -0.17505E+01  0.12603E+01
  0.10212E+02  0.26431E+02  0.42701E+02  0.39027E+02  0.37005E+02  0.43352E+02
  0.43841E+02  0.39449E+02  0.38394E+02  0.37779E+02  0.28677E+02  0.25823E+02
  0.23092E+02  0.11820E+02 -0.81430E+00  0.32902E+01  0.16419E+02  0.88316E+01
  0.49918E+01  0.67030E+01  0.70153E+01  0.60881E+01  0.11995E+02  0.26204E+02
  0.27311E+02  0.30125E+02  0.46424E+02  0.54493E+02  0.49012E+02  0.49425E+02
  0.55499E+02  0.61936E+02  0.64053E+02  0.56829E+02  0.38237E+02  0.20650E+02
  0.15381E+02  0.16269E+02  0.14943E+02  0.75936E+01 -0.79450E+01 -0.15465E+02
 -0.98571E+01 -0.12522E+02 -0.21704E+02 -0.30975E+02 -0.38112E+02 -0.37304E+02
 -0.34580E+02 -0.31236E+02 -0.22812E+02 -0.60125E+01 -0.25420E+01 -0.64580E+01
 -0.36550E+01  0.60925E+01  0.15894E+02  0.16999E+02  0.28137E+02  0.43536E+02
  0.52052E+02  0.41614E+02  0.18905E+02 -0.40020E+00 -0.15656E+02 -0.21736E+02
 -0.20010E+02 -0.27108E+02 -0.40982E+02 -0.50452E+02 -0.48589E+02 -0.36720E+02
 -0.27883E+02 -0.22657E+02 -0.24927E+02 -0.21139E+02 -0.12517E+02 -0.89845E+01
 -0.74367E+01 -0.85235E+01 -0.12264E+02 -0.20717E+02 -0.24250E+02 -0.12020E+02
 -0.83451E+01 -0.11233E+02 -0.62740E+01 -0.96352E+01 -0.13188E+02 -0.24166E+02
 -0.30634E+02 -0.17693E+02 -0.97451E+01 -0.14214E+02 -0.12430E+02 -0.39103E+01
 -0.66390E+01 -0.14145E+02 -0.18225E+02 -0.16425E+02  0.70496E+00  0.19267E+02
  0.27241E+02  0.31299E+02  0.33018E+02  0.30456E+02  0.20332E+02  0.11621E+02
  0.90616E+01 -0.58788E+00 -0.12771E+02 -0.10221E+02  0.44568E+00  0.11659E+02
  0.12919E+02  0.16707E+02  0.28150E+02  0.26577E+02  0.17151E+02  0.16442E+02
  0.29116E+02  0.38682E+02  0.35292E+02  0.21977E+02  0.52404E+01 -0.41394E+01
 -0.72231E+01 -0.64877E+01  0.14856E+01  0.45057E+01  0.20542E+01  0.48776E+01
  0.44930E+01  0.55275E+01  0.43981E+01  0.50840E+01  0.91749E+01 -0.12565E+00
  0.25628E+01  0.19664E+02  0.28290E+02  0.26486E+02  0.15882E+02  0.15776E+02
  0.19623E+02  0.20038E+02  0.15773E+02  0.11934E+02  0.13063E+02  0.93277E+01
  0.13853E+02  0.17692E+02  0.17364E+02  0.14549E+02  0.92693E+01  0.10223E+02
  0.83094E+01  0.68039E+01  0.76405E+01 -0.27566E+01 -0.17045E+02 -0.24674E+02
 -0.28291E+02 -0.32083E+02 -0.32003E+02 -0.31965E+02 -0.35384E+02 -0.30148E+02
 -0.28443E+02 -0.29284E+02 -0.32393E+02 -0.36423E+02 -0.34755E+02 -0.39489E+02
 -0.41556E+02 -0.46486E+02 -0.52404E+02 -0.49643E+02 -0.37782E+02 -0.30854E+02
 -0.35608E+02 -0.32982E+02 -0.30844E+02 -0.29866E+02 -0.28928E+02 -0.28695E+02
 -0.21114E+02 -0.11237E+02 -0.54037E+01 -0.44359E+01 -0.33273E+01 -0.62579E+01
 -0.14785E+02 -0.14072E+02 -0.47609E+01  0.61687E+01  0.17161E+02  0.20199E+02
  0.10108E+02 -0.59687E+01 -0.70926E+01  0.58591E+01  0.17796E+02  0.22716E+02
  0.23053E+02  0.22778E+02  0.25858E+02  0.32995E+02  0.33269E+02  0.27558E+02
  0.28193E+02  0.34940E+02  0.36058E+02  0.36815E+02  0.39423E+02  0.35595E+02
  0.24910E+02  0.12876E+02  0.15030E+02  0.27480E+02  0.30048E+02  0.20016E+02
  0.10209E+02  0.46959E+01 -0.53149E+01 -0.13486E+02 -0.13045E+02 -0.16253E-01
  0.12700E+02  0.13358E+02  0.11009E+02  0.72433E+01  0.36210E+01  0.52451E+01
  0.58810E+01  0.49541E+01  0.34956E+01 -0.19991E+00 -0.47412E+01 -0.10873E+02
 -0.11595E+02  0.23316E+01  0.16593E+02  0.18989E+02  0.14559E+02 -0.20042E+01
 -0.13927E+02 -0.66857E+01  0.68816E+01  0.15457E+02  0.16181E+02  0.18391E+02
  0.27499E+02  0.30681E+02  0.15865E+02 -0.18512E+01 -0.44513E+01 -0.44512E+01
 -0.82442E+01 -0.51096E+01  0.66679E+00  0.32325E+01  0.36663E+01 -0.26078E+01
 -0.14697E+02 -0.23652E+02 -0.26802E+02 -0.31819E+02 -0.31364E+02 -0.20376E+02
 -0.13021E+02 -0.11465E+02 -0.14829E+02 -0.19710E+02 -0.23738E+02 -0.28074E+02
 -0.26598E+02 -0.25353E+02 -0.26699E+02 -0.32550E+02 -0.37227E+02 -0.34169E+02
 -0.29870E+02 -0.30239E+02 -0.32896E+02 -0.34201E+02 -0.34937E+02 -0.37960E+02
 -0.41850E+02 -0.34544E+02 -0.24490E+02 -0.14663E+02 -0.12480E+02 -0.17228E+02
 -0.11714E+02  0.47095E+00  0.10398E+02  0.11668E+02  0.91797E+01  0.13241E+02
  0.21132E+02  0.24425E+02  0.20283E+02  0.19446E+02  0.23646E+02  0.16998E+02
  0.11727E+02  0.87633E+01  0.16633E+02  0.24659E+02  0.23876E+02  0.25870E+02
  0.23641E+02  0.23859E+02  0.23525E+02  0.24225E+02  0.31051E+02  0.32268E+02
  0.32277E+02  0.31724E+02  0.26096E+02  0.23838E+02  0.18681E+02  0.14944E+02
  0.14934E+02  0.16136E+02  0.13455E+02  0.12428E+02  0.19220E+02  0.30221E+02
  0.34328E+02  0.31633E+02  0.33636E+02  0.37856E+02  0.32092E+02  0.20143E+02
  0.18317E+02  0.22538E+02  0.28108E+02  0.29740E+02  0.24721E+02  0.22854E+02
  0.21371E+02  0.13815E+02  0.72302E+01  0.76418E+01  0.15891E+02  0.25150E+02
  0.22298E+02  0.17725E+02  0.22384E+02  0.20845E+02  0.13941E+02  0.59914E+01
 -0.45480E+00 -0.93276E+01 -0.14147E+02 -0.16433E+02 -0.13282E+02 -0.94085E+01
 -0.14747E+02 -0.12470E+02 -0.11347E+02 -0.13681E+02 -0.15735E+02 -0.21333E+02
 -0.24063E+02 -0.22833E+02 -0.19896E+02 -0.18757E+02 -0.20676E+02 -0.28276E+02
 -0.31695E+02 -0.29662E+02 -0.33063E+02 -0.39201E+02 -0.46027E+02 -0.47139E+02
 -0.41709E+02 -0.35170E+02 -0.30087E+02 -0.25855E+02 -0.18366E+02 -0.15228E+02
 -0.18338E+02 -0.24004E+02 -0.27084E+02 -0.33469E+02 -0.40804E+02 -0.44275E+02
 -0.41664E+02 -0.33117E+02 -0.32115E+02 -0.30894E+02 -0.30901E+02 -0.23948E+02
 -0.13448E+02 -0.40925E+01  0.15415E+01 -0.32310E+01 -0.37746E+01 -0.81122E+01
 -0.10542E+02 -0.32910E+01 -0.60472E+00  0.16250E+01  0.91699E+01  0.16715E+02
  0.23354E+02  0.22736E+02  0.98816E+01  0.33305E+01  0.70032E+01  0.72917E+01
  0.10360E+02  0.13261E+02  0.12757E+02  0.14518E+02  0.22350E+02  0.28001E+02
  0.24461E+02  0.25521E+02  0.30659E+02  0.36760E+02  0.46178E+02  0.52141E+02
  0.53675E+02  0.50581E+02  0.43375E+02  0.30543E+02  0.16881E+02  0.14765E+02
  0.12464E+02  0.89549E+01  0.94636E+01  0.95281E+01  0.11683E+02  0.14923E+02
  0.20857E+02  0.23366E+02  0.11323E+02  0.47720E+01  0.49640E+01  0.14327E+02
  0.17401E+02  0.39004E+01 -0.26799E+01 -0.15669E+01 -0.34538E+01 -0.15509E+02
 -0.26990E+02 -0.28592E+02 -0.21913E+02 -0.18818E+02 -0.19348E+02 -0.24028E+02
 -0.30681E+02 -0.35152E+02 -0.35736E+02 -0.31260E+02 -0.30848E+02 -0.36404E+02
 -0.41678E+02 -0.41349E+02 -0.36488E+02 -0.35373E+02 -0.34758E+02 -0.34111E+02
 -0.32667E+02 -0.25998E+02 -0.19257E+02 -0.15240E+02 -0.15296E+02 -0.13099E+02
 -0.78882E+01 -0.91719E+01 -0.13590E+02 -0.82734E+01 -0.19379E+01  0.23490E+01
  0.69545E+01  0.10736E+02  0.11214E+02  0.91334E+01  0.87104E+01  0.83196E+01
  0.51388E+01  0.46166E+01  0.11795E+02  0.11236E+02  0.81252E+01  0.16874E+02
  0.26367E+02  0.32018E+02  0.34317E+02  0.38173E+02  0.41450E+02  0.43167E+02
  0.41698E+02  0.34989E+02  0.26146E+02  0.21640E+02  0.20311E+02  0.14676E+02
  0.76831E+01  0.61066E+01  0.90948E+01  0.13621E+02  0.14944E+02  0.69742E+01
 -0.35419E+01  0.16433E+01  0.13394E+02  0.15023E+02  0.13613E+02  0.12545E+02
  0.13077E+02  0.20231E+01 -0.12578E+02 -0.18216E+02 -0.15923E+02 -0.12739E+02
 -0.15836E+02 -0.18823E+02 -0.22368E+02 -0.28700E+02 -0.28378E+02 -0.14187E+02
 -0.31141E+01 -0.39852E+01 -0.15061E+01  0.59305E+01  0.12265E+02  0.18009E+02
  0.20485E+02  0.18684E+02  0.23346E+02  0.26081E+02  0.16267E+02  0.14687E+01
 -0.66277E+01 -0.27004E+01  0.26340E+01  0.45387E+01  0.80146E+01  0.12554E+02
  0.14629E+02  0.11485E+02  0.44315E+01  0.17847E+01  0.34707E+01  0.96537E+01
  0.15029E+02  0.15770E+02  0.14515E+02  0.13903E+02  0.14450E+02  0.13208E+02
  0.79507E+01  0.22669E+01  0.83933E+00  0.25067E+01  0.25689E+01 -0.28496E+01
 -0.73018E+01 -0.14064E+02 -0.16920E+02 -0.11359E+02 -0.56362E+01 -0.22328E+01
  0.17147E+00  0.19657E+01  0.58293E+00 -0.75920E+01 -0.14738E+02 -0.13107E+02
 -0.99079E+01 -0.77367E+01 -0.82479E+01 -0.97676E+01 -0.12165E+02 -0.67488E+01
 -0.28384E+01 -0.44317E+01 -0.11417E+02 -0.20375E+02 -0.21657E+02 -0.24383E+02
 -0.26574E+02 -0.23456E+02 -0.17227E+02 -0.13886E+02 -0.15551E+02 -0.15528E+02
 -0.13863E+02 -0.16718E+02 -0.21909E+02 -0.26281E+02 -0.23721E+02 -0.18160E+02
 -0.13582E+02 -0.58039E+01 -0.38579E+01 -0.88228E+01 -0.96700E+01 -0.59135E+01
 -0.40263E+01 -0.76529E+01 -0.10007E+02 -0.60158E+01  0.10103E+01  0.82662E+01
  0.97843E+01  0.84846E+01  0.68373E+01  0.47390E+01  0.92952E+01  0.13471E+02
  0.17416E+02  0.17521E+02  0.13879E+02  0.91422E+01  0.25809E+00 -0.95931E+01
 -0.16240E+02 -0.15088E+02 -0.76139E+01 -0.73073E+00  0.13293E+01  0.16869E+01
  0.62564E+01  0.13906E+02  0.16700E+02  0.14404E+02  0.12277E+02  0.97146E+01
  0.62495E+01 -0.17833E+01 -0.48042E+01 -0.17977E+01  0.64206E+00  0.72585E+01
  0.10712E+02  0.10378E+02  0.49929E+01  0.32316E+00 -0.49137E+01 -0.12746E+02
 -0.17154E+02 -0.19656E+02 -0.19969E+02 -0.17194E+02 -0.84223E+01 -0.11307E+01
  0.61180E+01  0.11977E+02  0.15251E+02  0.13908E+02  0.14816E+02  0.20811E+02
  0.20336E+02  0.13449E+02  0.16574E+01 -0.14868E+01  0.59046E-01 -0.33670E+01
 -0.42989E+01 -0.49504E+01 -0.42915E+01 -0.86403E+01 -0.13324E+02 -0.86353E+01
 -0.45570E+01 -0.22498E+01 -0.12391E+01  0.21205E+01  0.58906E+01  0.93618E+01
  0.60211E+01 -0.26816E+01 -0.42561E+01 -0.33990E+01 -0.34570E+01  0.68781E+00
  0.55673E+01  0.10299E+02  0.70566E+01 -0.39527E+00 -0.73617E+00 -0.16226E+01
 -0.23772E+01  0.29814E+01  0.98673E+01  0.76206E+01  0.18019E+01 -0.37975E+01
 -0.42977E+01 -0.26934E+01 -0.20202E+01  0.27471E+01  0.89364E+01  0.13013E+02
  0.13943E+02  0.14042E+02  0.13571E+02  0.99431E+01  0.59793E+01  0.38686E+01
  0.49210E+01  0.91823E+01  0.11975E+02  0.14754E+02  0.11227E+02  0.38835E+01
 -0.24626E+01 -0.93851E+01 -0.85007E+01 -0.32943E+01  0.21571E+01  0.18630E+01
 -0.38151E+01 -0.98103E+01 -0.12723E+02 -0.12446E+02 -0.10681E+02 -0.39549E+01
  0.52180E+01  0.99185E+01  0.76796E+01  0.39289E+01 -0.39195E+00  0.92850E+00
  0.50129E+01  0.94728E+01  0.14392E+02  0.15297E+02  0.16425E+02  0.16438E+02
  0.12168E+02  0.46872E+01 -0.28666E+00  0.30361E+01  0.56403E+01  0.43068E+01
  0.58199E+01  0.85022E+01  0.10138E+02  0.10724E+02  0.11496E+02  0.87008E+01
  0.36070E+01  0.12254E+01  0.28856E+01  0.37612E+01  0.37342E+01  0.26076E+01
 -0.16281E+01 -0.24720E+01  0.40424E+01  0.83441E+01  0.23964E+01 -0.85863E+00
 -0.20271E+01 -0.24968E+01 -0.51576E+01 -0.89647E+01 -0.12918E+02 -0.16673E+02
 -0.16817E+02 -0.13565E+02 -0.83198E+01 -0.39054E+01  0.55817E+00  0.60912E+01
  0.75407E+01  0.15136E+01 -0.21722E+01 -0.58096E+01 -0.64828E+01 -0.65766E+01
 -0.84685E+01 -0.10593E+02 -0.13205E+02 -0.11354E+02 -0.10058E+02 -0.16079E+02
 -0.17513E+02 -0.12064E+02 -0.11238E+02 -0.11294E+02 -0.94537E+01 -0.79689E+01
 -0.97506E+01 -0.14688E+02 -0.20483E+02 -0.26033E+02 -0.27100E+02 -0.23525E+02
 -0.18793E+02 -0.13449E+02 -0.38721E+01  0.38177E+01  0.28984E+01 -0.47670E+01
 -0.52225E+01  0.22527E+01  0.76935E+01  0.69652E+01  0.34655E+01  0.50005E+01
  0.80752E+01  0.10425E+02  0.81221E+01  0.83823E+01  0.81857E+01  0.81520E+01
  0.13038E+02  0.16752E+02  0.16936E+02  0.13812E+02  0.83965E+01  0.33692E+01
 -0.26371E+01 -0.92522E+01 -0.93017E+01 -0.48406E+01 -0.34912E+01 -0.81433E+01
 -0.14722E+02 -0.14872E+02 -0.12242E+02 -0.12359E+02 -0.14099E+02 -0.97523E+01
 -0.24935E+01 -0.44536E+01 -0.68401E+01 -0.77077E+01 -0.92557E+01 -0.10021E+02
 -0.11032E+02 -0.84426E+01 -0.49715E+01 -0.54301E+01 -0.44732E+01 -0.14187E+01
  0.20478E+00 -0.18667E+00 -0.33834E+01  0.58725E+00  0.76498E+01  0.99446E+01
  0.78120E+01  0.72766E+01  0.86661E+01  0.93794E+01  0.13452E+02  0.14440E+02
  0.21599E+02  0.29577E+02  0.30490E+02  0.30162E+02  0.28165E+02  0.27201E+02
  0.27132E+02  0.22862E+02  0.21887E+02  0.19133E+02  0.11622E+02  0.11000E+02
  0.83994E+01  0.58522E+01  0.46089E+01  0.50372E+01  0.37692E+01  0.35172E+00
 -0.17082E+01 -0.19588E+01  0.87647E+00  0.25904E+01  0.37509E+01  0.51841E+01
  0.56633E+01  0.65833E+01  0.10296E+02  0.50636E+01  0.13909E+01 -0.22525E+01
 -0.47263E+01 -0.68340E+01 -0.90870E+01 -0.55422E+01 -0.50786E+01 -0.68551E+01
 -0.10498E+02 -0.11141E+02 -0.13547E+02 -0.13459E+02 -0.12100E+02 -0.11264E+02
 -0.76768E+01 -0.71381E+01 -0.80167E+01 -0.95097E+01 -0.10598E+02 -0.11363E+02
 -0.12571E+02 -0.14959E+02 -0.17307E+02 -0.16885E+02 -0.16867E+02 -0.16218E+02
 -0.12613E+02 -0.71854E+01 -0.56967E+01 -0.96673E+01 -0.51769E+01  0.32189E+01
  0.81227E+01  0.70222E+01  0.47189E+01  0.71238E+01  0.52695E+01  0.37580E+01
  0.46158E+01  0.83630E+01  0.12967E+02  0.15165E+02  0.14950E+02  0.15569E+02
  0.15399E+02  0.15644E+02  0.11489E+02  0.38589E+01  0.93337E+00 -0.27761E+01
 -0.21956E+01 -0.36027E+01 -0.71594E+01 -0.12971E+02 -0.15504E+02 -0.11924E+02
 -0.10215E+02 -0.12055E+02 -0.11657E+02 -0.62260E+01  0.44809E+00  0.14715E+01
 -0.66967E-01  0.53722E+01  0.86264E+01  0.76887E+01  0.86735E+01  0.82508E+01
  0.84392E+01  0.46030E+01  0.31447E+01  0.26143E+01  0.23708E+01  0.32289E+01
  0.41928E+01  0.79176E+01  0.61451E+01  0.44705E+01 -0.11201E+01 -0.61315E+01
 -0.63917E+01 -0.55457E+01 -0.42800E+01  0.12317E+01  0.34690E+01  0.44821E+01
  0.23237E+01  0.78129E+00  0.19200E+01  0.12021E+00  0.35971E+00  0.14723E+00
  0.13704E+00 -0.34295E+01 -0.49548E+01 -0.90311E+00  0.24744E+01  0.64709E+01
  0.73893E+01  0.53155E+01  0.48366E+01  0.49921E+01  0.66523E+01  0.37970E+01
 -0.54123E+00 -0.11456E+01 -0.10559E+01 -0.37622E+01 -0.67015E+01 -0.71266E+01
 -0.56761E+01 -0.17666E+01  0.35878E+01  0.31844E+01  0.57919E+00 -0.83226E+00
  0.36090E+00  0.30554E+01  0.23455E+01 -0.38750E+00 -0.66733E+01 -0.12529E+02
 -0.13231E+02 -0.95284E+01 -0.87181E+01 -0.90093E+01 -0.11585E+02 -0.16580E+02
 -0.18640E+02 -0.20332E+02 -0.17888E+02 -0.16538E+02 -0.17833E+02 -0.18562E+02
 -0.16497E+02 -0.12761E+02 -0.13432E+02 -0.13344E+02 -0.13157E+02 -0.13178E+02
 -0.13434E+02 -0.14367E+02 -0.12319E+02 -0.87065E+01 -0.37477E+01  0.15463E+01
  0.22516E+01  0.44615E+01  0.84364E+01  0.81903E+01  0.93139E+01  0.98265E+01
  0.98651E+01  0.94861E+01  0.93074E+01  0.12967E+02  0.16049E+02  0.18775E+02
  0.18525E+02  0.19830E+02  0.22212E+02  0.20915E+02  0.19138E+02  0.19394E+02
  0.20635E+02  0.24161E+02  0.22148E+02  0.20203E+02  0.18649E+02  0.14168E+02
  0.86599E+01  0.35577E+01  0.49145E+00 -0.44688E+00 -0.44434E+01 -0.65894E+01
 -0.33432E+01  0.19234E+00  0.69131E+01  0.63599E+01  0.10428E+02  0.12432E+02
  0.13240E+02  0.15518E+02  0.13637E+02  0.10091E+02  0.72189E+01  0.76175E+01
  0.71085E+01  0.73324E+01  0.30307E+01 -0.24005E+01 -0.79374E+01 -0.14385E+02
 -0.16362E+02 -0.15334E+02 -0.15733E+02 -0.15545E+02 -0.15361E+02 -0.17714E+02
 -0.16114E+02 -0.14619E+02 -0.15837E+02 -0.19158E+02 -0.22149E+02 -0.21711E+02
 -0.20963E+02 -0.15875E+02 -0.10895E+02 -0.10315E+02 -0.12628E+02 -0.15406E+02
 -0.16146E+02 -0.16470E+02 -0.15778E+02 -0.15147E+02 -0.15459E+02 -0.12353E+02
 -0.10952E+02 -0.90941E+01 -0.64811E+01 -0.99154E+01 -0.10325E+02 -0.70037E+01
 -0.11358E+01  0.83359E+01  0.15239E+02  0.17696E+02  0.17264E+02  0.14890E+02
  0.19213E+02  0.20020E+02  0.18520E+02  0.19309E+02  0.18443E+02  0.14358E+02
  0.85230E+01  0.86485E+01  0.72525E+01  0.70853E+01  0.10319E+02  0.12629E+02
  0.12709E+02  0.12858E+02  0.12306E+02  0.11155E+02  0.85118E+01  0.67175E+01
  0.65350E+01  0.68888E+01  0.79262E+01  0.76042E+01  0.55246E+01  0.28724E+01
  0.12268E+01  0.14366E+01  0.36917E+01  0.49819E+01  0.24965E+01  0.18912E+01
  0.21178E+01  0.12934E+01  0.13515E+01  0.30551E+01  0.66679E+01  0.80896E+01
  0.12816E+02  0.15951E+02  0.17693E+02  0.16817E+02  0.12151E+02  0.10293E+02
  0.10631E+02  0.14802E+02  0.12152E+02  0.75456E+01  0.21942E+01 -0.23660E+01
 -0.38735E+01 -0.74425E+01 -0.41930E+01  0.84862E-01  0.30831E+01  0.23105E+01
 -0.25767E+00 -0.16603E+00 -0.99214E+00 -0.79017E+00 -0.36786E+01 -0.33633E+01
  0.39307E-01  0.41498E+01  0.82126E+01  0.11595E+02  0.61342E+01 -0.55933E+01
 -0.84757E+01 -0.62392E+01 -0.55977E+01 -0.11045E+02 -0.81419E+01 -0.55976E+01
 -0.45821E+01 -0.42540E+01 -0.87512E+01 -0.91471E+01 -0.94250E+01 -0.98599E+01
 -0.98903E+01 -0.91500E+01 -0.90298E+01 -0.94166E+01 -0.91978E+01 -0.67554E+01
 -0.69812E+01 -0.84163E+01 -0.75165E+01 -0.73995E+01 -0.68470E+01 -0.71879E+01
 -0.62454E+01 -0.63553E+01 -0.67007E+01 -0.73978E+01 -0.13262E+02 -0.16826E+02
 -0.19308E+02 -0.20489E+02 -0.19098E+02 -0.18986E+02 -0.13825E+02 -0.80928E+01
 -0.35177E+01  0.28868E+01  0.47729E+01  0.18143E+01 -0.29868E+00  0.15345E+00
  0.13683E+01  0.63711E+00 -0.27888E+01 -0.73593E+01 -0.10882E+02 -0.15014E+02
 -0.16910E+02 -0.12895E+02 -0.83510E+01 -0.49899E+01 -0.98528E+00  0.13430E+01
  0.29635E+01  0.66568E+01  0.79739E+01  0.54069E+01  0.29684E+01  0.37276E+01
  0.36671E+01  0.44632E+01  0.98644E+01  0.13262E+02  0.14482E+02  0.12382E+02
  0.77843E+01  0.43251E+01  0.75101E+00 -0.26822E+01 -0.32749E+01 -0.51823E+00
  0.24559E+01  0.37324E+01  0.74173E+01  0.79169E+01  0.77867E+01  0.60952E+01
  0.20058E+01  0.18464E+01 -0.16409E+01 -0.49489E+01 -0.96606E+01 -0.13087E+02
 -0.14060E+02 -0.13104E+02 -0.11074E+02 -0.10497E+02 -0.92690E+01 -0.82476E+01
 -0.48129E+01 -0.13309E+01 -0.33870E+00 -0.15406E+01 -0.23457E+01 -0.18853E+01
  0.35087E+00  0.17351E+01  0.58199E+00 -0.42146E+01 -0.90008E+01 -0.86995E+01
 -0.43923E+01 -0.46706E+01 -0.22295E+01  0.38623E+00  0.34974E+00  0.28397E+01
  0.21874E+01  0.65603E+01  0.88066E+01  0.89369E+01  0.10730E+02  0.12414E+02
  0.12446E+02  0.93492E+01  0.81523E+01  0.71270E+01  0.53393E+01  0.27374E+01
  0.36824E+01  0.34799E+01  0.42936E-01 -0.20595E+01  0.15483E+01  0.15785E+01
  0.83799E+00  0.27370E+01  0.23583E+01  0.51614E+01  0.78759E+01  0.10766E+02
  0.11376E+02  0.10929E+02  0.12114E+02  0.10730E+02  0.68726E+01  0.49611E+01
  0.89347E+01  0.12608E+02  0.14597E+02  0.11259E+02  0.96982E+01  0.12384E+02
  0.16292E+02  0.19017E+02  0.18533E+02  0.18768E+02  0.14170E+02  0.11236E+02
  0.59765E+01  0.48442E+01  0.80052E+01  0.43204E+01  0.43466E+01  0.35669E+01
 -0.13774E+01 -0.61532E+01 -0.67477E+01 -0.23535E+01 -0.34705E+01 -0.52066E+01
 -0.47899E+01 -0.52957E+01 -0.54185E+01 -0.75621E+01 -0.75182E+01 -0.47160E+01
  0.57913E-01  0.43630E+01  0.39703E+01  0.46948E+01  0.68316E+01  0.33946E+01
 -0.16191E+01 -0.58269E+01 -0.85638E+01 -0.67058E+01 -0.61395E+01 -0.69904E+01
 -0.10792E+02 -0.13165E+02 -0.16106E+02 -0.22507E+02 -0.22200E+02 -0.20627E+02
 -0.17110E+02 -0.11862E+02 -0.10357E+02 -0.84404E+01 -0.96437E+01 -0.68104E+01
 -0.46156E+01 -0.56674E+01 -0.48990E+01 -0.31780E+01 -0.22168E+01 -0.20182E+01
 -0.73333E-01 -0.86020E+00 -0.54468E+01 -0.71011E+01 -0.27628E+01 -0.12608E+01
  0.80659E+00 -0.71128E+00 -0.17066E+01  0.17536E+00  0.56809E+00  0.54041E+01
  0.70349E+01  0.74046E+01  0.61977E+01  0.24260E+01 -0.26588E+01 -0.90520E+01
 -0.11016E+02 -0.10051E+02 -0.10771E+02 -0.12298E+02 -0.11423E+02 -0.92562E+01
 -0.30812E+01 -0.43480E+00 -0.14732E+01 -0.84605E+00  0.38505E+01  0.76735E+01
  0.31754E+01  0.13666E+01 -0.90368E+00 -0.29839E+01 -0.65518E+01 -0.12397E+02
 -0.72266E+01 -0.18713E+01  0.39676E+00  0.43486E+01  0.55457E+01  0.61559E+01
  0.67571E+01  0.58078E+01  0.41582E+01  0.25067E+01  0.19884E+01  0.10600E+01
  0.40391E+01  0.76097E+01  0.70089E+01  0.75750E+01  0.80385E+01  0.92250E+01
  0.58196E+01 -0.13743E+01 -0.88529E+00 -0.87890E-01 -0.13712E+01 -0.21687E+01
 -0.21649E+01  0.25043E+01  0.57210E+01  0.73615E+01  0.10311E+02  0.11687E+02
  0.98349E+01  0.85886E+01  0.94291E+01  0.75592E+01  0.71940E+01  0.85109E+01
  0.90482E+01  0.68748E+01  0.41626E+01  0.38081E+01  0.42811E+01  0.62266E+01
  0.63548E+01  0.58658E+01  0.25499E+01  0.23873E+01  0.21382E+01  0.24337E+01
  0.13074E+01 -0.33001E+01 -0.32837E+01 -0.67063E+01 -0.79659E+01 -0.84318E+01
 -0.79430E+01 -0.72383E+01 -0.60662E+01 -0.40284E+01 -0.43914E+01 -0.59495E+01
 -0.64734E+01 -0.60441E+01 -0.63703E+01 -0.79328E+01 -0.11659E+02 -0.15141E+02
 -0.18059E+02 -0.19050E+02 -0.18221E+02 -0.17985E+02 -0.18143E+02 -0.18400E+02
 -0.17077E+02 -0.16076E+02 -0.18214E+02 -0.17415E+02 -0.18164E+02 -0.15627E+02
 -0.14513E+02 -0.13746E+02 -0.11660E+02 -0.88331E+01 -0.29179E+01  0.29804E+01
  0.82138E+01  0.84111E+01  0.90130E+01  0.10300E+02  0.15929E+02  0.19650E+02
  0.20600E+02  0.19718E+02  0.23038E+02  0.25196E+02  0.21533E+02  0.18959E+02
  0.18924E+02  0.19799E+02  0.15851E+02  0.10844E+02  0.11405E+02  0.11095E+02
  0.94265E+01  0.82856E+01  0.43375E+01  0.44824E+01  0.29170E+01  0.48821E+01
  0.78705E+01  0.86144E+01  0.10541E+02  0.93899E+01  0.80561E+01  0.76698E+01
  0.51427E+01  0.29590E+01  0.24820E+00 -0.57339E+00  0.13155E+01 -0.14717E+01
 -0.35586E+01 -0.26732E+01  0.10407E+01  0.16337E+01  0.26448E-01  0.34096E+01
  0.67942E+01  0.53543E+01  0.24066E+01  0.13451E+01  0.10406E+01  0.17688E+01
  0.15164E+01  0.19843E+01  0.12004E+01 -0.12949E+01 -0.61834E+01 -0.10173E+02
 -0.10711E+02 -0.12041E+02 -0.10360E+02 -0.10771E+02 -0.84918E+01 -0.75868E+01
 -0.11177E+02 -0.10788E+02 -0.81443E+01 -0.57586E+01 -0.62277E+01 -0.79178E+01
 -0.79307E+01 -0.89817E+01 -0.74480E+01 -0.73883E+01 -0.64889E+01 -0.27227E+01
 -0.18002E+01  0.23078E+01  0.33652E+01  0.31771E+01  0.51537E+01  0.55603E+01
  0.37222E+01  0.10782E+01 -0.31259E+01 -0.16833E+01  0.14936E+01  0.47731E+01
  0.78519E+01  0.83721E+01  0.76835E+01  0.36961E+01  0.31883E+01  0.44230E+01
  0.32746E+01  0.47082E+01  0.49146E+01  0.34311E+01  0.63219E+01  0.74309E+01
  0.65389E+01  0.41576E+01  0.29808E+01  0.33729E+01  0.15694E+01 -0.21890E+01
 -0.74934E+01 -0.11865E+02 -0.14311E+02 -0.12779E+02 -0.68847E+01 -0.48514E+01
 -0.41832E+01 -0.22570E+01 -0.96202E+00  0.10806E+01  0.12832E+01  0.86381E+00
  0.21819E+01  0.22192E+01  0.12773E+01  0.10266E+01  0.16431E+01  0.93311E+00
 -0.13571E+01 -0.35476E+01 -0.26474E+01 -0.45106E+00 -0.96666E+00 -0.48468E+01
 -0.81325E+01 -0.57932E+01 -0.66798E+01 -0.78862E+01 -0.59900E+01 -0.27945E+01
 -0.21990E+01 -0.41868E+01 -0.27577E+01 -0.22771E+01 -0.89400E+00 -0.69982E+00
 -0.17589E+01 -0.16015E+01 -0.41084E+01 -0.21353E+01 -0.34931E+01 -0.72273E+01
 -0.42628E+01 -0.14699E+01 -0.13644E+01 -0.64147E+00  0.20458E+01  0.37785E+01
  0.25802E+01  0.17917E+00  0.62189E+00  0.35651E+01  0.80787E+01  0.11259E+02
  0.11648E+02  0.12079E+02  0.12459E+02  0.14814E+02  0.14324E+02  0.14104E+02
  0.11112E+02  0.89443E+01  0.73892E+01  0.13816E+01 -0.23476E+00 -0.15018E+01
 -0.19062E+01 -0.17085E+01  0.20423E+01  0.60657E+01  0.83536E+01  0.78679E+01
  0.47791E+01  0.38217E+01  0.22911E+01  0.29331E+00 -0.18056E+01 -0.62089E+01
 -0.92900E+01 -0.78053E+01 -0.47148E+01  0.63102E+00  0.72133E+01  0.47880E+01
  0.45522E+01  0.51391E+01  0.36545E+01  0.37695E+01  0.18682E+01  0.23601E+01
 -0.16023E+00 -0.36243E+01 -0.64174E+01 -0.65997E+01 -0.65353E+01 -0.68111E+01
 -0.52728E+01 -0.13688E+01 -0.10784E+00 -0.10149E+01 -0.16952E+01 -0.15467E+01
 -0.36840E+01 -0.65308E+01 -0.64926E+01 -0.64406E+01 -0.91555E+01 -0.11204E+02
 -0.11808E+02 -0.11201E+02 -0.12994E+02 -0.17337E+02 -0.17228E+02 -0.17528E+02
 -0.13812E+02 -0.10437E+02 -0.91777E+01 -0.88516E+01 -0.90879E+01 -0.77185E+01
 -0.54406E+01 -0.20273E+01 -0.23050E+01 -0.49604E+00  0.13880E+01  0.23498E+01
  0.53170E+01  0.93827E+01  0.13360E+02  0.13868E+02  0.14468E+02  0.14661E+02
  0.16446E+02  0.13501E+02  0.13544E+02  0.14761E+02  0.14625E+02  0.15319E+02
  0.13020E+02  0.18494E+02  0.19286E+02  0.16648E+02  0.16044E+02  0.15821E+02
  0.14463E+02  0.10932E+02  0.79390E+01  0.57622E+01  0.50221E+01  0.38381E+01
  0.26297E+01  0.16448E+01  0.15745E+01  0.14209E+00  0.18506E+01  0.41658E+01
  0.40968E+01  0.20009E+01 -0.31595E+01 -0.33817E+01 -0.22159E+01 -0.22773E+01
 -0.36610E+01 -0.78961E+01 -0.84664E+01 -0.76684E+01 -0.76948E+01 -0.81625E+01
 -0.10849E+02 -0.12605E+02 -0.12976E+02 -0.13894E+02 -0.16138E+02 -0.18283E+02
 -0.20571E+02 -0.21075E+02 -0.20695E+02 -0.19634E+02 -0.19283E+02 -0.16504E+02
 -0.12935E+02 -0.10952E+02 -0.10297E+02 -0.13376E+02 -0.14113E+02 -0.16699E+02
 -0.18203E+02 -0.18499E+02 -0.17318E+02 -0.10722E+02 -0.82967E+01 -0.65836E+01
 -0.46484E+01 -0.49610E+01 -0.43313E+01 -0.26676E+01 -0.73252E+00 -0.25010E+00
  0.30893E+00  0.75144E+00 -0.47772E+00 -0.19367E+01 -0.41480E+01 -0.37961E+01
 -0.22660E+01 -0.78963E+00  0.36162E+01  0.67566E+01  0.66823E+01  0.80574E+01
  0.74637E+01  0.66554E+01  0.72612E+01  0.49267E+01  0.86305E+01  0.97205E+01
  0.79986E+01  0.86271E+01  0.85049E+01  0.93571E+01  0.77868E+01  0.84244E+01
  0.80354E+01  0.79803E+01  0.84553E+01  0.75143E+01  0.69765E+01  0.53971E+01
  0.48066E+01  0.68719E+01  0.78430E+01  0.79040E+01  0.10246E+02  0.81532E+01
  0.83855E+01  0.76708E+01  0.68216E+01  0.36234E+01 -0.16570E+01 -0.20669E+01
 -0.39231E+01 -0.45077E+01 -0.44886E+01 -0.47346E+01 -0.48842E+01 -0.45314E+01
 -0.63326E+01 -0.67490E+01 -0.38360E+01 -0.31095E+01 -0.28870E+01 -0.60446E+01
 -0.78217E+01 -0.82338E+01 -0.92571E+01 -0.91483E+01 -0.58726E+01 -0.28957E+01
 -0.37033E+01 -0.19017E+01 -0.18268E+01 -0.55850E+00 -0.19883E+01 -0.48677E+01
 -0.52205E+01 -0.50509E+01 -0.56658E+01 -0.38754E+01 -0.94802E+00  0.16896E+01
  0.52328E+01  0.81201E+01  0.13427E+02  0.15734E+02  0.16034E+02  0.17611E+02
  0.17652E+02  0.15534E+02  0.15294E+02  0.11584E+02  0.96658E+01  0.99356E+01
  0.10062E+02  0.10223E+02  0.10304E+02  0.80300E+01  0.45050E+01  0.61208E+01
  0.51100E+01  0.64822E+01  0.86578E+01  0.98970E+01  0.11057E+02  0.11091E+02
  0.11109E+02  0.11201E+02  0.11528E+02  0.12514E+02  0.14662E+02  0.16045E+02
  0.16689E+02  0.16308E+02  0.16658E+02  0.15830E+02  0.19745E+02  0.21506E+02
  0.21655E+02  0.19226E+02  0.14596E+02  0.15508E+02  0.16222E+02  0.21102E+02
  0.17685E+02  0.11755E+02  0.10344E+02  0.10063E+02  0.89211E+01  0.54400E+01
  0.42800E+01  0.92301E+00 -0.83758E+00 -0.40508E+01 -0.74401E+01 -0.10450E+02
 -0.13145E+02 -0.16780E+02 -0.17819E+02 -0.17652E+02 -0.18718E+02 -0.18299E+02
 -0.21250E+02 -0.23407E+02 -0.23919E+02 -0.24706E+02 -0.24285E+02 -0.26174E+02
 -0.29470E+02 -0.30099E+02 -0.28871E+02 -0.23979E+02 -0.20447E+02 -0.19187E+02
 -0.18877E+02 -0.18674E+02 -0.18772E+02 -0.18643E+02 -0.17157E+02 -0.18568E+02
 -0.19585E+02 -0.18985E+02 -0.19769E+02 -0.18513E+02 -0.14828E+02 -0.10422E+02
 -0.83596E+01 -0.73499E+01 -0.28470E+01  0.56809E+00  0.16481E+01  0.37883E+01
  0.31582E+01  0.48264E+01  0.85309E+01  0.41642E+01  0.70046E+01  0.77826E+01
  0.59589E+01  0.74279E+01  0.66951E+01  0.71052E+01  0.67018E+01  0.72223E+01
  0.72555E+01  0.71339E+01  0.67749E+01  0.74592E+01  0.10584E+02  0.11526E+02
  0.14787E+02  0.17540E+02  0.15549E+02  0.15524E+02  0.15047E+02  0.11853E+02
  0.10465E+02  0.74822E+01  0.40232E+01  0.84060E+00 -0.34734E+01 -0.15681E+01
 -0.16775E+01 -0.42648E+01 -0.31191E+01 -0.36763E+01 -0.43857E+01 -0.47882E+01
 -0.61490E+01 -0.81112E+01 -0.98016E+01 -0.10482E+02 -0.10021E+02 -0.10763E+02
 -0.11060E+02 -0.10436E+02 -0.87528E+01 -0.49643E+01 -0.38204E+01 -0.25629E+01
 -0.35348E+01 -0.33621E+01 -0.37686E+01 -0.37936E+01 -0.32408E+01 -0.78820E+01
 -0.61664E+01 -0.37091E+01 -0.54652E+01 -0.71508E+01 -0.78757E+01 -0.86710E+01
 -0.10481E+02 -0.13055E+02 -0.13801E+02 -0.12399E+02 -0.12821E+02 -0.13099E+02
 -0.12878E+02 -0.91717E+01 -0.74538E+01 -0.52146E+01 -0.31458E+01 -0.14860E+01
 -0.45532E-01 -0.31415E+01 -0.32128E+01 -0.60727E+01 -0.75459E+01 -0.52100E+01
 -0.48413E+01 -0.44099E+01 -0.20662E+01  0.17812E+00  0.16394E+01  0.42853E+01
  0.21248E+01  0.33459E+01  0.67457E+01  0.59414E+01  0.85800E+01  0.12175E+02
  0.13154E+02  0.13696E+02  0.14355E+02  0.15829E+02  0.17494E+02  0.16024E+02
  0.15317E+02  0.15406E+02  0.14186E+02  0.16280E+02  0.14340E+02  0.14271E+02
  0.13499E+02  0.91912E+01  0.84911E+01  0.85178E+01  0.10370E+02  0.13460E+02
  0.13364E+02  0.97173E+01  0.72838E+01  0.51891E+01  0.31788E+01  0.13463E+01
  0.20681E+01  0.28804E+01  0.50826E+01  0.60009E+01  0.53565E+01  0.73784E+01
  0.83859E+01  0.89556E+01  0.86811E+01  0.61607E+01  0.50347E+01  0.77606E+01
  0.75068E+01  0.29614E+01 -0.22900E+01 -0.21664E+01 -0.10208E+01 -0.18913E+01
 -0.13015E+01 -0.98111E+00 -0.69423E+00 -0.14827E+00 -0.77993E+00 -0.49838E+01
 -0.71356E+01 -0.77930E+01 -0.59682E+01 -0.42643E+01 -0.30996E+01 -0.37410E+01
 -0.19047E+01 -0.11884E+01  0.39089E+00  0.32773E+01  0.19674E+01  0.40238E+01
  0.29134E+01  0.33753E+01 -0.52010E+00 -0.52932E+01 -0.81310E+01 -0.11130E+02
 -0.10698E+02 -0.10790E+02 -0.87284E+01 -0.72305E+01 -0.74760E+01 -0.59791E+01
 -0.26282E+01 -0.19413E+01 -0.19529E+01 -0.18217E+01 -0.18022E+01 -0.19723E+01
 -0.24150E+01 -0.45428E+01 -0.77673E+01 -0.73558E+01 -0.87458E+01 -0.13036E+02
 -0.13066E+02 -0.13410E+02 -0.12782E+02 -0.12195E+02 -0.13149E+02 -0.93214E+01
 -0.69092E+01 -0.76486E+01 -0.58751E+01 -0.25353E+01 -0.25430E+01 -0.21934E+01
 -0.22602E+01 -0.19805E+01 -0.48476E+01 -0.69299E+01 -0.43005E+01 -0.42110E+01
 -0.22552E+01 -0.21406E+01  0.10768E+01  0.43054E+01  0.77287E+01  0.10258E+02
  0.95756E+01  0.93167E+01  0.10445E+02  0.14484E+02  0.14223E+02  0.12377E+02
  0.13368E+02  0.14758E+02  0.14093E+02  0.14085E+02  0.13587E+02  0.14644E+02
  0.14103E+02  0.10971E+02  0.11382E+02  0.10541E+02  0.12640E+02  0.12926E+02
  0.11234E+02  0.11171E+02  0.11169E+02  0.78017E+01  0.45564E+01  0.59752E+01
  0.21652E+01 -0.32831E+00 -0.17504E+01 -0.46719E+01 -0.50395E+01 -0.49263E+01
 -0.54784E+01 -0.52607E+01 -0.54656E+01 -0.54570E+01 -0.19485E+01 -0.34529E+01
 -0.59911E+01 -0.56392E+01 -0.62936E+01 -0.63040E+01 -0.63109E+01 -0.10131E+02
 -0.11176E+02 -0.10979E+02 -0.11199E+02 -0.11429E+02 -0.71267E+01 -0.55434E+01
 -0.55408E+01 -0.84478E+00 -0.51195E+00  0.21899E-02 -0.47539E+01 -0.50280E+01
 -0.34199E+00 -0.30804E+01 -0.74544E+00  0.15640E+01  0.11727E+01  0.78178E+00
 -0.40383E+00 -0.26517E+00 -0.10407E+01  0.32985E+01  0.54548E+01  0.54222E+01

