  0.24990E+01  0.54538E+01  0.56092E+01  0.23265E+01  0.16059E+00 -0.38930E+01
 -0.34315E+01  0.35178E+00  0.11381E+01  0.63265E+00 -0.35210E+01 -0.51388E+01
 -0.33815E+01 -0.18480E+01  0.64778E+00 -0.36992E+01 -0.86423E+01 -0.53501E+01
 -0.86607E+00  0.42348E+00  0.22966E+01  0.72542E+00 -0.36512E+01 -0.49728E+01
 -0.37251E+01  0.53476E+00  0.47778E+01  0.55779E+01  0.22165E+01  0.24013E+00
  0.19332E+01 -0.32761E+01 -0.88180E+01 -0.41437E+00  0.98422E+00  0.34507E+00
  0.86550E+00  0.33610E+01  0.60323E+01 -0.45003E+01 -0.47095E+01  0.65755E+01
  0.56629E+01  0.10477E+00  0.18182E+01  0.65559E+01  0.37677E+01 -0.42117E+01
 -0.31927E+01  0.42996E+01  0.43041E+01  0.11538E+01  0.62265E+01  0.26777E+01
 -0.44381E+01 -0.68327E+00  0.25074E+00  0.14891E+00  0.48580E+01 -0.41656E+00
  0.15468E+01  0.36264E+01 -0.50866E+01 -0.23299E+01 -0.78977E+00 -0.44180E+00
  0.32739E+00  0.84203E+01  0.13428E+02  0.13873E+00  0.44041E+01  0.75875E+01
 -0.65792E+01 -0.81180E+01 -0.48627E+01  0.58969E+01  0.63788E+01  0.37654E+00
  0.10597E+02  0.97287E+01 -0.13087E+01  0.15981E+01  0.29054E+01  0.33165E+00
  0.33096E-01  0.32016E+01  0.25750E+01  0.13083E-01 -0.15008E+01 -0.67364E+01
 -0.64809E+01 -0.95330E+01  0.14434E+02  0.27875E+02  0.31820E+01 -0.10464E+02
 -0.31519E+01  0.64586E+01 -0.23155E+01 -0.88940E+01  0.11995E+02  0.80404E+01
 -0.20359E+02 -0.11463E+02  0.17639E+02  0.43657E+01 -0.13223E+02  0.10735E+02
  0.23671E+02  0.74287E+01 -0.67226E+01  0.13424E+02  0.12660E+02 -0.47822E+01
 -0.32242E+01 -0.16283E+01  0.98520E+00 -0.47243E+01 -0.55293E+01  0.97903E+01
  0.78697E+01 -0.11778E+02 -0.15263E+02 -0.59609E+01  0.10970E+02  0.13057E+02
 -0.34818E+01 -0.23525E+02 -0.24206E+02 -0.12468E+02  0.62510E+01 -0.37870E+01
 -0.99694E+01  0.89482E+01  0.22146E+01 -0.95213E+01 -0.54567E+01  0.12565E+02
 -0.30281E+01 -0.10876E+02 -0.19398E+01  0.32834E+01 -0.13540E+02 -0.36869E+02
 -0.16827E+02  0.28312E+01 -0.58393E+01 -0.68907E+01  0.57280E+01  0.70576E+01
  0.78376E+01  0.20403E+02  0.63781E+01 -0.21325E+02 -0.19742E+02 -0.30691E+00
  0.21630E+02  0.27002E+02  0.16534E+02 -0.12116E+02 -0.19988E+02 -0.19714E+01
  0.25428E+02  0.25411E+02 -0.75983E+01 -0.29476E+02 -0.13621E+02  0.11112E+02
 -0.52014E+00 -0.21306E+02 -0.23791E+02 -0.14115E+02  0.16662E+01  0.32979E+02
  0.81336E+01 -0.33684E+02 -0.23600E+02  0.70676E+01  0.21786E+02 -0.33187E+01
 -0.11855E+02 -0.27998E+01  0.31898E+01  0.70344E+01  0.10642E+01  0.85384E+01
 -0.15824E+02 -0.29423E+02 -0.88558E+01  0.30700E+01 -0.61588E+00 -0.72108E+01
  0.13219E+02  0.23584E+01 -0.10745E+02 -0.10142E+02  0.61542E+01  0.22956E+02
  0.18557E+02  0.25424E+02  0.11275E+02 -0.13499E+02 -0.24851E+02 -0.14483E+02
  0.20836E+02  0.16300E+02  0.14881E+01  0.18434E+01 -0.85655E+01 -0.12209E+02
  0.12110E+02  0.23659E+02 -0.55747E+01 -0.16766E+02 -0.96213E+01 -0.13775E+02
 -0.39028E+02 -0.37810E+02  0.47806E-01  0.18073E+02  0.36498E+01  0.95140E+01
  0.21934E+02  0.20976E+02  0.14190E+02  0.10678E+02  0.14369E+02 -0.14998E+02
 -0.27504E+02 -0.13197E+02 -0.47216E+01  0.11013E+02  0.15091E+02 -0.76007E+01
 -0.33354E+02 -0.12833E+02  0.32757E+02  0.10869E+02 -0.18587E+02 -0.15859E+02
  0.30366E+01 -0.48238E+01 -0.18709E+02  0.42156E+01  0.10143E+02  0.73751E+01
 -0.11677E+02  0.29561E+01  0.19539E+02 -0.15105E+02 -0.23353E+02 -0.13112E+02
 -0.27432E+02 -0.11815E+02  0.34625E+02  0.27070E+02 -0.64092E+01 -0.11608E+02
 -0.85192E+01  0.13319E+02  0.25637E+02  0.79046E+01 -0.25295E+02 -0.34598E+02
 -0.79547E+01  0.87135E+01  0.10196E+02  0.26973E+01  0.53930E+01  0.10112E+02
  0.85788E+01  0.49322E+01  0.11626E+02  0.11769E+02 -0.47587E+00 -0.42392E+01
 -0.69992E+01  0.11271E+01 -0.53693E+01 -0.86633E+01 -0.15917E+01  0.11462E+02
 -0.71208E+01 -0.31329E+02  0.23002E+01  0.54118E+02  0.50028E+02 -0.73846E+01
 -0.16492E+02 -0.32589E+02 -0.39226E+02  0.10437E+02  0.63166E+01 -0.20348E+02
 -0.21134E+02 -0.11289E+02  0.84256E+01  0.17913E+02 -0.10875E+02 -0.26477E+02
 -0.14109E+02 -0.83495E+01  0.96942E+01  0.21944E+02 -0.84404E+01 -0.25196E+02
 -0.94683E+00  0.18455E+02  0.56525E+01 -0.60137E+01 -0.13548E+01 -0.74759E+01
  0.21662E+02  0.39935E+02  0.38823E+02  0.28504E+01 -0.21611E+02 -0.18612E+02
 -0.27556E+02 -0.99653E+01 -0.31581E+01  0.14781E+02  0.74712E+00 -0.34706E+02
 -0.28972E+02  0.26686E+01  0.16741E+02  0.95434E+01 -0.62473E+01  0.10790E+01
 -0.26891E+01 -0.18526E+02 -0.46005E+01 -0.72182E+01 -0.20888E+02 -0.29176E+02
 -0.90533E+01  0.15752E+02  0.16726E+02 -0.10237E+02 -0.77835E+01  0.14857E+02
  0.43918E+01 -0.19237E+02 -0.22315E+02 -0.22630E+02  0.76155E+01  0.35844E+02
  0.13134E+02 -0.91818E+01  0.16885E+02  0.47225E+02  0.14264E+02 -0.49130E+01
  0.16372E+02  0.35074E+02  0.49887E+01 -0.39929E+02 -0.27409E+02  0.10581E+02
  0.14410E+02  0.14011E+02  0.10628E+02 -0.42994E+00 -0.25184E+02 -0.25541E+01
  0.55584E+02  0.57171E+02 -0.30263E+00 -0.39699E+02 -0.96655E+01  0.30631E+02
  0.30389E+02  0.13525E+02  0.98910E+01 -0.19091E+02 -0.34832E+01  0.31236E+02
  0.11848E+02 -0.12124E+02  0.16031E+02  0.19442E+02  0.36415E+00 -0.69285E+01
 -0.18849E+02  0.15867E+01  0.28076E+01  0.10740E+02  0.39742E+00 -0.30446E+02
  0.19474E+01  0.26759E+02 -0.16369E+02  0.39803E+01  0.23764E+02 -0.98585E+01
 -0.10010E+02  0.91428E+00  0.26355E+02 -0.31484E+02 -0.61216E+02 -0.16000E+02
  0.31770E+02  0.45212E+02  0.33701E+02  0.23621E+02 -0.19314E+02 -0.13889E+02
  0.36871E+02  0.74680E+02  0.19790E+02 -0.41342E+02 -0.72319E+01  0.16722E+02
  0.12686E+02  0.75173E+01  0.24540E+01  0.91981E+01 -0.84501E+01  0.53521E+01
 -0.27039E+02 -0.28984E+02  0.13224E+02  0.13825E+02  0.37800E+02  0.17987E+02
 -0.47196E+01 -0.29513E+02 -0.22527E+02 -0.95175E+00 -0.77130E+01 -0.76783E+01
 -0.20671E+02 -0.20380E+02 -0.43833E+01  0.18518E+02  0.30048E+02  0.53883E+00
  0.16062E+02  0.46011E+02  0.34646E+02  0.29179E+02  0.20696E+02  0.36864E+02
  0.14952E+02 -0.34293E+00  0.43899E+02  0.30772E+02 -0.85346E+00 -0.19263E+02
  0.73504E+01  0.14561E+01 -0.50173E+01  0.19805E+02  0.71198E+01 -0.22226E+02
 -0.37032E+02 -0.19750E+02  0.24391E+02  0.59550E+02  0.17414E+02 -0.34785E+02
 -0.38666E+02  0.12275E+02  0.24782E+02  0.13890E+02  0.27938E+00 -0.31015E+01
 -0.47606E+01  0.63711E+00 -0.42168E+01  0.17593E+02  0.29938E+02  0.24993E+02
 -0.29132E+00 -0.48021E+01  0.18671E+02  0.46789E+01 -0.23807E+02 -0.41586E+02
  0.11638E+02  0.48495E+02  0.41883E+02 -0.20207E+02 -0.56663E+02 -0.64378E+02
 -0.60227E+02 -0.32659E+02 -0.63150E+01  0.31504E+01  0.75230E+01  0.17277E+02
  0.14302E+02  0.19471E+02  0.37962E+02  0.53826E+02  0.56790E+02  0.42331E+02
  0.26958E+02  0.13267E+02  0.39400E+01 -0.17918E+02 -0.13454E+02 -0.97071E+01
 -0.96234E+01 -0.12342E+02 -0.59046E+02 -0.67695E+02 -0.56847E+02 -0.17430E+01
  0.75810E+02  0.33331E+02 -0.45411E+02 -0.48381E+01  0.66097E+02  0.12164E+03
  0.67864E+02 -0.41275E+02 -0.87255E+02 -0.11570E+03 -0.12574E+03 -0.10885E+03
 -0.29307E+02 -0.34167E+01 -0.39250E+02 -0.28774E+02  0.15339E+02 -0.17356E+02
 -0.51955E+02  0.28925E+00  0.73699E+02  0.55337E+02  0.33573E+02  0.61915E+02
 -0.10573E+02 -0.96777E+02 -0.11875E+03 -0.82937E+02 -0.52544E+02 -0.26669E+02
 -0.54659E+01  0.72776E+01  0.34366E+02 -0.16292E+02 -0.66814E+01  0.44202E+02
  0.92483E+01 -0.20457E+02 -0.20944E+02  0.22298E+01 -0.47635E+02 -0.63833E+02
 -0.48475E+01  0.45245E+02  0.70713E+02  0.38138E+02 -0.23251E+02 -0.34783E+02
  0.13616E+01  0.26395E+02  0.88461E+02  0.10327E+03  0.64712E+02  0.45990E+02
  0.12219E+02 -0.16993E+02 -0.20662E+02 -0.55511E+02 -0.65460E+02 -0.18521E+02
  0.13891E+02  0.23935E+02 -0.19918E+02 -0.50015E+02 -0.62332E+01 -0.54688E+01
 -0.48952E+02  0.58958E+01  0.94316E+02  0.11501E+03  0.11157E+03  0.87545E+02
  0.55924E+02  0.69074E+02  0.26773E+02  0.78524E+01  0.66624E+02  0.49462E+02
  0.16610E+02 -0.10604E+02  0.48356E+01  0.17787E+02  0.39888E+01  0.24656E+01
 -0.65059E+02 -0.10040E+03 -0.38633E+02  0.12713E+02  0.19063E+02 -0.11175E+02
 -0.33595E+02  0.29259E+02  0.31725E+02  0.88763E+01  0.37668E+02  0.50699E+02
  0.43177E+02  0.96520E+01  0.36354E+02  0.27002E+01 -0.83646E+02 -0.14588E+03
 -0.16675E+03 -0.14688E+03 -0.14467E+03 -0.95560E+02 -0.24476E+02  0.53373E+02
  0.13721E+03  0.11066E+03  0.23529E+02  0.12646E+02  0.57085E+02  0.75527E+02
  0.71558E+02  0.11613E+03  0.75074E+02 -0.44456E+01 -0.27302E+01  0.11682E+02
  0.47583E+02  0.16815E+02 -0.39083E+02 -0.55869E+02 -0.73838E+02 -0.54939E+02
 -0.38683E+02 -0.52150E+02 -0.80358E+02 -0.96464E+02 -0.65995E+02 -0.42276E+02
 -0.17460E+02 -0.28692E+02 -0.63838E+02 -0.55224E+02 -0.85322E+02 -0.98164E+02
 -0.74953E+02 -0.34899E+02  0.13767E+02  0.48876E+02  0.87440E+02  0.84672E+02
  0.66183E+02  0.88704E+02  0.99834E+02  0.81363E+02  0.50572E+02  0.24081E+02
  0.22226E+01  0.33785E+01  0.24421E+02  0.27004E+02  0.42241E+02  0.50139E+02
 -0.30394E+02 -0.10333E+03 -0.12258E+03 -0.11605E+03 -0.29092E+02  0.29571E+02
  0.35539E+02 -0.27604E+02 -0.67077E+02 -0.20390E+02  0.13294E+02  0.13456E+02
  0.15868E+02  0.96884E+02  0.15088E+03  0.14627E+03  0.11426E+03  0.60681E+02
 -0.35065E+02 -0.12383E+03 -0.12386E+03 -0.15546E+03 -0.12700E+03 -0.35896E+02
 -0.16023E+01 -0.39251E+02 -0.97344E+02 -0.59913E+02 -0.63421E+02 -0.10409E+03
 -0.72858E+02  0.59658E+01  0.61181E+02  0.38788E+02  0.19158E+02 -0.40023E+01
 -0.73285E+02 -0.11687E+03 -0.15986E+03 -0.18673E+03 -0.11132E+03  0.13279E+02
  0.10148E+03  0.88411E+02 -0.15189E+02 -0.15501E+03 -0.24525E+03 -0.26830E+03
 -0.17659E+03  0.38233E+02  0.18761E+03  0.11681E+03 -0.23798E+02 -0.44290E+02
  0.40819E+02  0.14988E+03  0.15092E+03  0.57397E+02  0.19375E+02  0.63703E+02
  0.13401E+03  0.16199E+03  0.12676E+03  0.31400E+02 -0.34967E+02  0.96731E+01
  0.54541E+02  0.23577E+02 -0.42723E+02 -0.34620E+02  0.24600E+02  0.58457E+02
  0.29981E+02 -0.78135E+02 -0.22516E+03 -0.29957E+03 -0.24521E+03 -0.19053E+03
 -0.15730E+03 -0.92133E+02  0.38410E+02  0.20534E+03  0.30405E+03  0.30480E+03
  0.26316E+03  0.25828E+03  0.26638E+03  0.23867E+03  0.13792E+03 -0.31208E+02
 -0.19762E+03 -0.27798E+03 -0.18487E+03 -0.40207E+02 -0.17237E+02 -0.53614E+02
 -0.88677E+02 -0.72189E+02  0.22282E+02  0.11096E+03  0.14786E+03  0.11006E+03
  0.75096E+02  0.48748E+02 -0.45327E+01 -0.26241E+02  0.40121E+01  0.12330E+02
 -0.45970E+02 -0.41405E+02  0.38609E+02  0.76594E+01 -0.10132E+03 -0.15926E+03
 -0.15095E+03 -0.11638E+03 -0.11142E+03 -0.14333E+03 -0.18068E+03 -0.18442E+03
 -0.20757E+03 -0.22876E+03 -0.23303E+03 -0.16216E+03 -0.14781E+02  0.85003E+02
  0.67526E+02 -0.70712E+01 -0.15535E+02  0.42172E+02  0.90546E+02  0.81920E+02
  0.32417E+02 -0.23513E+02 -0.72146E+02 -0.11009E+03 -0.12542E+03 -0.66894E+02
  0.82048E+02  0.16903E+03  0.20366E+03  0.25995E+03  0.30455E+03  0.33112E+03
  0.24561E+03  0.89442E+02 -0.20584E+02 -0.10173E+03 -0.13395E+03 -0.43084E+02
  0.11071E+03  0.18294E+03  0.17418E+03  0.17549E+03  0.15877E+03  0.75434E+02
 -0.11809E+02 -0.54504E+02 -0.51686E+02  0.16222E+02  0.97886E+02  0.13239E+03
  0.16732E+03  0.20619E+03  0.22492E+03  0.18104E+03  0.96001E+02  0.41069E+01
 -0.12240E+03 -0.22076E+03 -0.26084E+03 -0.28254E+03 -0.28634E+03 -0.26714E+03
 -0.28171E+03 -0.32331E+03 -0.35335E+03 -0.34986E+03 -0.27298E+03 -0.13415E+03
 -0.10466E+01  0.63104E+02  0.63047E+02  0.39985E+02  0.27016E+02  0.48237E+02
  0.87130E+02  0.88297E+02  0.85051E+02  0.86146E+02  0.18611E+02 -0.13272E+02
  0.24403E+02  0.28625E+02  0.30200E+02  0.22811E+02  0.62444E+02  0.14311E+03
  0.18918E+03  0.21520E+03  0.23812E+03  0.27123E+03  0.29673E+03  0.27491E+03
  0.17646E+03  0.79479E+02  0.28270E+02  0.63558E+02  0.17689E+03  0.26386E+03
  0.31518E+03  0.30956E+03  0.26770E+03  0.20088E+03  0.11540E+03  0.46561E+02
 -0.48061E+02 -0.11387E+03 -0.13073E+03 -0.92498E+02  0.34987E+01  0.80141E+02
  0.14101E+03  0.16794E+03  0.14998E+03  0.12475E+03  0.13808E+03  0.14482E+03
  0.87139E+02 -0.23152E+02 -0.13662E+03 -0.18098E+03 -0.13991E+03 -0.70899E+02
 -0.40531E+02 -0.33665E+02 -0.28345E+02 -0.42971E+01  0.24226E+02  0.61876E+02
  0.11631E+03  0.15251E+03  0.11810E+03  0.28627E+02 -0.17841E+02 -0.39452E+02
 -0.38108E+02 -0.29960E+02 -0.63956E+02 -0.10579E+03 -0.13808E+03 -0.13543E+03
 -0.12749E+03 -0.15464E+03 -0.18355E+03 -0.19861E+03 -0.18426E+03 -0.17609E+03
 -0.20825E+03 -0.20758E+03 -0.13683E+03 -0.54541E+02 -0.41084E+02 -0.95348E+02
 -0.13630E+03 -0.10011E+03  0.41135E+01  0.83492E+02  0.96865E+02  0.71836E+02
  0.82089E+02  0.14153E+03  0.19040E+03  0.22359E+03  0.22028E+03  0.17001E+03
  0.98278E+02  0.41230E+02  0.33389E+02  0.89325E+02  0.13122E+03  0.14008E+03
  0.16307E+03  0.13301E+03  0.93301E+02  0.68167E+02  0.55259E+02  0.51781E+02
  0.36691E+02  0.61842E+02  0.66609E+02  0.46225E+02  0.36882E+02  0.40491E+02
  0.38791E+01 -0.74817E+02 -0.11329E+03 -0.10519E+03 -0.64328E+02 -0.13219E+02
 -0.58881E+01 -0.52652E+02 -0.11645E+03 -0.16043E+03 -0.19940E+03 -0.23090E+03
 -0.19450E+03 -0.15132E+03 -0.15830E+03 -0.15654E+03 -0.10783E+03 -0.71776E+02
 -0.85303E+02 -0.12020E+03 -0.15933E+03 -0.17322E+03 -0.16353E+03 -0.12775E+03
 -0.41466E+02  0.32907E+02  0.91513E+02  0.13801E+03  0.13011E+03  0.97567E+02
  0.52962E+02 -0.20907E+02 -0.11187E+03 -0.16493E+03 -0.14816E+03 -0.96631E+02
 -0.42989E+02 -0.59521E+02 -0.10793E+03 -0.11621E+03 -0.12142E+03 -0.84066E+02
 -0.33078E+02 -0.18579E+02 -0.22158E+02 -0.50426E+02 -0.10238E+03 -0.15143E+03
 -0.14517E+03 -0.74726E+02 -0.99879E+01  0.47058E+01 -0.43109E+02 -0.96879E+02
 -0.12343E+03 -0.13267E+03 -0.12195E+03 -0.86319E+02 -0.41544E+02  0.14170E+02
  0.76364E+02  0.10596E+03  0.39061E+02 -0.23468E+02  0.12821E+02  0.37371E+02
 -0.29062E+01 -0.44138E+02 -0.16435E+02  0.15646E+02  0.23027E+02  0.28752E+02
  0.56159E+01 -0.31666E+02 -0.37257E+01  0.57295E+02  0.95966E+02  0.75829E+02
  0.10081E+02 -0.57410E+01 -0.55912E+01 -0.55992E+02 -0.13721E+03 -0.18144E+03
 -0.16406E+03 -0.12283E+03 -0.11086E+03 -0.12287E+03 -0.10501E+03 -0.41321E+02
  0.43206E+02  0.10410E+03  0.11321E+03  0.10435E+03  0.10853E+03  0.71964E+02
  0.32647E+02  0.19836E+02  0.12017E+02  0.12416E+02 -0.11278E+02 -0.74184E+02
 -0.13529E+03 -0.14397E+03 -0.14666E+03 -0.15192E+03 -0.12821E+03 -0.83033E+02
 -0.20290E+02  0.34191E+02  0.46838E+02  0.13273E+02 -0.23681E+02 -0.17660E+02
 -0.84797E+01 -0.27582E+02 -0.34060E+02 -0.25254E+02 -0.15935E+02 -0.11917E+02
  0.19705E+02  0.71485E+02  0.99676E+02  0.11758E+03  0.10793E+03  0.66070E+02
  0.45721E+02  0.66488E+02  0.97854E+02  0.91261E+02  0.72881E+02  0.77404E+02
  0.97082E+02  0.98200E+02  0.94950E+02  0.84814E+02  0.57855E+02  0.70755E+02
  0.89761E+02  0.10167E+03  0.10650E+03  0.98116E+02  0.99051E+02  0.11060E+03
  0.11679E+03  0.11492E+03  0.11617E+03  0.79602E+02  0.34913E+02  0.58067E+02
  0.88864E+02  0.65323E+02  0.69594E+01 -0.84283E+00  0.46379E+02  0.68118E+02
  0.62248E+02  0.35842E+02  0.25258E+01 -0.22144E+02 -0.31425E+02 -0.35833E+02
 -0.37641E+02  0.38176E+00  0.28641E+02  0.16394E+02  0.12144E+02  0.24616E+02
 -0.15892E+02 -0.54697E+02 -0.34068E+02 -0.50150E+01 -0.26106E+01 -0.16533E+02
  0.16761E+02  0.38534E+02  0.21418E+02  0.57693E+01  0.56893E+01  0.25266E+02
  0.34305E+02  0.61003E+02  0.63688E+02  0.48877E+02  0.77915E+02  0.57628E+02
 -0.18052E+01 -0.39371E+02 -0.46581E+02 -0.26524E+02 -0.22054E+02 -0.12006E-01
  0.18043E+02 -0.45651E+01 -0.41977E+02 -0.24313E+02  0.47906E+02  0.81874E+02
  0.28415E+02 -0.73655E+02 -0.11570E+03 -0.81700E+02 -0.32918E+02 -0.28665E+02
 -0.18278E+02  0.60909E+00 -0.30369E+02 -0.76864E+00  0.93629E+02  0.96686E+02
  0.24167E+02 -0.38443E+02  0.36267E+01  0.80121E+02  0.46381E+02  0.61127E+02
  0.12368E+03  0.12010E+03  0.97342E+02  0.12178E+03  0.74965E+02 -0.14139E+02
  0.54370E+01 -0.43975E+02 -0.14744E+03 -0.97510E+02 -0.19130E+02 -0.48084E+02
 -0.41753E+02  0.56513E+02  0.39946E+02 -0.33911E+02  0.15015E+02  0.24527E+02
 -0.32861E+02 -0.44183E+02 -0.66974E+02 -0.91336E+02 -0.92579E+02 -0.10579E+03
 -0.11260E+03 -0.11726E+03 -0.83576E+02 -0.32638E+02 -0.48442E+02 -0.86374E+02
 -0.11339E+03 -0.11024E+03 -0.83118E+02 -0.66667E+02 -0.30153E+02 -0.22290E+02
 -0.36985E+02 -0.20610E+02  0.42280E+02  0.78536E+02  0.50173E+02  0.25263E+02
  0.26280E+02  0.39923E+02  0.17627E+02 -0.29869E+02 -0.27561E+02  0.24633E+02
  0.72481E+02  0.64813E+02  0.54573E+02  0.10158E+03  0.13597E+03  0.11802E+03
  0.34696E+02 -0.25345E+02 -0.55070E+01  0.14948E+01 -0.24679E+02 -0.41581E+02
 -0.46083E+02 -0.39045E+02 -0.12783E+02  0.16809E+02  0.32455E+02  0.38728E+01
 -0.22855E+02 -0.21832E+02 -0.28648E+02 -0.42743E+02 -0.47776E+02 -0.37353E+02
 -0.27109E+02 -0.52397E+01  0.40559E+02  0.83417E+02  0.78801E+02  0.52349E+02
  0.29409E+02  0.28366E+02  0.71471E+02  0.10128E+03  0.93579E+02  0.99643E+02
  0.99495E+02  0.35773E+02  0.49458E+01  0.95441E+01 -0.14945E+02 -0.89767E+01
 -0.45156E+01 -0.30744E+02 -0.67416E+02 -0.58821E+02 -0.51874E+01 -0.14290E+00
 -0.32375E+02 -0.68321E+02 -0.83560E+02 -0.82094E+02 -0.81869E+02 -0.74441E+02
 -0.71961E+02 -0.54644E+02 -0.15198E+02 -0.49257E+01 -0.79217E+01 -0.45399E+00
 -0.48352E+01 -0.16885E+02 -0.37684E+01  0.31886E+02  0.52930E+02  0.57627E+02
  0.58568E+02  0.67156E+02  0.83860E+02  0.86800E+02  0.65000E+02  0.43348E+02
  0.43647E+02  0.42066E+02  0.14936E+02 -0.76742E+01 -0.14199E+02 -0.25272E+01
 -0.29430E+01 -0.22150E+02 -0.11758E+02  0.10753E+02  0.26674E+02  0.35304E+02
  0.24564E+02  0.17443E+02  0.34994E+02  0.80761E+02  0.10946E+03  0.11028E+03
  0.87932E+02  0.45398E+02  0.16808E+02 -0.17181E+02 -0.40837E+02 -0.26186E+02
  0.26085E+01  0.10979E+02  0.15040E+01  0.42667E-02 -0.15562E+02 -0.56687E+02
 -0.66364E+02 -0.45289E+02 -0.45089E+02 -0.86188E+02 -0.13945E+03 -0.17082E+03
 -0.16579E+03 -0.13726E+03 -0.13886E+03 -0.16430E+03 -0.16625E+03 -0.12725E+03
 -0.75617E+02 -0.52903E+02 -0.71767E+02 -0.92695E+02 -0.10169E+03 -0.71984E+02
 -0.46624E+02 -0.48271E+02 -0.62899E+02 -0.79970E+02 -0.73017E+02 -0.65111E+02
 -0.52296E+02 -0.14117E+02  0.34218E+02  0.71793E+02  0.74186E+02  0.25364E+02
 -0.28859E+02 -0.24006E+02  0.89378E+01  0.23297E+02  0.39591E+02  0.48733E+02
  0.71054E+02  0.83043E+02  0.85703E+02  0.81187E+02  0.56237E+02  0.25163E+02
 -0.16860E+02 -0.23837E+02  0.22630E+02  0.66266E+02  0.89906E+02  0.92668E+02
  0.82277E+02  0.71572E+02  0.60919E+02  0.83078E+02  0.11427E+03  0.10640E+03
  0.81251E+02  0.82073E+02  0.71173E+02  0.70737E+02  0.61735E+02  0.27245E+02
  0.15252E+02  0.17275E+02  0.43974E+02  0.76994E+02  0.94411E+02  0.87499E+02
  0.65848E+02  0.48034E+02  0.52682E+02  0.39041E+02  0.37073E+01 -0.27831E+02
 -0.74878E+02 -0.88587E+02 -0.29531E+02  0.23756E+02  0.20387E+02 -0.71720E+01
 -0.27977E+02 -0.31924E+02 -0.31327E+02 -0.24576E+02 -0.29078E+02 -0.30312E+02
 -0.72083E+01  0.20493E+02  0.43400E+02  0.51337E+02  0.21065E+01 -0.66249E+02
 -0.80927E+02 -0.78291E+02 -0.76141E+02 -0.79634E+02 -0.91827E+02 -0.10138E+03
 -0.11002E+03 -0.10979E+03 -0.11045E+03 -0.10324E+03 -0.74003E+02 -0.56418E+02
 -0.48170E+02 -0.40995E+02 -0.39716E+02 -0.17559E+02 -0.94957E+01 -0.29739E+02
 -0.34150E+02 -0.17369E+02  0.14711E+02  0.54017E+02  0.76918E+02  0.70907E+02
  0.44142E+02  0.56300E+01 -0.99589E+01  0.50021E+01  0.29375E+02  0.34555E+02
  0.17756E+01 -0.27185E+02 -0.62757E+02 -0.88829E+02 -0.36559E+02  0.68455E+01
  0.44195E+01 -0.33464E+02 -0.39983E+02  0.58867E+01  0.10136E+02 -0.15281E+02
 -0.73321E+02 -0.88429E+02 -0.21417E+02  0.60382E+02  0.86242E+02  0.60970E+02
  0.47327E+02  0.78283E+02  0.12998E+03  0.13939E+03  0.10325E+03  0.32453E+02
 -0.76351E+02 -0.19618E+03 -0.24250E+03 -0.19206E+03 -0.73816E+02  0.12183E+03
  0.24347E+03  0.24361E+03  0.18435E+03  0.13839E+03  0.11218E+03  0.23243E+02
 -0.99767E+02 -0.86966E+02  0.34284E+02  0.62872E+02  0.33090E+02 -0.31735E+02
 -0.63331E+02 -0.62210E+02 -0.94116E+01  0.82781E+01 -0.38137E+02 -0.28963E+02
 -0.47572E+02 -0.97111E+02 -0.86681E+02 -0.26838E+01  0.39452E+02  0.30251E+02
  0.37881E+02  0.14182E+02  0.32023E+02  0.11090E+03  0.15097E+03  0.64790E+02
 -0.97397E+02 -0.15125E+03 -0.11321E+03 -0.53245E+01  0.72645E+02  0.52851E+02
 -0.12038E+02  0.11098E+00  0.63520E+02  0.11115E+03  0.13396E+03  0.11509E+03
  0.66112E+02  0.37451E+02  0.40403E+02  0.30261E+02  0.14888E+02 -0.35696E+02
 -0.63659E+02 -0.62964E+02 -0.53389E+02 -0.37909E+02 -0.61957E+01 -0.21248E+01
 -0.22218E+02 -0.50431E+01  0.16382E+02  0.43908E+02  0.54864E+02  0.35630E+02
 -0.12917E+02 -0.53026E+02 -0.72050E+02 -0.88002E+02 -0.10698E+03 -0.93109E+02
 -0.33939E+02  0.32884E+02  0.41345E+02  0.69480E+01  0.33113E+01 -0.63434E+01
  0.24092E+02  0.77611E+02  0.79903E+02  0.20631E+02 -0.47017E+02 -0.95858E+02
 -0.12122E+03 -0.87502E+02 -0.32386E+02 -0.63576E+01 -0.19217E+02 -0.13311E+02
  0.15605E+02  0.12141E+02 -0.14549E+02 -0.21899E+02 -0.64106E+01 -0.18325E+02
 -0.36475E+02 -0.36296E+02 -0.37706E+02 -0.36707E+02 -0.12240E+02  0.32518E+02
  0.66988E+02  0.70362E+02  0.47495E+02  0.21148E+02  0.11909E+02  0.28021E+02
  0.28809E+02  0.25102E+02  0.35313E+02  0.32422E+02  0.11387E+02  0.10771E+02
  0.31004E+02  0.36354E+02  0.30814E+02  0.24378E+02  0.29624E+02  0.55654E+02
  0.89025E+02  0.89568E+02  0.80088E+02  0.61108E+02  0.11400E+02 -0.36072E+02
 -0.54253E+02 -0.30891E+02  0.98648E+01  0.14123E+02 -0.19974E+02 -0.51775E+02
 -0.53850E+02 -0.24380E+02 -0.14754E+02 -0.35434E+02 -0.34484E+02 -0.12009E+02
 -0.18484E+01 -0.14917E+02 -0.53673E+02 -0.81314E+02 -0.48500E+02  0.10116E+02
  0.72133E+01 -0.29839E+02 -0.62153E+02 -0.42870E+02 -0.65698E+01 -0.19571E+02
 -0.47513E+02 -0.70866E+02 -0.79921E+02 -0.79243E+02 -0.46526E+02 -0.63218E+00
  0.36523E+02  0.30019E+02 -0.96223E+01 -0.47818E+02 -0.40657E+02 -0.13479E+02
 -0.38699E+02 -0.74780E+02 -0.76062E+02 -0.31914E+02  0.43011E+02  0.67013E+02
  0.25412E+02  0.22829E+02  0.31745E+02  0.39975E+02  0.57358E+02  0.62404E+02
  0.46565E+02  0.41552E+02  0.68017E+02  0.78142E+02  0.71485E+02  0.71254E+02
  0.61766E+02  0.19841E+02 -0.75491E+01 -0.29518E+02 -0.45953E+02 -0.30700E+02
 -0.17547E+02 -0.89391E+01  0.25534E+01 -0.45736E+01 -0.10894E+02  0.23775E+02
  0.74021E+02  0.85034E+02  0.58381E+02  0.29030E+02 -0.23723E+02 -0.49771E+02
 -0.26131E+02 -0.24323E+00  0.86239E+01  0.45333E+01 -0.61236E+01  0.36359E+00
  0.38324E+01 -0.15038E+02 -0.42969E+01  0.28149E+02  0.32907E+02  0.28256E+01
  0.71113E+01  0.38807E+02  0.33695E+02  0.93122E+01  0.11089E+02  0.18016E+02
 -0.18023E+02 -0.53848E+02 -0.61189E+02 -0.53802E+02 -0.60393E+02 -0.86097E+02
 -0.10598E+03 -0.94484E+02 -0.45194E+02 -0.26835E+01  0.67430E+01 -0.10139E+02
 -0.75742E+01  0.75088E+01  0.21292E+02  0.31379E+02  0.68307E+01 -0.31726E+02
 -0.53399E+02 -0.67192E+02 -0.74311E+02 -0.61139E+02 -0.16498E+02  0.61780E+01
  0.13325E+02  0.32110E+02  0.31334E+02  0.27166E+02  0.26387E+02  0.22212E+02
  0.29381E+02  0.41973E+02  0.23111E+02 -0.67281E+01  0.40545E+01  0.24301E+02
  0.16416E+02  0.23832E+01 -0.76735E+01 -0.18233E+02 -0.24865E+02 -0.16704E+02
 -0.73456E+01 -0.89667E+01  0.62770E+01  0.37317E+02  0.50029E+02  0.25895E+02
  0.14049E+02  0.15796E+02  0.15637E+02  0.12701E+02  0.15527E+02  0.30819E+02
  0.27967E+02  0.28110E+02  0.29761E+02  0.24269E+02  0.18361E+02  0.29484E+02
  0.51277E+02  0.69204E+02  0.63162E+02  0.54342E+02  0.56293E+02  0.46754E+02
  0.30199E+02  0.25241E+02  0.29914E+02  0.14047E+02 -0.13656E+02 -0.23175E+02
 -0.19410E+02 -0.23829E+02 -0.16252E+02 -0.92582E+01 -0.18166E+02 -0.89053E+01
  0.13721E+02  0.17380E+02  0.88619E+01  0.51416E+01 -0.30421E+01 -0.50987E+01
  0.66358E+01  0.79147E+01 -0.16359E+02 -0.32648E+02 -0.15407E+02 -0.18171E+00
  0.51591E+01  0.11184E+02  0.37208E+01 -0.16178E+01  0.46938E+01  0.73150E+01
 -0.75427E+01 -0.16850E+02 -0.34747E+01  0.15106E+02  0.11075E+02  0.58591E+00
  0.12784E+01  0.40591E+01  0.53155E+01  0.72719E+01  0.21367E+02  0.29910E+02
  0.16213E+02 -0.39152E+01 -0.11047E+02 -0.12514E+02 -0.19419E+02 -0.31362E+02
 -0.41387E+02 -0.41007E+02 -0.38776E+02 -0.49027E+02 -0.47652E+02 -0.39000E+02
 -0.20444E+02 -0.94998E+01 -0.11544E+02 -0.23679E+02 -0.24423E+02  0.82594E+01
  0.26180E+02  0.20621E+02  0.14176E+02  0.33326E+01 -0.12334E+02 -0.16996E+02
 -0.23857E+02 -0.21179E+02 -0.16044E+02 -0.28883E+02 -0.50746E+02 -0.57408E+02
 -0.43506E+02 -0.44534E+02 -0.48749E+02 -0.45741E+02 -0.52191E+02 -0.52307E+02
 -0.43564E+02 -0.42449E+02 -0.48459E+02 -0.52030E+02 -0.44871E+02 -0.37619E+02
 -0.35956E+02 -0.32405E+02 -0.37479E+02 -0.46413E+02 -0.39802E+02 -0.21688E+02
 -0.15911E+00  0.18705E+02  0.28796E+02  0.33703E+02  0.38962E+02  0.40930E+02
  0.42212E+02  0.46242E+02  0.35566E+02  0.19860E+02  0.90502E+01  0.63142E+01
  0.15667E+02  0.24889E+02  0.18926E+02  0.15071E+02  0.16957E+02  0.20792E+02
  0.46738E+02  0.47001E+02  0.16126E+02  0.19379E+02  0.39348E+02  0.41961E+02
  0.43001E+02  0.43190E+02  0.35190E+02  0.33788E+02  0.41740E+02  0.37381E+02
  0.18689E+02  0.83686E+01  0.15443E+02  0.13359E+02  0.15025E+02  0.22181E+02
  0.10300E+02 -0.14444E+02 -0.22723E+02 -0.39159E+01  0.88068E+01  0.10175E+02
  0.14033E+02  0.20801E+02  0.12605E+02  0.72691E+01  0.13303E+02  0.21401E+02
  0.18151E+02  0.60133E+01 -0.16334E+01 -0.15590E+02 -0.22180E+02 -0.28590E+02
 -0.36349E+02 -0.30771E+02 -0.30172E+02 -0.33660E+02 -0.30392E+02 -0.26449E+02
 -0.23152E+02 -0.16065E+02  0.37059E+01  0.10503E+02  0.88290E+00 -0.91784E+00
  0.16245E+02  0.20171E+02  0.64290E+01 -0.95919E+01 -0.18969E+02 -0.52227E+01
  0.56417E+01 -0.21495E+00 -0.33343E+01  0.26959E+01  0.62934E+01  0.11432E+02
  0.65176E+01  0.10677E+01  0.83086E+00  0.13031E+01  0.41435E+01 -0.78106E+00
  0.26124E+01  0.12138E+02  0.55922E+01  0.43817E+01  0.13970E+02  0.26234E+01
 -0.15718E+02 -0.18612E+02 -0.56406E+01 -0.95673E+00 -0.37222E+01  0.52324E+00
  0.60033E+01  0.15814E+02  0.12013E+02  0.15010E+02  0.16860E+02  0.20107E+02
  0.27848E+02  0.22299E+02  0.21809E+02  0.26123E+02  0.24993E+02  0.68674E+01
  0.21461E+01  0.14508E+02  0.27452E+02  0.35756E+02  0.33620E+02  0.28952E+02
  0.24836E+02  0.21725E+02  0.20141E+02  0.59815E+01 -0.15223E+02 -0.28467E+02
 -0.23445E+02 -0.19706E+02 -0.21354E+02 -0.69694E+01  0.83510E+00 -0.17402E+01
 -0.15058E+02 -0.23071E+02 -0.12815E+02 -0.12034E+02 -0.18814E+02 -0.20556E+02
 -0.20024E+02 -0.20978E+02 -0.17844E+02 -0.20611E+02 -0.37181E+02 -0.37814E+02
 -0.31542E+02 -0.33181E+02 -0.34709E+02 -0.26267E+02 -0.25532E+02 -0.33546E+02
 -0.33089E+02 -0.18842E+02  0.10880E+01  0.98818E+01  0.84294E+01  0.76818E+01
  0.14857E+02  0.27956E+01 -0.17646E+02 -0.24951E+02 -0.25453E+02 -0.22252E+02
 -0.17842E+02 -0.14246E+02 -0.11049E+02 -0.71266E+01  0.17819E+01  0.13286E+01
 -0.55704E+01  0.44333E+01  0.14871E+02  0.11975E+02  0.29389E+01 -0.74670E+01
 -0.37086E+01  0.95560E+01  0.20110E+02  0.22207E+02  0.18012E+02  0.15310E+02
  0.18504E+02  0.26299E+02  0.22175E+02  0.18499E+02  0.17449E+02  0.30873E+02
  0.48589E+02  0.45665E+02  0.32656E+02  0.26949E+02  0.30016E+02  0.24988E+02
  0.23549E+02  0.26217E+02  0.24792E+02  0.11911E+02  0.88184E+01  0.24250E+02
  0.33099E+02  0.35593E+02  0.23558E+02  0.92412E+01  0.69516E+01  0.41196E+01
  0.13696E+01 -0.22469E+01 -0.16816E+01 -0.69817E+01 -0.14606E+02 -0.73645E+01
 -0.32775E+01 -0.86840E+01 -0.22293E+02 -0.30349E+02 -0.24941E+02 -0.15778E+02
 -0.62544E+01 -0.74953E+01 -0.93550E+01 -0.47695E+01 -0.13545E+02 -0.20319E+02
 -0.21019E+02 -0.16289E+02 -0.87498E+01 -0.66265E+01 -0.50002E+01 -0.87920E+01
 -0.14064E+02 -0.24052E+02 -0.24960E+02 -0.24927E+02 -0.27832E+02 -0.28602E+02
 -0.34099E+02 -0.35598E+02 -0.39347E+02 -0.40255E+02 -0.35142E+02 -0.29017E+02
 -0.21818E+02 -0.89030E+01  0.67075E+01  0.13879E+02  0.86564E+01 -0.72082E+01
 -0.65167E+01  0.73412E+01  0.80667E+01  0.42907E+01  0.12832E+02  0.25798E+02
  0.22473E+02  0.16239E+02  0.49476E+01  0.49499E+00  0.12015E+02  0.25091E+02
  0.32660E+02  0.27800E+02  0.17048E+02  0.83043E+01  0.14355E+02  0.26768E+02
  0.21641E+02  0.16493E+02  0.21234E+02  0.20725E+02  0.12234E+02  0.50063E+01
 -0.47756E+01 -0.16498E+02 -0.13432E+02 -0.11099E+02 -0.78793E+01 -0.12304E+01
 -0.77144E+00 -0.10065E+02 -0.12992E+02 -0.23711E+01  0.15432E+02  0.19226E+02
  0.14143E+00 -0.42882E+01 -0.71715E+01 -0.83218E+01 -0.56943E+01 -0.67498E+01
 -0.12989E+02 -0.18470E+02 -0.95963E+01  0.12997E+01  0.77348E+01  0.29467E+01
 -0.82978E+01 -0.10686E+02 -0.93926E+01 -0.76378E+01 -0.40726E+01 -0.13913E+02
 -0.25755E+02 -0.24903E+02 -0.17754E+02 -0.15611E+02 -0.17627E+02 -0.16961E+02
 -0.11257E+02 -0.12786E+02 -0.17733E+02 -0.14300E+02 -0.77414E+01  0.13859E+01
  0.81706E+01  0.98655E+01  0.81869E+01  0.12633E+02  0.13718E+02  0.64345E+01
  0.79537E+01  0.10479E+02  0.10740E+02  0.42341E+01 -0.37307E+01  0.17168E+01
  0.10800E+02  0.15988E+02  0.95862E+01 -0.34670E+01 -0.32393E+01  0.40482E+01
  0.60272E+01  0.18883E+01 -0.64014E+01 -0.85135E+01 -0.32404E+01  0.70001E+01
  0.10044E+02 -0.27862E-01 -0.12480E+01  0.35256E+01  0.21629E+01  0.65337E+00
  0.74460E+00  0.33566E+01  0.13034E+02  0.20945E+02  0.22441E+02  0.22203E+02
  0.22648E+02  0.22853E+02  0.19478E+02  0.24472E+02  0.34434E+02  0.33099E+02
  0.25943E+02  0.17409E+02  0.14086E+02  0.12939E+02  0.63654E+01  0.54575E+01
  0.50021E+01  0.52329E+00 -0.12431E+01 -0.30717E+01 -0.18972E+01  0.65499E+01
  0.93689E+01  0.60712E+01  0.36900E+01 -0.38890E+00 -0.44435E+01  0.41320E+01
  0.18814E+02  0.12626E+02 -0.64464E+01 -0.14460E+02 -0.15793E+01  0.73270E+01
 -0.61440E+01 -0.18873E+02 -0.18204E+02 -0.15078E+02 -0.14855E+02 -0.17877E+02
 -0.17156E+02 -0.11426E+02 -0.71100E+01 -0.47583E+01 -0.10844E+02 -0.16708E+02
 -0.13407E+02 -0.79338E+01 -0.13266E+01  0.17034E+01 -0.93755E+01 -0.18125E+02
 -0.17640E+02 -0.14824E+02 -0.85702E+01 -0.11231E+02 -0.15626E+02 -0.22934E+02
 -0.26543E+02 -0.22440E+02 -0.20303E+02 -0.11961E+02  0.20540E+01  0.43907E+01
 -0.96382E+01 -0.20248E+02 -0.15894E+02 -0.12019E+02 -0.15160E+02 -0.14138E+02
 -0.11244E+02 -0.66547E+01  0.88184E+00  0.11152E+02  0.12680E+02 -0.24827E+01
 -0.13246E+02  0.83439E+00  0.12381E+02  0.88999E+01  0.86007E+01  0.78886E+01
  0.16292E+02  0.17639E+02  0.11534E+02  0.11129E+02  0.15001E+02  0.28762E+02
  0.32814E+02  0.27942E+02  0.25642E+02  0.22651E+02  0.19111E+02  0.13780E+02
  0.14777E+02  0.23063E+02  0.25664E+02  0.23345E+02  0.22901E+02  0.23819E+02
  0.25711E+02  0.32623E+02  0.35003E+02  0.27235E+02  0.20807E+02  0.12557E+02
  0.58281E+01 -0.71615E+01 -0.26456E+02 -0.33631E+02 -0.26379E+02 -0.11093E+02
  0.13187E+01 -0.20223E+01 -0.20119E+02 -0.29407E+02 -0.25750E+02 -0.24671E+02
 -0.33125E+02 -0.41791E+02 -0.39584E+02 -0.30816E+02 -0.25998E+02 -0.23865E+02
 -0.23887E+02 -0.20794E+02 -0.13396E+02 -0.14980E+02 -0.23752E+02 -0.31174E+02
 -0.30126E+02 -0.26305E+02 -0.22904E+02 -0.16607E+02 -0.73268E+01 -0.23919E+01
 -0.11565E+02 -0.22528E+02 -0.25247E+02 -0.20468E+02 -0.55285E+01  0.76266E+01
  0.73736E+01 -0.51322E+01 -0.12759E+02  0.76510E+00  0.17009E+02  0.13822E+02
  0.48723E+01  0.95590E+01  0.20111E+02  0.23274E+02  0.18649E+02  0.17922E+02
  0.16103E+02  0.69792E+01  0.74651E+01  0.91624E+01  0.46301E+01  0.55584E+01
  0.11932E+02  0.16320E+02  0.11735E+02  0.10207E+02  0.12216E+02  0.16811E+02
  0.21608E+02  0.18307E+02  0.53864E+01 -0.28890E+01  0.37022E+01  0.11715E+02
  0.82966E+01  0.65910E+01  0.52486E+01  0.71388E+01  0.15670E+02  0.17447E+02
  0.18726E+02  0.26671E+02  0.32144E+02  0.26159E+02  0.20686E+02  0.24608E+02
  0.26875E+02  0.23040E+02  0.10241E+02 -0.12438E+01 -0.45114E+01 -0.63620E+01
 -0.52636E+01 -0.67932E+01 -0.10641E+02 -0.12619E+02 -0.82467E+01  0.32731E+01
  0.10469E+02  0.49593E+01 -0.40732E+01 -0.43248E+01  0.18877E+01  0.28571E+01
  0.12296E+01  0.58088E+01  0.12477E+02  0.93472E+01  0.68693E+01  0.30553E+01
  0.22217E+01  0.19269E+01  0.63206E+01  0.12078E+02  0.12903E+02  0.76999E+01
  0.12721E+01  0.43952E+01  0.51395E+01  0.36895E+01  0.22213E+01  0.69536E+01
  0.96648E+01  0.21628E+01 -0.92171E+01 -0.14879E+02 -0.12673E+02 -0.99755E+01
 -0.92376E+01 -0.62211E+01 -0.53453E+01 -0.97523E+01 -0.18364E+02 -0.23880E+02
 -0.25367E+02 -0.25922E+02 -0.28848E+02 -0.27096E+02 -0.21338E+02 -0.10620E+02
  0.18724E+01  0.56271E+01  0.34726E+01 -0.43131E+01 -0.62119E+01 -0.44737E+01
 -0.77700E+01 -0.12729E+02 -0.16055E+02 -0.20563E+02 -0.21714E+02 -0.18477E+02
 -0.25394E+02 -0.26993E+02 -0.15324E+02 -0.48360E+01 -0.53164E+01 -0.14899E+02
 -0.17698E+02 -0.13358E+02 -0.11664E+02 -0.10675E+02 -0.10521E+02 -0.13989E+02
 -0.15078E+02 -0.97006E+01 -0.87617E+00  0.23973E+01 -0.13159E+01 -0.60050E+01
 -0.12027E+02 -0.14063E+02 -0.18361E+02 -0.24945E+02 -0.18890E+02 -0.13302E+02
 -0.12124E+02 -0.13509E+02 -0.86129E+01  0.34675E+01  0.78548E+01  0.52124E+01
  0.32627E+01  0.28879E+01  0.45492E+01  0.83699E+01  0.82968E+01  0.98221E+01
  0.15033E+02  0.19341E+02  0.27332E+02  0.34912E+02  0.31329E+02  0.23441E+02
  0.19869E+02  0.20029E+02  0.19945E+02  0.20086E+02  0.20165E+02  0.19728E+02
  0.17302E+02  0.13964E+02  0.11226E+02  0.14293E+02  0.11692E+02  0.59426E+01
  0.79319E+01  0.87479E+01  0.82196E+01  0.50025E+01  0.17181E+01 -0.46367E+01
 -0.79028E+01 -0.84245E+01 -0.79657E+01 -0.11850E+02 -0.12820E+02 -0.77883E+01
 -0.55095E+01  0.29547E+01  0.87634E+01  0.55711E+01  0.50935E+01  0.90561E+01
  0.65224E+01  0.24274E+01 -0.50291E+01 -0.67307E+01  0.14219E-02  0.58105E+01
  0.48383E+01 -0.29097E+00  0.37666E+01  0.10642E+02  0.69896E+01  0.65304E+01
  0.10294E+02  0.11028E+02  0.15227E+02  0.19944E+02  0.18520E+02  0.85922E+01
  0.52369E+01  0.49492E+01  0.52744E+01  0.85964E+01  0.12965E+02  0.65042E+01
 -0.88905E+01 -0.16634E+02 -0.16925E+02 -0.15828E+02 -0.17202E+02 -0.12693E+02
 -0.76463E+01 -0.40301E+01 -0.54302E+01 -0.72535E+01 -0.19791E+01  0.79407E+00
 -0.39877E+01 -0.14843E+02 -0.16329E+02 -0.65442E+01  0.13895E+01  0.62497E+01
  0.85983E+01  0.12780E+02  0.19311E+02  0.20643E+02  0.16621E+02  0.13944E+02
  0.18522E+02  0.19643E+02  0.13735E+02  0.53648E+01  0.62397E+01  0.73630E+01
  0.46309E+01  0.14916E+01  0.30326E+01  0.14097E+02  0.16122E+02  0.95829E+01
  0.30802E+01 -0.44171E+01 -0.92125E+01 -0.98981E+01 -0.12556E+02 -0.12287E+02
 -0.80654E+01 -0.17946E+01  0.28873E+01 -0.27973E+01 -0.11529E+02 -0.14244E+02
 -0.71970E+01  0.49558E+01  0.97452E+01  0.30245E+01  0.99101E+00  0.79175E+01
  0.10669E+02  0.46943E+01 -0.16828E+01 -0.36490E+01 -0.78430E+01 -0.12387E+02
 -0.14979E+02 -0.15222E+02 -0.13802E+02 -0.11517E+02 -0.10741E+02 -0.11520E+02
 -0.11969E+02 -0.83449E+01  0.80299E+00  0.89119E+01  0.31779E+01 -0.86802E+01
 -0.10753E+02 -0.59534E+01 -0.22398E+01 -0.20647E+01 -0.22342E+01 -0.17661E+01
  0.92808E+00  0.64460E+01  0.10006E+02  0.60013E+01 -0.30840E+01 -0.12857E+02
 -0.14640E+02 -0.13232E+02 -0.11975E+02 -0.79769E+01 -0.21773E+01 -0.20360E+01
 -0.70581E+01 -0.89530E+01 -0.53215E+01  0.20271E+01  0.42214E+01  0.55029E+01
  0.99901E+01  0.12643E+02  0.12295E+02  0.11477E+02  0.11926E+02  0.12721E+02
  0.15025E+02  0.16823E+02  0.14829E+02  0.14669E+02  0.11243E+02  0.87073E+01
  0.72224E+01  0.11611E+01 -0.64325E+01 -0.90044E+01 -0.65352E+01 -0.12231E+01
 -0.61490E+00 -0.46538E+01 -0.10901E+02 -0.13401E+02 -0.75655E+01 -0.53105E+01
 -0.85283E+01 -0.11932E+02 -0.13052E+02 -0.14007E+02 -0.16400E+02 -0.13707E+02
 -0.99708E+01 -0.13668E+02 -0.15967E+02 -0.20412E+02 -0.19839E+02 -0.15975E+02
 -0.11223E+02 -0.11556E+02 -0.12118E+02 -0.10803E+02 -0.11234E+02 -0.11702E+02
 -0.96450E+01 -0.62797E+01 -0.80578E+01 -0.63051E+01 -0.28266E+01  0.21281E+01
  0.45574E+01  0.41769E+01  0.37886E+01  0.24581E+01 -0.12780E+01 -0.36333E+01
 -0.12379E+01 -0.16185E+01 -0.19658E+01 -0.30726E+01 -0.67629E+01 -0.70360E+01
 -0.35753E+01 -0.37064E+01 -0.80646E+01 -0.11334E+02 -0.69322E+01 -0.93336E-01
  0.11363E+01  0.20763E+01  0.69034E+01  0.38047E+01 -0.54657E+01 -0.10565E+02
 -0.45539E+01  0.48651E+01  0.80895E+01  0.60584E+01 -0.16899E+00 -0.28937E+01
 -0.91848E-02  0.83323E+01  0.13918E+02  0.13054E+02  0.16230E+02  0.17458E+02
  0.13785E+02  0.10071E+02  0.71454E+01  0.11062E+02  0.10113E+02  0.61246E+01
  0.28188E+01  0.78806E+00  0.36557E+01  0.90376E+01  0.95027E+01  0.92784E+01
  0.92288E+01  0.10126E+02  0.69356E+01  0.51241E+01  0.92248E+01  0.12883E+02
  0.16871E+02  0.17364E+02  0.15531E+02  0.86819E+01  0.37525E+01  0.75856E+01
  0.95570E+01  0.41803E+01 -0.32955E+01 -0.10820E+02 -0.99518E+01 -0.67055E+01
 -0.35802E+01  0.56432E+01  0.12703E+02  0.10811E+02  0.42681E+01 -0.17060E+01
 -0.54676E+01 -0.63456E+01 -0.63933E+01 -0.10685E+02 -0.12524E+02 -0.12421E+02
 -0.12567E+02 -0.12840E+02 -0.13400E+02 -0.13229E+02 -0.10281E+02 -0.37351E+01
  0.38323E+01  0.30418E+01 -0.83283E+00 -0.11621E+01 -0.50673E+01 -0.34430E+01
  0.10250E+01  0.39073E+01  0.37942E+01  0.36459E+01  0.32004E+01  0.34980E+01
  0.33023E+01  0.42512E+01  0.12731E+01 -0.87752E+00 -0.24475E+01 -0.63080E+01
  0.59652E+01  0.17687E+02  0.20930E+02  0.17552E+02  0.14312E+02  0.13113E+02
  0.16011E+02  0.20020E+02  0.19019E+02  0.19340E+02  0.19187E+02  0.15939E+02
  0.72029E+01  0.53061E+01  0.98358E+01  0.83196E+01  0.33418E+01  0.19594E+01
  0.28257E+01  0.23471E+01  0.52118E+01  0.82223E+01  0.87364E+01  0.84025E+01
  0.82724E+01  0.11307E+02  0.14248E+02  0.15796E+02  0.14763E+02  0.11069E+02
  0.41895E+01  0.43348E-01  0.16285E+00 -0.11073E+01 -0.80923E+01 -0.15284E+02
 -0.18056E+02 -0.16383E+02 -0.13326E+02 -0.86007E+01 -0.56971E+01 -0.10465E+01
 -0.47367E-01 -0.43176E+01 -0.43473E+01 -0.46245E+01 -0.54082E+01 -0.10908E+02
 -0.15439E+02 -0.14036E+02 -0.10330E+02 -0.10780E+02 -0.11985E+02 -0.11039E+02
 -0.13232E+02 -0.16981E+02 -0.17504E+02 -0.21350E+02 -0.23743E+02 -0.19316E+02
 -0.18635E+02 -0.20629E+02 -0.18783E+02 -0.14940E+02 -0.10190E+02 -0.53669E+01
  0.10713E+00  0.30689E+00  0.62254E+00 -0.27581E+01 -0.98083E+01 -0.13094E+02
 -0.12671E+02 -0.12328E+02 -0.84738E+01  0.92871E+00  0.36219E+01  0.34301E+00
 -0.23282E+01 -0.47907E+01 -0.83777E+01 -0.85952E+01 -0.79307E+01 -0.11277E+02
 -0.10821E+02 -0.84777E+01 -0.76217E+01 -0.38071E+01 -0.37619E+00  0.20973E+01
  0.56696E+01  0.84308E+01  0.73399E+01  0.35157E+01  0.27743E+01  0.69113E+01
  0.52274E+01  0.21482E+01 -0.16653E+01 -0.32051E+01 -0.16883E+01  0.57400E+01
  0.14177E+02  0.18994E+02  0.19713E+02  0.15549E+02  0.13904E+02  0.14987E+02
  0.11523E+02  0.10787E+02  0.86925E+01  0.57036E+01  0.64045E+01  0.93680E+01
  0.14711E+02  0.15796E+02  0.11813E+02  0.14263E+02  0.17367E+02  0.16475E+02
  0.16415E+02  0.12112E+02  0.79206E+01  0.22738E+01 -0.69176E+00 -0.26045E+01
 -0.14191E+00  0.45756E-01  0.43072E+01  0.47773E+01 -0.52050E+00  0.37505E+00
 -0.32492E+01 -0.55099E+01 -0.82765E+01 -0.70329E+01 -0.93883E+01 -0.11848E+02
 -0.12091E+02 -0.10843E+02 -0.97098E+01 -0.12208E+02 -0.75997E+01 -0.64926E+01
 -0.61684E+01 -0.65551E+01 -0.57068E+01 -0.43714E+01 -0.45589E+01 -0.12316E+01
  0.15140E+00  0.34083E+01  0.61733E+01  0.39115E+01  0.82958E+00 -0.46252E+01
 -0.51959E+01 -0.77502E+01 -0.15179E+02 -0.16635E+02 -0.17452E+02 -0.17713E+02
 -0.17876E+02 -0.17817E+02 -0.17935E+02 -0.16942E+02 -0.13657E+02 -0.13991E+02
 -0.74064E+01  0.21324E+01  0.25472E+01 -0.77805E+00 -0.47851E+01 -0.81105E+00
  0.11327E+01 -0.40510E+01 -0.16705E+01 -0.27250E+01 -0.11872E+01  0.38134E+00
  0.28491E+01  0.57782E+01  0.92235E+00  0.29765E+01  0.10684E+02  0.19526E+02
  0.26934E+02  0.28994E+02  0.28931E+02  0.28430E+02  0.30080E+02  0.32750E+02
  0.29238E+02  0.28928E+02  0.25951E+02  0.21924E+02  0.21694E+02  0.20685E+02
  0.19009E+02  0.14075E+02  0.12874E+02  0.10083E+02  0.70224E+01  0.75425E+01
  0.74503E+01  0.74665E+01  0.79420E+01  0.63636E+01  0.20039E+01  0.15577E+01
  0.13746E+01  0.10946E+01  0.19813E+01  0.20646E+00 -0.22564E+01 -0.53186E+01
 -0.31789E+01 -0.42139E+01 -0.61789E+01 -0.95780E+01 -0.13038E+02 -0.15317E+02
 -0.17916E+02 -0.16826E+02 -0.18443E+02 -0.14138E+02 -0.16698E+02 -0.19227E+02
 -0.16531E+02 -0.85008E+01 -0.52185E+01 -0.71547E+01 -0.84535E+01 -0.12118E+02
 -0.58970E+01 -0.11423E+01 -0.23787E+00 -0.50876E+00 -0.36447E+01 -0.79559E+01
 -0.11748E+02 -0.10243E+02 -0.50089E+01  0.17911E+01  0.14560E+01  0.23628E+01
  0.53753E+01  0.87292E+01  0.86160E+01  0.42616E+01  0.44350E+00 -0.13215E+01
 -0.19528E+01 -0.14626E+01  0.10439E+01  0.37113E+01  0.54792E+01  0.48187E+01
  0.49105E+01  0.43909E+01  0.45484E+01  0.36042E+01  0.39532E+01  0.13525E+01
 -0.24257E+01 -0.20389E+01 -0.22229E+01 -0.18098E+01 -0.20447E+01 -0.14906E+01
 -0.18726E+01 -0.51674E+01 -0.91073E+01 -0.12186E+02 -0.11745E+02 -0.80139E+01
 -0.29417E+01  0.44012E+01  0.14111E+01 -0.62123E+01 -0.71481E+01 -0.74734E+01
 -0.67468E+01 -0.68672E+01 -0.64562E+01 -0.10626E+02 -0.11844E+02 -0.11871E+02
 -0.10702E+02 -0.60389E+01 -0.39687E+01 -0.12320E+01  0.15479E+00 -0.22137E+01
 -0.23793E+01 -0.36996E+01 -0.64480E+01 -0.10033E+02 -0.11645E+02 -0.50524E+01
 -0.57627E-01 -0.34726E+00 -0.54046E+00  0.42076E+01  0.26354E+01  0.24955E+00
  0.59765E+01  0.12443E+02  0.15048E+02  0.11359E+02  0.75701E+01  0.53939E+01
  0.67617E+01  0.10702E+02  0.15520E+02  0.15412E+02  0.11122E+02  0.10701E+02
  0.11006E+02  0.10737E+02  0.54836E+01  0.14671E+01 -0.34779E+01 -0.89745E+01
 -0.13017E+02 -0.16306E+02 -0.17214E+02 -0.19255E+02 -0.17520E+02 -0.15445E+02
 -0.12380E+02 -0.66948E+01 -0.59560E+01 -0.97644E+01 -0.59582E+01 -0.61264E+01
 -0.39106E+01 -0.15876E+01 -0.12181E+01 -0.12929E+01 -0.29904E+01 -0.23927E+01
 -0.42695E+01 -0.42863E+01 -0.51979E+01 -0.80537E+01 -0.12350E+02 -0.67300E+01
 -0.13782E+01  0.12861E+01  0.71465E+01  0.11427E+02  0.11047E+02  0.63800E+01
  0.55263E+01  0.47738E+01  0.68313E+01  0.62119E+01  0.47852E+01  0.52230E+01
  0.29060E+01  0.29330E+00 -0.16207E+01 -0.12686E+01 -0.23844E+01  0.95812E+00
  0.43206E+01  0.66349E+01  0.10864E+02  0.10765E+02  0.11769E+02  0.15545E+02
  0.16856E+02  0.16210E+02  0.17238E+02  0.16617E+02  0.13550E+02  0.11611E+02
  0.12219E+02  0.11605E+02  0.11975E+02  0.12924E+02  0.12085E+02  0.12167E+02
  0.12526E+02  0.11987E+02  0.79262E+01  0.74472E+01  0.61746E+01  0.19020E+01
  0.56795E+00  0.75541E+00 -0.24447E+01 -0.23692E+01  0.31869E+00  0.98104E+00
  0.42406E+01  0.67932E+01  0.53367E+01  0.15864E+01 -0.30799E+01 -0.42243E+01
 -0.36372E+01 -0.44673E+01 -0.64970E+01 -0.85315E+01 -0.92084E+01 -0.12349E+02
 -0.13321E+02 -0.12647E+02 -0.60081E+01  0.12316E+01  0.23963E+01  0.20197E+01
  0.23738E+01  0.29439E+01  0.41591E+01  0.37212E+01  0.34139E+00 -0.45383E+01
 -0.10288E+02 -0.15254E+02 -0.17136E+02 -0.19784E+02 -0.20382E+02 -0.17220E+02
 -0.17939E+02 -0.21691E+02 -0.22410E+02 -0.15922E+02 -0.10598E+02 -0.11794E+02
 -0.15432E+02 -0.14964E+02 -0.93689E+01 -0.66399E+01 -0.11645E+02 -0.10300E+02
 -0.67255E+01 -0.25825E+01  0.38159E+01  0.90915E+01  0.12149E+02  0.10829E+02
  0.11132E+02  0.97948E+01  0.46086E+01 -0.53634E+00  0.15015E+01  0.55680E+01
  0.94398E+01  0.83365E+01  0.53890E+01  0.31567E+01  0.90920E+00  0.30329E+01
  0.65937E+01  0.14431E+02  0.16610E+02  0.15890E+02  0.16025E+02  0.16556E+02
  0.15673E+02  0.15034E+02  0.14910E+02  0.11714E+02  0.72341E+01  0.33549E+01
  0.29858E+01  0.10768E+01  0.12254E+00 -0.37972E+00 -0.10950E+01 -0.45345E+01
 -0.67927E+01 -0.28945E+01  0.15965E+01  0.60369E+01  0.64755E+01  0.48958E+01
  0.52820E+00 -0.44478E+00  0.12339E+01 -0.96175E-01  0.20647E+01  0.30427E+01
  0.52969E+01  0.60127E+01  0.14715E+01 -0.20895E+01 -0.30773E+01 -0.24321E+01
 -0.43941E+01 -0.10152E+02 -0.10288E+02 -0.49213E+01  0.10609E+01  0.45717E+01
  0.52970E+01  0.28462E+01 -0.84265E+00 -0.20662E+01 -0.26495E+01 -0.34174E+01
 -0.37187E+01 -0.42037E+01 -0.78531E+01 -0.99016E+01 -0.14433E+02 -0.16392E+02
 -0.15423E+02 -0.14389E+02 -0.12758E+02 -0.98290E+01 -0.72681E+01 -0.62804E+01
 -0.52191E+01 -0.87543E+01 -0.11355E+02 -0.10071E+02 -0.67930E+01 -0.56473E+01
 -0.49644E+01 -0.47242E+01 -0.61604E+01 -0.89030E+01 -0.83898E+01 -0.69149E+01
 -0.61795E+01 -0.63483E+01 -0.80124E+01 -0.47721E+01 -0.20081E+01 -0.37640E+01
 -0.48473E+01 -0.39173E+01 -0.53040E+01 -0.56103E+01 -0.43080E+01 -0.32522E+01
 -0.39538E+01 -0.54107E+01 -0.54335E+01 -0.36468E+01 -0.14617E+01 -0.36585E+01
 -0.40443E+01  0.84980E+00  0.53654E+01  0.56508E+01  0.62090E+01  0.64134E+01
  0.52261E+01  0.27937E+01 -0.74805E+00 -0.42407E+01 -0.44883E+01 -0.46301E+01
 -0.31263E+01  0.46732E+01  0.98926E+01  0.10602E+02  0.11645E+02  0.12699E+02
  0.10825E+02  0.71757E+01  0.62589E+01  0.53698E+01  0.67820E+01  0.82570E+01
  0.61070E+01  0.57664E+01  0.59975E+01  0.76733E+01  0.96263E+01  0.10279E+02
  0.10412E+02  0.11204E+02  0.14218E+02  0.14331E+02  0.11254E+02  0.98371E+01
  0.10352E+02  0.92334E+01  0.52392E+01  0.30912E+01  0.60960E+01  0.10003E+02
  0.89967E+01  0.55220E+01  0.39518E+01  0.40931E+01  0.58846E+01  0.59830E+01
  0.71846E+01  0.71790E+01  0.50222E+01  0.52465E+01  0.26438E+01 -0.21160E+01
 -0.50296E+01 -0.81408E+01 -0.10259E+02 -0.86037E+01 -0.88739E+01 -0.49034E+01
  0.29444E+00  0.71977E+01  0.71266E+01  0.33292E+01  0.23833E+01 -0.92828E+00
  0.13219E+01 -0.19559E+01 -0.30963E+01 -0.58408E+01 -0.11021E+02 -0.14005E+02
 -0.14523E+02 -0.11412E+02 -0.53569E+01 -0.25901E+01 -0.15026E+01  0.24257E+01
  0.58054E+01  0.83744E+01  0.61682E+01  0.28724E+01  0.15149E+01  0.23912E+01
  0.22732E+01  0.37211E+01  0.64161E+01  0.56163E+01  0.22441E+01 -0.28992E+01
 -0.24257E+01  0.50542E+00  0.13145E+01 -0.20407E+01 -0.33521E+01 -0.14075E+01
 -0.26407E+01 -0.46675E+01 -0.44329E+01 -0.12120E+01 -0.22658E+01 -0.40352E+01
 -0.26099E+01  0.14277E+01  0.15706E+01  0.48942E+01  0.50661E+01  0.29918E+01
  0.32222E+01 -0.17430E+01 -0.25485E+01 -0.23474E+01  0.20474E+01  0.34037E+01
  0.24664E+00  0.26021E+01  0.29367E+00  0.72163E+00  0.41711E+01  0.27054E+01
  0.94088E+00  0.16662E+01  0.58925E+01  0.94016E+01  0.74305E+01  0.26308E+01
  0.20216E+01  0.16223E+01  0.19860E+01 -0.20827E+01 -0.44294E+01 -0.48485E+01
 -0.24440E+01  0.88607E+00  0.31895E+01  0.75676E+01  0.46050E+01  0.22907E+01
  0.61677E+01  0.68899E+01  0.35857E+01  0.14000E+01  0.11601E+01 -0.14240E+01
 -0.53166E+01 -0.53297E+01 -0.60875E+01 -0.58065E+01 -0.64462E+01 -0.53333E+01
 -0.95679E+00 -0.71406E+00 -0.27985E+00 -0.83690E+00 -0.33988E+00 -0.35584E+01
 -0.62957E+01 -0.65832E+01 -0.63941E+01 -0.70125E+01 -0.10888E+02 -0.78127E+01
 -0.71042E+01 -0.69473E+01 -0.72995E+01 -0.77247E+01 -0.77257E+01 -0.46423E+01
 -0.20925E+01 -0.59511E+00 -0.79380E+00 -0.20636E+01  0.24323E+01  0.39956E+01
  0.54224E+01  0.19172E+01  0.29396E+01  0.43389E+01  0.54730E+01  0.76460E+01
  0.87479E+01  0.11295E+02  0.88163E+01  0.58010E+01  0.13032E+01  0.10930E+01
  0.88955E+00  0.10065E+01  0.47193E+00  0.14203E+01 -0.11919E+01 -0.44855E+01
 -0.56957E+01 -0.89577E+01 -0.11308E+02 -0.12887E+02 -0.11196E+02 -0.10318E+02
 -0.10763E+02 -0.15470E+02 -0.16483E+02 -0.17166E+02 -0.16149E+02 -0.12423E+02
 -0.81481E+01 -0.63096E+01 -0.35411E+01  0.38732E+00  0.41962E+01  0.56271E+01
  0.51458E+01  0.43229E+01  0.27931E+00  0.35855E+01  0.43300E+01  0.46591E+01
  0.41196E+01  0.43384E+01  0.61353E+01  0.52218E+01  0.14064E+01 -0.14775E+01
 -0.22470E+01 -0.82400E+00  0.30043E+01  0.61897E+01  0.52941E+01  0.28822E+01
  0.13435E+01  0.69649E+00  0.25378E+01  0.24204E+01  0.79761E+00 -0.54024E+00
  0.35693E+01  0.39457E+01  0.64473E+01  0.85795E+01  0.86661E+01  0.77248E+01
  0.32534E+01  0.27301E+01  0.19665E+01  0.40140E+01  0.54277E+01  0.53871E+01
  0.44195E+01  0.12993E+01 -0.94611E+00 -0.95919E+00 -0.11392E+01  0.76138E+00
  0.30082E+01  0.34134E+01  0.34524E+01  0.18397E+01  0.18526E+01  0.37210E+01
  0.37001E+01  0.46707E+01  0.49393E+01  0.56800E+01  0.51704E+01  0.60673E+01
  0.42875E+01  0.48529E+00 -0.15505E+01 -0.57970E+01 -0.50595E+01 -0.69912E+01
 -0.60467E+01 -0.49645E+01 -0.34319E+01 -0.34865E+01 -0.53169E+01 -0.51386E+01
 -0.54997E+01 -0.55544E+01 -0.52015E+01 -0.83447E+01 -0.12139E+02 -0.14525E+02
 -0.16677E+02 -0.16453E+02 -0.16391E+02 -0.16559E+02 -0.14066E+02 -0.11329E+02
 -0.10798E+02 -0.75617E+01 -0.52234E+01 -0.66923E+01 -0.33732E+01 -0.11250E+01
 -0.85638E+00 -0.31772E+01 -0.42753E+01 -0.10419E+01 -0.15792E+01 -0.10593E+01
 -0.16793E+01 -0.39449E+01 -0.65367E+01 -0.64612E+01 -0.48580E+01 -0.27982E+01
 -0.15429E+01 -0.17323E+01 -0.16567E+01 -0.18584E+01 -0.11177E+01 -0.53189E+00
 -0.12821E+01 -0.73143E+00  0.16899E-01 -0.57849E+00 -0.99764E+00 -0.12054E+01
  0.98776E+00  0.38658E+01  0.41055E+01  0.44005E+01  0.43706E+01  0.49213E+01
  0.46186E+01  0.43405E+01  0.68220E+01  0.82954E+01  0.10775E+02  0.12025E+02
  0.12546E+02  0.14520E+02  0.15957E+02  0.16460E+02  0.16725E+02  0.15157E+02
  0.13028E+02  0.11014E+02  0.10943E+02  0.10564E+02  0.11254E+02  0.13131E+02
  0.11343E+02  0.96398E+01  0.61448E+01  0.55038E+01  0.60950E+01  0.31894E+01
  0.70556E+00  0.13676E+00 -0.33581E+01 -0.52694E+01 -0.17164E+01  0.11236E+01
  0.85419E+00  0.10882E+01  0.98713E+00  0.89026E+00  0.19332E+01  0.15090E+01
  0.15380E+01 -0.21694E+01 -0.48141E+01 -0.44546E+01 -0.19798E+00  0.11151E+01
 -0.12487E+01 -0.11752E+01 -0.58527E+00  0.74176E+00 -0.27008E+01 -0.56546E+01
 -0.18347E+01 -0.20278E+00 -0.81691E+00 -0.57608E+00 -0.26718E+01 -0.26010E+01
 -0.58196E+01 -0.78359E+01 -0.79484E+01 -0.54519E+01 -0.28673E+01 -0.10677E+01
 -0.42428E+00 -0.32782E+01 -0.24869E+01 -0.35108E+01 -0.26206E+01 -0.59319E+01
 -0.63010E+01 -0.51725E+01 -0.63484E+01 -0.62105E+01 -0.57460E+01 -0.36451E+01
 -0.67810E+01 -0.71001E+01 -0.80173E+01 -0.72670E+01 -0.29437E+01 -0.23610E+01
 -0.24869E+01 -0.23695E+01 -0.25406E+01 -0.21475E+01 -0.18736E+01 -0.99787E+00
 -0.42374E+01 -0.62037E+01 -0.63436E+01 -0.49053E+01 -0.69084E+01 -0.10229E+02
 -0.13142E+02 -0.11382E+02 -0.10028E+02 -0.76231E+01 -0.41914E+01 -0.47372E+01
 -0.53952E+00  0.20908E+01  0.62273E+01  0.57611E+01  0.63844E+01  0.51645E+01
  0.35616E+01  0.58211E+01  0.58975E+01  0.60028E+01  0.64867E+01  0.11014E+02
  0.12373E+02  0.12791E+02  0.15029E+02  0.12525E+02  0.14025E+02  0.16997E+02
  0.17361E+02  0.16301E+02  0.15496E+02  0.13904E+02  0.10396E+02  0.11478E+02
  0.10642E+02  0.10553E+02  0.10442E+02  0.10545E+02  0.10288E+02  0.10460E+02
  0.81883E+01  0.44743E+01  0.83301E+01  0.99077E+01  0.95675E+01  0.59941E+01
  0.43262E+01  0.45714E+01  0.11125E+01 -0.11526E+00  0.41267E+00 -0.25435E+00
 -0.17044E+01 -0.38761E+01 -0.48160E+01 -0.45410E+01 -0.47178E+01 -0.50021E+01
 -0.51868E+01 -0.47616E+01 -0.52865E+01 -0.53395E+01 -0.58384E+01 -0.55560E+01
 -0.72225E+01 -0.11391E+02 -0.12132E+02 -0.11908E+02 -0.15693E+02 -0.17477E+02
 -0.17313E+02 -0.16868E+02 -0.16571E+02 -0.16273E+02 -0.15315E+02 -0.14188E+02
 -0.11193E+02 -0.76996E+01 -0.49572E+01 -0.34069E+01  0.34810E+00  0.34411E+01
  0.10766E+01  0.57042E+00  0.31551E+00  0.42786E+01  0.54790E+01  0.13552E+01
  0.12624E+01  0.82788E+00  0.16343E+01  0.13161E+01  0.20595E+01  0.12370E+01
 -0.31506E+01 -0.88345E+00  0.26483E+01  0.28000E+01  0.35764E+01  0.28177E+01
  0.69438E+01  0.86288E+01  0.11218E+02  0.11501E+02  0.85333E+01  0.85709E+01
  0.87014E+01  0.82687E+01  0.76621E+01  0.78617E+01  0.80300E+01  0.44892E+01
  0.25401E+01  0.21571E+01 -0.13212E+01 -0.65824E+00  0.11032E+01  0.16050E+01
  0.15844E+01  0.65384E+01  0.41487E+01  0.13514E+01  0.53474E+01  0.70084E+01
  0.73882E+01  0.34994E+01  0.22565E+01 -0.19069E+01 -0.87943E+00  0.18332E+01
  0.20499E+01 -0.10201E+01 -0.49804E+01 -0.44884E+01 -0.48348E+01 -0.49881E+01
 -0.44691E+01 -0.68490E+01 -0.10118E+02 -0.13541E+02 -0.16326E+02 -0.16285E+02
 -0.10983E+02 -0.58211E+01 -0.57309E+01 -0.51612E+01 -0.54008E+01 -0.91016E+01
 -0.10206E+02 -0.10913E+02 -0.83678E+01 -0.45280E+01 -0.46032E+01 -0.43706E+01
 -0.37291E+01  0.31056E+00  0.84135E+00 -0.32421E+00  0.16618E+01  0.43080E+01
  0.49419E+00  0.32701E+01  0.50606E+01  0.10869E+01 -0.12912E+00 -0.62865E-01
  0.36161E+00  0.31240E+00  0.47447E+00  0.53366E+00  0.63397E+00  0.32437E+01
  0.58624E+01  0.57813E+01  0.55528E+01  0.49701E+01  0.53954E+01  0.50619E+01
  0.49793E+01  0.49106E+01  0.49015E+01  0.49069E+01  0.48926E+01  0.51050E+01
  0.66786E+00  0.85036E+00  0.52582E+01  0.61203E+01  0.62943E+01  0.63623E+01
  0.64208E+01  0.57191E+01  0.19835E+01  0.24854E+00  0.64757E+00 -0.16902E-01
  0.50721E+00  0.10832E+01 -0.13610E+01 -0.44230E+01 -0.32979E+01 -0.42631E+01
 -0.19433E+01  0.13780E+01  0.28957E+01  0.74104E+01  0.74146E+01  0.75040E+01
  0.73229E+01  0.77874E+01  0.66497E+01  0.20474E+01  0.22526E+01 -0.62359E+00
 -0.31325E+01 -0.40470E+01 -0.35775E+01 -0.61733E+01 -0.92905E+01 -0.97681E+01
 -0.12263E+02 -0.11510E+02 -0.11429E+02 -0.70673E+01 -0.53126E+01 -0.47899E+01
 -0.47902E+01 -0.54633E+01 -0.71251E+01 -0.95423E+01 -0.10770E+02 -0.11450E+02
 -0.73207E+01 -0.74047E+01 -0.65636E+01 -0.65119E+01 -0.54524E+01 -0.67742E+01
 -0.32533E+01 -0.14335E+01 -0.50703E-01  0.39731E+01 -0.84008E-01 -0.16273E+01
 -0.29518E+01 -0.18958E+01 -0.17533E+01  0.34033E+01  0.13864E+01  0.20701E+01
  0.45215E+01  0.41395E+01  0.46426E+01  0.42231E+01  0.40757E+01  0.41319E+01
  0.15231E+01 -0.12454E+01  0.75519E+01  0.75342E+01  0.45026E+01  0.41760E+01
  0.49815E+01  0.94484E+01  0.92064E+01  0.53237E+01  0.47269E+01  0.15971E+01

