  0.24385E+02 -0.10693E+01  0.13027E+01  0.46437E+01  0.90612E+01 -0.56045E+00
 -0.27972E+01  0.12702E+02 -0.57761E+01  0.40868E+01  0.11516E+02 -0.31128E+01
 -0.71603E+01  0.60549E+01  0.15962E+02 -0.88545E+01  0.34731E+01  0.25244E+02
  0.44768E+01 -0.13484E+02  0.70862E+01  0.16415E+02 -0.27135E+01  0.90469E+01
 -0.55128E+01  0.83675E+01  0.12494E+02  0.63346E+01 -0.21940E+01  0.44810E+01
  0.29494E+00 -0.17277E+01  0.53309E+01  0.11498E+02  0.17193E+01  0.37170E+01
  0.47728E-01 -0.85318E+01  0.55620E+01 -0.38414E+01 -0.70982E+01 -0.84912E+01
  0.10469E+02  0.72104E+01  0.10100E+02 -0.25737E+02  0.11488E+02  0.19658E+02
 -0.50050E+01  0.28710E+02 -0.45830E+02  0.52625E+01  0.79721E+01 -0.20905E+02
 -0.28515E+02  0.80019E+01 -0.50842E+00 -0.23494E+02  0.33743E+02 -0.65528E+01
 -0.83494E-02 -0.13189E+02 -0.87975E+01  0.21972E+02 -0.10969E+02 -0.71486E+01
  0.37387E+02 -0.13564E+02 -0.12199E+02  0.12797E+02  0.25594E+02 -0.29770E+02
  0.12091E+01  0.40744E+02 -0.21439E+02  0.39493E+02  0.59918E+01 -0.29865E+02
 -0.88438E+01  0.51962E+02 -0.30929E+01 -0.66348E+02  0.20718E+02  0.15685E+02
 -0.65379E+01 -0.26581E+02  0.17104E+02 -0.12431E+02 -0.66588E+02  0.74368E+01
 -0.34061E+02 -0.24270E+02  0.50263E+02 -0.26363E+02  0.78852E+01  0.30951E+01
 -0.12498E+02 -0.33142E+02 -0.38998E+02  0.49599E+02 -0.39433E+02 -0.21701E+02
  0.59253E+02 -0.48505E+01 -0.89037E+02  0.51387E+02  0.37552E+02 -0.40828E+02
  0.34903E+01  0.21694E+01 -0.81678E+01 -0.10644E+02  0.60574E+02  0.53562E+02
 -0.20426E+02 -0.66201E+02  0.42902E+02 -0.52800E+02 -0.51664E+02  0.56965E+02
  0.30659E+02  0.10046E+02 -0.97616E+01  0.68038E+02 -0.42873E+02 -0.10065E+03
  0.28870E+02  0.32151E+02 -0.10656E+03  0.96551E+02  0.71547E+02 -0.89126E+02
 -0.29109E+02 -0.24074E+02  0.67575E+02 -0.60211E+02 -0.14687E+03  0.10010E+03
  0.71405E+02 -0.80905E+02 -0.14709E+02 -0.13327E+03 -0.57134E+01  0.10847E+03
 -0.75140E+01 -0.20801E+02 -0.49584E+02 -0.93811E+02  0.32096E+01  0.94228E+02
  0.19714E+02  0.13991E+03 -0.77287E+01 -0.25941E+02  0.36970E+02  0.35000E+02
  0.58212E+02 -0.84421E+02  0.99578E+02  0.40162E+02 -0.25123E+02  0.15365E+03
  0.12618E+03  0.22050E+02 -0.51550E+00  0.42924E+02 -0.29285E+02 -0.16729E+02
  0.92215E+02 -0.25024E+01 -0.91406E+01  0.11434E+03  0.95464E+02  0.10313E+03
 -0.11608E+03 -0.11859E+03  0.51318E+02  0.36298E+02 -0.15141E+02 -0.11086E+03
 -0.67090E+01 -0.10427E+03  0.74127E+02  0.60705E+02  0.93228E+02  0.18542E+03
  0.49541E+02  0.51576E+02 -0.27769E+02  0.53763E+02 -0.97840E+02 -0.17382E+03
 -0.15965E+03 -0.18395E+03 -0.20783E+03 -0.21867E+03 -0.11206E+03 -0.36132E+02
  0.57066E+02 -0.78514E+02 -0.31446E+02  0.10173E+02 -0.38494E+02 -0.49985E+02
 -0.24923E+03 -0.16877E+03 -0.15245E+03 -0.29339E+03 -0.33098E+03 -0.31015E+03
 -0.21992E+03 -0.20333E+03 -0.28742E+03 -0.36582E+03 -0.39989E+03 -0.33597E+03
 -0.18728E+03 -0.76467E+01  0.84614E+02  0.14713E+03  0.11010E+03 -0.23405E+02
 -0.32308E+02 -0.13371E+02 -0.68038E+02 -0.57785E+02  0.21539E+02  0.63378E+02
  0.94908E+02  0.17458E+03  0.34156E+03  0.38083E+03  0.37479E+03  0.54769E+03
  0.58418E+03  0.52950E+03  0.44743E+03  0.28637E+03  0.12827E+03  0.77432E+01
 -0.59163E+02  0.19345E+03  0.19784E+03 -0.11418E+03 -0.34076E+02  0.43228E+02
  0.18950E+03  0.26490E+03  0.27655E+03  0.24160E+03  0.25088E+03  0.17256E+03
  0.98281E+02  0.10467E+03  0.12335E+03  0.57148E+02 -0.30229E+03 -0.17706E+02
  0.10039E+03  0.10024E+03  0.16377E+03  0.15961E+03  0.23980E+03  0.26336E+03
  0.10532E+03 -0.73397E+02 -0.19047E+03 -0.38478E+03 -0.94327E+01  0.16329E+03
 -0.50134E+02 -0.33251E+03 -0.53199E+03 -0.54978E+03 -0.51822E+03 -0.11412E+03
  0.38830E+03  0.38271E+03  0.35005E+03  0.30190E+03  0.20212E+03  0.22121E+03
  0.30317E+03  0.30336E+03  0.60507E+02 -0.23030E+03 -0.43237E+03 -0.50796E+03
 -0.35478E+03 -0.92870E+02  0.57506E+02  0.16239E+03  0.79635E+02 -0.98669E+02
 -0.31750E+03 -0.45768E+03 -0.43841E+03 -0.38645E+03 -0.34879E+03 -0.18930E+03
  0.80844E+02  0.25748E+03  0.31559E+03  0.26447E+03  0.52353E+02 -0.13512E+03
 -0.24173E+03 -0.20808E+03 -0.74071E+02  0.13300E+03  0.30046E+03  0.24515E+03
  0.24730E+03  0.28930E+03  0.23547E+03  0.66255E+01 -0.30693E+03 -0.54927E+03
 -0.65249E+03 -0.50141E+03 -0.94929E+02  0.60599E+02 -0.10568E+03 -0.21699E+03
 -0.26177E+03 -0.24998E+03 -0.20656E+03 -0.82477E+02  0.81837E+02  0.17232E+02
 -0.29950E+02 -0.23007E+02 -0.79582E+02 -0.60754E+02  0.20987E+02  0.60803E+02
  0.10692E+03  0.20041E+03  0.26696E+03  0.30881E+03  0.28274E+03  0.15379E+03
  0.12890E+02 -0.31077E+02 -0.20676E+02  0.78416E+02  0.23168E+03  0.32777E+03
  0.26554E+03  0.17956E+03  0.20488E+03  0.13294E+03  0.31711E+02  0.95206E+01
  0.59007E+02  0.13316E+03  0.71566E+02 -0.32095E+02 -0.13423E+03 -0.18980E+03
 -0.17808E+03 -0.15986E+03 -0.12655E+03 -0.83747E+02 -0.55046E+02  0.53515E+02
  0.10424E+03  0.19885E+02 -0.55884E+02 -0.15006E+03 -0.18517E+03 -0.14369E+03
 -0.90309E+02 -0.28933E+02  0.32417E+02  0.10634E+03  0.15032E+03  0.12020E+03
  0.58070E+02 -0.21913E+02 -0.96483E+02 -0.12100E+03 -0.32683E+02  0.33100E+02
  0.81361E+02  0.15771E+03  0.12546E+03  0.17952E+02 -0.84592E+02 -0.18799E+03
 -0.19588E+03 -0.97411E+02 -0.12672E+03 -0.16443E+03 -0.16439E+03 -0.17280E+03
 -0.11442E+03  0.82294E+01  0.15103E+03  0.16683E+03  0.11437E+03  0.74609E+02
  0.27938E+02  0.31574E+02  0.78406E+02  0.96077E+02  0.87305E+02  0.93571E+02
  0.10149E+03  0.45410E+02 -0.30610E+02 -0.45682E+02 -0.53056E+02 -0.27233E+02
  0.22742E+02  0.12600E+03  0.21108E+03  0.18138E+03  0.16540E+03  0.14302E+03
  0.14116E+03  0.12982E+03  0.90497E+02  0.79719E+02  0.96595E+02  0.13222E+03
  0.15762E+03  0.15196E+03  0.87396E+02 -0.12537E+01 -0.10090E+03 -0.12736E+03
 -0.12708E+03 -0.18741E+03 -0.20645E+03 -0.21150E+03 -0.22618E+03 -0.20164E+03
 -0.18628E+03 -0.19078E+03 -0.17392E+03 -0.13221E+03 -0.64826E+02  0.25201E+01
 -0.22970E+02 -0.39490E+02 -0.27004E+02 -0.40106E+02 -0.57614E+02 -0.80221E+02
 -0.47143E+02 -0.33835E+02 -0.15415E+02 -0.26158E+02  0.20773E+02  0.81437E+02
  0.92540E+02  0.16753E+03  0.99727E+02 -0.21706E+02 -0.10378E+03 -0.11382E+03
 -0.31359E+02  0.58302E+02  0.13660E+03  0.15754E+03  0.12127E+03  0.82666E+02
  0.62769E+02  0.40321E+02  0.22954E+02  0.22702E+02  0.15655E+02  0.14446E+02
  0.53358E+02  0.12434E+03  0.14801E+03  0.12475E+03  0.12090E+03  0.84246E+02
  0.29192E+02 -0.16717E+02 -0.15818E+02  0.50676E+02  0.78447E+02  0.44283E+02
 -0.84923E+01 -0.38781E+02 -0.66940E+02 -0.25084E+02  0.57365E+02  0.10785E+03
  0.12104E+03  0.69001E+02  0.30248E+02 -0.18383E+02 -0.33607E+02 -0.38725E+02
 -0.47836E+02 -0.49383E+02 -0.23725E+02 -0.21038E+02 -0.85493E+02 -0.12787E+03
 -0.13197E+03 -0.13564E+03 -0.20323E+03 -0.24510E+03 -0.16623E+03 -0.55202E+02
  0.44560E+02  0.92778E+02  0.51987E+02  0.84188E+00 -0.37836E+02 -0.70801E+02
 -0.98638E+02 -0.78916E+02 -0.75063E+02 -0.89176E+02 -0.81833E+02 -0.11187E+03
 -0.12731E+03 -0.10813E+03 -0.77035E+02 -0.17145E+02  0.48280E+02  0.89189E+02
  0.12023E+03  0.95244E+02  0.34120E+02 -0.10402E+02 -0.33378E+02 -0.52529E+02
 -0.72251E+02 -0.46688E+02  0.23938E+02  0.70584E+02  0.84982E+02  0.10664E+03
  0.93452E+02  0.54226E+02  0.36777E+02  0.57002E+02  0.69655E+02  0.75613E+02
  0.10577E+03  0.74501E+02 -0.18213E+02 -0.82958E+02 -0.82890E+02 -0.51880E+01
  0.55564E+02  0.80660E+02  0.10342E+03  0.96438E+02  0.85445E+02  0.80110E+02
  0.72300E+02  0.44144E+02  0.24030E+02 -0.80242E+00  0.27947E+02  0.55015E+02
  0.29790E+02 -0.85164E+01 -0.60744E+02 -0.43972E+02 -0.20428E+02  0.26700E+02
  0.64835E+02  0.94606E+02  0.10137E+03  0.60574E+02  0.23635E+02 -0.23547E+02
 -0.43943E+02 -0.61082E+02 -0.72615E+02 -0.93038E+02 -0.11221E+03 -0.88868E+02
 -0.54710E+02 -0.34752E+02 -0.38222E+02 -0.80214E+02 -0.97668E+02 -0.71748E+02
 -0.42638E+02 -0.24660E+02 -0.31315E+02 -0.42228E+02 -0.25124E+02 -0.24577E+02
 -0.29397E+02 -0.47638E+02 -0.88203E+02 -0.92577E+02 -0.78396E+02 -0.36762E+02
 -0.15525E+02 -0.11840E+02 -0.14821E+02 -0.39613E+01  0.31913E+02  0.54777E+02
  0.75065E+02  0.78457E+02  0.46363E+02  0.30065E+02  0.20911E+02  0.44210E+01
  0.16344E+02  0.13591E+02  0.11554E+02  0.33522E+02  0.36031E+02 -0.24721E+01
 -0.39949E+02 -0.70336E+02 -0.96589E+02 -0.72498E+02 -0.19182E+02  0.79689E+00
 -0.39676E+01 -0.42923E+00 -0.49601E+01 -0.15865E+02 -0.18555E+02 -0.64480E+01
  0.21174E+02  0.48515E+02  0.79485E+02  0.59588E+02  0.28242E+02 -0.35313E+01
 -0.41735E+02 -0.34608E+02 -0.83708E+01  0.23035E+02  0.54893E+02  0.82247E+02
  0.79417E+02  0.85965E+02  0.69045E+02  0.65109E+02  0.93086E+02  0.79739E+02
  0.80233E+02  0.10609E+03  0.11277E+03  0.92173E+02  0.34425E+02 -0.45847E+02
 -0.10544E+03 -0.12523E+03 -0.75605E+02 -0.22109E+02  0.16722E+02  0.51948E+02
  0.53501E+02  0.25088E+02 -0.19588E+02 -0.55227E+02 -0.58845E+02 -0.32392E+02
 -0.10006E+01  0.74260E+01  0.16194E+02  0.35484E+02  0.35032E+02  0.25358E+02
 -0.51056E+00 -0.64658E+01 -0.10991E+02 -0.24288E+02 -0.25998E+02 -0.62856E+01
  0.80680E+00 -0.13490E+02 -0.24047E+02 -0.40370E+02 -0.62468E+02 -0.79047E+02
 -0.67674E+02 -0.47213E+02 -0.23506E+02  0.26308E+00  0.78871E+01 -0.39577E+01
 -0.49879E+01 -0.13096E+02 -0.45755E+02 -0.82268E+02 -0.99628E+02 -0.46866E+02
  0.20389E+02  0.28057E+02 -0.96711E+01 -0.37224E+02 -0.46632E+02 -0.33573E+02
 -0.33870E+02 -0.67946E+02 -0.46073E+02 -0.55932E+01  0.94798E+01  0.93564E+01
  0.24071E+02  0.52767E+02  0.49905E+02  0.48681E+02  0.55894E+02  0.29214E+02
 -0.18725E+02 -0.33734E+02 -0.59177E+01  0.24496E+02  0.39229E+02  0.45961E+02
  0.51757E+02  0.50521E+02  0.29725E+02  0.14117E+02  0.18952E+02  0.48797E+02
  0.63519E+02  0.36623E+02  0.17630E+02  0.26696E+02  0.56942E+02  0.66786E+02
  0.49961E+02  0.38694E+02  0.36680E+02  0.17359E+02  0.46230E+01  0.12552E+02
  0.53669E+01  0.13244E+02  0.48734E+01 -0.14308E+02 -0.22152E+02 -0.13351E+02
  0.54087E+01 -0.64941E+01 -0.73652E+01 -0.22449E+02 -0.33668E+02 -0.29713E+02
 -0.16215E+02  0.29519E+02  0.46716E+02  0.50716E+02  0.62083E+02  0.70160E+02
  0.56478E+02  0.14863E+02 -0.52899E+01 -0.46813E+02 -0.94269E+02 -0.99853E+02
 -0.83300E+02 -0.56023E+02 -0.51647E+02 -0.59434E+02 -0.43750E+02 -0.16609E+02
 -0.38453E+01  0.14902E+02  0.28805E+02  0.35865E+02  0.39321E+02  0.30053E+02
  0.11227E+02 -0.13698E+02 -0.29182E+02 -0.20410E+02  0.13704E+02  0.46642E+02
  0.67446E+02  0.78402E+02  0.68343E+02  0.50367E+02  0.39911E+02  0.13701E+02
 -0.11357E+02 -0.28594E+02 -0.25359E+02 -0.10141E+02 -0.19363E+02 -0.13962E+02
  0.23342E+01  0.10730E+02  0.29207E+02  0.27599E+02 -0.15020E+02 -0.51860E+02
 -0.54947E+02 -0.36589E+02 -0.28269E+02 -0.51008E+02 -0.53244E+02 -0.25752E+02
 -0.32890E+01 -0.15424E+02 -0.37101E+02 -0.47504E+02 -0.48769E+02 -0.20970E+02
  0.14699E+02  0.27202E+02  0.13835E+02  0.97528E+01 -0.14970E+02 -0.55617E+02
 -0.66662E+02 -0.80291E+02 -0.77736E+02 -0.42907E+02  0.51076E+01  0.37646E+02
  0.62890E+02  0.75928E+02  0.42629E+02  0.27333E+01 -0.11094E+02 -0.31607E+01
 -0.10942E+02 -0.18032E+00  0.69360E+00 -0.15570E+01  0.28440E+02  0.40344E+02
  0.52701E+02  0.81046E+02  0.96002E+02  0.10107E+03  0.12693E+03  0.13619E+03
  0.99547E+02  0.62761E+02  0.15652E+02 -0.40974E+02 -0.45609E+02 -0.11189E+02
 -0.77783E+00 -0.47390E+01 -0.85074E+01 -0.33450E+02 -0.56418E+02 -0.65743E+02
 -0.77655E+02 -0.72618E+02 -0.45366E+02 -0.33974E+02 -0.35339E+02 -0.41303E+02
 -0.47585E+02 -0.62268E+02 -0.62986E+02 -0.46343E+02 -0.29276E+02 -0.35885E+01
  0.34850E+02  0.58424E+02  0.35852E+02  0.41714E+01 -0.22199E+02 -0.45241E+02
 -0.54138E+02 -0.37310E+02 -0.33588E+02 -0.16712E+02 -0.27223E+01 -0.10644E+02
 -0.17942E+02 -0.10515E+01  0.30016E+02  0.39529E+02  0.47427E+02  0.16140E+02
 -0.29372E+02 -0.76824E+02 -0.86144E+02 -0.45620E+02 -0.10088E+02  0.18349E+02
  0.15331E+02  0.13366E+02  0.13964E+02 -0.11790E+02 -0.40433E+01 -0.57085E+01
 -0.21462E+02 -0.94387E+01  0.49053E+01  0.24989E+02  0.35000E+02  0.11349E+02
 -0.22831E+02 -0.22421E+02  0.96753E+01  0.37301E+02  0.41409E+02  0.20192E+02
 -0.71354E+01 -0.37243E+02 -0.52944E+02 -0.35570E+02 -0.19371E+02  0.32675E+01
  0.11325E+02  0.82446E+00 -0.15968E+02 -0.27215E+02 -0.20259E+02 -0.11022E+02
 -0.14731E+02 -0.24646E+02 -0.13954E+02  0.15636E+02  0.52423E+02  0.70591E+02
  0.55827E+02  0.37176E+02  0.40111E+02  0.49650E+02  0.56274E+02  0.61335E+02
  0.77432E+02  0.92502E+02  0.93533E+02  0.81621E+02  0.57251E+02  0.19948E+02
 -0.19248E+02 -0.40521E+02 -0.29576E+02 -0.84986E+01  0.61636E+01  0.18616E+02
  0.20705E+02  0.39541E+01 -0.26847E+02 -0.45352E+02 -0.46690E+02 -0.40252E+02
 -0.24507E+02 -0.11505E+02 -0.15309E+02 -0.28622E+02 -0.50520E+02 -0.60087E+02
 -0.53817E+02 -0.35997E+02 -0.68701E+01  0.57549E+01  0.81117E+01  0.93713E+01
  0.10264E+02 -0.77251E+01 -0.43590E+02 -0.66323E+02 -0.68830E+02 -0.34078E+02
 -0.13081E+01  0.23051E+02  0.43217E+02  0.27630E+02  0.10245E+02 -0.24812E+01
  0.30474E+01  0.22555E+02  0.38766E+02  0.39358E+02  0.26416E+02  0.21119E+02
 -0.15019E+02 -0.39109E+02 -0.51756E+02 -0.69169E+02 -0.62674E+02 -0.61148E+02
 -0.43540E+02 -0.12210E+02  0.17212E+02  0.19211E+02  0.82505E+01  0.30944E+01
  0.14447E+02  0.49821E+02  0.64644E+02  0.55214E+02  0.46455E+02  0.42546E+02
  0.43222E+02  0.43262E+02  0.40335E+02  0.26951E+02  0.50460E+01 -0.16774E+02
 -0.37169E+02 -0.37508E+02 -0.23370E+02 -0.31884E+01  0.11535E+02  0.15261E+02
  0.12471E+02  0.10435E+02  0.67041E+01 -0.12236E+00 -0.71100E+01 -0.13650E+02
 -0.23344E+02 -0.38384E+02 -0.31925E+02 -0.24784E+02 -0.23742E+02 -0.10127E+02
  0.75351E+01  0.11737E+02 -0.90524E+01 -0.18791E+02 -0.18751E+02 -0.23811E+02
 -0.30029E+02 -0.22124E+02 -0.96140E+01 -0.32642E+01  0.99893E+01  0.17499E+02
  0.22974E+01 -0.26015E+01  0.14439E+02  0.29647E+02  0.40182E+02  0.50496E+02
  0.42783E+02  0.17049E+02 -0.87671E+01 -0.30973E+02 -0.36154E+02 -0.24059E+02
 -0.18647E+01  0.15689E+02  0.30117E+02  0.29037E+02  0.26752E+02  0.30140E+02
  0.17579E+02  0.85051E+01  0.72096E+01  0.13360E+02  0.24734E+02  0.20408E+02
  0.21617E+01 -0.12794E+02 -0.13091E+02 -0.13428E+01  0.21075E+02  0.48653E+02
  0.68485E+02  0.76554E+02  0.75543E+02  0.63584E+02  0.40884E+02  0.26638E+02
  0.15329E+02  0.88376E-01  0.37759E+00 -0.25326E+01 -0.18741E+02 -0.29180E+02
 -0.36694E+02 -0.31699E+02 -0.25022E+02 -0.99956E+01  0.49095E+01  0.49922E+01
 -0.70898E+01 -0.14881E+02 -0.97041E+01 -0.23223E+02 -0.36469E+02 -0.47250E+02
 -0.50217E+02 -0.38583E+02 -0.42438E+02 -0.56404E+02 -0.54236E+02 -0.34019E+02
 -0.17236E+02 -0.59539E+01 -0.22465E+01 -0.73426E+01 -0.58400E+01 -0.95460E+01
 -0.90446E+01 -0.50523E+01 -0.90935E+00 -0.44633E+01 -0.18728E+02 -0.30355E+02
 -0.37719E+02 -0.27644E+02 -0.15207E+02 -0.57601E+01  0.37382E+01  0.73749E+01
  0.61722E+01  0.56588E+01  0.14727E+02  0.29794E+02  0.34040E+02  0.23860E+02
  0.15126E+02  0.13788E+02  0.24107E+02  0.30302E+02  0.29725E+02  0.24005E+02
  0.28808E+02  0.33126E+02  0.36079E+02  0.38834E+02  0.18195E+02 -0.33453E+01
 -0.15412E+02 -0.13171E+02  0.60528E+01  0.18313E+02  0.20447E+02  0.15415E+02
  0.25376E+01 -0.29583E+01 -0.87037E+01 -0.13982E+02 -0.10117E+02 -0.66512E+01
 -0.10775E+02 -0.81001E+01  0.34341E+01  0.13995E+02  0.15081E+02  0.10023E+02
  0.79104E+01  0.12299E+02  0.18063E+02  0.85956E+01 -0.84061E+01 -0.24258E+02
 -0.24870E+02 -0.12196E+02  0.16455E+01  0.80470E+01  0.12522E+01 -0.56056E+01
 -0.84975E+01 -0.88593E+01 -0.87943E+01 -0.34295E+01  0.41542E+01  0.10471E+02
  0.68773E+01 -0.71878E+00 -0.15450E+02 -0.22404E+02 -0.64891E+01  0.13786E+02
  0.27213E+02  0.26817E+02  0.12456E+02 -0.28850E+01 -0.59150E+01 -0.11116E+02
 -0.20956E+02 -0.30741E+02 -0.35641E+02 -0.37958E+02 -0.37803E+02 -0.40154E+02
 -0.45002E+02 -0.48959E+02 -0.54410E+02 -0.52085E+02 -0.45983E+02 -0.38530E+02
 -0.35159E+02 -0.29598E+02 -0.28958E+02 -0.25737E+02 -0.15878E+02 -0.11585E+02
 -0.83622E+01 -0.90730E+01 -0.11036E+02 -0.10566E+02 -0.12746E+02 -0.81688E+01
 -0.87880E+00  0.34358E+00  0.56234E+01  0.16935E+02  0.24877E+02  0.26850E+02
  0.30374E+02  0.29844E+02  0.22119E+02  0.14405E+02  0.13038E+02  0.12879E+02
  0.16754E+02  0.22205E+02  0.22219E+02  0.22309E+02  0.22088E+02  0.22513E+02
  0.27694E+02  0.37992E+02  0.50015E+02  0.58408E+02  0.58128E+02  0.50079E+02
  0.37372E+02  0.24797E+02  0.18106E+02  0.66465E+01  0.37914E+01  0.11698E+02
  0.19418E+02  0.20636E+02  0.14474E+02  0.76285E+01 -0.96156E-01 -0.31241E+01
 -0.78373E+01 -0.46831E+01  0.38844E+01  0.11961E+02  0.95362E+01  0.41686E+01
  0.27833E+01 -0.44007E+01 -0.12725E+02 -0.20126E+02 -0.21338E+02 -0.13864E+02
  0.62459E+01  0.11446E+02  0.64608E+01  0.98299E-01 -0.78469E+01 -0.77061E+01
 -0.14401E+02 -0.21349E+02 -0.20129E+02 -0.19184E+02 -0.15587E+02 -0.49674E+01
  0.47235E+01  0.81452E+01  0.81884E+01  0.60875E+01  0.23915E+01  0.66730E+01
 -0.11471E+01 -0.11253E+02 -0.12440E+02 -0.83932E+01 -0.70333E+01 -0.76356E+01
 -0.15403E+01  0.41375E+01  0.43750E+01 -0.35610E+01 -0.11561E+02 -0.21113E+02
 -0.21197E+02 -0.10527E+02 -0.34543E+00 -0.20054E+01 -0.13420E+02 -0.23031E+02
 -0.28372E+02 -0.30314E+02 -0.26664E+02 -0.15913E+02 -0.76827E+01 -0.15205E+00
  0.76728E+01  0.10468E+02  0.11983E+02  0.92631E+01  0.84846E+01  0.89916E+01
  0.11250E+02  0.18284E+02  0.22732E+02  0.18640E+02  0.12444E+02  0.61398E+01
  0.56887E+01  0.64361E+01  0.10973E+01 -0.13782E+01 -0.16162E+01 -0.39291E+01
 -0.83882E+01 -0.12012E+02 -0.13902E+02 -0.10653E+02 -0.50784E+01 -0.47686E+01
 -0.12889E+02 -0.22150E+02 -0.26701E+02 -0.20387E+02 -0.94159E+01 -0.54942E+00
  0.30662E+01  0.20294E+01 -0.42285E+01 -0.60747E+01 -0.55776E+01 -0.83827E+01
 -0.50254E+01  0.10628E+01  0.34358E+01 -0.16949E+01 -0.58994E+01 -0.11171E+02
 -0.10942E+02 -0.12063E+02 -0.10219E+02 -0.35151E+01 -0.56271E+01 -0.90184E+01
 -0.92390E+01 -0.81685E+01 -0.64990E+01  0.13782E+01  0.61992E+01  0.66455E+01
  0.10026E+02  0.16858E+02  0.20545E+02  0.22597E+02  0.27213E+02  0.32663E+02
  0.32313E+02  0.28266E+02  0.21438E+02  0.12271E+02  0.91785E+01  0.11405E+02
  0.17164E+02  0.21560E+02  0.18691E+02  0.17704E+02  0.16884E+02  0.13028E+02
  0.79679E+01 -0.32513E-01 -0.27238E+01 -0.33001E+01 -0.56368E+01 -0.87562E+01
 -0.12754E+02 -0.19276E+02 -0.22350E+02 -0.22670E+02 -0.17510E+02 -0.12943E+02
 -0.13189E+02 -0.94971E+01 -0.70610E+01 -0.10037E+02 -0.13670E+02 -0.14662E+02
 -0.10806E+02 -0.42960E+01  0.12968E+01  0.15202E+01 -0.16947E+01 -0.28926E+01
 -0.42023E+01 -0.22627E+01  0.23458E+01  0.91813E+01  0.10999E+02  0.65607E+01
  0.27405E+01 -0.31079E+01 -0.10887E+02 -0.21501E+02 -0.23601E+02 -0.21800E+02
 -0.18881E+02 -0.17092E+02 -0.16728E+02 -0.15475E+02 -0.14969E+02 -0.79024E+01
 -0.30268E+01  0.26219E+01  0.10560E+02  0.19750E+02  0.21016E+02  0.14131E+02
  0.12654E+02  0.13872E+02  0.12794E+02  0.12276E+02  0.10356E+02  0.60478E+01
  0.46606E+01  0.63382E+01  0.98039E+01  0.10968E+02  0.99004E+01  0.11375E+02
  0.78014E+01  0.26200E+01  0.16858E+01  0.19433E+01  0.15508E+01  0.18476E+01
  0.24862E+01  0.23555E+01  0.22414E+00 -0.19078E+01 -0.17876E+01 -0.20400E+01
 -0.14291E+01  0.37873E+01  0.45092E+01  0.31537E+01  0.72861E+01  0.12673E+02
  0.17067E+02  0.16968E+02  0.15638E+02  0.12084E+02  0.53934E+01 -0.17277E+01
 -0.32129E+01 -0.66544E+00 -0.72888E+00 -0.26311E+01 -0.67797E+01 -0.51810E+01
 -0.31678E+01 -0.36147E+01 -0.47037E+01 -0.75568E+01 -0.22670E+00 -0.31937E+01
 -0.13249E+02 -0.13027E+02 -0.12397E+02 -0.89948E+01 -0.15799E+01  0.49579E+01
  0.59261E+01  0.60072E+01  0.19328E+01 -0.59722E+01 -0.12044E+02 -0.16364E+02
 -0.16931E+02 -0.15455E+02 -0.12616E+02 -0.15487E+02 -0.26727E+02 -0.32040E+02
 -0.30215E+02 -0.23943E+02 -0.14296E+02  0.57308E+00  0.10779E+02  0.47864E+01
 -0.39207E+01 -0.69370E+01 -0.42909E+01  0.69778E+00  0.43353E-01 -0.56468E+01
 -0.10704E+02 -0.67374E+01  0.26082E+01  0.83201E+01  0.60067E+01  0.14265E+01
  0.12966E+01  0.79504E+01  0.18562E+02  0.22373E+02  0.16732E+02  0.12043E+02
  0.81886E+01  0.43073E+01  0.96383E+01  0.96051E+01 -0.47822E+00 -0.19319E+01
  0.79043E+01  0.20302E+02  0.21110E+02  0.13874E+02  0.92797E+01  0.62710E+01
  0.73277E+01  0.13032E+02  0.16598E+02  0.16548E+02  0.19976E+02  0.21653E+02
  0.19605E+02  0.16358E+02  0.16971E+02  0.25453E+02  0.32311E+02  0.33166E+02
  0.29802E+02  0.22950E+02  0.10449E+02  0.37682E+01  0.33056E+01  0.19459E+01
  0.29861E+01  0.13060E+01 -0.29036E+01 -0.12870E+02 -0.19836E+02 -0.17448E+02
 -0.17269E+02 -0.14824E+02 -0.93891E+01 -0.74049E+01 -0.99744E+01 -0.14050E+02
 -0.15143E+02 -0.98753E+01 -0.47337E+01 -0.17250E+01  0.63711E+00  0.55198E+01
  0.93347E+01  0.60958E+01  0.40022E+01  0.17891E+00 -0.30274E+01 -0.19602E+01
 -0.30476E+01 -0.61016E+01 -0.11777E+02 -0.14820E+02 -0.14470E+02 -0.16823E+02
 -0.17490E+02 -0.17473E+02 -0.17464E+02 -0.18915E+02 -0.19670E+02 -0.15982E+02
 -0.13762E+02 -0.86939E+01 -0.53683E+01 -0.58239E+01 -0.69553E+01 -0.81865E+01
 -0.10376E+02 -0.14559E+02 -0.15809E+02 -0.14741E+02 -0.99954E+01 -0.63550E+01
 -0.69742E+00  0.51366E+01  0.23826E+01 -0.38666E+01 -0.72829E+01 -0.70366E+01
  0.38466E+00  0.42862E+01  0.13138E+01 -0.40668E+01 -0.74443E+01 -0.80120E+01
 -0.75272E+01 -0.67833E+01 -0.62459E+01 -0.24607E+01  0.23978E+01  0.60663E+01
  0.87043E+01  0.11519E+02  0.94095E+01  0.42391E+01 -0.86551E+00 -0.33291E+01
 -0.42101E+01 -0.61024E+00  0.97933E+00 -0.37407E+00 -0.24211E+01 -0.61547E+01
 -0.23022E+01  0.55330E+01  0.11818E+02  0.16036E+02  0.19408E+02  0.18272E+02
  0.15415E+02  0.12489E+02  0.99701E+01  0.93938E+01  0.97305E+01  0.16912E+02
  0.23392E+02  0.24613E+02  0.24324E+02  0.24845E+02  0.27829E+02  0.33556E+02
  0.38433E+02  0.37785E+02  0.31409E+02  0.24498E+02  0.19244E+02  0.13787E+02
  0.12439E+02  0.12105E+02  0.11888E+02  0.10073E+02  0.53679E+01 -0.15365E+01
 -0.79409E+01 -0.10844E+02 -0.13280E+02 -0.16081E+02 -0.17141E+02 -0.16460E+02
 -0.19244E+02 -0.21577E+02 -0.22191E+02 -0.20390E+02 -0.16891E+02 -0.17301E+02
 -0.18648E+02 -0.21237E+02 -0.19849E+02 -0.15219E+02 -0.10993E+02 -0.71128E+01
 -0.65994E+01 -0.56314E+01 -0.27457E+01 -0.59376E+01 -0.11855E+02 -0.16769E+02
 -0.20140E+02 -0.17307E+02 -0.14356E+02 -0.93957E+01 -0.63118E+01 -0.19403E+01
 -0.24750E+00 -0.28086E+01 -0.51375E+01 -0.79538E+01 -0.84154E+01 -0.10101E+02
 -0.10517E+02 -0.71518E+01 -0.32245E+01 -0.28592E+01 -0.12451E+01  0.13845E+01
  0.12373E+01  0.45307E+01  0.87811E+01  0.10816E+02  0.13511E+02  0.10860E+02
  0.60033E+01  0.56639E+01  0.34564E+01  0.62183E+01  0.10829E+02  0.12833E+02
  0.13005E+02  0.64169E+01 -0.14848E+00 -0.44553E+01 -0.54056E+01 -0.21977E+01
  0.37477E+01  0.83177E+01  0.10764E+02  0.65627E+01  0.46685E+01  0.30294E+01
  0.53175E+00  0.21027E+01  0.20519E+01  0.50366E+01  0.52146E+01  0.76198E+00
 -0.44129E+01 -0.10702E+02 -0.14292E+02 -0.10515E+02 -0.50227E+01 -0.26680E+01
 -0.36826E+00 -0.77675E+00 -0.55252E+01 -0.78535E+01 -0.78185E+01 -0.62158E+01
 -0.71482E+00  0.44555E+01  0.61914E+01  0.59112E+01  0.20742E+01  0.12980E+01
 -0.10153E+01  0.51586E+00  0.50062E+01  0.52384E+01  0.85275E+01  0.10617E+02
  0.14783E+02  0.16263E+02  0.18255E+02  0.22425E+02  0.22130E+02  0.20223E+02
  0.16246E+02  0.11214E+02  0.68260E+01  0.10397E+01 -0.13711E+01 -0.14241E+01
 -0.15083E+01 -0.28927E+01 -0.56066E+01 -0.60494E+01 -0.90206E+01 -0.13085E+02
 -0.13090E+02 -0.11415E+02 -0.89403E+01 -0.60675E+01 -0.39898E+01 -0.45599E+01
 -0.99863E+01 -0.17218E+02 -0.21936E+02 -0.23341E+02 -0.24093E+02 -0.15986E+02
 -0.98177E+01 -0.73801E+01 -0.77198E+01 -0.95994E+01 -0.93900E+01 -0.78112E+01
 -0.41552E+01 -0.24672E+01  0.12244E+01  0.33778E+01  0.57167E+01  0.44239E+01
  0.23074E+01 -0.11324E+01 -0.48422E+01 -0.38819E+01  0.67757E+00  0.50963E+01
  0.52871E+01  0.39950E+01  0.40082E+01  0.78538E+01  0.10429E+02  0.16159E+02
  0.17537E+02  0.17262E+02  0.18753E+02  0.17602E+02  0.16622E+02  0.13272E+02
  0.14968E+02  0.17125E+02  0.14905E+02  0.11825E+02  0.67772E+01  0.14530E+01
 -0.25372E+01 -0.57557E+01 -0.66759E+01 -0.62416E+01 -0.82302E+01 -0.10571E+02
 -0.16810E+02 -0.25721E+02 -0.32328E+02 -0.32805E+02 -0.32666E+02 -0.31106E+02
 -0.29052E+02 -0.30126E+02 -0.29279E+02 -0.30370E+02 -0.26751E+02 -0.21814E+02
 -0.15943E+02 -0.84802E+01 -0.29678E+01  0.19382E+00  0.11937E+01  0.14985E-01
 -0.26121E+01  0.19897E+01  0.72459E+01  0.12732E+02  0.14053E+02  0.95905E+01
  0.82898E+01  0.57582E+01  0.47540E+01  0.48180E+01  0.61931E+01  0.92892E+01
  0.83137E+01  0.81790E+01  0.61910E+01  0.33644E+01  0.69154E+00  0.12254E+01
  0.14624E+01  0.28561E+01  0.59766E+01  0.56064E+01  0.72242E+01  0.59794E+01
  0.66198E+01  0.10104E+02  0.13637E+02  0.18254E+02  0.19457E+02  0.20100E+02
  0.19933E+02  0.23774E+02  0.21418E+02  0.17965E+02  0.16881E+02  0.14633E+02
  0.15288E+02  0.15314E+02  0.18652E+02  0.16192E+02  0.14043E+02  0.10908E+02
  0.55745E+01  0.48732E+01  0.22567E+01 -0.30765E-01  0.23593E+01  0.32703E+01
  0.93847E+00 -0.24942E+01 -0.29026E+01 -0.34133E+01 -0.68745E+01 -0.76758E+01
 -0.95462E+01 -0.13172E+02 -0.12311E+02 -0.10157E+02 -0.87716E+01 -0.94785E+01
 -0.73632E+01 -0.62251E+01 -0.80546E+01 -0.74680E+01 -0.72947E+01 -0.36528E+01
 -0.22916E+01  0.10595E+01  0.15732E+01 -0.88169E+00 -0.18550E+01 -0.51601E+01
 -0.57073E+01 -0.64842E+01 -0.61025E+01 -0.71522E+01 -0.10186E+02 -0.13149E+02
 -0.11629E+02 -0.13237E+02 -0.16106E+02 -0.12590E+02 -0.88615E+01 -0.69709E+01
 -0.72471E+01 -0.73899E+01 -0.10259E+02 -0.12118E+02 -0.12175E+02 -0.12290E+02
 -0.12086E+02 -0.12263E+02 -0.11531E+02 -0.11155E+02 -0.90560E+01 -0.39325E+01
 -0.54027E-01  0.51654E+00  0.12070E+01  0.14736E+01  0.17720E+01  0.44575E+01
  0.20463E+01 -0.24539E+01 -0.23286E+01  0.54086E+00  0.44415E+01  0.84755E+01
  0.11530E+02  0.13852E+02  0.16526E+02  0.17671E+02  0.17085E+02  0.18019E+02
  0.16345E+02  0.16547E+02  0.15697E+02  0.12834E+02  0.10192E+02  0.97243E+01
  0.11530E+02  0.10760E+02  0.10910E+02  0.79089E+01  0.68272E+01  0.82724E+01
  0.12029E+02  0.11929E+02  0.12173E+02  0.15598E+02  0.19325E+02  0.25195E+02
  0.24294E+02  0.21784E+02  0.18920E+02  0.14690E+02  0.94462E+01  0.26901E+01
 -0.31094E+01 -0.10116E+02 -0.14442E+02 -0.18434E+02 -0.18878E+02 -0.14921E+02
 -0.10662E+02 -0.65388E+01 -0.60113E+01 -0.56252E+01 -0.91377E+01 -0.10087E+02
 -0.10411E+02 -0.12550E+02 -0.14565E+02 -0.13807E+02 -0.10481E+02 -0.91900E+01
 -0.60199E+01 -0.42760E+01 -0.86168E+00  0.25273E+01  0.18134E+01  0.10156E+01
  0.40122E+00 -0.27128E+01 -0.44300E+01 -0.74472E+01 -0.84212E+01 -0.81348E+01
 -0.67128E+01 -0.44887E+01 -0.40565E+01 -0.45482E+01 -0.31464E+01 -0.42313E-01

