 -0.12511E+01  0.14558E+01  0.34478E+01  0.20694E+01 -0.98571E+00  0.15084E+01
  0.33557E+01 -0.54055E+01 -0.72218E+01  0.23617E+01  0.57055E+01 -0.43621E+01
 -0.88309E+01  0.76438E+00  0.15811E+02  0.16928E+02 -0.54808E+01 -0.14189E+02
 -0.11956E+02 -0.75589E+00  0.47037E+01  0.22895E+01 -0.68779E+01 -0.77411E+01
 -0.41139E-01  0.50909E+01  0.18001E+02  0.28904E+02  0.63190E+01 -0.31113E+02
 -0.34988E+02 -0.16794E+02  0.10369E+02  0.23088E+02  0.29921E+02  0.45646E+01
 -0.24180E+02 -0.14998E+02 -0.21347E+01  0.70948E+01  0.15464E+02  0.11034E+02
 -0.14405E+02 -0.10053E+02  0.11997E+02  0.19073E+02  0.22836E+02  0.53034E+00
 -0.20435E+02 -0.29668E+02 -0.25477E+02 -0.65870E+01  0.18145E+02  0.22183E+02
  0.11809E+02  0.89683E+01  0.40907E+01 -0.14978E+02 -0.23368E+02 -0.91683E+01
 -0.26719E+01 -0.22195E+02 -0.15691E+02  0.25046E+02  0.31825E+02  0.28511E+01
 -0.20740E+02 -0.32951E+02 -0.23914E+02 -0.12178E+02 -0.55692E+01  0.57651E+01
  0.63060E+01 -0.11919E+02 -0.34524E+02 -0.12175E+02  0.35538E+02  0.39711E+02
 -0.63271E+01 -0.25416E+02 -0.37440E+02 -0.89569E+01  0.15181E+02  0.24849E+02
  0.27639E+02 -0.80602E+01 -0.44948E+02 -0.44645E+02 -0.95961E+01 -0.68435E+01
 -0.88467E+01  0.13733E+02  0.21473E+02 -0.13541E+02 -0.35492E+02 -0.23213E+02
  0.33565E+02  0.26527E+02 -0.36960E+01 -0.10512E+02 -0.33173E+02 -0.69215E+02
 -0.60241E+02  0.33338E+02  0.79451E+02  0.86547E+02  0.37504E+02 -0.29586E+02
 -0.57579E+02 -0.69408E+02 -0.24503E+02  0.25787E+02  0.48672E+02  0.41981E+02
 -0.17715E+01 -0.19126E+02 -0.10667E+02 -0.28677E+02 -0.37436E+02 -0.23491E+02
 -0.87306E+01 -0.13207E+02 -0.23664E+02 -0.27564E+01  0.40613E+02  0.65331E+02
  0.62351E+02  0.33580E+02 -0.49054E+01 -0.34534E+02 -0.53816E+02 -0.31358E+02
 -0.24805E+02 -0.23977E+02 -0.31278E+02 -0.36308E+02 -0.32236E+02 -0.41724E+02
 -0.53005E+02 -0.35858E+02 -0.12082E+02  0.21556E+02  0.73226E+02  0.90249E+02
  0.71993E+02  0.65595E+02  0.33705E+02 -0.34293E+02 -0.43165E+02 -0.48362E+02
 -0.59390E+02 -0.77325E+02 -0.74304E+02 -0.71436E+02 -0.50447E+02  0.54582E+01
  0.30196E+02  0.32690E+02  0.39828E+02  0.12540E+02 -0.21708E+02 -0.21209E+02
  0.19177E+01  0.52317E+02  0.53966E+02  0.20028E+02 -0.17720E+02 -0.31884E+02
 -0.13350E+02  0.11323E+02 -0.18165E+01 -0.47583E+02 -0.65883E+02 -0.21956E+02
  0.15709E+02  0.60670E+01  0.17241E+02  0.48829E+02  0.66652E+02  0.68322E+02
  0.82584E+02  0.10399E+03  0.11394E+03  0.12252E+03  0.13564E+03  0.15130E+03
  0.17099E+03  0.19279E+03  0.20215E+03  0.17436E+03  0.96378E+02 -0.10366E+02
 -0.10655E+03 -0.18085E+03 -0.22733E+03 -0.25298E+03 -0.26003E+03 -0.23871E+03
 -0.16201E+03  0.10748E+02  0.20138E+03  0.38230E+03  0.47665E+03  0.48170E+03
  0.39271E+03  0.28467E+03  0.20366E+03  0.48083E+02 -0.96807E+02 -0.19497E+03
 -0.25563E+03 -0.21218E+03 -0.10369E+03  0.12565E+02  0.16203E+03  0.16261E+03
  0.14955E+03  0.98359E+02 -0.77001E+01 -0.16929E+03 -0.28412E+03 -0.31879E+03
 -0.31315E+03 -0.33848E+03 -0.39471E+03 -0.43349E+03 -0.41532E+03 -0.22958E+03
 -0.62578E+01  0.26727E+03  0.45867E+03  0.47548E+03  0.35395E+03  0.20286E+03
 -0.18605E+02 -0.15180E+03 -0.24870E+03 -0.31833E+03 -0.32356E+03 -0.29995E+03
 -0.23590E+03 -0.15747E+03 -0.62442E+02 -0.72477E+01  0.10289E+02  0.12113E+02
  0.25180E+02  0.71189E+02  0.12575E+03  0.16475E+03  0.19897E+03  0.21037E+03
  0.21455E+03  0.19928E+03  0.17462E+03  0.16158E+03  0.15993E+03  0.17521E+03
  0.20367E+03  0.23537E+03  0.27013E+03  0.29357E+03  0.33164E+03  0.37508E+03
  0.44572E+03  0.48311E+03  0.56646E+03  0.59151E+03  0.26460E+03 -0.20088E+03
 -0.54144E+03 -0.63906E+03 -0.66493E+03 -0.66380E+03 -0.63130E+03 -0.56691E+03
 -0.45340E+03 -0.37146E+03 -0.34887E+03 -0.29510E+03 -0.27901E+03 -0.31425E+03
 -0.31226E+03 -0.31252E+03 -0.23331E+03 -0.89750E+02  0.90721E+00  0.15268E+03
  0.40655E+03  0.61406E+03  0.61453E+03  0.41634E+03  0.12814E+03 -0.11635E+03
 -0.30082E+03 -0.35158E+03 -0.17583E+03 -0.99764E+02 -0.67025E+02 -0.23914E+02
  0.33191E+02  0.66623E+02  0.62692E+02  0.57382E+02  0.50176E+02 -0.68520E+01
 -0.67140E+02 -0.94728E+02 -0.13321E+03 -0.13339E+03 -0.12182E+03 -0.96260E+02
 -0.47737E+02  0.30121E+02  0.11290E+03  0.20976E+03  0.31804E+03  0.33665E+03
  0.29022E+03  0.26378E+03  0.20457E+03  0.54364E+02 -0.70458E+02 -0.11423E+03
 -0.10073E+03 -0.34829E+02  0.20480E+02  0.91060E+02  0.17259E+03  0.19330E+03
  0.19612E+03  0.15491E+03  0.10072E+03  0.60241E+02 -0.43387E+02 -0.11927E+03
 -0.17474E+03 -0.22721E+03 -0.26918E+03 -0.34095E+03 -0.38614E+03 -0.45067E+03
 -0.43199E+03 -0.26258E+03 -0.83079E+02  0.60650E+02  0.18163E+03  0.24373E+03
  0.15282E+03  0.26304E+02 -0.80578E+02 -0.11716E+03 -0.12419E+03 -0.11356E+03
 -0.15870E+03 -0.23404E+03 -0.25375E+03 -0.23308E+03 -0.19271E+03 -0.15852E+03
 -0.11890E+03 -0.10722E+03 -0.11147E+03 -0.10839E+03 -0.52387E+02  0.89788E+01
  0.70646E+02  0.13576E+03  0.21130E+03  0.23792E+03  0.20619E+03  0.16341E+03
  0.13856E+03  0.13819E+03  0.13670E+03  0.15031E+03  0.18086E+03  0.19437E+03
  0.17638E+03  0.15578E+03  0.13970E+03  0.13189E+03  0.10434E+03  0.47657E+02
  0.22255E+02  0.26310E+02  0.52228E+02  0.10270E+03  0.18385E+03  0.22181E+03
  0.22446E+03  0.23221E+03  0.23545E+03  0.17902E+03  0.40387E+02 -0.47199E+02
 -0.10997E+03 -0.13849E+03 -0.14847E+03 -0.13173E+03 -0.12242E+03 -0.52478E+02
  0.96840E+02  0.21401E+03  0.28496E+03  0.29896E+03  0.30494E+03  0.28336E+03
  0.23826E+03  0.11383E+03  0.33312E+01 -0.15851E+02 -0.31771E+01  0.24581E+02
  0.47553E+02  0.56768E+02  0.50275E+02  0.22871E+02 -0.46752E+02 -0.11346E+03
 -0.15141E+03 -0.17666E+03 -0.19106E+03 -0.19870E+03 -0.19996E+03 -0.20869E+03
 -0.21528E+03 -0.22669E+03 -0.22155E+03 -0.16307E+03 -0.12014E+03 -0.78178E+02
 -0.39831E+02 -0.92794E+01  0.12551E+02  0.17133E+02  0.24537E+02  0.52715E+02
  0.14473E+03  0.22941E+03  0.23776E+03  0.13969E+03  0.63392E+02 -0.15231E+02
 -0.93004E+02 -0.12300E+03 -0.16130E+03 -0.18321E+03 -0.19971E+03 -0.19141E+03
 -0.18040E+03 -0.17307E+03 -0.16181E+03 -0.12739E+03 -0.11548E+03 -0.16093E+03
 -0.10303E+03 -0.15067E+02  0.52814E+02  0.12360E+03  0.15015E+03  0.18074E+03
  0.15515E+03  0.20136E+03  0.24522E+03  0.19865E+03  0.10016E+03  0.34290E+02
  0.30332E+00 -0.33662E+02 -0.68777E+02 -0.13558E+03 -0.18013E+03 -0.22188E+03
 -0.23156E+03 -0.21408E+03 -0.16225E+03 -0.10807E+03 -0.36562E+02  0.23270E+02
  0.45919E+02  0.15518E+02 -0.31881E+02 -0.32742E+02 -0.83778E+00  0.42830E+02
  0.76875E+02  0.92327E+02  0.75100E+02  0.59895E+02  0.71988E+02  0.99090E+02
  0.12059E+03  0.11944E+03  0.94168E+02  0.73807E+02  0.69005E+02  0.76694E+02
  0.85122E+02  0.92506E+02  0.99857E+02  0.89339E+02  0.70017E+02  0.49594E+02
  0.18031E+02 -0.16161E+02 -0.41750E+02 -0.55122E+02 -0.60029E+02 -0.64950E+02
 -0.75320E+02 -0.87483E+02 -0.97054E+02 -0.10099E+03 -0.94667E+02 -0.59483E+02
 -0.45997E+00  0.36518E+02  0.50138E+02  0.50475E+02  0.48350E+02  0.52673E+02
  0.56216E+02  0.55944E+02  0.53298E+02  0.49592E+02  0.45644E+02  0.39325E+02
  0.23600E+02  0.31000E+01 -0.13519E+02 -0.16318E+02 -0.61066E+01  0.87639E+01
  0.13677E+02  0.46245E+01 -0.11452E+02 -0.23602E+02 -0.27371E+02 -0.31760E+02
 -0.39114E+02 -0.50157E+02 -0.62534E+02 -0.69630E+02 -0.72075E+02 -0.78181E+02
 -0.83972E+02 -0.84241E+02 -0.71451E+02 -0.39852E+02 -0.11666E+02 -0.61998E+01
 -0.14457E+02 -0.21939E+02 -0.22939E+02 -0.10761E+02  0.77732E+01  0.21378E+02
  0.19297E+01 -0.29866E+02 -0.44585E+02 -0.44432E+02 -0.27910E+02 -0.12261E+02
 -0.30300E+01 -0.42922E+01 -0.56067E+01 -0.33948E+01 -0.21211E+01  0.81631E+01
  0.21761E+02  0.33824E+02  0.44202E+02  0.45812E+02  0.50802E+02  0.59740E+02
  0.72018E+02  0.87911E+02  0.10402E+03  0.11810E+03  0.12023E+03  0.11271E+03
  0.95411E+02  0.68505E+02  0.42750E+02  0.24441E+02  0.13751E+02  0.46685E+01
 -0.60825E+01 -0.20278E+02 -0.35036E+02 -0.44550E+02 -0.47402E+02 -0.37169E+02
 -0.20430E+02 -0.79502E+01 -0.50805E+00  0.55702E+01  0.14282E+02  0.16473E+02
  0.82494E+01 -0.64181E+01 -0.21617E+02 -0.24949E+02 -0.17027E+02 -0.71312E+01
 -0.12735E+01 -0.26728E+01 -0.82569E+01 -0.15199E+02 -0.23262E+02 -0.29920E+02
 -0.34778E+02 -0.37503E+02 -0.34763E+02 -0.31683E+02 -0.32627E+02 -0.34441E+02
 -0.36028E+02 -0.33580E+02 -0.25956E+02 -0.16144E+02 -0.10146E+02 -0.80709E+01
 -0.73991E+01 -0.10219E+02 -0.15414E+02 -0.21707E+02 -0.20254E+02 -0.14743E+02
 -0.90069E+01 -0.22288E+01 -0.23497E+01 -0.54466E+01 -0.11198E+01  0.60395E+01
  0.15512E+02  0.21999E+02  0.17666E+02  0.12571E+02  0.13341E+02  0.19305E+02
  0.30106E+02  0.35005E+02  0.23169E+02 -0.39789E+01 -0.34301E+02 -0.54886E+02
 -0.62132E+02 -0.53698E+02 -0.36015E+02 -0.12715E+02  0.13846E+02  0.33096E+02
  0.38591E+02  0.38612E+02  0.37270E+02  0.39025E+02  0.44448E+02  0.45229E+02
  0.38242E+02  0.26660E+02  0.13044E+02  0.13160E+01 -0.56539E+01 -0.97757E+01
 -0.15317E+02 -0.28948E+02 -0.43216E+02 -0.51857E+02 -0.49430E+02 -0.36778E+02
 -0.19933E+02 -0.67179E+01 -0.21357E+01  0.14924E+01  0.92469E+01  0.19648E+02
  0.22245E+02  0.73636E+01 -0.18715E+02 -0.39970E+02 -0.53035E+02 -0.55619E+02
 -0.47288E+02 -0.32325E+02 -0.18240E+02 -0.86613E+01 -0.53634E+01 -0.12951E+02
 -0.26391E+02 -0.36729E+02 -0.43392E+02 -0.45145E+02 -0.43330E+02 -0.40606E+02
 -0.33963E+02 -0.21494E+02 -0.25894E+01  0.20775E+02  0.42848E+02  0.59743E+02
  0.69487E+02  0.69569E+02  0.64289E+02  0.55580E+02  0.47869E+02  0.41298E+02
  0.31853E+02  0.16358E+02 -0.45111E+01 -0.22996E+02 -0.33907E+02 -0.36415E+02
 -0.33816E+02 -0.28387E+02 -0.17526E+02  0.53620E+01  0.35055E+02  0.59544E+02
  0.76372E+02  0.74446E+02  0.66169E+02  0.55669E+02  0.37888E+02  0.19237E+02
  0.41063E+01 -0.10836E+01  0.34611E+01  0.17278E+02  0.33397E+02  0.35982E+02
  0.20777E+02  0.61281E+01 -0.26843E+01 -0.46032E+00  0.90227E+01  0.14009E+02
  0.11215E+02  0.46273E+01  0.21722E+01  0.72533E+01  0.19349E+02  0.28437E+02
  0.24707E+02  0.10452E+02 -0.51746E+01 -0.13654E+02 -0.15016E+02 -0.12676E+02
 -0.11514E+02 -0.11376E+02 -0.57547E+01  0.91069E+00  0.10121E+02  0.19056E+02
  0.21902E+02  0.21208E+02  0.24249E+02  0.26552E+02  0.20330E+02  0.80454E+01
 -0.75936E+01 -0.23179E+02 -0.40765E+02 -0.57689E+02 -0.72743E+02 -0.75604E+02
 -0.66541E+02 -0.33918E+02  0.86261E+01  0.32651E+02  0.47480E+02  0.48413E+02
  0.39205E+02  0.24654E+02  0.11411E+02  0.14227E+01 -0.72217E+01 -0.15022E+02
 -0.19548E+02 -0.21232E+02 -0.19785E+02 -0.14301E+02 -0.74333E+01 -0.58874E+01
 -0.99193E+01 -0.12123E+02 -0.14816E+02 -0.20759E+02 -0.31714E+02 -0.46549E+02
 -0.60219E+02 -0.66016E+02 -0.66028E+02 -0.61311E+02 -0.56914E+02 -0.48372E+02
 -0.31799E+02  0.30222E+01  0.38606E+02  0.55312E+02  0.60683E+02  0.53802E+02
  0.41398E+02  0.25693E+02  0.13089E+02  0.49462E+01  0.27222E+00  0.28008E+01
  0.14118E+02  0.29321E+02  0.39754E+02  0.39942E+02  0.32509E+02  0.25832E+02
  0.23620E+02  0.28029E+02  0.34839E+02  0.39761E+02  0.41476E+02  0.35838E+02
  0.30942E+02  0.29472E+02  0.27714E+02  0.20953E+02  0.61957E+01 -0.81410E+01
 -0.18604E+02 -0.26210E+02 -0.33923E+02 -0.41747E+02 -0.49758E+02 -0.56872E+02
 -0.60047E+02 -0.55223E+02 -0.48549E+02 -0.44716E+02 -0.40240E+02 -0.34725E+02
 -0.27009E+02 -0.19971E+02 -0.15235E+02 -0.16611E+02 -0.24422E+02 -0.31544E+02
 -0.37571E+02 -0.42496E+02 -0.47841E+02 -0.46504E+02 -0.32900E+02 -0.12160E+02
  0.12725E+02  0.34067E+02  0.44760E+02  0.38847E+02  0.25910E+02  0.11701E+02
  0.12821E+01 -0.23526E+01 -0.10523E+01 -0.16228E+00 -0.37759E+01 -0.10889E+02
 -0.18860E+02 -0.22114E+02 -0.21454E+02 -0.12378E+02 -0.18088E+01  0.44385E+01
  0.11659E+02  0.21432E+02  0.29748E+02  0.33788E+02  0.31989E+02  0.22629E+02
  0.12821E+02  0.12006E+02  0.20068E+02  0.29761E+02  0.38362E+02  0.43463E+02
  0.46741E+02  0.50818E+02  0.51032E+02  0.41603E+02  0.25533E+02  0.57834E+01
 -0.12343E+02 -0.15784E+02 -0.12019E+02 -0.93868E+01 -0.84585E+01 -0.93416E+01
 -0.12587E+02 -0.15458E+02 -0.14977E+02 -0.14646E+02 -0.11926E+02 -0.57732E+01
  0.45441E+01  0.13210E+02  0.14678E+02  0.98151E+01  0.37257E+00 -0.72469E+01
 -0.76621E+01 -0.56734E+01 -0.51612E+01 -0.70200E+01 -0.11355E+02 -0.12990E+02
 -0.11346E+02 -0.10469E+02 -0.15060E+02 -0.21656E+02 -0.25793E+02 -0.22690E+02
 -0.12262E+02  0.87183E-01  0.13187E+02  0.24510E+02  0.34070E+02  0.39607E+02
  0.40446E+02  0.36067E+02  0.26745E+02  0.14542E+02  0.27764E+01 -0.24466E+01
 -0.39464E+01 -0.41833E+01 -0.54935E+01 -0.56632E+01 -0.22561E+01 -0.11945E+00
 -0.10038E+01 -0.30645E+01 -0.64357E+01 -0.93509E+01 -0.11145E+02 -0.12762E+02
 -0.15407E+02 -0.18263E+02 -0.22969E+02 -0.26273E+02 -0.22918E+02 -0.17168E+02
 -0.10863E+02 -0.65407E+01 -0.52750E+01 -0.55261E+01 -0.37376E+01 -0.12106E+01
  0.32738E+00  0.36397E+01  0.11494E+02  0.22261E+02  0.30738E+02  0.33836E+02
  0.27296E+02  0.16146E+02  0.53083E+01 -0.13264E+01 -0.36767E+01 -0.28915E+01
 -0.26359E+01 -0.34708E+01 -0.28401E+01  0.97511E+00  0.10471E+02  0.21807E+02
  0.29349E+02  0.29268E+02  0.24155E+02  0.18723E+02  0.13131E+02  0.47238E+01
 -0.46325E+01 -0.97775E+01 -0.90585E+01 -0.68042E+01 -0.41139E+01 -0.29539E+01
 -0.24644E+01  0.11593E+01  0.52305E+01  0.83261E+01  0.90351E+01  0.77080E+01
  0.95229E+01  0.12986E+02  0.12280E+02  0.52687E+01 -0.58249E+01 -0.13414E+02
 -0.15341E+02 -0.14615E+02 -0.15139E+02 -0.16055E+02 -0.16332E+02 -0.14540E+02
 -0.10022E+02 -0.90459E+01 -0.14165E+02 -0.20560E+02 -0.22245E+02 -0.21895E+02
 -0.18342E+02 -0.11956E+02 -0.50968E+01  0.23087E+01  0.10229E+02  0.16935E+02
  0.21390E+02  0.22755E+02  0.18789E+02  0.93053E+01 -0.53503E+01 -0.23484E+02
 -0.39252E+02 -0.47117E+02 -0.48076E+02 -0.43327E+02 -0.34025E+02 -0.25572E+02
 -0.17061E+02 -0.14555E+02 -0.16229E+02 -0.15455E+02 -0.12506E+02 -0.11800E+02
 -0.12637E+02 -0.10078E+02 -0.82463E+01 -0.42257E+01  0.74177E+00  0.49187E+01
  0.71467E+01  0.77916E+01  0.88968E+01  0.10390E+02  0.10065E+02  0.82015E+01
  0.67713E+01  0.65093E+01  0.77501E+01  0.10729E+02  0.14725E+02  0.17983E+02
  0.18313E+02  0.16954E+02  0.11929E+02  0.53114E+01  0.21100E+01  0.22295E+01
  0.95933E+01  0.21157E+02  0.33634E+02  0.41868E+02  0.46191E+02  0.47115E+02
  0.47684E+02  0.46262E+02  0.40547E+02  0.34313E+02  0.24654E+02  0.13460E+02
  0.42285E+01 -0.11540E+01 -0.34549E+01 -0.18690E+01  0.46239E+01  0.82403E+01
  0.60044E+01 -0.70393E+00 -0.80942E+01 -0.12148E+02 -0.15733E+02 -0.16816E+02
 -0.14782E+02 -0.13545E+02 -0.13542E+02 -0.12670E+02 -0.11377E+02 -0.97016E+01
 -0.11785E+02 -0.17785E+02 -0.20673E+02 -0.19453E+02 -0.12721E+02 -0.54299E+01
  0.37051E+00  0.60245E+01  0.10060E+02  0.14584E+02  0.15223E+02  0.84948E+01
 -0.27945E+01 -0.16274E+02 -0.27315E+02 -0.32898E+02 -0.34746E+02 -0.35022E+02
 -0.36806E+02 -0.38278E+02 -0.39443E+02 -0.39744E+02 -0.35984E+02 -0.32248E+02
 -0.26963E+02 -0.19951E+02 -0.13006E+02 -0.50803E+01  0.67854E+00  0.52117E+01
  0.57314E+01  0.35264E+01  0.24325E+01  0.16507E+01  0.29309E+01  0.71776E+01
  0.12859E+02  0.18796E+02  0.19832E+02  0.15349E+02  0.74876E+01  0.68830E+00
 -0.45784E+00  0.16971E+00  0.24530E+00  0.16938E+01  0.28915E+01  0.49403E+01
  0.45750E+01 -0.14252E+01 -0.63488E+01 -0.84800E+01 -0.50754E+01  0.13748E+01
  0.71387E+01  0.10693E+02  0.12915E+02  0.95896E+01  0.49266E+01  0.78199E-01
 -0.24365E+01 -0.87002E+00 -0.62091E+00  0.80200E+00 -0.54765E+00 -0.33053E+01
 -0.45724E+01 -0.42525E+01 -0.69031E+01 -0.92200E+01 -0.83627E+01 -0.43005E+01
  0.17699E+01  0.88685E+01  0.14858E+02  0.18004E+02  0.17511E+02  0.12251E+02
  0.65816E+01  0.29872E+01  0.23416E+01  0.21187E+01  0.35983E+01  0.59265E+01
  0.91306E+01  0.96884E+01  0.56616E+01  0.70794E+00 -0.11990E+01  0.24436E+01
  0.68333E+01  0.11191E+02  0.12659E+02  0.14469E+02  0.20118E+02  0.25372E+02
  0.29114E+02  0.31686E+02  0.30920E+02  0.28950E+02  0.27065E+02  0.24321E+02
  0.20515E+02  0.16705E+02  0.15689E+02  0.16490E+02  0.16285E+02  0.15067E+02
  0.11911E+02  0.11737E+02  0.12057E+02  0.87893E+01  0.41995E+01 -0.62961E+00
 -0.25598E+00  0.22261E+01  0.70203E+01  0.10276E+02  0.12284E+02  0.10162E+02
  0.40171E+01 -0.20973E+00 -0.30515E+01 -0.15248E+01 -0.32534E-01  0.13144E+00
 -0.91196E+00 -0.30884E+01 -0.72456E+01 -0.13355E+02 -0.18986E+02 -0.23684E+02
 -0.27523E+02 -0.30475E+02 -0.31755E+02 -0.32588E+02 -0.31123E+02 -0.29592E+02
 -0.26958E+02 -0.23087E+02 -0.21280E+02 -0.18809E+02 -0.19095E+02 -0.20796E+02
 -0.23428E+02 -0.24293E+02 -0.19706E+02 -0.13933E+02 -0.84639E+01 -0.56504E+01
 -0.52798E+01 -0.55685E+01 -0.43194E+01 -0.26351E+01 -0.19575E+01 -0.81953E+00
  0.88399E-01  0.19163E+01  0.40833E+01  0.55905E+01  0.67832E+01  0.79425E+01
  0.69383E+01  0.47716E+01  0.48706E+01  0.47153E+01  0.67027E+01  0.77858E+01
  0.71737E+01  0.38658E+01  0.10376E+01  0.23798E+01  0.32630E+01  0.46692E+01
  0.50831E+01  0.79465E+01  0.12547E+02  0.14483E+02  0.10045E+02  0.22026E+01
 -0.56815E+01 -0.11596E+02 -0.15259E+02 -0.16037E+02 -0.13022E+02 -0.11641E+02
 -0.10185E+02 -0.79636E+01 -0.53196E+01 -0.10861E+01  0.14842E+01  0.10593E+01
 -0.30165E+01 -0.78424E+01 -0.11416E+02 -0.14372E+02 -0.14359E+02 -0.83125E+01
 -0.96869E-01  0.47808E+01  0.64789E+01  0.56338E+01  0.26803E+01 -0.98953E+00
 -0.25220E+01 -0.30447E+01  0.45806E+00  0.61131E+01  0.74955E+01  0.52789E+01
 -0.11377E+00 -0.47494E+01 -0.67369E+01 -0.78232E+01 -0.88767E+01 -0.89958E+01
 -0.43902E+01  0.14385E+01  0.80421E+01  0.10293E+02  0.10015E+02  0.80695E+01
  0.57182E+01  0.55658E+01  0.64695E+01  0.85197E+01  0.12214E+02  0.16078E+02
  0.17160E+02  0.16747E+02  0.13363E+02  0.10948E+02  0.97365E+01  0.97906E+01
  0.88149E+01  0.54826E+01  0.24548E+01  0.74808E-01 -0.94682E+00 -0.15620E+00
  0.51647E+00  0.13431E+01 -0.38900E-01 -0.23356E+01 -0.38395E+01 -0.54388E+01
 -0.34099E+01 -0.24707E+01 -0.27849E+01 -0.40964E+01 -0.55562E+01 -0.37768E+01
 -0.92377E+00  0.36083E+01  0.65071E+01  0.89880E+01  0.10854E+02  0.11074E+02
  0.10424E+02  0.50945E+01 -0.65546E-01 -0.41969E+01 -0.70982E+01 -0.77022E+01
 -0.35985E+01  0.30476E+01  0.95887E+01  0.12537E+02  0.11001E+02  0.80327E+01
  0.49060E+01  0.40426E+01  0.73115E+00 -0.53704E+00  0.87542E-01  0.16710E+01
  0.23173E+01  0.56739E+00 -0.13619E+01 -0.48092E+01 -0.48333E+01 -0.35661E+01
 -0.35244E+01 -0.42972E+01 -0.39210E+01 -0.36594E+01 -0.19266E+01 -0.21500E+01
 -0.13255E+01  0.17282E+00  0.97072E+00  0.15062E+00 -0.34556E+01 -0.60450E+01
 -0.10508E+02 -0.12666E+02 -0.13686E+02 -0.13067E+02 -0.11405E+02 -0.79576E+01
 -0.59390E+01 -0.63220E+01 -0.90211E+01 -0.11682E+02 -0.12842E+02 -0.11969E+02
 -0.96218E+01 -0.74357E+01 -0.21551E+01  0.14887E+01  0.11432E+01 -0.16593E+01
 -0.78613E+01 -0.13104E+02 -0.12823E+02 -0.93205E+01 -0.51695E+01 -0.23201E+01
  0.50078E+00  0.34378E+01  0.58587E+01  0.77601E+01  0.95216E+01  0.10663E+02
  0.86602E+01  0.29522E+01 -0.31963E+01 -0.70369E+01 -0.89125E+01 -0.77705E+01
 -0.51274E+01 -0.14059E+01  0.13231E+01  0.29915E+01  0.38487E+01  0.44020E+01
  0.79302E+01  0.83436E+01  0.90361E+01  0.86268E+01  0.82226E+01  0.90358E+01
  0.10186E+02  0.13803E+02  0.15675E+02  0.16138E+02  0.15100E+02  0.14365E+02
  0.14296E+02  0.13595E+02  0.12540E+02  0.12808E+02  0.12104E+02  0.10432E+02
  0.73164E+01  0.40837E+01  0.23683E+01  0.38312E+01  0.45385E+01  0.57616E+01
  0.71674E+01  0.56795E+01  0.54985E+01  0.50977E+01  0.59763E+01  0.70107E+01
  0.62848E+01  0.54730E+01  0.48289E+01  0.40453E+01  0.16962E+01 -0.43961E+00
 -0.31338E+01 -0.51321E+01 -0.58517E+01 -0.66087E+01 -0.82562E+01 -0.10622E+02
 -0.11037E+02 -0.11991E+02 -0.12418E+02 -0.10702E+02 -0.74806E+01 -0.41204E+01
 -0.11292E+01  0.99412E+00  0.17890E+01  0.36748E+00 -0.86826E+00 -0.30105E+01
 -0.38718E+01 -0.50719E+01 -0.74352E+01 -0.80870E+01 -0.76511E+01 -0.49237E+01
 -0.27820E+01  0.56574E-01  0.14842E+01  0.42271E+00 -0.65824E+00 -0.12403E+01
 -0.93691E+00  0.18608E+01  0.48698E+01  0.70815E+01  0.73695E+01  0.42460E+01
 -0.19721E+00 -0.30698E+01 -0.46540E+01 -0.69905E+01 -0.85405E+01 -0.99037E+01
 -0.98910E+01 -0.83525E+01 -0.69776E+01 -0.63107E+01 -0.65680E+01 -0.71155E+01
 -0.75853E+01 -0.95931E+01 -0.11014E+02 -0.10426E+02 -0.10206E+02 -0.91498E+01
 -0.97582E+01 -0.10495E+02 -0.10432E+02 -0.89312E+01 -0.74433E+01 -0.60279E+01
 -0.51367E+01 -0.50482E+01 -0.62002E+01 -0.73975E+01 -0.74811E+01 -0.54555E+01
 -0.18685E+01 -0.25477E+00  0.16128E+01  0.23578E+01  0.16703E+01 -0.49660E+00
 -0.15462E+01 -0.28019E+01 -0.19738E+01  0.43119E+00  0.37256E+01  0.81500E+01
  0.11709E+02  0.14068E+02  0.13560E+02  0.11712E+02  0.95893E+01  0.84845E+01
  0.67945E+01  0.52271E+01  0.31710E+01  0.75082E+00 -0.92206E+00 -0.36161E+01
 -0.61046E+01 -0.91613E+01 -0.10875E+02 -0.12456E+02 -0.12303E+02 -0.10384E+02
 -0.88910E+01 -0.63615E+01 -0.45767E+01 -0.29934E+01 -0.19666E+01 -0.17766E+01
 -0.16654E+01 -0.12985E+01 -0.20580E+01 -0.76113E+00  0.40284E+00  0.19361E+01
  0.32317E+01  0.30761E+01  0.22438E+01  0.16850E+01  0.42761E+01  0.81242E+01
  0.11678E+02  0.12748E+02  0.12594E+02  0.12512E+02  0.10093E+02  0.66464E+01
  0.44490E+01  0.15488E+01  0.66320E-01 -0.84472E+00  0.12063E+00  0.29541E+01
  0.31915E+01  0.33995E+01  0.37718E+01  0.19627E+01  0.27659E+01  0.21105E+01
  0.23443E+01  0.30311E+01  0.33656E+01  0.48045E+01  0.58493E+01  0.64087E+01
  0.77992E+01  0.85576E+01  0.88526E+01  0.86742E+01  0.61358E+01  0.28008E+01
 -0.43267E+00  0.12912E+00  0.84995E+00  0.33246E+01  0.48505E+01  0.65085E+01
  0.83383E+01  0.85437E+01  0.91479E+01  0.90243E+01  0.84875E+01  0.83526E+01
  0.81610E+01  0.10051E+02  0.11619E+02  0.11146E+02  0.10373E+02  0.99820E+01
  0.10093E+02  0.92047E+01  0.76672E+01  0.88342E+01  0.82618E+01  0.62136E+01
  0.56392E+01  0.27076E+01  0.27602E+01  0.15995E+01  0.30462E+00 -0.70694E+00
 -0.11162E+01 -0.83551E+00 -0.27997E+01 -0.50799E+01 -0.71852E+01 -0.66204E+01
 -0.35890E+01  0.14750E+01  0.40945E+01  0.43492E+01  0.48354E+01  0.31985E+01
  0.21039E+01  0.71920E+00 -0.10192E+01 -0.14678E+01 -0.25636E+01 -0.34423E+01
 -0.56622E+01 -0.72514E+01 -0.87410E+01 -0.86691E+01 -0.80243E+01 -0.90574E+01
 -0.85847E+01 -0.75956E+01 -0.76547E+01 -0.91296E+01 -0.12661E+02 -0.14569E+02
 -0.12894E+02 -0.80240E+01 -0.37429E+01 -0.10843E+01  0.98083E+00  0.91471E+00
  0.16009E+00 -0.21939E+01 -0.38909E+01 -0.16526E+01 -0.15295E+00  0.23554E+00
 -0.51622E+00 -0.90334E+00  0.64170E+00  0.84224E+00  0.10677E+01 -0.51647E+00
 -0.17493E+01 -0.25526E+01 -0.54635E+01 -0.64841E+01 -0.73933E+01 -0.63112E+01
 -0.36351E+01 -0.29549E+01 -0.40369E+01 -0.51971E+01 -0.50232E+01 -0.50232E+01
 -0.37592E+01 -0.24885E+01 -0.26992E+01 -0.12994E+01 -0.52475E+00 -0.13478E+01
 -0.12886E+01 -0.47815E+00  0.70095E+00 -0.21864E+00 -0.28139E+01 -0.46601E+01
 -0.45753E+01 -0.44157E+01 -0.28617E+01 -0.20525E+01 -0.24072E+01 -0.37858E+01
 -0.61108E+01 -0.60511E+01 -0.65742E+01 -0.63799E+01 -0.67614E+01 -0.71886E+01
 -0.85741E+01 -0.84187E+01 -0.77108E+01 -0.63626E+01 -0.50205E+01 -0.37810E+01
 -0.29433E+01 -0.32480E+01 -0.34653E+01 -0.40907E+01 -0.30167E+01 -0.68829E+00
  0.37581E+01  0.53038E+01  0.53015E+01  0.52020E+01  0.35355E+01  0.23794E+01
  0.23243E-01 -0.92489E+00  0.42667E+00  0.20326E+01  0.37201E+01  0.44659E+01
  0.63314E+01  0.73315E+01  0.65808E+01  0.53505E+01  0.31518E+01  0.18774E+01
  0.20418E+01  0.33921E+01  0.39895E+01  0.49378E+01  0.54736E+01  0.55135E+01
  0.39010E+01  0.25118E+01  0.16835E+01  0.16248E+01  0.29114E+01  0.34306E+01
  0.58512E+01  0.67220E+01  0.91092E+01  0.10058E+02  0.98365E+01  0.88324E+01
  0.71384E+01  0.65413E+01  0.42680E+01  0.38765E+01  0.23356E+01  0.17666E+01
  0.10970E+01  0.10522E+01 -0.43925E+00 -0.31724E+01 -0.55689E+01 -0.74190E+01
 -0.68108E+01 -0.72621E+01 -0.82917E+01 -0.76028E+01 -0.73487E+01 -0.77831E+01
 -0.90805E+01 -0.94679E+01 -0.92408E+01 -0.10385E+02 -0.90055E+01 -0.70462E+01
 -0.60508E+01 -0.43561E+01 -0.41844E+01 -0.40279E+01 -0.43916E+01 -0.51044E+01
 -0.64485E+01 -0.46909E+01 -0.92825E+00  0.10125E+01  0.32764E+01  0.34517E+01
  0.43805E+01  0.52947E+01  0.45912E+01  0.36255E+01  0.48269E+01  0.55224E+01
  0.61605E+01  0.65089E+01  0.66061E+01  0.69846E+01  0.54214E+01  0.32894E+01
  0.28014E+01  0.53536E+01  0.81210E+01  0.95732E+01  0.87594E+01  0.74327E+01
  0.85480E+01  0.97453E+01  0.10144E+02  0.62806E+01  0.25633E+01  0.91507E+00
  0.97347E+00  0.27448E+01  0.38817E+01  0.43007E+01  0.46536E+01  0.62517E+01
  0.74635E+01  0.87125E+01  0.93889E+01  0.91277E+01  0.85608E+01  0.71179E+01
  0.60700E+01  0.57188E+01  0.49082E+01  0.31202E+01  0.40475E+00 -0.10086E+01
 -0.16966E+01 -0.19089E+01 -0.18153E+01 -0.16339E+01 -0.73752E+00 -0.27747E+00
  0.57113E+00  0.16790E+01  0.28801E+01  0.37633E+01  0.20322E+01 -0.16724E+01
 -0.40702E+01 -0.37849E+01 -0.35934E+01 -0.32960E+01 -0.47203E+01 -0.49898E+01
 -0.52961E+01 -0.48274E+01 -0.44126E+01 -0.44486E+01 -0.44306E+01 -0.55007E+01
 -0.53833E+01 -0.46363E+01 -0.31146E+01 -0.35975E+01 -0.46572E+01 -0.66879E+01
 -0.76428E+01 -0.79187E+01 -0.87742E+01 -0.89383E+01 -0.83037E+01 -0.61818E+01
 -0.58275E+01 -0.56646E+01 -0.61745E+01 -0.68649E+01 -0.46605E+01 -0.27473E+01
 -0.96025E+00 -0.47921E+00 -0.55016E-01 -0.85553E+00 -0.28875E+01 -0.46828E+01
 -0.70341E+01 -0.58671E+01 -0.35317E+01 -0.27054E+01 -0.28592E+01 -0.29819E+01
 -0.35932E+01 -0.25343E+01 -0.82881E+00  0.27160E+00  0.18097E+01  0.27529E+01
  0.37210E+01  0.31139E+01  0.10610E+01  0.97672E+00  0.80935E+00  0.15719E+00
  0.56830E+00  0.19879E+01  0.46179E+01  0.49641E+01  0.60303E+01  0.50571E+01
  0.53167E+01  0.42142E+01  0.37351E+01  0.56076E+01  0.71839E+01  0.91561E+01
  0.86835E+01  0.74769E+01  0.63539E+01  0.43329E+01  0.17152E+01  0.23625E+00
 -0.20622E+01 -0.13403E+01 -0.39153E+00 -0.11565E+01 -0.19201E+01 -0.87879E+00
  0.17086E+01  0.52773E+01  0.55935E+01  0.76611E+01  0.69835E+01  0.48650E+01
  0.36444E+01  0.26816E+01  0.46869E+01  0.50193E+01  0.40327E+01  0.12133E+01
 -0.71516E+00 -0.24906E+01 -0.29534E+01 -0.40955E+01 -0.46610E+01 -0.38991E+01
 -0.34266E+01 -0.32736E+01 -0.42629E+01 -0.35421E+01 -0.37243E+01 -0.18830E+01
 -0.11143E+01 -0.97157E+00  0.51720E+00 -0.53521E-01  0.87464E+00  0.10417E+01
  0.50677E+00  0.43523E+00 -0.57231E+00 -0.15818E+01 -0.13261E+01 -0.15514E+01
 -0.16276E+00 -0.56883E+00 -0.25364E+01 -0.42555E+01 -0.58335E+01 -0.51699E+01
 -0.33499E+01 -0.39457E+01 -0.58337E+01 -0.67409E+01 -0.72999E+01 -0.76035E+01
 -0.64622E+01 -0.47745E+01 -0.45660E+01 -0.46586E+01 -0.63936E+01 -0.82043E+01
 -0.82640E+01 -0.80194E+01 -0.69642E+01 -0.64686E+01 -0.47462E+01 -0.32868E+01
 -0.16260E+01 -0.96078E+00  0.13114E+00  0.13249E+01  0.21573E+01  0.28241E+01
  0.10582E+01 -0.75943E+00 -0.16757E+01 -0.21942E+01 -0.13376E+01 -0.15790E+01
 -0.18129E+01 -0.17903E+01 -0.11066E+01 -0.12360E+01 -0.15549E+01 -0.12954E+01
 -0.23908E+00  0.18920E+01  0.25288E+01  0.44841E+01  0.45940E+01  0.53507E+01
  0.70387E+01  0.82954E+01  0.93347E+01  0.85522E+01  0.58539E+01  0.33535E+01
  0.17205E+01  0.27645E+01  0.35791E+01  0.39243E+01  0.41829E+01  0.37265E+01
  0.36859E+01  0.33098E+01  0.26855E+01  0.31000E+01  0.50507E+01  0.56235E+01
  0.78077E+01  0.91546E+01  0.10745E+02  0.11982E+02  0.12315E+02  0.12290E+02
  0.12706E+02  0.11249E+02  0.88400E+01  0.72426E+01  0.52176E+01  0.53923E+01
  0.51412E+01  0.55577E+01  0.71904E+01  0.76663E+01  0.77423E+01  0.65972E+01
  0.49719E+01  0.41371E+01  0.27933E+01  0.10776E+01  0.46563E+00 -0.63590E+00
 -0.41259E+01 -0.48046E+01 -0.54182E+01 -0.45012E+01 -0.32016E+01 -0.30038E+01
 -0.38782E+01 -0.33202E+01 -0.72347E+00  0.17710E+01  0.22954E+01  0.17923E+01
  0.10207E+01 -0.11844E+01 -0.29857E+01 -0.60365E+01 -0.72937E+01 -0.81004E+01
 -0.87032E+01 -0.10328E+02 -0.10226E+02 -0.10284E+02 -0.93042E+01 -0.71382E+01
 -0.69114E+01 -0.49161E+01 -0.33922E+01 -0.20954E+01 -0.11927E+01 -0.13162E+01
 -0.20642E+01 -0.24467E+01 -0.32262E+01 -0.43815E+01 -0.43434E+01 -0.29544E+01
 -0.17518E+01  0.66659E+00  0.26133E+01  0.27183E+01  0.30076E+01  0.23364E+01
  0.13595E+01  0.10763E+01 -0.11673E+01 -0.20581E+01 -0.29038E+01 -0.51134E+01
 -0.48488E+01 -0.54577E+01 -0.58937E+01 -0.42108E+01 -0.24887E+01 -0.17392E+01
 -0.28276E+01 -0.36709E+01 -0.43777E+01 -0.39640E+01 -0.43005E+01 -0.60038E+01
 -0.60419E+01 -0.41088E+01 -0.34894E+01 -0.14087E+01 -0.23794E+00  0.65815E+00
  0.11623E+01 -0.56965E+00 -0.16364E+01 -0.31727E+01 -0.23362E+01 -0.59878E+00
 -0.24254E+00  0.92694E+00  0.15169E+01  0.21993E+01  0.40763E+01  0.31679E+01
  0.20835E+01 -0.72613E-01 -0.16466E+01 -0.23184E+01 -0.33361E+01 -0.30299E+01
 -0.20459E+01  0.87837E+00  0.31476E+01  0.52402E+01  0.54961E+01  0.42791E+01
  0.18358E+01 -0.14086E+00 -0.72443E+00 -0.23217E+01 -0.31318E+01 -0.25312E+01
 -0.13850E+01 -0.93508E+00  0.87632E+00  0.78630E+00 -0.14775E+01 -0.23358E+01
 -0.53282E+01 -0.19687E+01  0.31195E+01 -0.74451E+00  0.20435E+01  0.27011E+01
  0.52456E+01  0.70780E+01  0.29624E+01  0.39761E+01  0.11767E+01  0.23340E+01
  0.30056E+01  0.33018E+01  0.74721E+00  0.65224E+00  0.31635E+01  0.29530E+01
  0.18673E+01  0.30758E+01  0.38669E+01  0.40767E+01  0.43433E+01  0.47107E+00
 -0.71015E+00 -0.13328E+01  0.30144E+00  0.15419E+01  0.49292E+00  0.32972E+01
  0.62020E+01  0.64761E+01  0.68057E+01  0.35148E+01  0.20732E+01  0.11130E+01
  0.19439E+01  0.12589E+01 -0.29776E+00  0.24788E+01  0.27955E+01  0.39969E+01
  0.46588E+01  0.30561E+01  0.25507E+01  0.31409E+00 -0.10833E+01 -0.15288E+00
  0.28811E+01  0.51244E+01  0.62876E+01  0.80395E+01  0.82284E+01  0.72304E+01
  0.49726E+01  0.21395E+01 -0.13770E+01 -0.36121E+01 -0.44142E+01 -0.56441E+01
 -0.56414E+01 -0.31832E+01 -0.14885E+01  0.26354E+00 -0.40036E+00 -0.12595E+01
 -0.34294E+00 -0.41309E+00  0.62551E+00 -0.24918E+00 -0.49547E+00  0.14946E+01
  0.18000E+01  0.21447E+00 -0.12777E+01 -0.28750E+01 -0.22046E+01 -0.23484E+01
 -0.14511E+01 -0.30448E+00 -0.11944E+01 -0.13425E+01  0.10527E+01  0.10245E+01
 -0.18229E+00 -0.25324E+01 -0.46584E+01 -0.66387E+01 -0.89438E+01 -0.83270E+01
 -0.10127E+02 -0.73007E+01 -0.67144E+01 -0.63016E+01 -0.60504E+01 -0.63319E+01
 -0.59649E+01 -0.49454E+01 -0.20031E+01  0.10805E+01  0.38314E+01  0.50459E+01
  0.39718E+01  0.18813E+01  0.46506E+00 -0.27578E+01 -0.73383E+01 -0.14685E+02
 -0.24334E+02 -0.24744E+02 -0.13162E+02 -0.30266E+00  0.80235E+01  0.80780E+01
  0.12765E+01 -0.39181E+01 -0.39315E+01 -0.35850E+00  0.91938E+00  0.50274E+00
 -0.43630E+00 -0.27754E+01 -0.58539E+01 -0.77367E+01 -0.39457E+01  0.19180E+01
  0.61277E+01  0.66682E+01  0.27064E+01 -0.16210E+01 -0.39727E+01 -0.41365E+01
 -0.47956E+00  0.39626E+01  0.68031E+01  0.68029E+01  0.57846E+01  0.52806E+01
  0.57940E+01  0.75284E+01  0.80636E+01  0.62684E+01  0.42093E+01  0.22033E+01
  0.90792E+00  0.13461E+01  0.17878E+01  0.30420E+01  0.43387E+01  0.52677E+01
  0.58520E+01  0.51380E+01  0.26153E+01  0.91387E+00  0.18974E+01  0.38358E+01
  0.63391E+01  0.10223E+02  0.11776E+02  0.88569E+01  0.41364E+01 -0.82024E+00
 -0.35526E+01 -0.25793E+01 -0.17637E+01 -0.30429E-02  0.26729E+01  0.53416E+01
  0.55902E+01  0.30918E+01  0.43657E+00 -0.17019E+01 -0.27344E+01 -0.42079E+01
 -0.37655E+01 -0.20787E+01 -0.12089E+01 -0.82512E+00 -0.12764E+01 -0.15003E+01
 -0.22974E+01 -0.50275E+01 -0.69525E+01 -0.86151E+01 -0.67032E+01 -0.43364E+01
 -0.32440E+01 -0.36346E+01 -0.25755E+01 -0.17916E+01 -0.10715E+01  0.37173E+00
 -0.40213E+00  0.80427E+00  0.18637E+01  0.18895E+01 -0.12572E+00 -0.17757E+01
 -0.22073E+01 -0.56984E+00  0.13831E+01  0.29225E+01  0.40518E+01  0.55028E+01
  0.67841E+01  0.77094E+01  0.56436E+01  0.26233E+01  0.89933E+00 -0.29508E+00
  0.14266E+01  0.25078E+01  0.41969E+01  0.35058E+01  0.13709E+01  0.52072E+00
  0.24186E-01 -0.13115E+01 -0.15458E+01 -0.11556E+01 -0.88205E+00 -0.59300E+00
 -0.14147E+01 -0.88330E+00 -0.42841E+00  0.73263E+00  0.30229E+00 -0.28016E+01
 -0.40947E+01 -0.49180E+01 -0.22900E+01  0.55858E-01  0.31317E+00 -0.14411E+00
 -0.38466E+01 -0.57178E+01 -0.81693E+01 -0.80331E+01 -0.66447E+01 -0.55492E+01
 -0.33694E+01 -0.22480E+01 -0.18107E+01 -0.15979E+01 -0.14228E+01 -0.17555E+01
 -0.19824E+01 -0.34284E+01 -0.53763E+01 -0.59748E+01 -0.54220E+01 -0.56294E+01
 -0.56471E+01 -0.52310E+01 -0.53955E+01 -0.38052E+01 -0.25301E+01 -0.14935E+01
 -0.41482E+00  0.45327E+00  0.79522E+00  0.15766E+01  0.19623E+01  0.31887E+01
  0.48183E+01  0.67468E+01  0.75871E+01  0.69830E+01  0.79496E+01  0.68027E+01
  0.65886E+01  0.63538E+01  0.57045E+01  0.54485E+01  0.45659E+01  0.56478E+01
  0.61398E+01  0.40545E+01  0.23263E+01  0.21985E+01  0.28773E+01  0.26208E+01
  0.14718E+01  0.19742E+01  0.20002E+01  0.22654E+01  0.19729E+01  0.20378E+01
  0.17551E+01  0.60462E-01 -0.46640E+00 -0.20863E+01 -0.18856E+01 -0.18285E+01
 -0.50264E+00  0.74416E+00  0.52312E+00  0.19731E+01  0.12958E+01  0.40164E+00
  0.59708E+00 -0.22797E+00  0.77926E-01  0.15839E+00 -0.11108E+00 -0.11051E+01
 -0.13470E+01 -0.85138E+00 -0.37769E+00  0.89339E+00  0.89014E+00  0.91154E+00
  0.58386E+00  0.74296E+00 -0.10011E+01 -0.19804E+01 -0.20941E+01 -0.41820E+01
 -0.41804E+01 -0.27697E+01 -0.19455E+01 -0.17779E+01 -0.26973E+01 -0.33711E+01
 -0.32185E+01 -0.13728E+01 -0.11883E+01 -0.16331E+01 -0.11663E+01 -0.15617E+01
 -0.11143E+01 -0.14081E+01 -0.10630E+01  0.11034E+01  0.25901E+01  0.37876E+01
  0.45001E+01  0.41557E+01  0.39080E+01  0.32784E+01  0.29655E+01  0.27345E+01
  0.26959E+01  0.27430E+01  0.17120E+01  0.25376E+01  0.26678E+01  0.26158E+01
  0.26836E+01  0.36475E+01  0.55031E+01  0.56132E+01  0.41997E+01  0.26759E+01
  0.37364E+01  0.25253E+01  0.96138E+00  0.23582E+00  0.97255E+00  0.35723E+01
  0.28590E+01  0.21816E+01  0.17492E+01  0.24660E+01  0.30232E+01  0.24096E+01
  0.87356E+00 -0.13038E+01 -0.16084E+01 -0.26872E+01 -0.39447E+01 -0.45948E+01
 -0.59158E+01 -0.60034E+01 -0.60670E+01 -0.47281E+01 -0.19619E+01 -0.86608E+00
 -0.15031E+01 -0.31888E+01 -0.35568E+01 -0.48391E+01 -0.39820E+01 -0.25094E+01
 -0.23734E+01 -0.36798E+01 -0.49654E+01 -0.45715E+01 -0.52159E+01 -0.56559E+01
 -0.46161E+01 -0.47016E+01 -0.35782E+01 -0.33374E+01 -0.48163E+01 -0.30889E+01
 -0.23581E+01 -0.22850E+01 -0.28640E+01 -0.48919E+01 -0.60184E+01 -0.60491E+01
 -0.46571E+01 -0.22576E+01 -0.13057E+01  0.54763E+00 -0.15899E+00 -0.40304E+00
  0.25979E+00  0.53309E+00  0.13195E+01  0.10969E+01 -0.13251E+00 -0.14507E+01
 -0.15616E+01 -0.10892E+01  0.13236E+01  0.23002E+01  0.37684E+01  0.43993E+01
  0.42072E+01  0.32815E+01  0.24266E+01  0.20335E+01  0.21521E+01  0.32856E+01
  0.37163E+01  0.48540E+01  0.50336E+01  0.52062E+01  0.67969E+01  0.70296E+01
  0.50878E+01  0.31613E+01  0.22603E+01  0.96656E+00 -0.21100E+00 -0.93671E+00
 -0.13834E+01 -0.17034E+01 -0.27380E+01 -0.33398E+01 -0.43838E+01 -0.49932E+01
 -0.36543E+01 -0.37376E+01 -0.32760E+01 -0.19938E+01 -0.13600E+01 -0.21222E+01
 -0.39408E+01 -0.39859E+01 -0.44360E+01 -0.42660E+01 -0.38707E+01 -0.40215E+01
 -0.18004E+01 -0.11888E+01 -0.14769E+01  0.17809E+00  0.78711E+00  0.75923E+00
 -0.10676E+01 -0.27499E+01 -0.25440E+01 -0.26969E+01 -0.28752E+01 -0.31249E+01
 -0.52935E+01 -0.50837E+01 -0.43383E+01 -0.35356E+01 -0.32952E+01 -0.30888E+01
 -0.26031E+01 -0.35442E+01 -0.31511E+01 -0.38022E+01 -0.36167E+01 -0.83757E+00
 -0.22231E+00  0.11947E+01  0.27440E+01  0.29005E+01  0.26138E+01  0.57523E+00
  0.17756E+00 -0.11859E+01 -0.21914E+01 -0.31291E+01 -0.22748E+01  0.60168E+00
  0.30647E+01  0.55242E+01  0.61963E+01  0.61017E+01  0.51249E+01  0.49420E+01
  0.38443E+01  0.33840E+01  0.36948E+01  0.40546E+01  0.54809E+01  0.49210E+01
  0.32658E+01  0.22665E+01  0.11377E+01  0.84464E+00  0.86592E+00  0.26314E+01
  0.59246E+01  0.86189E+01  0.83356E+01  0.52059E+01  0.21185E+01  0.12387E+01
  0.90919E+00  0.40814E+00 -0.53153E+00 -0.13260E+01  0.91644E-01  0.18692E+01
  0.18317E+01 -0.71849E+00 -0.71651E+00 -0.13694E+01 -0.28257E+01 -0.32201E+01
 -0.38241E+01 -0.31375E+01 -0.10999E+01  0.11250E+00  0.14899E+00  0.67458E+00
 -0.11188E+01 -0.23301E+01 -0.36156E+01 -0.27098E+01 -0.75919E+00 -0.15684E+01
 -0.32059E+01 -0.29693E+01 -0.31796E+01 -0.37400E+01 -0.22042E+01 -0.36449E+01
 -0.34218E+01 -0.38181E+01 -0.45389E+01 -0.28720E+01 -0.14087E+01  0.24326E-01
  0.23068E+01  0.49764E+01  0.73690E+01  0.77172E+01  0.61525E+01  0.49645E+01
  0.52246E+01  0.52548E+01  0.49259E+01  0.41212E+01  0.33199E+01  0.29695E+01
  0.26879E+01  0.15841E+01 -0.17438E+00 -0.76637E+00 -0.97991E+00 -0.33793E+00
  0.16398E+01  0.26949E+01  0.24944E+01  0.31483E+01  0.28537E+01  0.24982E+01
  0.10800E+01 -0.37088E+00  0.87518E+00  0.25864E+01  0.61457E+01  0.70336E+01
  0.39553E+01  0.27447E+01 -0.56715E+00 -0.19721E+01 -0.22747E+01 -0.19543E+01
 -0.22369E+01 -0.28009E+01 -0.21184E+01 -0.22618E+01 -0.90719E+00 -0.14376E+01
 -0.85341E+00 -0.38032E+00  0.89057E+00  0.13055E+01  0.17817E+01  0.41463E+01
  0.33582E+01  0.29230E+01  0.23702E+01  0.18619E+01  0.12848E+01 -0.36760E+00
 -0.12845E+01 -0.16508E+01  0.16688E+00  0.84436E+00 -0.35843E+00 -0.33177E+00
 -0.11674E+00 -0.34050E+00 -0.81529E-01 -0.85012E+00 -0.18760E+01 -0.14370E+01
 -0.14119E+01 -0.20799E+01 -0.26201E+01 -0.28713E+01 -0.26478E+01 -0.22181E+01
 -0.11649E+01 -0.24316E+01 -0.40951E+01 -0.48674E+01 -0.28822E+01 -0.55713E+00
 -0.69660E+00 -0.10804E+01 -0.17710E+01 -0.35708E+01 -0.34343E+01 -0.48377E+01
 -0.74748E+01 -0.73920E+01 -0.68232E+01 -0.47544E+01 -0.37303E+01 -0.22544E+01
 -0.27552E+01 -0.36007E+01 -0.40187E+01 -0.26526E+01 -0.36752E+00 -0.18218E+01
 -0.30756E+01 -0.44792E+01 -0.55855E+01 -0.41819E+01 -0.23752E+01 -0.87908E+00
 -0.23431E+01 -0.46389E+01 -0.31824E+01 -0.18618E+01  0.47541E+00  0.15901E+01
  0.98648E+00  0.55727E+00  0.53245E+00  0.22972E+01  0.30245E+01  0.42996E+01
  0.59374E+01  0.68524E+01  0.77243E+01  0.87850E+01  0.83886E+01  0.68116E+01
  0.55347E+01  0.49860E+01  0.49595E+01  0.52527E+01  0.54475E+01  0.56916E+01
  0.46991E+01  0.44856E+01  0.54067E+01  0.51887E+01  0.55626E+01  0.55627E+01
  0.63338E+01  0.68713E+01  0.60532E+01  0.57230E+01  0.59778E+01  0.57534E+01
  0.43802E+01  0.37980E+01  0.32941E+01  0.26376E+01  0.17662E+01  0.10674E+01
  0.35596E+00 -0.25095E+00 -0.29302E+01 -0.51512E+01 -0.67546E+01 -0.67623E+01
 -0.54916E+01 -0.52732E+01 -0.46871E+01 -0.50927E+01 -0.46759E+01 -0.49646E+01
 -0.43569E+01 -0.37723E+01 -0.24689E+01 -0.29461E+01 -0.25445E+01 -0.31174E+01
 -0.51280E+01 -0.42544E+01 -0.42920E+01 -0.34197E+01 -0.21155E+01 -0.11536E+01
 -0.16685E+01 -0.26855E+01 -0.46253E+01 -0.52362E+01 -0.43493E+01 -0.27769E+01
 -0.20421E+00  0.28738E+00  0.28819E+00  0.82215E+00  0.16455E+01  0.26697E+01
  0.16325E+01  0.11536E+01  0.12677E+01 -0.10022E+00 -0.72622E+00 -0.58266E+00
 -0.17468E+01 -0.10643E+01 -0.91249E+00  0.66619E+00  0.20087E+01  0.19591E+01
  0.33749E+01  0.45292E+01  0.44800E+01  0.26357E+01  0.16191E+01  0.23566E+01
  0.32144E+01  0.32277E+01  0.28271E+01  0.25623E+01  0.24395E+01  0.14867E+01
  0.73259E+00 -0.12010E+01 -0.45876E+00 -0.51761E-01 -0.13074E+01 -0.15011E+01
 -0.16537E+01 -0.21826E+01 -0.30731E+01 -0.23167E+01 -0.18081E+01 -0.22476E+01
 -0.91163E+00  0.46962E+00  0.16316E+01  0.63416E+00 -0.28595E-01  0.74367E+00
 -0.90789E-01 -0.13958E+01 -0.27887E+01 -0.27147E+01 -0.71875E+00  0.28814E+00
 -0.33364E+00 -0.21607E+01 -0.12748E+01  0.17200E+01  0.10198E+01 -0.62579E+00
 -0.11599E+01 -0.27038E+00 -0.19156E+00 -0.18050E+01 -0.21126E+01  0.38510E-01
  0.15040E+01 -0.28495E-01 -0.71961E+00  0.74675E+00  0.20572E+01  0.25197E+01
 -0.98322E+00 -0.23192E+01 -0.17536E+01 -0.19334E+01 -0.18398E+01 -0.32460E+01
 -0.11171E+01  0.99007E-02 -0.72560E+00 -0.74394E+00 -0.22001E+01 -0.16059E+01
  0.60448E+00  0.11631E+01 -0.13166E+01 -0.20655E+01 -0.25420E+01 -0.84605E+00
 -0.76508E-01 -0.25507E+01 -0.22125E+01 -0.28520E+01 -0.34332E+01 -0.35841E+01
 -0.35477E+01 -0.37100E+01 -0.31874E+01 -0.10837E+01 -0.18467E+01 -0.15850E+01
 -0.10998E+01 -0.14383E+00  0.36539E+01  0.58785E+01  0.94609E+01  0.15149E+02
  0.18592E+02  0.18929E+02  0.11729E+02 -0.84138E+00 -0.10184E+02 -0.14120E+02
