  0.18350E+01  0.21427E+01  0.30327E+01  0.32928E+01  0.25675E+01  0.63387E+00
 -0.29202E-01  0.13711E+01  0.70732E+00  0.28257E+01  0.69599E+01  0.78057E+01
  0.80477E+01  0.81788E+01  0.82377E+01  0.26658E+01 -0.49237E+01 -0.15343E+02
 -0.22227E+02 -0.16035E+02  0.83976E+00  0.16367E+02  0.15774E+02  0.56470E+01
 -0.83413E-01 -0.34010E+01 -0.81860E+01 -0.12608E+02 -0.71388E+01 -0.81452E+01
 -0.13075E+02 -0.55664E+01  0.14428E+02  0.19021E+02  0.26012E+02  0.17391E+02
 -0.26530E+02 -0.39678E+02 -0.13634E+02  0.95548E+01  0.14803E+02  0.17578E+02
  0.15605E+02 -0.29438E+01 -0.20355E+02 -0.16085E+02 -0.14461E+02 -0.23028E+02
 -0.18954E+02 -0.72627E+01  0.46188E+01  0.15183E+02  0.30792E+02  0.20051E+02
 -0.13097E+02 -0.18445E+02 -0.14194E+02 -0.31123E+01 -0.13980E+01 -0.28037E+00
 -0.60183E+01 -0.13323E+02 -0.91285E+01  0.14673E+01  0.15498E+02  0.85911E+01
 -0.66222E+01 -0.18304E+02 -0.31533E+02 -0.34319E+02 -0.23815E+02 -0.35114E+01
  0.27379E+01  0.13389E+02  0.16946E+02  0.78940E+01 -0.16638E+01 -0.17324E+01
  0.10942E+01  0.26870E+01 -0.50275E+01 -0.19951E+02 -0.77785E+01  0.62975E+01
  0.12218E+02 -0.21176E+02 -0.50478E+02 -0.56589E+02 -0.34220E+02 -0.65283E+01
  0.13239E+02  0.33303E+02  0.47013E+02  0.13872E+02 -0.20941E+02 -0.22971E+02
 -0.32920E+02 -0.16959E+02 -0.14556E+02 -0.82563E+01 -0.23610E+01 -0.23550E+00
  0.38021E+01  0.13712E+02  0.30412E+02  0.29289E+01 -0.39598E+02 -0.55725E+02
 -0.35548E+02 -0.19235E+02 -0.62134E+01  0.40896E+02  0.76863E+02  0.48261E+02
  0.70086E+01 -0.22457E+02 -0.34217E+02 -0.56693E+02 -0.64198E+02 -0.54101E+02
 -0.44968E+02 -0.37029E+02 -0.31067E+02 -0.36323E+01  0.90545E+01  0.32599E+02
  0.41683E+02  0.26791E+02  0.14841E+02  0.15194E+02  0.17090E+02 -0.21758E+01
 -0.44753E+02 -0.71160E+02 -0.67892E+02 -0.58672E+02 -0.53292E+02 -0.63493E+02
 -0.77519E+02 -0.89188E+02 -0.70127E+02 -0.54129E+01  0.14318E+02  0.33931E+02
  0.46098E+02  0.48042E+02  0.20855E+02 -0.36546E+02 -0.65886E+02 -0.10070E+03
 -0.79545E+02 -0.63948E+02 -0.53619E+02 -0.36518E+02 -0.37032E+02 -0.52478E+02
 -0.57124E+02 -0.45223E+02 -0.35452E+02 -0.93277E+01  0.12594E+02  0.27509E+02
  0.42136E+02  0.77039E+02  0.56972E+02 -0.20262E+02 -0.71713E+02 -0.85887E+02
 -0.77643E+02 -0.66315E+02 -0.40942E+02 -0.99865E+01 -0.65047E+01 -0.14823E+02
 -0.72902E+01  0.74581E+01  0.72686E+01 -0.20902E+01 -0.75179E+01  0.78051E+01
  0.60026E+02  0.12364E+03  0.17022E+03  0.20883E+03  0.23966E+03  0.26559E+03
  0.30184E+03  0.35329E+03  0.42111E+03  0.46794E+03  0.50585E+03  0.48338E+03
  0.40346E+03  0.31234E+03  0.23164E+03  0.15239E+03  0.95162E+02  0.81310E+02
  0.92745E+02  0.10594E+03  0.10197E+03  0.74743E+01 -0.11827E+03 -0.21898E+03
 -0.26964E+03 -0.20045E+03 -0.68700E+02  0.86307E+02  0.17257E+03  0.21563E+03
  0.25406E+03  0.20053E+03  0.23277E-01 -0.18477E+03 -0.38821E+03 -0.55195E+03
 -0.64449E+03 -0.58649E+03 -0.49048E+03 -0.44104E+03 -0.17445E+03  0.11621E+03
  0.33065E+03  0.46472E+03  0.53108E+03  0.44498E+03  0.21938E+03 -0.15648E+02
 -0.18729E+03 -0.30775E+03 -0.37104E+03 -0.33181E+03 -0.33221E+03 -0.26651E+03
 -0.15032E+03 -0.99308E+02 -0.58838E+02 -0.61540E+02 -0.61610E+02 -0.65938E+02
 -0.86713E+02 -0.13728E+03 -0.20197E+03 -0.24662E+03 -0.26807E+03 -0.24358E+03
 -0.25001E+03 -0.20553E+03 -0.12786E+03 -0.77337E+02  0.58573E+02  0.21312E+03
  0.35572E+03  0.45113E+03  0.50545E+03  0.53322E+03  0.52148E+03  0.49778E+03
  0.48277E+03  0.46215E+03  0.41534E+03  0.37566E+03  0.35190E+03  0.31348E+03
  0.25279E+03  0.18772E+03  0.95658E+02 -0.48196E+02 -0.23775E+03 -0.44048E+03
 -0.47986E+03 -0.39095E+03 -0.34998E+03 -0.34580E+03 -0.35019E+03 -0.38412E+03
 -0.41628E+03 -0.44146E+03 -0.46776E+03 -0.47418E+03 -0.50718E+03 -0.47907E+03
 -0.35614E+03 -0.25352E+03 -0.13064E+03 -0.50306E+02  0.24168E+02  0.15501E+03
  0.31844E+03  0.39235E+03  0.36540E+03  0.26282E+03  0.68481E+02 -0.90724E+02
 -0.15962E+03 -0.17274E+03 -0.14338E+03 -0.40097E+02  0.70195E+02  0.20232E+03
  0.25269E+03  0.24324E+03  0.22750E+03  0.21894E+03  0.26002E+03  0.33049E+03
  0.30609E+03  0.15446E+03  0.26403E+02 -0.62821E+02 -0.13433E+03 -0.18641E+03
 -0.21095E+03 -0.16552E+03 -0.80025E+02  0.98925E+01  0.94569E+02  0.72578E+02
 -0.33672E+02 -0.15795E+03 -0.24187E+03 -0.18803E+03 -0.80736E+02 -0.20887E+02
  0.35587E+02  0.93175E+02  0.12848E+03  0.13882E+03  0.13999E+03  0.14944E+03
  0.13059E+03  0.71264E+02 -0.11408E+02 -0.10302E+03 -0.14374E+03 -0.16540E+03
 -0.16998E+03 -0.14973E+03 -0.12336E+03 -0.81664E+02 -0.30469E+02  0.25590E+02
  0.10645E+03  0.17562E+03  0.14691E+03  0.79640E+02  0.10840E+02 -0.41104E+02
 -0.11018E+03 -0.16033E+03 -0.16575E+03 -0.19068E+03 -0.19805E+03 -0.19553E+03
 -0.17394E+03 -0.11766E+03 -0.14694E+02  0.69197E+02  0.11310E+03  0.14156E+03
  0.15017E+03  0.12827E+03  0.90689E+02  0.76587E+02  0.89260E+02  0.13442E+03
  0.16233E+03  0.15752E+03  0.12070E+03  0.49632E+02 -0.27598E+02 -0.66764E+02
 -0.47804E+02  0.28401E+02  0.83479E+02  0.91199E+02  0.75526E+02  0.22783E+02
 -0.42865E+02 -0.78310E+02 -0.65758E+02 -0.25339E+02  0.28810E+02  0.86057E+02
  0.12953E+03  0.14854E+03  0.14382E+03  0.11842E+03  0.83945E+02  0.62530E+02
  0.37866E+02  0.97299E+01  0.16406E+01  0.45044E+01  0.98868E+01  0.15769E+02
  0.34375E+02  0.57578E+02  0.96065E+02  0.13699E+03  0.16215E+03  0.16527E+03
  0.12539E+03  0.50650E+02 -0.25399E+02 -0.96774E+02 -0.17130E+03 -0.23685E+03
 -0.23968E+03 -0.19437E+03 -0.10353E+03  0.20817E+02  0.96894E+02  0.12722E+03
  0.12507E+03  0.76584E+02  0.13555E+01 -0.82999E+02 -0.11762E+03 -0.98236E+02
 -0.92373E+02 -0.91579E+02 -0.10615E+03 -0.15042E+03 -0.18921E+03 -0.22168E+03
 -0.24803E+03 -0.25509E+03 -0.23678E+03 -0.13482E+03 -0.26431E+02  0.36112E+02
  0.88111E+02  0.14986E+03  0.20385E+03  0.23000E+03  0.22364E+03  0.23120E+03
  0.29923E+03  0.27222E+03  0.21432E+03  0.10591E+03  0.81544E+01 -0.16869E+02
 -0.42866E+02 -0.52703E+02 -0.88078E+02 -0.12965E+03 -0.17765E+03 -0.21208E+03
 -0.25411E+03 -0.28641E+03 -0.31590E+03 -0.34148E+03 -0.36044E+03 -0.29690E+03
 -0.10477E+03  0.35365E+02  0.11488E+03  0.19967E+03  0.27960E+03  0.32755E+03
  0.32533E+03  0.35533E+03  0.27954E+03  0.17742E+03  0.14147E+03  0.90519E+02
  0.54937E+02  0.29668E+02  0.19132E+02  0.63123E+01 -0.21821E+02 -0.55105E+02
 -0.64036E+02 -0.54292E+02 -0.28651E+02 -0.88877E+01  0.76601E+01  0.21825E+02
  0.20855E+02  0.12143E+02  0.58251E+01  0.55281E+01  0.85482E+01  0.19766E+02
  0.32684E+02  0.33145E+02  0.33392E+02  0.38612E+02  0.45784E+02  0.52966E+02
  0.50857E+02  0.21688E+02 -0.21572E+02 -0.69834E+02 -0.10494E+03 -0.11748E+03
 -0.11589E+03 -0.10618E+03 -0.98006E+02 -0.82517E+02 -0.68657E+02 -0.68831E+02
 -0.73027E+02 -0.66012E+02 -0.45881E+02 -0.13309E+02  0.12046E+02  0.23608E+02
  0.20808E+02  0.93536E+01 -0.50280E+00 -0.18025E+01  0.61002E+01  0.76035E+01
 -0.83289E+01 -0.32634E+02 -0.54193E+02 -0.66567E+02 -0.68934E+02 -0.62255E+02
 -0.44743E+02 -0.28337E+02 -0.17777E+02 -0.15944E+02 -0.23841E+02 -0.37912E+02
 -0.48684E+02 -0.49886E+02 -0.44191E+02 -0.39223E+02 -0.36853E+02 -0.35186E+02
 -0.34254E+02 -0.32337E+02 -0.25399E+02 -0.12531E+02  0.50840E+00  0.16296E+02
  0.26650E+02  0.31136E+02  0.28830E+02  0.16774E+02  0.10931E+01 -0.56979E+01
 -0.85423E+00  0.74705E+01  0.14423E+02  0.10845E+02  0.31801E+01  0.87278E+00
  0.46062E+01  0.10970E+02  0.18372E+02  0.29158E+02  0.37417E+02  0.38037E+02
  0.21881E+02 -0.14149E+01 -0.12337E+02 -0.10802E+02  0.46478E+01  0.25962E+02
  0.46117E+02  0.56204E+02  0.52147E+02  0.32642E+02  0.10675E+02  0.11602E+01
  0.13067E+01  0.15882E+02  0.42275E+02  0.71008E+02  0.98977E+02  0.11923E+03
  0.12951E+03  0.13372E+03  0.13032E+03  0.12222E+03  0.10012E+03  0.63841E+02
  0.27238E+02  0.44117E+01 -0.24501E+01 -0.30879E+01  0.25423E+01  0.10995E+02
  0.20642E+02  0.23609E+02  0.21391E+02  0.14778E+02  0.11111E+02  0.75201E+01
  0.30186E+01  0.52262E+00  0.23482E+00 -0.12169E+00 -0.14806E+01 -0.99913E+00
  0.45849E+00  0.17260E+01 -0.38771E+01 -0.12281E+02 -0.24070E+02 -0.32977E+02
 -0.37899E+02 -0.42226E+02 -0.45181E+02 -0.43356E+02 -0.30965E+02 -0.14911E+02
 -0.37215E+01 -0.26665E+01 -0.13622E+02 -0.35242E+02 -0.57892E+02 -0.72861E+02
 -0.79219E+02 -0.78685E+02 -0.79576E+02 -0.81765E+02 -0.86395E+02 -0.93250E+02
 -0.10203E+03 -0.10980E+03 -0.11127E+03 -0.95843E+02 -0.47931E+02 -0.27284E+01
  0.16699E+02  0.22305E+02  0.19421E+02  0.12532E+02  0.27663E+01 -0.52769E+01
 -0.89413E+01 -0.45290E+01  0.40561E+01  0.11625E+02  0.19555E+02  0.26690E+02
  0.35225E+02  0.42835E+02  0.50178E+02  0.56100E+02  0.61298E+02  0.66127E+02
  0.70916E+02  0.78695E+02  0.84243E+02  0.88477E+02  0.89956E+02  0.83230E+02
  0.71064E+02  0.57209E+02  0.47047E+02  0.41962E+02  0.40184E+02  0.37724E+02
  0.30845E+02  0.21751E+02  0.10927E+02 -0.77523E+00 -0.11353E+02 -0.17640E+02
 -0.17810E+02 -0.12410E+02 -0.33927E+01  0.61709E+01  0.10524E+02  0.88233E+01
  0.36338E+01 -0.72058E-01 -0.15472E+01  0.11912E+01  0.66517E+01  0.11013E+02
  0.13973E+02  0.17228E+02  0.19603E+02  0.17047E+02  0.17927E+02  0.16278E+02
  0.75285E+01 -0.82831E+01 -0.27203E+02 -0.42052E+02 -0.50647E+02 -0.51268E+02
 -0.43038E+02 -0.29838E+02 -0.18139E+02 -0.12396E+02 -0.15650E+02 -0.24824E+02
 -0.36632E+02 -0.47441E+02 -0.55679E+02 -0.57030E+02 -0.55360E+02 -0.50900E+02
 -0.41356E+02 -0.29181E+02 -0.16011E+02 -0.57558E+01  0.21249E+01  0.70456E+01
  0.70294E+01  0.90228E+00 -0.95703E+01 -0.21313E+02 -0.32794E+02 -0.41702E+02
 -0.47232E+02 -0.46113E+02 -0.38276E+02 -0.21019E+02 -0.39209E+01  0.81402E+01
  0.19029E+02  0.29173E+02  0.33451E+02  0.24531E+02  0.13278E+02  0.64029E+01
  0.35364E+01  0.22818E+01 -0.20191E+01 -0.93639E+01 -0.16950E+02 -0.20602E+02
 -0.16212E+02 -0.10652E+02 -0.10802E+02 -0.18043E+02 -0.28372E+02 -0.37277E+02
 -0.41363E+02 -0.40198E+02 -0.31373E+02 -0.17030E+02 -0.11427E+01  0.13438E+02
  0.25551E+02  0.31492E+02  0.27436E+02  0.14864E+02  0.57982E+00 -0.98030E+01
 -0.15274E+02 -0.15399E+02 -0.13709E+02 -0.12113E+02 -0.10597E+02 -0.75721E+01
 -0.84427E+00  0.14911E+02  0.33065E+02  0.43234E+02  0.46243E+02  0.41022E+02
  0.27442E+02  0.14397E+02  0.66326E+01  0.45615E+01  0.68928E+01  0.85065E+01
  0.11033E+02  0.16239E+02  0.21181E+02  0.31246E+02  0.40733E+02  0.42160E+02
  0.34061E+02  0.23968E+02  0.18795E+02  0.21404E+02  0.29562E+02  0.36702E+02
  0.41106E+02  0.38798E+02  0.29360E+02  0.13468E+02 -0.33346E+01 -0.15908E+02
 -0.27371E+02 -0.40741E+02 -0.53851E+02 -0.62928E+02 -0.64711E+02 -0.56814E+02
 -0.41358E+02 -0.21661E+02  0.17522E+01  0.17335E+02  0.21674E+02  0.17131E+02
  0.17366E+01 -0.21509E+02 -0.40075E+02 -0.42631E+02 -0.32694E+02 -0.93310E+01
  0.15530E+02  0.36935E+02  0.46950E+02  0.39952E+02  0.25218E+02  0.12893E+02
  0.45780E+01  0.25599E+00  0.24049E+01  0.17635E+01 -0.19990E+01 -0.88827E+01
 -0.14043E+02 -0.16212E+02 -0.13451E+02 -0.82342E+01 -0.43133E+01 -0.21369E+01
 -0.21178E+01 -0.72429E+01 -0.14818E+02 -0.20891E+02 -0.22486E+02 -0.21070E+02
 -0.16454E+02 -0.75540E+01  0.44263E+00  0.70619E+01  0.11020E+02  0.14670E+02
  0.15768E+02  0.12915E+02  0.47630E+01 -0.43813E+01 -0.94781E+01 -0.15187E+02
 -0.19929E+02 -0.21295E+02 -0.21979E+02 -0.22317E+02 -0.21636E+02 -0.17941E+02
 -0.13497E+02 -0.68575E+01 -0.15924E+01  0.29444E+01  0.12750E+02  0.22292E+02
  0.31762E+02  0.39815E+02  0.41151E+02  0.32483E+02  0.18234E+02  0.58083E+01
 -0.44721E+00  0.15378E+01  0.43237E+01  0.41826E+01 -0.23055E+01 -0.12662E+02
 -0.21756E+02 -0.26188E+02 -0.20405E+02 -0.34474E+01  0.21278E+02  0.39152E+02
  0.47641E+02  0.48436E+02  0.43234E+02  0.36612E+02  0.29367E+02  0.22416E+02
  0.12364E+02  0.24698E+01 -0.59171E+01 -0.89251E+01 -0.44590E+01  0.19530E+01
  0.56159E+01  0.32379E+01 -0.65860E+01 -0.22142E+02 -0.37062E+02 -0.45108E+02
 -0.44457E+02 -0.40305E+02 -0.33488E+02 -0.24864E+02 -0.17193E+02 -0.11306E+02
 -0.72149E+01 -0.16867E+01  0.23274E+01  0.43238E+01  0.67880E+01  0.87253E+01
  0.10860E+02  0.12765E+02  0.13159E+02  0.10994E+02  0.85002E+01  0.85725E+01
  0.10284E+02  0.14250E+02  0.17094E+02  0.15260E+02  0.89262E+01  0.63851E+00
 -0.66781E+01 -0.10170E+02 -0.60319E+01  0.27040E+01  0.10638E+02  0.15805E+02
  0.14830E+02  0.59905E+01 -0.83347E+01 -0.22780E+02 -0.36488E+02 -0.44341E+02
 -0.44681E+02 -0.37698E+02 -0.25378E+02 -0.73840E+01  0.11465E+02  0.25299E+02
  0.33270E+02  0.33803E+02  0.29347E+02  0.20439E+02  0.96121E+01  0.10085E+01
 -0.14437E+01  0.21785E+01  0.75113E+01  0.13494E+02  0.19438E+02  0.21271E+02
  0.20816E+02  0.18906E+02  0.17400E+02  0.18616E+02  0.20275E+02  0.20832E+02
  0.20110E+02  0.17955E+02  0.15142E+02  0.12893E+02  0.13693E+02  0.16985E+02
  0.15082E+02  0.41148E+01 -0.13448E+02 -0.32513E+02 -0.47078E+02 -0.52686E+02
 -0.48695E+02 -0.38898E+02 -0.24450E+02 -0.11173E+02 -0.26326E+01  0.22018E+01
  0.72019E+00 -0.56759E+01 -0.14343E+02 -0.21566E+02 -0.25063E+02 -0.24770E+02
 -0.21594E+02 -0.14885E+02 -0.92412E+01 -0.64957E+01 -0.75184E+01 -0.84603E+01
 -0.65278E+01 -0.49855E+01 -0.22577E+01 -0.14269E+01 -0.16843E+01 -0.10416E+01
  0.26038E+01  0.88275E+01  0.16346E+02  0.20398E+02  0.17084E+02  0.64553E+01
 -0.89340E+01 -0.21927E+02 -0.26066E+02 -0.20553E+02 -0.12157E+02 -0.51791E+01
  0.21137E+01  0.10577E+02  0.17787E+02  0.22433E+02  0.25256E+02  0.21846E+02
  0.14324E+02  0.67862E+01  0.32123E+00 -0.19587E+01 -0.24487E+01 -0.19714E+01
  0.12134E+01  0.98711E+01  0.19436E+02  0.27265E+02  0.28783E+02  0.21069E+02
  0.81771E+01 -0.41656E+01 -0.13478E+02 -0.15291E+02 -0.93547E+01 -0.11950E+01
  0.70944E+01  0.97934E+01  0.64078E+01 -0.10755E+01 -0.91245E+01 -0.17971E+02
 -0.25650E+02 -0.27500E+02 -0.22251E+02 -0.13670E+02 -0.65576E+01 -0.22541E+01
 -0.51059E+01 -0.15052E+02 -0.26894E+02 -0.34979E+02 -0.39784E+02 -0.42112E+02
 -0.42352E+02 -0.39846E+02 -0.34650E+02 -0.26625E+02 -0.16617E+02 -0.88737E+01
 -0.35685E+01 -0.12712E+01  0.26397E+00 -0.10546E+01 -0.32467E+01 -0.60089E+01
 -0.58813E+01 -0.29965E+01  0.18906E+01  0.99749E+01  0.17282E+02  0.23509E+02
  0.25209E+02  0.22310E+02  0.14588E+02  0.56562E+01 -0.13322E+01 -0.51491E+01
 -0.27535E+01  0.55070E+01  0.16493E+02  0.25879E+02  0.31367E+02  0.33018E+02
  0.30734E+02  0.25766E+02  0.19115E+02  0.13139E+02  0.79814E+01  0.46570E+01
  0.49845E+01  0.84735E+01  0.10885E+02  0.11759E+02  0.11489E+02  0.12297E+02
  0.12771E+02  0.14295E+02  0.13633E+02  0.94032E+01  0.47227E+01 -0.11032E+01
 -0.42074E+01 -0.12827E+01  0.80086E+01  0.18755E+02  0.27550E+02  0.31321E+02
  0.29325E+02  0.23545E+02  0.15491E+02  0.86659E+01  0.58583E+01  0.71224E+01
  0.92624E+01  0.12607E+02  0.17236E+02  0.19764E+02  0.19458E+02  0.16767E+02
  0.11498E+02  0.57834E+01  0.16539E+01 -0.13025E+01 -0.25604E+01 -0.19431E+01
 -0.97229E+00 -0.20188E+01 -0.28233E+01 -0.58554E+01 -0.10749E+02 -0.14633E+02
 -0.17549E+02 -0.18455E+02 -0.18341E+02 -0.15481E+02 -0.11228E+02 -0.64471E+01
 -0.13396E+01  0.39916E+01  0.53867E+01  0.62786E+01  0.61178E+01  0.26456E+01
 -0.18357E+01 -0.66411E+01 -0.73417E+01 -0.60711E+01 -0.28381E+01 -0.35366E+01
 -0.62927E+01 -0.10517E+02 -0.15577E+02 -0.18389E+02 -0.15480E+02 -0.70461E+01
  0.75010E+00  0.60036E+01  0.69323E+01  0.56174E+01  0.21221E+01 -0.93404E+00
 -0.27015E+01 -0.29744E+01 -0.24259E+01 -0.34529E+01 -0.34700E+01 -0.25286E+01
 -0.27450E+01 -0.12230E+01 -0.91362E-01 -0.19339E+01 -0.63182E+01 -0.12182E+02
 -0.18383E+02 -0.24696E+02 -0.29569E+02 -0.30465E+02 -0.27452E+02 -0.23602E+02
 -0.19446E+02 -0.13105E+02 -0.60832E+01  0.14640E+01  0.10127E+02  0.16207E+02
  0.15710E+02  0.11259E+02  0.51182E+01 -0.59042E+00 -0.36383E+01 -0.69071E+01
 -0.98318E+01 -0.12766E+02 -0.13807E+02 -0.13393E+02 -0.11938E+02 -0.84174E+01
 -0.68243E+01 -0.87066E+01 -0.13217E+02 -0.19220E+02 -0.22994E+02 -0.24690E+02
 -0.23137E+02 -0.16821E+02 -0.92475E+01 -0.19905E+01  0.39421E+01  0.64569E+01
  0.75824E+01  0.77838E+01  0.84997E+01  0.11401E+02  0.13358E+02  0.12967E+02
  0.10950E+02  0.10733E+02  0.12493E+02  0.16217E+02  0.15980E+02  0.13079E+02
  0.11054E+02  0.10722E+02  0.12409E+02  0.13787E+02  0.14449E+02  0.12636E+02
  0.10647E+02  0.10307E+02  0.12104E+02  0.13354E+02  0.14067E+02  0.13516E+02
  0.10721E+02  0.69240E+01  0.24968E+01 -0.96310E+00 -0.26757E+01 -0.33920E+01
 -0.13188E+01  0.16320E+01  0.57530E+01  0.86569E+01  0.87931E+01  0.73458E+01
  0.30929E+01  0.13385E+01  0.31827E+01  0.69551E+01  0.12369E+02  0.15957E+02
  0.15709E+02  0.12047E+02  0.46753E+01 -0.36272E+01 -0.12200E+02 -0.18378E+02
 -0.20897E+02 -0.18441E+02 -0.11120E+02 -0.27299E+01  0.58193E+01  0.80056E+01
  0.57341E+01  0.13845E+00 -0.72481E+01 -0.12011E+02 -0.14686E+02 -0.15158E+02
 -0.12842E+02 -0.10038E+02 -0.80411E+01 -0.52766E+01 -0.27700E+01 -0.26320E+01
 -0.38248E+01 -0.65464E+01 -0.71700E+01 -0.46779E+01 -0.35860E+01 -0.22466E+01
 -0.22234E+01 -0.13832E+00  0.15233E+01  0.41294E+00 -0.25625E+01 -0.80041E+01
 -0.14205E+02 -0.19069E+02 -0.21910E+02 -0.21454E+02 -0.21003E+02 -0.19810E+02
 -0.16702E+02 -0.11712E+02 -0.61059E+01 -0.16810E+01  0.19586E+00 -0.42240E+01
 -0.97192E+01 -0.13639E+02 -0.13462E+02 -0.85508E+01 -0.10071E+01  0.48437E+01
  0.10412E+02  0.12905E+02  0.12682E+02  0.10063E+02  0.50212E+01 -0.23030E+00
 -0.30792E+01 -0.71305E+00  0.43077E+01  0.11946E+02  0.16538E+02  0.17552E+02
  0.14966E+02  0.10657E+02  0.84094E+01  0.72192E+01  0.94485E+01  0.10264E+02
  0.93898E+01  0.87842E+01  0.63283E+01  0.53106E+01  0.52233E+01  0.58396E+01
  0.62042E+01  0.78036E+01  0.99414E+01  0.11788E+02  0.14196E+02  0.16149E+02
  0.16772E+02  0.15500E+02  0.10180E+02  0.62651E+01  0.41985E+01  0.37180E+01
  0.80634E+01  0.14154E+02  0.18200E+02  0.17608E+02  0.13523E+02  0.95222E+01
  0.74984E+01  0.63650E+01  0.53996E+01  0.47151E+01  0.32198E+01  0.25900E+01
  0.33101E+01  0.66735E+01  0.10431E+02  0.10886E+02  0.10396E+02  0.69483E+01
  0.26211E+01 -0.32252E+01 -0.65329E+01 -0.97945E+01 -0.87000E+01 -0.44984E+01
 -0.84004E+00  0.99815E+00  0.25672E-01 -0.20196E+01 -0.58977E+01 -0.10112E+02
 -0.12758E+02 -0.12992E+02 -0.12164E+02 -0.75067E+01 -0.39454E+01 -0.12703E+01
 -0.26177E+01 -0.66527E+01 -0.11529E+02 -0.14909E+02 -0.15693E+02 -0.12413E+02
 -0.71274E+01 -0.19630E+01  0.21427E+01  0.27167E+01  0.30027E+01  0.49017E+00
 -0.37883E+01 -0.98360E+01 -0.14366E+02 -0.18305E+02 -0.20406E+02 -0.22948E+02
 -0.24622E+02 -0.25571E+02 -0.25446E+02 -0.24132E+02 -0.22011E+02 -0.18898E+02
 -0.16363E+02 -0.11890E+02 -0.64717E+01 -0.32195E+00  0.32561E+01  0.63651E+01
  0.94913E+01  0.11938E+02  0.11946E+02  0.98780E+01  0.66990E+01  0.34575E+00
 -0.48179E+01 -0.81388E+01 -0.10533E+02 -0.94971E+01 -0.73559E+01 -0.55066E+01
 -0.51820E+01 -0.46419E+01 -0.33292E+01 -0.83000E+00  0.45269E+00  0.18827E+01
  0.37245E+01  0.66619E+01  0.93302E+01  0.12380E+02  0.13518E+02  0.13489E+02
  0.11581E+02  0.80308E+01  0.47942E+01  0.16603E+01  0.23212E+01  0.38806E+01
  0.66164E+01  0.93539E+01  0.12072E+02  0.11673E+02  0.11839E+02  0.10724E+02
  0.96572E+01  0.77678E+01  0.53998E+01  0.49166E+01  0.54348E+01  0.76475E+01
  0.98901E+01  0.11495E+02  0.11681E+02  0.11211E+02  0.10044E+02  0.92962E+01
  0.87618E+01  0.79561E+01  0.64813E+01  0.54479E+01  0.51727E+01  0.54108E+01
  0.59009E+01  0.60599E+01  0.55387E+01  0.53803E+01  0.31580E+01 -0.39753E+00
 -0.32653E+01 -0.72125E+01 -0.77215E+01 -0.78263E+01 -0.62027E+01 -0.30613E+01
 -0.24393E+01 -0.25556E+01 -0.48252E+01 -0.81882E+01 -0.11251E+02 -0.12871E+02
 -0.14496E+02 -0.15762E+02 -0.15644E+02 -0.13797E+02 -0.76402E+01 -0.19465E+01
  0.44073E+01  0.88505E+01  0.10151E+02  0.97897E+01  0.84257E+01  0.74670E+01
  0.48445E+01  0.25890E+01 -0.25789E+00 -0.35526E+01 -0.68064E+01 -0.87345E+01
 -0.10630E+02 -0.11127E+02 -0.11240E+02 -0.11306E+02 -0.11675E+02 -0.11390E+02
 -0.11821E+02 -0.13090E+02 -0.13604E+02 -0.12791E+02 -0.11273E+02 -0.10575E+02
 -0.83322E+01 -0.85509E+01 -0.86983E+01 -0.82661E+01 -0.67783E+01 -0.48946E+01
 -0.29652E+01 -0.28438E+01 -0.46313E+01 -0.42454E+01 -0.32247E+01 -0.84054E+00
  0.26385E+01  0.59647E+01  0.87737E+01  0.10684E+02  0.12118E+02  0.13936E+02
  0.16492E+02  0.17145E+02  0.15291E+02  0.12203E+02  0.10473E+02  0.10274E+02
  0.12318E+02  0.13580E+02  0.14173E+02  0.13131E+02  0.10427E+02  0.88040E+01
  0.68379E+01  0.64678E+01  0.63352E+01  0.55482E+01  0.56967E+01  0.53626E+01
  0.54990E+01  0.73997E+01  0.93198E+01  0.11611E+02  0.11720E+02  0.10107E+02
  0.75790E+01  0.38433E+01  0.95149E+00  0.55749E+00  0.12494E+01  0.42608E+01
  0.82301E+01  0.82546E+01  0.46248E+01 -0.30793E+00 -0.72534E+01 -0.11433E+02
 -0.13983E+02 -0.13453E+02 -0.10761E+02 -0.73473E+01 -0.48104E+01 -0.48452E+01
 -0.39887E+01 -0.33042E+01 -0.12801E+01 -0.16638E+00  0.65095E+00  0.24457E+01
  0.22962E+01  0.38435E+01  0.54739E+01  0.51603E+01  0.39973E+01  0.21285E+01
  0.64015E+00 -0.52276E+00  0.13806E+01  0.22690E+01  0.36306E+01  0.29737E+01
  0.18007E+01  0.49505E+00 -0.36834E-01  0.22182E+01  0.54462E+01  0.90825E+01
  0.10373E+02  0.10861E+02  0.11555E+02  0.96858E+01  0.81819E+01  0.47779E+01
  0.23808E+01  0.89279E+00 -0.74182E+00 -0.19822E+01 -0.43392E+01 -0.56542E+01
 -0.87512E+01 -0.91705E+01 -0.92017E+01 -0.93067E+01 -0.92771E+01 -0.93923E+01
 -0.91771E+01 -0.91469E+01 -0.77460E+01 -0.68751E+01 -0.66551E+01 -0.78774E+01
 -0.10089E+02 -0.12295E+02 -0.12812E+02 -0.11428E+02 -0.86212E+01 -0.37052E+01
 -0.40018E-01  0.32626E+01  0.38057E+01  0.15659E+01 -0.21763E+01 -0.52409E+01
 -0.78408E+01 -0.92192E+01 -0.75694E+01 -0.53224E+01 -0.29046E+01 -0.17588E+01
  0.19651E+00  0.16860E+01  0.20732E+01  0.30049E+01  0.33264E+01  0.39707E+01
  0.49872E+01  0.76027E+01  0.87010E+01  0.79442E+01  0.55658E+01  0.89932E+00
 -0.32896E+01 -0.98269E+01 -0.13973E+02 -0.14388E+02 -0.13287E+02 -0.95681E+01
 -0.60810E+01 -0.31339E+01 -0.14395E+01 -0.24472E+01 -0.62359E+01 -0.80094E+01
 -0.94929E+01 -0.91062E+01 -0.72836E+01 -0.55900E+01 -0.34541E+01 -0.36048E+01
 -0.22432E+01 -0.29654E+01 -0.24524E+01 -0.21922E+01 -0.27883E+01 -0.32549E+00
  0.46499E+00  0.37957E+00  0.43699E+00 -0.78489E+00 -0.22334E+01 -0.31909E+01
 -0.38023E+01 -0.25237E+01  0.12553E+01  0.27089E+01  0.50202E+01  0.56685E+01
  0.63429E+01  0.67730E+01  0.55340E+01  0.61170E+01  0.42537E+01  0.38948E+01
  0.95782E+00 -0.15322E+01 -0.29570E+01 -0.35540E+01 -0.32081E+01 -0.32455E+01
 -0.28613E+01 -0.29040E+01 -0.25160E+01 -0.29880E+01 -0.24940E+01 -0.26917E+01
 -0.32521E+01 -0.15748E+01  0.62218E+00  0.33756E+01  0.74388E+01  0.97921E+01
  0.11497E+02  0.12977E+02  0.13621E+02  0.14985E+02  0.14223E+02  0.11775E+02
  0.85769E+01  0.68284E+01  0.62710E+01  0.71278E+01  0.86738E+01  0.80498E+01
  0.73594E+01  0.52668E+01  0.43848E+01  0.68132E+01  0.83688E+01  0.89858E+01
  0.10782E+02  0.10738E+02  0.92367E+01  0.75831E+01  0.67769E+01  0.53204E+01
  0.41367E+01  0.23687E+01  0.13973E+01  0.64170E+00  0.10838E+01  0.20860E+01
  0.37533E+00 -0.16228E+01 -0.42829E+01 -0.62228E+01 -0.72797E+01 -0.75407E+01
 -0.72652E+01 -0.53694E+01 -0.46698E+01 -0.47698E+01 -0.48642E+01 -0.34282E+01
 -0.52513E+00  0.21498E+01  0.45877E+01  0.61912E+01  0.46248E+01  0.12112E+01
 -0.20954E+01 -0.35031E+01 -0.21912E+01  0.11474E+01  0.35777E+01  0.62867E+01
  0.66138E+01  0.63582E+01  0.66663E+01  0.52262E+01  0.45832E+01  0.33854E+01
  0.36947E+01  0.36880E+01  0.37604E+01  0.44087E+01  0.35396E+01  0.86635E+00
 -0.17463E+01 -0.37683E+01 -0.52422E+01 -0.48774E+01 -0.40262E+01 -0.46552E+01
 -0.55023E+01 -0.53273E+01 -0.52186E+01 -0.45547E+01 -0.46289E+01 -0.39261E+01
 -0.37038E+01 -0.53776E+01 -0.68311E+01 -0.93385E+01 -0.94727E+01 -0.10086E+02
 -0.88360E+01 -0.75263E+01 -0.65250E+01 -0.37201E+01 -0.19670E+01  0.35634E-01
  0.17200E+01  0.30500E+01  0.25866E+01  0.38318E+01  0.34819E+01  0.22085E+01
  0.11471E+01  0.28706E-01 -0.98055E+00 -0.15858E+01 -0.68208E+00 -0.42377E+00
 -0.45283E+00 -0.21529E+01 -0.22112E+01 -0.29439E+01 -0.20671E+01 -0.14448E+01
 -0.18132E+01 -0.31532E+01 -0.43104E+01 -0.15088E+01  0.80950E+00  0.28863E+01
  0.55547E+01  0.63014E+01  0.59235E+01  0.34541E+01  0.16501E+01  0.30653E+01
  0.61739E+01  0.94391E+01  0.11404E+02  0.12443E+02  0.10836E+02  0.72977E+01
  0.20682E+01 -0.61560E+00 -0.18346E+01 -0.19875E+01  0.18880E+00  0.37728E+01
  0.62809E+01  0.71879E+01  0.69492E+01  0.56642E+01  0.45948E+01  0.42855E+01
  0.39841E+01  0.58016E+01  0.74049E+01  0.75219E+01  0.66519E+01  0.54799E+01
  0.58983E+01  0.46413E+01  0.17369E+01 -0.56696E+00 -0.27610E+01 -0.37294E+01
 -0.36239E+01 -0.28136E+01 -0.12265E+01 -0.52813E+00 -0.17222E+01 -0.40623E+01
 -0.70614E+01 -0.10275E+02 -0.12406E+02 -0.13247E+02 -0.11705E+02 -0.84695E+01
 -0.62662E+01 -0.79117E+01 -0.79556E+01 -0.99273E+01 -0.11802E+02 -0.13797E+02
 -0.15397E+02 -0.14035E+02 -0.12445E+02 -0.98222E+01 -0.72433E+01 -0.55248E+01
 -0.55107E+01 -0.56682E+01 -0.59983E+01 -0.59784E+01 -0.57579E+01 -0.52427E+01
 -0.50622E+01 -0.51586E+01 -0.70890E+01 -0.75231E+01 -0.73828E+01 -0.52823E+01
 -0.16995E+01  0.16564E+01  0.26604E+01  0.24889E+01  0.23077E+01  0.13348E+01
  0.28834E+01  0.42257E+01  0.52576E+01  0.62622E+01  0.52737E+01  0.37131E+01
  0.33779E+01  0.35785E+01  0.46621E+01  0.51805E+01  0.60412E+01  0.49184E+01
  0.30497E+01  0.23382E+01  0.17661E+01  0.22707E+01  0.19145E+01  0.36968E+01
  0.38062E+01  0.50949E+01  0.75310E+01  0.70856E+01  0.63852E+01  0.63015E+01
  0.56278E+01  0.48351E+01  0.37113E+01  0.26700E+01  0.32224E+01  0.16015E+01
 -0.84921E-01  0.80172E+00  0.20103E+01  0.31427E+01  0.51373E+01  0.44645E+01
  0.24318E+01 -0.16289E+01 -0.69440E+01 -0.10737E+02 -0.10481E+02 -0.52458E+01
  0.54886E+00  0.38999E+01  0.20354E+01 -0.13916E+01 -0.46250E+01 -0.55328E+01
 -0.26242E+01  0.14313E+01  0.34405E+01  0.20249E+01 -0.51191E-01 -0.25265E+00
 -0.13880E+00  0.78616E+00  0.15434E+01 -0.19884E+00 -0.20023E+01 -0.22770E+01
 -0.16002E+01 -0.11463E+01  0.10533E+01  0.18036E+01  0.25588E+01  0.15363E+01
 -0.38898E+00 -0.25798E+01 -0.35510E+01 -0.27849E+01 -0.87137E+00  0.20683E+01
  0.30510E+01  0.37144E+01  0.16125E+01  0.68272E+00  0.61679E+00 -0.17136E+00
  0.76129E+00  0.90720E+00  0.85604E+00  0.34481E+00 -0.90425E+00  0.68589E-01
  0.73214E+00  0.13231E+01  0.35140E+01  0.49909E+01  0.74997E+01  0.80166E+01
  0.83435E+01  0.78347E+01  0.66169E+01  0.36445E+01  0.84768E+00 -0.30975E-01
 -0.16025E+01 -0.27026E+01 -0.33031E+01 -0.30078E+01 -0.28825E+01 -0.21769E+01
 -0.24646E+01  0.25477E+00  0.20345E+01  0.39826E+01  0.46124E+01  0.42205E+01
  0.28442E+01  0.15555E+01  0.10789E+01 -0.14447E+01 -0.19310E+01 -0.17615E+01
  0.15539E+00  0.23551E+01  0.57747E+01  0.70504E+01  0.69645E+01  0.61264E+01
  0.44036E+01  0.36902E+01  0.32351E+01  0.29962E+01  0.44601E+01  0.69738E+01
  0.89443E+01  0.92480E+01  0.73379E+01  0.51539E+01  0.32032E+01  0.26386E+01
  0.20635E+01  0.21445E+01  0.29175E+01  0.22604E+01  0.50269E+00  0.41939E+00
  0.25894E+00  0.16780E+01  0.30394E+01  0.25636E+01  0.29636E+01  0.12891E+01
  0.13294E+00 -0.17234E+01 -0.27510E+01 -0.23195E+01 -0.19539E+01 -0.43953E+00
  0.38538E+00  0.16324E+01  0.89018E+00 -0.13776E+01 -0.11642E+01 -0.25887E+01
 -0.40648E+01 -0.52042E+01 -0.63289E+01 -0.69688E+01 -0.74028E+01 -0.77316E+01
 -0.85175E+01 -0.86849E+01 -0.97971E+01 -0.10238E+02 -0.11302E+02 -0.11075E+02
 -0.90379E+01 -0.72575E+01 -0.49201E+01 -0.29607E+01 -0.21054E+01 -0.29595E+01
 -0.26782E+01 -0.27507E+01 -0.28931E+01 -0.34996E+01 -0.61873E+01 -0.65676E+01
 -0.66708E+01 -0.36143E+01 -0.58718E-01  0.16982E+01  0.28013E+01  0.51297E+00
 -0.16607E+01 -0.17348E+01 -0.56173E+00 -0.23200E+00 -0.48289E+00 -0.13426E+01
 -0.20997E+01 -0.11443E+01 -0.17339E+00  0.47835E+00  0.16428E+01  0.30267E+01
  0.18546E+01  0.14453E+01  0.78326E+00 -0.65683E+00 -0.82344E+00 -0.14087E+01
 -0.16126E+01 -0.22423E+01 -0.32947E+01 -0.31221E+01 -0.32218E+01 -0.29980E+01
 -0.18837E+01 -0.65692E+00 -0.27301E+00 -0.25533E+00  0.22644E-02  0.89592E-01
  0.18197E+00 -0.31091E-01  0.41714E+00 -0.70214E+00 -0.14680E+00 -0.12155E+00
 -0.69608E+00 -0.21555E+01 -0.27243E+01 -0.23869E+01 -0.23545E+01 -0.11756E+01
 -0.13745E+01 -0.60601E-01  0.11742E+01  0.27796E+01  0.47607E+01  0.43581E+01
  0.33634E+01  0.14385E+01  0.72901E-01  0.28906E+00  0.51305E+00  0.16562E+01
  0.35031E+01  0.55019E+01  0.73870E+01  0.82338E+01  0.72650E+01  0.54338E+01
  0.53527E+01  0.48182E+01  0.37134E+01  0.33283E+01  0.14301E+01  0.70619E+00
  0.42434E+00 -0.46367E+00  0.24760E+00 -0.20952E+00 -0.68151E+00 -0.15995E+01
 -0.21385E+01 -0.25310E+01 -0.21958E+01 -0.16164E+01 -0.24331E+01 -0.10696E+01
  0.24933E+00  0.17914E+01  0.28537E+01  0.34008E+01  0.31117E+01  0.13829E+01
 -0.11283E+01 -0.25463E+01 -0.30432E+01 -0.43300E+01 -0.35794E+01 -0.10550E+01
  0.12148E+01  0.28445E+01  0.43576E+01  0.37692E+01  0.17285E+01 -0.19262E+01
 -0.53505E+01 -0.51988E+01 -0.35717E+01 -0.45694E+01 -0.48418E+01 -0.20723E+01
 -0.36845E+01 -0.37271E+01 -0.15604E+01 -0.14621E+01 -0.21174E+01 -0.11683E+01
 -0.23964E+00 -0.23349E+00  0.32937E+00  0.15196E+01  0.32850E+01  0.52143E+01
  0.55287E+01  0.51722E+01  0.67757E+01  0.69483E+01  0.64575E+01  0.51813E+01
  0.28260E+01  0.22278E+01  0.22755E+01  0.35459E+01  0.58743E+01  0.48181E+01
  0.48470E+01  0.47275E+01  0.30924E+01  0.21041E+01  0.13433E+01  0.87250E+00
  0.86260E+00  0.17770E+01  0.15095E+01  0.14489E+01  0.37175E+01  0.51960E+01
  0.66238E+01  0.66851E+01  0.54012E+01  0.50195E+01  0.33860E+01  0.11867E+01
  0.12669E+01  0.22662E+01  0.29627E+01  0.33929E+01  0.30096E+01  0.27134E+01
  0.26343E+01 -0.54949E+00 -0.32513E+01 -0.44953E+01 -0.55028E+01 -0.54345E+01
 -0.63802E+01 -0.56836E+01 -0.42745E+01 -0.28031E+01 -0.27827E+01 -0.41635E+01
 -0.46836E+01 -0.44382E+01 -0.49973E+01 -0.38533E+01 -0.15141E+01 -0.51067E+00
 -0.10418E+01 -0.27067E+01 -0.44230E+01 -0.55243E+01 -0.67249E+01 -0.78498E+01
 -0.82136E+01 -0.78275E+01 -0.56498E+01 -0.22560E+01  0.19169E+00  0.19067E+01
  0.26579E+01  0.17815E+01  0.23285E+01  0.34247E+01  0.39215E+01  0.31744E+01
  0.28488E+01  0.25655E+01  0.33199E+01  0.41704E+01  0.54791E+01  0.80353E+01
  0.10818E+02  0.11748E+02  0.39225E+01 -0.11953E+02 -0.29570E+02 -0.41576E+02
 -0.40710E+02 -0.16317E+02  0.15764E+02  0.34558E+02  0.40746E+02  0.28605E+02
 -0.30483E+01 -0.26898E+02 -0.29727E+02 -0.15014E+02  0.90933E+01  0.26171E+02
  0.27690E+02  0.17264E+02  0.42903E+01 -0.44237E+01 -0.54885E+01 -0.39574E+01
 -0.54813E+01 -0.76747E+01 -0.87950E+01 -0.89286E+01 -0.55992E+01  0.43664E+00
  0.55388E+01  0.75139E+01  0.79528E+01  0.56674E+01  0.18260E+01 -0.11338E+01
 -0.23443E+01 -0.25527E+01 -0.11112E+01  0.15386E+01  0.52907E+01  0.62966E+01
  0.58251E+01  0.22123E+01 -0.27503E+01 -0.61974E+01 -0.72925E+01 -0.48534E+01
 -0.13006E+01  0.57241E+00  0.54560E+00 -0.18733E+00 -0.27616E+01 -0.21363E+01
 -0.22733E+00  0.22010E+01  0.12394E+01 -0.17545E+01 -0.57406E+01 -0.73946E+01
 -0.54256E+01 -0.65811E+00  0.43205E+01  0.48570E+01  0.33863E+01 -0.26955E+00
 -0.29506E+01 -0.40951E+01 -0.25825E+01 -0.34696E+00  0.20367E+01  0.33461E+01
  0.30791E+01  0.13918E+01  0.10410E+01  0.23789E+01  0.19072E+01  0.94556E+00
 -0.25122E+01 -0.46469E+01 -0.54308E+01 -0.48041E+01 -0.80066E+00  0.30956E+01
  0.47040E+01  0.48557E+01  0.27958E+01 -0.74362E+00 -0.38974E+01 -0.62474E+01
 -0.72993E+01 -0.86482E+01 -0.82781E+01 -0.63635E+01 -0.47860E+01 -0.27354E+01
 -0.17249E+01 -0.69994E+00 -0.71428E+00 -0.23647E+01 -0.32670E+01 -0.54830E+01
 -0.60463E+01 -0.56137E+01 -0.34377E+01 -0.45219E+00  0.16659E+01  0.37545E+01
  0.44543E+01  0.31245E+01  0.11917E+01 -0.27664E+01 -0.49019E+01 -0.51439E+01
 -0.49355E+01 -0.31031E+01 -0.10604E+01  0.11576E+01  0.44735E+00  0.70307E+00
 -0.67972E+00 -0.16066E+01 -0.15820E+01 -0.23929E+01 -0.32675E+01 -0.79514E+00
  0.20433E+01  0.43146E+01  0.62192E+01  0.62087E+01  0.71072E+01  0.61523E+01
  0.44701E+01  0.40103E+01  0.38720E+01  0.33461E+01  0.23972E+01  0.19756E+00
 -0.73384E+00 -0.18266E+01 -0.23621E+01 -0.90332E+00  0.17256E+01  0.41765E+01
  0.59991E+01  0.70020E+01  0.74650E+01  0.81928E+01  0.89238E+01  0.82623E+01
  0.77780E+01  0.68301E+01  0.46187E+01  0.29917E+01  0.14048E+01  0.15108E+01
 -0.31756E-01  0.11100E+00  0.42160E+00  0.12114E+01  0.25057E+01  0.28398E+01
  0.23461E+01  0.20375E+01  0.53514E+00 -0.86458E+00 -0.93012E+00 -0.27584E+00
  0.18578E+01  0.29296E+01  0.46525E+01  0.44317E+01  0.46783E+01  0.28113E+01
  0.12702E+01  0.63854E-01 -0.21419E+01 -0.35651E+01 -0.53338E+01 -0.52287E+01
 -0.46246E+01 -0.56601E+01 -0.76090E+01 -0.93571E+01 -0.10548E+02 -0.10900E+02
 -0.10287E+02 -0.86825E+01 -0.64799E+01 -0.32050E+01 -0.15804E+01 -0.14224E+01
 -0.14570E+01 -0.24316E+01 -0.47113E+01 -0.50024E+01 -0.59067E+01 -0.60992E+01
 -0.56663E+01 -0.67411E+01 -0.59302E+01 -0.52790E+01 -0.41477E+01 -0.30607E+01
 -0.11621E+01  0.20575E+00 -0.10413E+01 -0.13679E+01 -0.22614E+01 -0.22996E+01
 -0.32289E+01 -0.29900E+01 -0.16319E+01 -0.14854E+01 -0.10454E+01  0.13371E+00
  0.17992E+01  0.54341E+00  0.47171E+00 -0.10175E+00 -0.11137E+00  0.12537E+01
  0.24404E+01  0.31605E+01  0.23492E+01  0.17116E+01  0.17077E+01  0.76359E+00
  0.45225E+00  0.16231E+01  0.20415E+01  0.25527E+01  0.37846E+01  0.53847E+01
  0.55002E+01  0.56257E+01  0.55992E+01  0.62512E+01  0.69427E+01  0.64361E+01
  0.57912E+01  0.68635E+01  0.68587E+01  0.62768E+01  0.59661E+01  0.57913E+01
  0.60408E+01  0.54007E+01  0.46654E+01  0.53763E+01  0.51112E+01  0.49579E+01
  0.41248E+01  0.30889E+01  0.39029E+01  0.40386E+01  0.44279E+01  0.31172E+01
  0.61320E+00 -0.23385E+01 -0.38955E+01 -0.53596E+01 -0.59395E+01 -0.50634E+01
 -0.46898E+01 -0.50040E+01 -0.49212E+01 -0.38596E+01 -0.33027E+01 -0.28354E+01
 -0.34030E+01 -0.30508E+01 -0.27326E+01 -0.16431E+01 -0.10413E+01 -0.14231E+00
  0.28094E+00 -0.11447E+01 -0.28934E+01 -0.38135E+01 -0.45508E+01 -0.38008E+01
 -0.18918E+01 -0.13456E+01 -0.42257E+00  0.31190E+00  0.25245E+01  0.29931E+01
  0.24761E+01  0.14799E+00 -0.35174E+01 -0.58154E+01 -0.62640E+01 -0.67468E+01
 -0.65442E+01 -0.55784E+01 -0.54886E+01 -0.39872E+01 -0.28995E+01 -0.26717E+01
 -0.27556E+00  0.13578E+01  0.23632E+01  0.14668E+01 -0.16957E+00 -0.59643E+00
 -0.23634E+01 -0.31606E+01 -0.36387E+01 -0.30281E+01 -0.18890E+01 -0.69650E+00
 -0.54695E+00 -0.84711E+00 -0.97762E+00 -0.16640E+01 -0.21338E+01 -0.20943E+01
 -0.19817E+01  0.23950E+00  0.13482E+01  0.26898E+01  0.56185E+01  0.65012E+01
  0.65682E+01  0.54654E+01  0.45080E+01  0.35618E+01  0.15998E+01 -0.15910E+00
 -0.11123E+00 -0.43586E+00 -0.31742E+00  0.12040E+01  0.26488E+01  0.37503E+01
  0.49233E+01  0.43723E+01  0.32181E+01  0.23909E+01  0.13916E+01  0.23124E+01
  0.21121E+01  0.26544E+01  0.29771E+01  0.96981E+00 -0.17525E+00 -0.18939E+01
 -0.25823E+01 -0.29666E+01 -0.10781E+01  0.59262E+00  0.61886E+00  0.56667E+00
 -0.19522E+01 -0.25640E+01 -0.20152E+01 -0.68723E+00  0.81689E+00  0.14427E+01
  0.23887E+00 -0.32584E+00 -0.15635E+01 -0.20681E+01 -0.19387E+01 -0.19447E+01
 -0.13840E+01 -0.20029E+01 -0.28665E+01 -0.29118E+01 -0.27083E+01 -0.29858E+01
 -0.29979E+01 -0.26995E+01 -0.23234E+01 -0.36307E+01 -0.29400E+01 -0.23949E+01
 -0.24537E+01 -0.25689E+01 -0.30192E+01 -0.33946E+01 -0.30416E+01 -0.25171E+01
 -0.22806E+01 -0.92652E+00  0.18816E+01  0.32946E+01  0.24811E+01  0.26288E+01
  0.84952E+00 -0.50909E-01  0.83870E+00  0.14195E+01  0.18182E+01  0.12306E-01
 -0.11945E+01 -0.58188E+00 -0.80172E+00 -0.87467E-01  0.83580E+00  0.15833E+01
  0.23749E+01  0.28897E+01  0.42670E+01  0.34995E+01  0.32899E+01  0.31485E+01
  0.28907E+01  0.35541E+01  0.47954E+01  0.72609E+01  0.87828E+01  0.92576E+01
  0.89930E+01  0.66571E+01  0.35077E+01 -0.14236E+01 -0.63229E+01 -0.80793E+01
 -0.80105E+01 -0.59200E+01 -0.25860E+01  0.65590E+00  0.22842E+01  0.24227E+01
  0.14658E+00 -0.20312E+01 -0.34015E+01 -0.51642E+01 -0.44970E+01 -0.38393E+01
 -0.26853E+01  0.43275E+00  0.23801E+01  0.23841E+01  0.88551E-01 -0.33014E+01
 -0.73748E+01 -0.96676E+01 -0.10285E+02 -0.89865E+01 -0.59345E+01 -0.27149E+01
 -0.78036E+00 -0.18583E+00  0.29500E+00 -0.61009E+00 -0.23830E+01 -0.37167E+01
 -0.39503E+01 -0.50540E+01 -0.45047E+01 -0.19329E+01 -0.11886E+00  0.10949E+01
  0.60111E+00  0.31212E+00 -0.73800E+00 -0.15254E+01 -0.66433E+00  0.15797E+01
  0.33590E+01  0.40327E+01  0.50622E+01  0.61132E+01  0.61462E+01  0.61008E+01
  0.61266E+01  0.47980E+01  0.40661E+01  0.31180E+01  0.35029E+01  0.36288E+01
  0.40274E+01  0.48268E+01  0.40972E+01  0.30357E+01  0.26668E+01  0.11799E+01
  0.87420E+00  0.93409E+00  0.13695E+01  0.28338E+01  0.38002E+01  0.46713E+01
  0.56467E+01  0.49292E+01  0.28258E+01  0.18984E+01  0.85817E+00  0.49969E+00
 -0.56306E+00 -0.10804E+01 -0.11592E+01 -0.90124E+00 -0.11949E+01 -0.57240E+00
 -0.28440E+00 -0.11244E+01 -0.13649E+01 -0.10562E+01 -0.63990E+00 -0.37047E+00
 -0.79062E-01 -0.42909E+00 -0.18231E+01 -0.34037E+01 -0.25700E+01 -0.21582E+01
 -0.12271E+01 -0.55304E+00 -0.10201E+01 -0.16652E+01 -0.18768E+01 -0.25593E+01
 -0.32265E+01 -0.18513E+01 -0.72182E+00  0.56455E+00 -0.36126E+00 -0.30421E+01
 -0.64318E+01 -0.84027E+01 -0.57608E+01 -0.71517E+00  0.31332E+01  0.34862E+01
  0.43190E+00 -0.44294E+01 -0.77297E+01 -0.65540E+01 -0.32581E+01 -0.90814E+00
 -0.51004E+00 -0.22542E+01 -0.23905E+01 -0.17941E+01  0.16490E+00  0.19775E+01
  0.16051E+01 -0.98620E+00 -0.31408E+01 -0.29809E+01 -0.29720E+00  0.22591E+01
  0.23556E+01 -0.54334E+00 -0.33593E+01 -0.57565E+01 -0.47742E+01 -0.53952E+00
  0.23317E+01  0.38374E+01  0.21033E+01  0.83054E+00  0.14466E+01  0.22501E+01
  0.28370E+01  0.31294E+01  0.22988E+01  0.24220E+01  0.20142E+01  0.14272E+01
  0.13941E+01  0.72684E+00  0.46245E+00  0.71949E+00 -0.42716E+00 -0.11411E+01
 -0.19423E+01 -0.33690E+01 -0.29360E+01 -0.21437E+01 -0.75130E+00 -0.41358E+00
 -0.87610E+00 -0.89025E+00 -0.24175E+01 -0.27110E+01 -0.18049E+01 -0.38997E+00
  0.73942E+00  0.17742E+00  0.46365E+00  0.80073E+00  0.13388E+01  0.18513E+01
  0.15469E+01  0.18891E+01  0.42476E+00 -0.42165E+00 -0.13808E+01 -0.23820E+01
 -0.27986E+01 -0.30316E+01 -0.21287E+01 -0.13907E+01 -0.20506E+00  0.89449E+00
  0.24334E+01  0.43490E+01  0.63146E+01  0.57658E+01  0.49447E+01  0.49443E+01
  0.34172E+01  0.26806E+01  0.23007E+01  0.24488E+01  0.19577E+01  0.49094E+00
 -0.70605E+00 -0.22738E+01 -0.20358E+01 -0.20205E+01 -0.63060E+00  0.42310E+00
  0.13571E+01  0.14773E+01  0.41302E+00  0.22959E+00  0.70213E-01  0.57141E+00
  0.10640E+01  0.14678E+01  0.12525E+01  0.96443E+00  0.72541E+00  0.14707E+01
  0.18425E+01  0.10955E+01  0.94517E+00  0.79959E+00  0.19001E+01  0.13001E+01
  0.10166E+01  0.13953E+01  0.27137E+00  0.37279E-01 -0.34259E+00  0.18244E-01
  0.35476E+00  0.75894E+00  0.82640E+00  0.68335E+00 -0.46173E-01  0.13138E+00
  0.57396E+00  0.25357E+00  0.57014E+00  0.38431E+00 -0.88416E+00 -0.13825E+01
 -0.11289E+01 -0.53365E+00  0.10488E+01  0.58179E+00  0.11214E+01  0.11122E+01
 -0.41649E-01 -0.67459E-01 -0.93198E-01  0.48727E+00 -0.23264E+00  0.83451E+00
  0.14399E+01  0.18040E+01  0.89062E+00 -0.91228E+00 -0.13740E+01 -0.45806E+01
 -0.61907E+01 -0.40447E+01 -0.22800E+01 -0.13949E+01  0.83081E+00  0.27957E+01
  0.12349E+01 -0.18166E+00 -0.13678E+01 -0.23254E+01 -0.13687E+01 -0.28086E+01
 -0.18927E+01  0.11680E+01  0.17588E+01  0.67245E+00 -0.34457E+00 -0.10462E+01
 -0.18542E+01 -0.17878E+01 -0.12097E+00 -0.10537E+00 -0.54511E+00  0.26913E+00
  0.12597E+01  0.18406E+01  0.36984E+00  0.93432E+00  0.54941E-01 -0.48564E+00
 -0.14948E+01 -0.22823E+01 -0.16449E+01 -0.18678E+01 -0.19855E+01 -0.22690E+01
 -0.10066E+01  0.24715E+00  0.23764E+00 -0.16737E+00 -0.15133E+01 -0.31176E+01
 -0.19902E+01 -0.11902E+01 -0.87526E+00 -0.13200E+01 -0.25016E+01 -0.37035E+01
 -0.42764E+01 -0.42839E+01 -0.40809E+01 -0.26665E+01  0.91499E-01  0.38563E+01
  0.59550E+01  0.70730E+01  0.85594E+01  0.12038E+02  0.16829E+02  0.21322E+02
  0.26348E+02  0.23408E+02  0.13562E+02 -0.66930E+01 -0.32159E+02 -0.42721E+02
