  0.78627E+02  0.87792E+02  0.91859E+02  0.92631E+02  0.88015E+02  0.76887E+02
  0.59580E+02  0.38035E+02  0.15432E+02 -0.46669E+01 -0.19308E+02 -0.26981E+02
 -0.27956E+02 -0.24019E+02 -0.17739E+02 -0.11628E+02 -0.75087E+01 -0.63169E+01
 -0.82852E+01 -0.13279E+02 -0.21016E+02 -0.31020E+02 -0.42402E+02 -0.53666E+02
 -0.62831E+02 -0.67933E+02 -0.67764E+02 -0.62537E+02 -0.54042E+02 -0.45225E+02
 -0.39223E+02 -0.38233E+02 -0.42693E+02 -0.51055E+02 -0.60279E+02 -0.66819E+02
 -0.67757E+02 -0.61694E+02 -0.49182E+02 -0.32591E+02 -0.15499E+02 -0.17890E+01
  0.53535E+01  0.43035E+01 -0.45006E+01 -0.18590E+02 -0.34105E+02 -0.46889E+02
 -0.53705E+02 -0.53169E+02 -0.45996E+02 -0.34481E+02 -0.21435E+02 -0.90439E+01
  0.18081E+01  0.11469E+02  0.20800E+02  0.30233E+02  0.39179E+02  0.46129E+02
  0.49427E+02  0.48273E+02  0.43379E+02  0.36873E+02  0.31405E+02  0.28993E+02
  0.30045E+02  0.33164E+02  0.35745E+02  0.35077E+02  0.29388E+02  0.18427E+02
  0.33658E+01 -0.13787E+02 -0.30879E+02 -0.46096E+02 -0.58136E+02 -0.66065E+02
 -0.69256E+02 -0.67401E+02 -0.60692E+02 -0.50010E+02 -0.36878E+02 -0.23115E+02
 -0.10306E+02  0.65334E+00  0.97835E+01  0.17848E+02  0.25903E+02  0.34797E+02
  0.44821E+02  0.55609E+02  0.66253E+02  0.75506E+02  0.81954E+02  0.84158E+02
  0.80875E+02  0.71423E+02  0.56095E+02  0.36538E+02  0.15777E+02 -0.23087E+01
 -0.14008E+02 -0.17026E+02 -0.11489E+02 -0.16824E+00  0.12227E+02  0.20616E+02
  0.21386E+02  0.13837E+02  0.61875E+00 -0.13141E+02 -0.21752E+02 -0.21286E+02
 -0.11434E+02  0.39082E+01  0.17673E+02  0.22037E+02  0.11424E+02 -0.15022E+02
 -0.52484E+02 -0.91598E+02 -0.12130E+03 -0.13259E+03 -0.12163E+03 -0.91189E+02
 -0.49836E+02 -0.89973E+01  0.20763E+02  0.33059E+02  0.27365E+02  0.86288E+01
 -0.14878E+02 -0.34526E+02 -0.44039E+02 -0.41034E+02 -0.27177E+02 -0.70891E+01
  0.13415E+02  0.29191E+02  0.37189E+02  0.37131E+02  0.31321E+02  0.23649E+02
  0.18028E+02  0.16712E+02  0.19040E+02  0.21314E+02  0.17945E+02  0.37534E+01
 -0.23458E+02 -0.61152E+02 -0.10210E+03 -0.13639E+03 -0.15493E+03 -0.15287E+03
 -0.13157E+03 -0.98161E+02 -0.62822E+02 -0.35075E+02 -0.20503E+02 -0.19401E+02
 -0.27640E+02 -0.39107E+02 -0.48393E+02 -0.52520E+02 -0.51166E+02 -0.45664E+02
 -0.37678E+02 -0.28429E+02 -0.18646E+02 -0.90764E+01 -0.79268E+00  0.50919E+01
  0.82142E+01  0.96425E+01  0.11786E+02  0.17286E+02  0.27354E+02  0.40574E+02
  0.53033E+02  0.59998E+02  0.58424E+02  0.48931E+02  0.36030E+02  0.26241E+02
  0.24892E+02  0.33263E+02  0.47590E+02  0.60635E+02  0.65048E+02  0.56945E+02
  0.37725E+02  0.13300E+02 -0.88792E+01 -0.23436E+02 -0.29424E+02 -0.30326E+02
 -0.31795E+02 -0.38532E+02 -0.51928E+02 -0.69678E+02 -0.87370E+02 -0.10095E+03
 -0.10863E+03 -0.11118E+03 -0.11069E+03 -0.10866E+03 -0.10466E+03 -0.96558E+02
 -0.82046E+02 -0.60606E+02 -0.34580E+02 -0.87095E+01  0.11901E+02  0.24226E+02
  0.28948E+02  0.30315E+02  0.34198E+02  0.45261E+02  0.64558E+02  0.88685E+02
  0.11088E+03  0.12359E+03  0.12135E+03  0.10302E+03  0.72210E+02  0.36204E+02
  0.35142E+01 -0.18859E+02 -0.27637E+02 -0.24136E+02 -0.13635E+02 -0.33587E+01
  0.24752E+00 -0.60033E+01 -0.20743E+02 -0.38510E+02 -0.51919E+02 -0.54741E+02
 -0.44641E+02 -0.24380E+02 -0.88313E+00  0.17506E+02  0.24336E+02  0.17512E+02
 -0.34078E+00 -0.23516E+02 -0.46168E+02 -0.64912E+02 -0.79882E+02 -0.93741E+02
 -0.10935E+03 -0.12741E+03 -0.14554E+03 -0.15897E+03 -0.16303E+03 -0.15553E+03
 -0.13804E+03 -0.11541E+03 -0.93564E+02 -0.77019E+02 -0.67050E+02 -0.61561E+02
 -0.56513E+02 -0.48068E+02 -0.34380E+02 -0.16168E+02  0.38035E+01  0.22149E+02
  0.36057E+02  0.43938E+02  0.45301E+02  0.40279E+02  0.29247E+02  0.12845E+02
 -0.77068E+01 -0.30311E+02 -0.52134E+02 -0.70180E+02 -0.82137E+02 -0.87003E+02
 -0.85249E+02 -0.78351E+02 -0.67987E+02 -0.55414E+02 -0.41128E+02 -0.25138E+02
 -0.73468E+01  0.11995E+02  0.32132E+02  0.51944E+02  0.70214E+02  0.85862E+02
  0.98001E+02  0.10592E+03  0.10905E+03  0.10706E+03  0.10005E+03  0.88736E+02
  0.74540E+02  0.59330E+02  0.45074E+02  0.33374E+02  0.25155E+02  0.20502E+02
  0.18658E+02  0.18205E+02  0.17340E+02  0.14323E+02  0.79719E+01 -0.17799E+01
 -0.13545E+02 -0.24603E+02 -0.31515E+02 -0.31248E+02 -0.22299E+02 -0.54341E+01
  0.16346E+02  0.38655E+02  0.57024E+02  0.68154E+02  0.70570E+02  0.64562E+02
  0.51561E+02  0.33417E+02  0.11919E+02 -0.11233E+02 -0.34244E+02 -0.55130E+02
 -0.72070E+02 -0.83946E+02 -0.90929E+02 -0.94438E+02 -0.96512E+02 -0.98615E+02
 -0.10067E+03 -0.10064E+03 -0.95430E+02 -0.82255E+02 -0.60269E+02 -0.31306E+02
  0.56647E+00  0.30550E+02  0.54918E+02  0.72269E+02  0.83594E+02  0.91279E+02
  0.97572E+02  0.10343E+03  0.10830E+03  0.11079E+03  0.10990E+03  0.10580E+03
  0.99830E+02  0.93725E+02  0.88358E+02  0.83076E+02  0.75867E+02  0.64554E+02
  0.48280E+02  0.28672E+02  0.97248E+01 -0.33291E+01 -0.60316E+01  0.34705E+01
  0.23501E+02  0.49293E+02  0.74585E+02  0.93714E+02  0.10337E+03  0.10339E+03
  0.96411E+02  0.86572E+02  0.77945E+02  0.73281E+02  0.73393E+02  0.77408E+02
  0.83521E+02  0.89988E+02  0.95834E+02  0.10121E+03  0.10718E+03  0.11518E+03
  0.12645E+03  0.14151E+03  0.15988E+03  0.18024E+03  0.20071E+03  0.21926E+03
  0.23408E+03  0.24402E+03  0.24870E+03  0.24859E+03  0.24486E+03  0.23892E+03
  0.23194E+03  0.22429E+03  0.21527E+03  0.20351E+03  0.18760E+03  0.16733E+03
  0.14449E+03  0.12302E+03  0.10800E+03  0.10388E+03  0.11242E+03  0.13137E+03
  0.15464E+03  0.17413E+03  0.18250E+03  0.17587E+03  0.15525E+03  0.12597E+03
  0.95389E+02  0.70010E+02  0.53167E+02  0.44399E+02  0.40538E+02  0.37986E+02
  0.34761E+02  0.31402E+02  0.30349E+02  0.34287E+02  0.44399E+02  0.59616E+02
  0.77124E+02  0.93748E+02  0.10757E+03  0.11858E+03  0.12832E+03  0.13860E+03
  0.15031E+03  0.16291E+03  0.17477E+03  0.18438E+03  0.19124E+03  0.19629E+03
  0.20119E+03  0.20732E+03  0.21480E+03  0.22247E+03  0.22848E+03  0.23159E+03
  0.23205E+03  0.23167E+03  0.23294E+03  0.23779E+03  0.24651E+03  0.25763E+03
  0.26868E+03  0.27744E+03  0.28306E+03  0.28626E+03  0.28883E+03  0.29246E+03
  0.29797E+03  0.30493E+03  0.31231E+03  0.31932E+03  0.32612E+03  0.33389E+03
  0.34429E+03  0.35851E+03  0.37655E+03  0.39708E+03  0.41781E+03  0.43624E+03
  0.45018E+03  0.45793E+03  0.45818E+03  0.44967E+03  0.43127E+03  0.40231E+03
  0.36306E+03  0.31519E+03  0.26163E+03  0.20594E+03  0.15136E+03  0.10013E+03
  0.53033E+02  0.98643E+01 -0.30059E+02 -0.67133E+02 -0.10142E+03 -0.13277E+03
 -0.16143E+03 -0.18833E+03 -0.21517E+03 -0.24380E+03 -0.27544E+03 -0.31005E+03
 -0.34608E+03 -0.38097E+03 -0.41214E+03 -0.43780E+03 -0.45761E+03 -0.47252E+03
 -0.48419E+03 -0.49415E+03 -0.50325E+03 -0.51140E+03 -0.51793E+03 -0.52207E+03
 -0.52330E+03 -0.52158E+03 -0.51712E+03 -0.51018E+03 -0.50084E+03 -0.48904E+03
 -0.47484E+03 -0.45855E+03 -0.44090E+03 -0.42285E+03 -0.40529E+03 -0.38886E+03
 -0.37388E+03 -0.36052E+03 -0.34908E+03 -0.34012E+03 -0.33424E+03 -0.33174E+03
 -0.33226E+03 -0.33473E+03 -0.33764E+03 -0.33990E+03 -0.34135E+03 -0.34326E+03
 -0.34778E+03 -0.35723E+03 -0.37279E+03 -0.39388E+03 -0.41802E+03 -0.44142E+03
 -0.46020E+03 -0.47131E+03 -0.47316E+03 -0.46556E+03 -0.44923E+03 -0.42529E+03
 -0.39488E+03 -0.35928E+03 -0.32013E+03 -0.27957E+03 -0.24010E+03 -0.20407E+03
 -0.17320E+03 -0.14807E+03 -0.12814E+03 -0.11210E+03 -0.98238E+02 -0.84881E+02
 -0.70626E+02 -0.54525E+02 -0.36303E+02 -0.16659E+02  0.25457E+01  0.18371E+02
  0.27433E+02  0.27055E+02  0.16276E+02 -0.34804E+01 -0.28861E+02 -0.55781E+02
 -0.80925E+02 -0.10269E+03 -0.12112E+03 -0.13673E+03 -0.14920E+03 -0.15669E+03
 -0.15671E+03 -0.14790E+03 -0.13204E+03 -0.11451E+03 -0.10248E+03 -0.10132E+03
 -0.11066E+03 -0.12243E+03 -0.12251E+03 -0.95834E+02 -0.33185E+02  0.63498E+02
  0.17988E+03  0.29324E+03  0.38012E+03  0.42473E+03  0.42427E+03  0.38907E+03
  0.33776E+03  0.28959E+03  0.25773E+03  0.24604E+03  0.25025E+03  0.26239E+03
  0.27561E+03  0.28709E+03  0.29802E+03  0.31100E+03  0.32698E+03  0.34366E+03
  0.35600E+03  0.35874E+03  0.34896E+03  0.32751E+03  0.29836E+03  0.26662E+03
  0.23608E+03  0.20797E+03  0.18127E+03  0.15425E+03  0.12621E+03  0.98370E+02
  0.73535E+02  0.54730E+02  0.43855E+02  0.40871E+02  0.44166E+02  0.51456E+02
  0.60762E+02  0.70797E+02  0.80779E+02  0.89848E+02  0.96728E+02  0.99815E+02
  0.97877E+02  0.90591E+02  0.78814E+02  0.64079E+02  0.47705E+02  0.30120E+02
  0.10642E+02 -0.11851E+02 -0.37738E+02 -0.65627E+02 -0.92179E+02 -0.11269E+03
 -0.12264E+03 -0.11930E+03 -0.10275E+03 -0.75993E+02 -0.43933E+02 -0.11851E+02
  0.16270E+02  0.38622E+02  0.55847E+02  0.70237E+02  0.84662E+02  0.10122E+03
  0.12049E+03  0.14126E+03  0.16109E+03  0.17723E+03  0.18775E+03  0.19234E+03
  0.19243E+03  0.19063E+03  0.18971E+03  0.19148E+03  0.19605E+03  0.20200E+03
  0.20707E+03  0.20935E+03  0.20809E+03  0.20400E+03  0.19851E+03  0.19274E+03
  0.18637E+03  0.17733E+03  0.16232E+03  0.13821E+03  0.10360E+03  0.59922E+02
  0.11440E+02 -0.35788E+02 -0.75787E+02 -0.10452E+03 -0.12110E+03 -0.12786E+03
 -0.12936E+03 -0.13064E+03 -0.13553E+03 -0.14548E+03 -0.15949E+03 -0.17483E+03
 -0.18831E+03 -0.19762E+03 -0.20199E+03 -0.20223E+03 -0.19989E+03 -0.19644E+03
 -0.19262E+03 -0.18849E+03 -0.18390E+03 -0.17917E+03 -0.17548E+03 -0.17450E+03
 -0.17762E+03 -0.18487E+03 -0.19448E+03 -0.20319E+03 -0.20742E+03 -0.20477E+03
 -0.19506E+03 -0.18038E+03 -0.16422E+03 -0.14984E+03 -0.13906E+03 -0.13191E+03
 -0.12742E+03 -0.12501E+03 -0.12561E+03 -0.13172E+03 -0.14621E+03 -0.17032E+03
 -0.20194E+03 -0.23528E+03 -0.26218E+03 -0.27482E+03 -0.26862E+03 -0.24402E+03
 -0.20633E+03 -0.16374E+03 -0.12431E+03 -0.93474E+02 -0.72689E+02 -0.60100E+02
 -0.52177E+02 -0.45706E+02 -0.39024E+02 -0.32173E+02 -0.26262E+02 -0.22387E+02
 -0.21100E+02 -0.22380E+02 -0.25965E+02 -0.31756E+02 -0.39747E+02 -0.49780E+02
 -0.61165E+02 -0.72698E+02 -0.83092E+02 -0.91662E+02 -0.98741E+02 -0.10543E+03
 -0.11277E+03 -0.12063E+03 -0.12710E+03 -0.12884E+03 -0.12240E+03 -0.10579E+03
 -0.79719E+02 -0.47447E+02 -0.13520E+02  0.18279E+02  0.46393E+02  0.71910E+02
  0.97380E+02  0.12476E+03  0.15354E+03  0.17999E+03  0.19817E+03  0.20218E+03
  0.18858E+03  0.15801E+03  0.11511E+03  0.66946E+02  0.20677E+02 -0.18521E+02
 -0.48396E+02 -0.69311E+02 -0.83125E+02 -0.91924E+02 -0.97291E+02 -0.10023E+03
 -0.10161E+03 -0.10254E+03 -0.10445E+03 -0.10871E+03 -0.11598E+03 -0.12587E+03
 -0.13707E+03 -0.14777E+03 -0.15652E+03 -0.16274E+03 -0.16698E+03 -0.17060E+03
 -0.17531E+03 -0.18251E+03 -0.19286E+03 -0.20588E+03 -0.22000E+03 -0.23263E+03
 -0.24057E+03 -0.24068E+03 -0.23077E+03 -0.21022E+03 -0.18037E+03 -0.14427E+03
 -0.10562E+03 -0.67571E+02 -0.31565E+02  0.29556E+01  0.38113E+02  0.76183E+02
  0.11835E+03  0.16359E+03  0.20885E+03  0.24988E+03  0.28259E+03  0.30435E+03
  0.31452E+03  0.31418E+03  0.30556E+03  0.29108E+03  0.27299E+03  0.25312E+03
  0.23300E+03  0.21382E+03  0.19608E+03  0.17934E+03  0.16201E+03  0.14193E+03
  0.11719E+03  0.87328E+02  0.54023E+02  0.20810E+02 -0.80892E+01 -0.29437E+02
 -0.42391E+02 -0.48833E+02 -0.52609E+02 -0.57693E+02 -0.66737E+02 -0.80066E+02
 -0.96265E+02 -0.11343E+03 -0.13054E+03 -0.14803E+03 -0.16720E+03 -0.18869E+03
 -0.21107E+03 -0.23050E+03 -0.24185E+03 -0.24100E+03 -0.22705E+03 -0.20342E+03
 -0.17695E+03 -0.15529E+03 -0.14378E+03 -0.14312E+03 -0.14927E+03 -0.15539E+03
 -0.15498E+03 -0.14476E+03 -0.12596E+03 -0.10326E+03 -0.82292E+02 -0.66779E+02
 -0.56926E+02 -0.49681E+02 -0.40659E+02 -0.26609E+02 -0.72550E+01  0.14658E+02
  0.34802E+02  0.49496E+02  0.57493E+02  0.60612E+02  0.62674E+02  0.67769E+02
  0.78284E+02  0.93981E+02  0.11216E+03  0.12874E+03  0.13971E+03  0.14226E+03
  0.13547E+03  0.12036E+03  0.99595E+02  0.77196E+02  0.57836E+02  0.46041E+02
  0.45158E+02  0.56335E+02  0.77979E+02  0.10604E+03  0.13520E+03  0.16043E+03
  0.17842E+03  0.18813E+03  0.19006E+03  0.18504E+03  0.17282E+03  0.15183E+03
  0.11996E+03  0.76405E+02  0.23231E+02 -0.33952E+02 -0.87068E+02 -0.12790E+03
 -0.15083E+03 -0.15456E+03 -0.14214E+03 -0.11940E+03 -0.92355E+02 -0.65071E+02
 -0.38887E+02 -0.13080E+02  0.13418E+02  0.40421E+02  0.65777E+02  0.85989E+02
  0.97623E+02  0.98776E+02  0.89803E+02  0.72960E+02  0.51402E+02  0.28002E+02
  0.47139E+01 -0.17323E+02 -0.37227E+02 -0.53799E+02 -0.65397E+02 -0.70303E+02
 -0.67355E+02 -0.56443E+02 -0.38599E+02 -0.15694E+02  0.10007E+02  0.36154E+02
  0.60346E+02  0.80107E+02  0.93056E+02  0.97471E+02  0.93106E+02  0.81763E+02
  0.67348E+02  0.54845E+02  0.48698E+02  0.51181E+02  0.61516E+02  0.76249E+02
  0.90750E+02  0.10120E+03  0.10606E+03  0.10650E+03  0.10544E+03  0.10596E+03
  0.10976E+03  0.11648E+03  0.12411E+03  0.13004E+03  0.13235E+03  0.13041E+03
  0.12480E+03  0.11667E+03  0.10707E+03  0.96799E+02  0.86542E+02  0.77456E+02
  0.71207E+02  0.69598E+02  0.73721E+02  0.83178E+02  0.95910E+02  0.10896E+03
  0.11979E+03  0.12756E+03  0.13355E+03  0.14037E+03  0.15016E+03  0.16262E+03
  0.17402E+03  0.17773E+03  0.16640E+03  0.13487E+03  0.82816E+02  0.15516E+02
 -0.57103E+02 -0.12331E+03 -0.17298E+03 -0.20048E+03 -0.20585E+03 -0.19414E+03
 -0.17336E+03 -0.15164E+03 -0.13498E+03 -0.12600E+03 -0.12395E+03 -0.12582E+03
 -0.12765E+03 -0.12593E+03 -0.11833E+03 -0.10393E+03 -0.83006E+02 -0.56637E+02
 -0.26432E+02  0.57843E+01  0.37958E+02  0.67939E+02  0.93611E+02  0.11319E+03
  0.12553E+03  0.13036E+03  0.12846E+03  0.12146E+03  0.11154E+03  0.10090E+03
  0.91262E+02  0.83502E+02  0.77568E+02  0.72617E+02  0.67438E+02  0.60987E+02
  0.52805E+02  0.43206E+02  0.33216E+02  0.24127E+02  0.16942E+02  0.11865E+02
  0.80611E+01  0.38538E+01 -0.26516E+01 -0.12678E+02 -0.26085E+02 -0.40977E+02
 -0.54086E+02 -0.61716E+02 -0.60896E+02 -0.50466E+02 -0.31473E+02 -0.68376E+01
  0.19686E+02  0.44742E+02  0.66259E+02  0.83808E+02  0.98054E+02  0.11003E+03
  0.12019E+03  0.12819E+03  0.13307E+03  0.13383E+03  0.13015E+03  0.12257E+03
  0.11227E+03  0.10052E+03  0.88255E+02  0.75940E+02  0.63944E+02  0.53107E+02
  0.45064E+02  0.42021E+02  0.45955E+02  0.57612E+02  0.75834E+02  0.97720E+02
  0.11960E+03  0.13845E+03  0.15295E+03  0.16366E+03  0.17215E+03  0.17929E+03
  0.18413E+03  0.18348E+03  0.17313E+03  0.14999E+03  0.11413E+03  0.69870E+02
  0.25025E+02 -0.11483E+02 -0.32656E+02 -0.35844E+02 -0.23527E+02 -0.21220E+01
  0.20531E+02  0.37936E+02  0.46726E+02  0.46922E+02  0.40741E+02  0.30877E+02
  0.19103E+02  0.58613E+01 -0.91796E+01 -0.26093E+02 -0.43983E+02 -0.60996E+02
 -0.75072E+02 -0.84921E+02 -0.90626E+02 -0.93576E+02 -0.95580E+02 -0.97890E+02
 -0.10059E+03 -0.10268E+03 -0.10295E+03 -0.10087E+03 -0.97254E+02 -0.94018E+02
 -0.93389E+02 -0.96918E+02 -0.10477E+03 -0.11590E+03 -0.12865E+03 -0.14161E+03
 -0.15408E+03 -0.16578E+03 -0.17604E+03 -0.18307E+03 -0.18376E+03 -0.17453E+03
 -0.15289E+03 -0.11902E+03 -0.76615E+02 -0.32357E+02  0.59822E+01  0.31983E+02
  0.42844E+02  0.40124E+02  0.29136E+02  0.16843E+02  0.94173E+01  0.10287E+02
  0.19383E+02  0.33712E+02  0.48843E+02  0.60590E+02  0.66179E+02  0.64724E+02
  0.56926E+02  0.44460E+02  0.29276E+02  0.13226E+02 -0.21397E+01 -0.15602E+02
 -0.26361E+02 -0.34140E+02 -0.39269E+02 -0.42615E+02 -0.45315E+02 -0.48401E+02
 -0.52462E+02 -0.57512E+02 -0.63198E+02 -0.69084E+02 -0.75035E+02 -0.81240E+02
 -0.88105E+02 -0.95894E+02 -0.10438E+03 -0.11278E+03 -0.11994E+03 -0.12468E+03
 -0.12624E+03 -0.12440E+03 -0.11937E+03 -0.11158E+03 -0.10145E+03 -0.89364E+02
 -0.75965E+02 -0.62409E+02 -0.50473E+02 -0.42356E+02 -0.39945E+02 -0.44159E+02
 -0.54235E+02 -0.67808E+02 -0.81402E+02 -0.91505E+02 -0.95665E+02 -0.93175E+02
 -0.85071E+02 -0.73496E+02 -0.60723E+02 -0.48232E+02 -0.36381E+02 -0.24523E+02
 -0.11717E+02  0.26232E+01  0.18250E+02  0.34181E+02  0.49264E+02  0.62819E+02
  0.75066E+02  0.87158E+02  0.10066E+03  0.11682E+03  0.13601E+03  0.15738E+03
  0.17932E+03  0.19998E+03  0.21804E+03  0.23315E+03  0.24588E+03  0.25733E+03
  0.26844E+03  0.27958E+03  0.29043E+03  0.30031E+03  0.30852E+03  0.31482E+03
  0.31935E+03  0.32237E+03  0.32376E+03  0.32267E+03  0.31754E+03  0.30646E+03
  0.28797E+03  0.26157E+03  0.22807E+03  0.18946E+03  0.14829E+03  0.10714E+03
  0.68095E+02  0.32537E+02  0.12925E+01 -0.25218E+02 -0.46735E+02 -0.63277E+02
 -0.75220E+02 -0.83388E+02 -0.88947E+02 -0.93089E+02 -0.96653E+02 -0.99843E+02
 -0.10232E+03 -0.10351E+03 -0.10319E+03 -0.10180E+03 -0.10057E+03 -0.10094E+03
 -0.10401E+03 -0.10988E+03 -0.11743E+03 -0.12463E+03 -0.12937E+03 -0.13026E+03
 -0.12721E+03 -0.12135E+03 -0.11437E+03 -0.10773E+03 -0.10186E+03 -0.95932E+02
 -0.88375E+02 -0.77744E+02 -0.63658E+02 -0.47288E+02 -0.31132E+02 -0.18243E+02
 -0.11060E+02 -0.10474E+02 -0.15483E+02 -0.23511E+02 -0.31285E+02 -0.35812E+02
 -0.35258E+02 -0.29245E+02 -0.18769E+02 -0.57566E+01  0.75045E+01  0.18843E+02
  0.26606E+02  0.29943E+02  0.28996E+02  0.24960E+02  0.19900E+02  0.16304E+02
  0.16401E+02  0.21469E+02  0.31387E+02  0.44679E+02  0.59077E+02  0.72370E+02
  0.83183E+02  0.91307E+02  0.97444E+02  0.10252E+03  0.10698E+03  0.11052E+03
  0.11233E+03  0.11200E+03  0.11017E+03  0.10879E+03  0.11050E+03  0.11727E+03
  0.12902E+03  0.14282E+03  0.15333E+03  0.15444E+03  0.14155E+03  0.11341E+03
  0.72985E+02  0.26590E+02 -0.18192E+02 -0.54990E+02 -0.80578E+02 -0.95476E+02
 -0.10309E+03 -0.10799E+03 -0.11383E+03 -0.12225E+03 -0.13253E+03 -0.14241E+03
 -0.14927E+03 -0.15130E+03 -0.14808E+03 -0.14051E+03 -0.13042E+03 -0.11986E+03
 -0.11066E+03 -0.10410E+03 -0.10100E+03 -0.10170E+03 -0.10624E+03 -0.11442E+03
 -0.12597E+03 -0.14056E+03 -0.15780E+03 -0.17712E+03 -0.19772E+03 -0.21837E+03
 -0.23762E+03 -0.25407E+03 -0.26676E+03 -0.27557E+03 -0.28116E+03 -0.28460E+03
 -0.28668E+03 -0.28716E+03 -0.28457E+03 -0.27648E+03 -0.26035E+03 -0.23462E+03
 -0.19942E+03 -0.15682E+03 -0.11023E+03 -0.63539E+02 -0.20195E+02  0.17395E+02
  0.47958E+02  0.71235E+02  0.87763E+02  0.98805E+02  0.10641E+03  0.11326E+03
  0.12222E+03  0.13531E+03  0.15266E+03  0.17186E+03  0.18808E+03  0.19548E+03
  0.18915E+03  0.16709E+03  0.13134E+03  0.87764E+02  0.44364E+02  0.89307E+01
 -0.13237E+02 -0.20654E+02 -0.15590E+02 -0.29310E+01  0.11534E+02  0.22761E+02
  0.27471E+02  0.24433E+02  0.14180E+02 -0.15768E+01 -0.20534E+02 -0.40278E+02
 -0.58632E+02 -0.73845E+02 -0.84724E+02 -0.90525E+02 -0.90852E+02 -0.85500E+02
 -0.74319E+02 -0.57477E+02 -0.35688E+02 -0.10649E+02  0.15005E+02  0.38042E+02
  0.55416E+02  0.65288E+02  0.67582E+02  0.63882E+02  0.56634E+02  0.47950E+02
  0.38530E+02  0.27410E+02  0.12600E+02 -0.76241E+01 -0.33397E+02 -0.62668E+02
 -0.91575E+02 -0.11587E+03 -0.13244E+03 -0.14058E+03 -0.14202E+03 -0.14017E+03
 -0.13856E+03 -0.13954E+03 -0.14364E+03 -0.14983E+03 -0.15641E+03 -0.16191E+03
 -0.16568E+03 -0.16778E+03 -0.16845E+03 -0.16750E+03 -0.16412E+03 -0.15700E+03
 -0.14480E+03 -0.12662E+03 -0.10230E+03 -0.72392E+02 -0.38085E+02 -0.10676E+01
  0.36473E+02  0.71984E+02  0.10299E+03  0.12767E+03  0.14560E+03  0.15809E+03
  0.16776E+03  0.17731E+03  0.18804E+03  0.19851E+03  0.20451E+03  0.20022E+03
  0.18054E+03  0.14337E+03  0.90971E+02  0.29556E+02 -0.32603E+02 -0.87840E+02
 -0.13127E+03 -0.16162E+03 -0.18040E+03 -0.19017E+03 -0.19284E+03 -0.18897E+03
 -0.17823E+03 -0.16072E+03 -0.13797E+03 -0.11298E+03 -0.89159E+02 -0.68695E+02
 -0.51339E+02 -0.34523E+02 -0.14740E+02  0.10341E+02  0.40318E+02  0.71899E+02
  0.10037E+03  0.12197E+03  0.13574E+03  0.14396E+03  0.15053E+03  0.15839E+03
  0.16714E+03  0.17238E+03  0.16723E+03  0.14564E+03  0.10574E+03  0.51647E+02
 -0.72090E+01 -0.59257E+02 -0.94910E+02 -0.11000E+03 -0.10690E+03 -0.93038E+02
 -0.77546E+02 -0.67548E+02 -0.65750E+02 -0.70104E+02 -0.75484E+02 -0.76314E+02
 -0.68946E+02 -0.52811E+02 -0.30125E+02 -0.46001E+01  0.20076E+02  0.41299E+02
  0.57871E+02  0.69727E+02  0.77430E+02  0.81816E+02  0.83844E+02  0.84661E+02
  0.85508E+02  0.87572E+02  0.91711E+02  0.98242E+02  0.10698E+03  0.11748E+03
  0.12943E+03  0.14282E+03  0.15779E+03  0.17428E+03  0.19158E+03  0.20802E+03
  0.22122E+03  0.22844E+03  0.22735E+03  0.21654E+03  0.19584E+03  0.16619E+03
  0.12939E+03  0.87740E+02  0.43891E+02  0.72051E+00 -0.38701E+02 -0.71279E+02
 -0.94264E+02 -0.10576E+03 -0.10516E+03 -0.93453E+02 -0.73182E+02 -0.47984E+02
 -0.21985E+02  0.94547E+00  0.17886E+02  0.27334E+02  0.29514E+02  0.26232E+02
  0.20528E+02  0.15935E+02  0.15501E+02  0.20970E+02  0.32231E+02  0.47315E+02
  0.63048E+02  0.76076E+02  0.83958E+02  0.85833E+02  0.82468E+02  0.75699E+02
  0.67468E+02  0.59072E+02  0.50842E+02  0.42373E+02  0.33184E+02  0.23309E+02
  0.13486E+02  0.48797E+01 -0.15645E+01 -0.56827E+01 -0.82251E+01 -0.10435E+02
 -0.13248E+02 -0.16551E+02 -0.18928E+02 -0.18113E+02 -0.11973E+02  0.41792E+00
  0.18137E+02  0.38542E+02  0.58120E+02  0.73693E+02  0.83442E+02  0.87333E+02
  0.86766E+02  0.83719E+02  0.79828E+02  0.75747E+02  0.71064E+02  0.64701E+02
  0.55524E+02  0.42860E+02  0.26753E+02  0.78694E+01 -0.12743E+02 -0.33914E+02
 -0.54497E+02 -0.73438E+02 -0.89824E+02 -0.10298E+03 -0.11266E+03 -0.11913E+03
 -0.12320E+03 -0.12594E+03 -0.12837E+03 -0.13115E+03 -0.13433E+03 -0.13753E+03
 -0.14008E+03 -0.14143E+03 -0.14125E+03 -0.13947E+03 -0.13601E+03 -0.13064E+03
 -0.12277E+03 -0.11165E+03 -0.96567E+02 -0.77325E+02 -0.54357E+02 -0.28854E+02
 -0.24523E+01  0.23147E+02  0.46562E+02  0.66951E+02  0.83981E+02  0.97586E+02
  0.10767E+03  0.11388E+03  0.11562E+03  0.11228E+03  0.10365E+03  0.90271E+02
  0.73541E+02  0.55563E+02  0.38621E+02  0.24542E+02  0.14214E+02  0.73638E+01
  0.28694E+01 -0.65199E+00 -0.41345E+01 -0.75866E+01 -0.10043E+02 -0.10008E+02
 -0.61901E+01  0.18236E+01  0.13191E+02  0.25990E+02  0.37829E+02  0.46666E+02
  0.51497E+02  0.52615E+02  0.51357E+02  0.49469E+02  0.48358E+02  0.48526E+02
  0.49393E+02  0.49541E+02  0.47243E+02  0.41062E+02  0.30286E+02  0.15109E+02
 -0.34488E+01 -0.23831E+02 -0.44314E+02 -0.63357E+02 -0.79867E+02 -0.93315E+02
 -0.10376E+03 -0.11166E+03 -0.11760E+03 -0.12196E+03 -0.12473E+03 -0.12542E+03
 -0.12313E+03 -0.11703E+03 -0.10662E+03 -0.92033E+02 -0.74117E+02 -0.54145E+02
 -0.33450E+02 -0.13109E+02  0.62437E+01  0.24316E+02  0.40900E+02  0.55620E+02
  0.67844E+02  0.76867E+02  0.82210E+02  0.83984E+02  0.82941E+02  0.80357E+02
  0.77634E+02  0.75902E+02  0.75776E+02  0.77461E+02  0.80977E+02  0.86432E+02
  0.94098E+02  0.10416E+03  0.11629E+03  0.12930E+03  0.14106E+03  0.14893E+03
  0.15059E+03  0.14491E+03  0.13253E+03  0.11581E+03  0.98213E+02  0.83291E+02
  0.73645E+02  0.70405E+02  0.73027E+02  0.79885E+02  0.88874E+02  0.98048E+02
  0.10602E+03  0.11214E+03  0.11627E+03  0.11879E+03  0.12027E+03  0.12141E+03
  0.12272E+03  0.12439E+03  0.12617E+03  0.12740E+03  0.12739E+03  0.12580E+03
  0.12302E+03  0.12013E+03  0.11848E+03  0.11887E+03  0.12092E+03  0.12273E+03
  0.12125E+03  0.11337E+03  0.97096E+02  0.72495E+02  0.41875E+02  0.91075E+01
 -0.21602E+02 -0.46966E+02 -0.65391E+02 -0.77049E+02 -0.83303E+02 -0.85882E+02
 -0.86205E+02 -0.85157E+02 -0.83222E+02 -0.80806E+02 -0.78419E+02 -0.76638E+02
 -0.75892E+02 -0.76130E+02 -0.76872E+02 -0.77268E+02 -0.76513E+02 -0.74049E+02
 -0.69680E+02 -0.63496E+02 -0.55716E+02 -0.46627E+02 -0.36602E+02 -0.26245E+02
 -0.16353E+02 -0.77781E+01 -0.11384E+01  0.34295E+01  0.62792E+01  0.79423E+01
  0.87463E+01  0.84995E+01  0.65479E+01  0.22558E+01 -0.44688E+01 -0.12890E+02
 -0.21637E+02 -0.29423E+02 -0.35886E+02 -0.41931E+02 -0.49321E+02 -0.59588E+02
 -0.72931E+02 -0.87653E+02 -0.10077E+03 -0.10951E+03 -0.11305E+03 -0.11331E+03
 -0.11435E+03 -0.12024E+03 -0.13262E+03 -0.14893E+03 -0.16272E+03 -0.16589E+03
 -0.15208E+03 -0.11962E+03 -0.72592E+02 -0.19509E+02  0.29923E+02  0.68346E+02
  0.93096E+02  0.10629E+03  0.11296E+03  0.11823E+03  0.12502E+03  0.13329E+03
  0.14094E+03  0.14553E+03  0.14587E+03  0.14244E+03  0.13672E+03  0.12987E+03
  0.12173E+03  0.11084E+03  0.95322E+02  0.74303E+02  0.48734E+02  0.21366E+02
 -0.43247E+01 -0.25570E+02 -0.41401E+02 -0.52824E+02 -0.61996E+02 -0.70949E+02
 -0.80438E+02 -0.89531E+02 -0.95945E+02 -0.96984E+02 -0.90527E+02 -0.75651E+02
 -0.52818E+02 -0.23730E+02  0.89859E+01  0.42053E+02  0.71810E+02  0.94578E+02
  0.10720E+03  0.10769E+03  0.95778E+02  0.73138E+02  0.43069E+02  0.97362E+01
 -0.22741E+02 -0.51191E+02 -0.73878E+02 -0.90588E+02 -0.10235E+03 -0.11087E+03
 -0.11809E+03 -0.12566E+03 -0.13458E+03 -0.14509E+03 -0.15679E+03 -0.16890E+03
 -0.18087E+03 -0.19266E+03 -0.20490E+03 -0.21848E+03 -0.23371E+03 -0.24967E+03
 -0.26376E+03 -0.27220E+03 -0.27119E+03 -0.25849E+03 -0.23462E+03 -0.20305E+03
 -0.16925E+03 -0.13884E+03 -0.11554E+03 -0.99937E+02 -0.89520E+02 -0.79881E+02
 -0.66735E+02 -0.47629E+02 -0.22763E+02  0.53322E+01  0.33064E+02  0.57293E+02
  0.76364E+02  0.90363E+02  0.10052E+03  0.10832E+03  0.11463E+03  0.11939E+03
  0.12185E+03  0.12103E+03  0.11629E+03  0.10757E+03  0.95336E+02  0.80464E+02
  0.63878E+02  0.46552E+02  0.29465E+02  0.13591E+02 -0.12659E+00 -0.10977E+02
 -0.18695E+02 -0.23580E+02 -0.26404E+02 -0.28150E+02 -0.29620E+02 -0.31156E+02
 -0.32547E+02 -0.33210E+02 -0.32544E+02 -0.30292E+02 -0.26724E+02 -0.22602E+02
 -0.18900E+02 -0.16486E+02 -0.15824E+02 -0.16898E+02 -0.19310E+02 -0.22505E+02
 -0.25975E+02 -0.29399E+02 -0.32641E+02 -0.35677E+02 -0.38496E+02 -0.41049E+02
 -0.43269E+02 -0.45134E+02 -0.46695E+02 -0.48085E+02 -0.49473E+02 -0.51012E+02
 -0.52800E+02 -0.54893E+02 -0.57344E+02 -0.60235E+02 -0.63624E+02 -0.67515E+02
 -0.71759E+02 -0.76068E+02 -0.80014E+02 -0.83209E+02 -0.85384E+02 -0.86462E+02
 -0.86556E+02 -0.85754E+02 -0.83997E+02 -0.80949E+02 -0.75998E+02 -0.68437E+02
 -0.57602E+02 -0.43266E+02 -0.25708E+02 -0.58032E+01  0.15097E+02  0.35377E+02
  0.53483E+02  0.68255E+02  0.79158E+02  0.86424E+02  0.90991E+02  0.94161E+02
  0.97171E+02  0.10068E+03  0.10449E+03  0.10765E+03  0.10882E+03  0.10695E+03
  0.10188E+03  0.94582E+02  0.86799E+02  0.80344E+02  0.76171E+02  0.73785E+02
  0.71248E+02  0.65865E+02  0.55305E+02  0.38623E+02  0.16746E+02 -0.78164E+01
 -0.31867E+02 -0.52631E+02 -0.68558E+02 -0.79490E+02 -0.86230E+02 -0.89760E+02
 -0.90654E+02 -0.88861E+02 -0.83982E+02 -0.75789E+02 -0.64636E+02 -0.51523E+02
 -0.37763E+02 -0.24489E+02 -0.12275E+02 -0.10896E+01  0.94427E+01  0.19634E+02
  0.29467E+02  0.38592E+02  0.46564E+02  0.53107E+02  0.58191E+02  0.61842E+02
  0.63821E+02  0.63386E+02  0.59389E+02  0.50737E+02  0.37047E+02  0.19134E+02
 -0.94565E+00 -0.20421E+02 -0.36659E+02 -0.48030E+02 -0.54352E+02 -0.56756E+02
 -0.57023E+02 -0.56783E+02 -0.56908E+02 -0.57382E+02 -0.57615E+02 -0.57015E+02
 -0.55461E+02 -0.53439E+02 -0.51814E+02 -0.51352E+02 -0.52284E+02 -0.54120E+02
 -0.55733E+02 -0.55742E+02 -0.52944E+02 -0.46669E+02 -0.36945E+02 -0.24484E+02
 -0.10525E+02  0.33732E+01  0.15617E+02  0.24829E+02  0.30109E+02  0.31185E+02
  0.28445E+02  0.22766E+02  0.15194E+02  0.65818E+01 -0.26311E+01 -0.12424E+02
 -0.22939E+02 -0.34104E+02 -0.45313E+02 -0.55383E+02 -0.62837E+02 -0.66430E+02
 -0.65648E+02 -0.60979E+02 -0.53758E+02 -0.45676E+02 -0.38072E+02 -0.31435E+02
 -0.25252E+02 -0.18318E+02 -0.93331E+01  0.24572E+01  0.16884E+02  0.32888E+02
  0.48942E+02  0.63620E+02  0.76078E+02  0.86210E+02  0.94486E+02  0.10156E+03
  0.10788E+03  0.11346E+03  0.11796E+03  0.12091E+03  0.12207E+03  0.12149E+03
  0.11957E+03  0.11686E+03  0.11385E+03  0.11079E+03  0.10774E+03  0.10464E+03
  0.10142E+03  0.98103E+02  0.94774E+02  0.91485E+02  0.88184E+02  0.84734E+02
  0.80982E+02  0.76827E+02  0.72299E+02  0.67422E+02  0.62173E+02  0.56328E+02
  0.49487E+02  0.41195E+02  0.31195E+02  0.19633E+02  0.71368E+01 -0.52913E+01
 -0.16502E+02 -0.25493E+02 -0.31591E+02 -0.34513E+02 -0.34266E+02 -0.31053E+02
 -0.25208E+02 -0.17235E+02 -0.78984E+01  0.17161E+01  0.10264E+02  0.16338E+02
  0.18774E+02  0.16908E+02  0.10724E+02  0.79619E+00 -0.11863E+02 -0.26046E+02
 -0.40505E+02 -0.54038E+02 -0.65472E+02 -0.73673E+02 -0.77613E+02 -0.76560E+02
 -0.70262E+02 -0.59123E+02 -0.44207E+02 -0.27077E+02 -0.94572E+01  0.71192E+01
  0.21608E+02  0.33560E+02  0.43077E+02  0.50582E+02  0.56564E+02  0.61358E+02
  0.65074E+02  0.67638E+02  0.68965E+02  0.69101E+02  0.68372E+02  0.67312E+02
  0.66586E+02  0.66745E+02  0.68054E+02  0.70461E+02  0.73598E+02  0.76971E+02
  0.80175E+02  0.82916E+02  0.85033E+02  0.86339E+02  0.86447E+02  0.84768E+02
  0.80592E+02  0.73413E+02  0.63199E+02  0.50623E+02  0.36992E+02  0.23955E+02
  0.13052E+02  0.52983E+01  0.95388E+00 -0.43410E+00  0.23193E+00  0.19419E+01
  0.38605E+01  0.54398E+01  0.63997E+01  0.66153E+01  0.60307E+01  0.46345E+01
  0.25077E+01 -0.16695E+00 -0.31345E+01 -0.61849E+01 -0.92507E+01 -0.12459E+02
 -0.16057E+02 -0.20258E+02 -0.25062E+02 -0.30208E+02 -0.35252E+02 -0.39770E+02
 -0.43546E+02 -0.46636E+02 -0.49255E+02 -0.51530E+02 -0.53263E+02 -0.53813E+02
 -0.52286E+02 -0.47843E+02 -0.40092E+02 -0.29298E+02 -0.16393E+02 -0.27061E+01
  0.10445E+02  0.22103E+02  0.31852E+02  0.39803E+02  0.46412E+02  0.52251E+02
  0.57834E+02  0.63478E+02  0.69347E+02  0.75384E+02  0.81349E+02  0.86808E+02
  0.91246E+02  0.94144E+02  0.95114E+02  0.93967E+02  0.90777E+02  0.85647E+02
  0.78682E+02  0.69803E+02  0.58840E+02  0.45705E+02  0.30588E+02  0.14145E+02
 -0.25272E+01 -0.18146E+02 -0.31570E+02 -0.42125E+02 -0.49709E+02 -0.54709E+02
 -0.57724E+02 -0.59283E+02 -0.59654E+02 -0.58881E+02 -0.56945E+02 -0.53985E+02
 -0.50377E+02 -0.46691E+02 -0.43493E+02 -0.41144E+02 -0.39669E+02 -0.38808E+02
 -0.38166E+02 -0.37402E+02 -0.36340E+02 -0.34974E+02 -0.33383E+02 -0.31651E+02
 -0.29829E+02 -0.27997E+02 -0.26356E+02 -0.25283E+02 -0.25247E+02 -0.26661E+02
 -0.29667E+02 -0.34021E+02 -0.39097E+02 -0.44073E+02 -0.48189E+02 -0.50970E+02
 -0.52306E+02 -0.52380E+02 -0.51474E+02 -0.49792E+02 -0.47332E+02 -0.43927E+02
 -0.39343E+02 -0.33419E+02 -0.26111E+02 -0.17478E+02 -0.76004E+01  0.34673E+01
  0.15700E+02  0.29006E+02  0.43125E+02  0.57573E+02  0.71694E+02  0.84805E+02
  0.96347E+02  0.10601E+03  0.11366E+03  0.11928E+03  0.12281E+03  0.12410E+03
  0.12299E+03  0.11952E+03  0.11410E+03  0.10752E+03  0.10083E+03  0.94998E+02
  0.90447E+02  0.86904E+02  0.83479E+02  0.78961E+02  0.72333E+02  0.63162E+02
  0.51831E+02  0.39234E+02  0.26461E+02  0.14254E+02  0.28057E+01 -0.82202E+01
 -0.19372E+02 -0.30929E+02 -0.42594E+02 -0.53441E+02 -0.62196E+02 -0.67681E+02
 -0.69286E+02 -0.67217E+02 -0.62438E+02 -0.56374E+02 -0.50470E+02 -0.45827E+02
 -0.43001E+02 -0.41998E+02 -0.42393E+02 -0.43538E+02 -0.44729E+02 -0.45359E+02
 -0.44987E+02 -0.43426E+02 -0.40775E+02 -0.37421E+02 -0.33955E+02 -0.31040E+02
 -0.29237E+02 -0.28880E+02 -0.30013E+02 -0.32428E+02 -0.35837E+02 -0.39956E+02
 -0.44569E+02 -0.49505E+02 -0.54513E+02 -0.59142E+02 -0.62752E+02 -0.64573E+02
 -0.63926E+02 -0.60427E+02 -0.54169E+02 -0.45756E+02 -0.36185E+02 -0.26639E+02
 -0.18180E+02 -0.11503E+02 -0.67515E+01 -0.34960E+01 -0.82170E+00  0.24190E+01
  0.72839E+01  0.14400E+02  0.23763E+02  0.34667E+02  0.45905E+02  0.56078E+02
  0.64045E+02  0.69229E+02  0.71729E+02  0.72197E+02  0.71542E+02  0.70548E+02
  0.69646E+02  0.68811E+02  0.67717E+02  0.65911E+02  0.63010E+02  0.58762E+02
  0.53044E+02  0.45791E+02  0.37002E+02  0.26803E+02  0.15598E+02  0.41221E+01
 -0.66301E+01 -0.15647E+02 -0.22199E+02 -0.26091E+02 -0.27691E+02 -0.27725E+02
 -0.26906E+02 -0.25624E+02 -0.23821E+02 -0.21193E+02 -0.17541E+02 -0.13152E+02
 -0.89251E+01 -0.61794E+01 -0.61582E+01 -0.95029E+01 -0.15934E+02 -0.24317E+02
 -0.33085E+02 -0.40860E+02 -0.46953E+02 -0.51539E+02 -0.55420E+02 -0.59545E+02
 -0.64512E+02 -0.70297E+02 -0.76380E+02 -0.82052E+02 -0.86876E+02 -0.90928E+02
 -0.94713E+02 -0.98788E+02 -0.10336E+03 -0.10787E+03 -0.11104E+03 -0.11114E+03
 -0.10658E+03 -0.96429E+02 -0.80798E+02 -0.60882E+02 -0.38639E+02 -0.16328E+02
  0.40291E+01  0.21012E+02  0.33961E+02  0.42907E+02  0.48377E+02  0.51137E+02
  0.51974E+02  0.51560E+02  0.50414E+02  0.48911E+02  0.47324E+02  0.45855E+02
  0.44661E+02  0.43846E+02  0.43461E+02  0.43474E+02  0.43781E+02  0.44196E+02
  0.44465E+02  0.44264E+02  0.43237E+02  0.41028E+02  0.37350E+02  0.32061E+02
  0.25235E+02  0.17197E+02  0.84921E+01 -0.23780E+00 -0.83847E+01 -0.15525E+02
 -0.21477E+02 -0.26266E+02 -0.29992E+02 -0.32663E+02 -0.34102E+02 -0.33951E+02
 -0.31821E+02 -0.27503E+02 -0.21160E+02 -0.13396E+02 -0.51561E+01  0.24938E+01
  0.86426E+01  0.12731E+02  0.14615E+02  0.14477E+02  0.12676E+02  0.95848E+01
  0.55410E+01  0.86351E+00 -0.40677E+01 -0.87778E+01 -0.12730E+02 -0.15446E+02
 -0.16640E+02 -0.16307E+02 -0.14699E+02 -0.12219E+02 -0.92530E+01 -0.60605E+01
 -0.27397E+01  0.70449E+00  0.42421E+01  0.77295E+01  0.10894E+02  0.13408E+02
  0.14999E+02  0.15558E+02  0.15172E+02  0.14072E+02  0.12538E+02  0.10809E+02
  0.90268E+01  0.72457E+01  0.54893E+01  0.37974E+01  0.22516E+01  0.94894E+00
 -0.49075E-01 -0.76262E+00 -0.12956E+01 -0.17911E+01 -0.23453E+01 -0.29246E+01
 -0.33192E+01 -0.31686E+01 -0.20704E+01  0.28637E+00  0.39824E+01  0.88218E+01
  0.14353E+02  0.19999E+02  0.25241E+02  0.29758E+02  0.33488E+02  0.36551E+02
  0.39091E+02  0.41086E+02  0.42221E+02  0.41906E+02  0.39462E+02  0.34371E+02
  0.26529E+02  0.16345E+02  0.46963E+01 -0.73333E+01 -0.18738E+02 -0.28846E+02
 -0.37371E+02 -0.44336E+02 -0.49858E+02 -0.53978E+02 -0.56552E+02 -0.57344E+02
 -0.56194E+02 -0.53227E+02 -0.48911E+02 -0.44005E+02 -0.39360E+02 -0.35698E+02
 -0.33411E+02 -0.32552E+02 -0.32899E+02 -0.34135E+02 -0.35930E+02 -0.38003E+02
 -0.40060E+02 -0.41728E+02 -0.42503E+02 -0.41840E+02 -0.39300E+02 -0.34765E+02
 -0.28518E+02 -0.21222E+02 -0.13729E+02 -0.68240E+01 -0.97129E+00  0.37653E+01
  0.76334E+01  0.10958E+02  0.13912E+02  0.16361E+02  0.17889E+02  0.17985E+02
  0.16329E+02  0.12986E+02  0.84704E+01  0.35961E+01 -0.75518E+00 -0.39244E+01
 -0.56349E+01 -0.60189E+01 -0.54638E+01 -0.44335E+01 -0.33008E+01 -0.23002E+01
 -0.15570E+01 -0.11936E+01 -0.13866E+01 -0.23893E+01 -0.44229E+01 -0.75806E+01
 -0.11733E+02 -0.16525E+02 -0.21425E+02 -0.25854E+02 -0.29292E+02 -0.31365E+02
 -0.31859E+02 -0.30731E+02 -0.28091E+02 -0.24224E+02 -0.19577E+02 -0.14744E+02
 -0.10374E+02 -0.70414E+01 -0.50622E+01 -0.43713E+01 -0.45000E+01 -0.46768E+01
 -0.40453E+01 -0.19191E+01  0.20011E+01  0.75406E+01  0.14133E+02  0.20994E+02
  0.27365E+02  0.32687E+02  0.36709E+02  0.39433E+02  0.41022E+02  0.41646E+02
  0.41421E+02  0.40379E+02  0.38519E+02  0.35873E+02  0.32562E+02  0.28780E+02
  0.24757E+02  0.20660E+02  0.16565E+02  0.12425E+02  0.81480E+01  0.36537E+01
 -0.10330E+01 -0.57473E+01 -0.10211E+02 -0.14112E+02 -0.17198E+02 -0.19390E+02
 -0.20757E+02 -0.21527E+02 -0.21922E+02 -0.22101E+02 -0.22036E+02 -0.21533E+02
 -0.20290E+02 -0.18086E+02 -0.14900E+02 -0.11017E+02 -0.69827E+01 -0.34578E+01
 -0.98613E+00  0.19693E+00  0.26022E+00 -0.31523E+00 -0.96531E+00 -0.13369E+01
 -0.14926E+01 -0.19511E+01 -0.35072E+01 -0.69143E+01 -0.12545E+02 -0.20196E+02
 -0.29129E+02 -0.38304E+02 -0.46726E+02 -0.53742E+02 -0.59155E+02 -0.63144E+02
 -0.66029E+02 -0.68065E+02 -0.69325E+02 -0.69777E+02 -0.69429E+02 -0.68478E+02
 -0.67314E+02 -0.66358E+02 -0.65789E+02 -0.65332E+02 -0.64237E+02 -0.61498E+02
 -0.56236E+02 -0.48108E+02 -0.37499E+02 -0.25442E+02 -0.13255E+02 -0.20753E+01
  0.74883E+01  0.15466E+02  0.22346E+02  0.28711E+02  0.34907E+02  0.40884E+02
  0.46272E+02  0.50642E+02  0.53746E+02  0.55603E+02  0.56388E+02  0.56146E+02
  0.54536E+02  0.50749E+02  0.43736E+02  0.32631E+02  0.17254E+02 -0.15641E+01
 -0.21978E+02 -0.41495E+02 -0.57583E+02 -0.68314E+02 -0.72796E+02 -0.71279E+02
 -0.64926E+02 -0.55350E+02 -0.44136E+02 -0.32487E+02 -0.21115E+02 -0.10327E+02
 -0.23829E+00  0.90276E+01  0.17246E+02  0.24112E+02  0.29378E+02  0.32965E+02
  0.35037E+02  0.35961E+02  0.36203E+02  0.36181E+02  0.36164E+02  0.36241E+02
  0.36369E+02  0.36453E+02  0.36437E+02  0.36339E+02  0.36254E+02  0.36305E+02
  0.36597E+02  0.37185E+02  0.38079E+02  0.39263E+02  0.40723E+02  0.42445E+02
  0.44402E+02  0.46535E+02  0.48740E+02  0.50861E+02  0.52737E+02  0.54234E+02
  0.55281E+02  0.55880E+02  0.56100E+02  0.56061E+02  0.55886E+02  0.55676E+02
  0.55490E+02  0.55302E+02  0.55007E+02  0.54419E+02  0.53323E+02  0.51558E+02
  0.49113E+02  0.46163E+02  0.43063E+02  0.40184E+02  0.37764E+02  0.35717E+02
  0.33590E+02  0.30654E+02  0.26186E+02  0.19785E+02  0.11595E+02  0.23461E+01
 -0.68477E+01 -0.14841E+02 -0.20820E+02 -0.24513E+02 -0.26183E+02 -0.26410E+02
 -0.25796E+02 -0.24750E+02 -0.23437E+02 -0.21905E+02 -0.20258E+02 -0.18783E+02
 -0.17925E+02 -0.18122E+02 -0.19589E+02 -0.22204E+02 -0.25547E+02 -0.29079E+02
 -0.32374E+02 -0.35258E+02 -0.37777E+02 -0.40053E+02 -0.42083E+02 -0.43659E+02
 -0.44420E+02 -0.44058E+02 -0.42511E+02 -0.40043E+02 -0.37150E+02 -0.34338E+02
 -0.31905E+02 -0.29842E+02 -0.27926E+02 -0.25917E+02 -0.23746E+02 -0.21533E+02
 -0.19454E+02 -0.17503E+02 -0.15325E+02 -0.12255E+02 -0.75823E+01 -0.90720E+00
  0.76156E+01  0.17279E+02  0.27103E+02  0.36237E+02  0.44251E+02  0.51131E+02
  0.56972E+02  0.61556E+02  0.64082E+02  0.63276E+02  0.57892E+02  0.47371E+02
  0.32347E+02  0.14678E+02 -0.30681E+01 -0.18444E+02 -0.29906E+02 -0.37182E+02
 -0.41052E+02 -0.42716E+02 -0.43049E+02 -0.42190E+02 -0.39626E+02 -0.34703E+02
 -0.27260E+02 -0.18002E+02 -0.83905E+01 -0.10678E+00  0.56498E+01  0.86465E+01
  0.96577E+01  0.10026E+02  0.11034E+02  0.13355E+02  0.16879E+02  0.20946E+02
  0.24793E+02  0.27972E+02  0.30494E+02  0.32653E+02  0.34684E+02  0.36457E+02
  0.37431E+02  0.36859E+02  0.34161E+02  0.29244E+02  0.22587E+02  0.15071E+02
  0.76438E+01  0.97932E+00 -0.46811E+01 -0.94951E+01 -0.13819E+02 -0.17980E+02
 -0.22131E+02 -0.26224E+02 -0.30067E+02 -0.33393E+02 -0.35893E+02 -0.37199E+02
 -0.36882E+02 -0.34518E+02 -0.29821E+02 -0.22821E+02 -0.13968E+02 -0.41094E+01
  0.56943E+01  0.14446E+02  0.21483E+02  0.26606E+02  0.30040E+02  0.32227E+02
  0.33571E+02  0.34241E+02  0.34114E+02  0.32878E+02  0.30234E+02  0.26092E+02
  0.20673E+02  0.14472E+02  0.81200E+01  0.21772E+01 -0.30280E+01 -0.74658E+01
 -0.11351E+02 -0.15009E+02 -0.18713E+02 -0.22577E+02 -0.26507E+02 -0.30275E+02
 -0.33627E+02 -0.36377E+02 -0.38444E+02 -0.39816E+02 -0.40457E+02 -0.40210E+02
 -0.38778E+02 -0.35771E+02 -0.30848E+02 -0.23865E+02 -0.14975E+02 -0.46351E+01
  0.64806E+01  0.17630E+02  0.28147E+02  0.37522E+02  0.45419E+02  0.51642E+02
  0.56078E+02  0.58701E+02  0.59573E+02  0.58881E+02  0.56952E+02  0.54203E+02
  0.51075E+02  0.47930E+02  0.45000E+02  0.42369E+02  0.40015E+02  0.37867E+02
  0.35851E+02  0.33896E+02  0.31921E+02  0.29793E+02  0.27337E+02  0.24353E+02
  0.20684E+02  0.16275E+02  0.11207E+02  0.56958E+01  0.48111E-01 -0.54023E+01
 -0.10343E+02 -0.14518E+02 -0.17750E+02 -0.19942E+02 -0.21096E+02 -0.21328E+02
 -0.20874E+02 -0.20078E+02 -0.19329E+02 -0.18985E+02 -0.19282E+02 -0.20286E+02
 -0.21874E+02 -0.23788E+02 -0.25700E+02 -0.27297E+02 -0.28327E+02 -0.28612E+02
 -0.28042E+02 -0.26566E+02 -0.24196E+02 -0.21027E+02 -0.17252E+02 -0.13173E+02
 -0.91713E+01 -0.56469E+01 -0.29465E+01 -0.13074E+01 -0.82800E+00 -0.14807E+01
 -0.31409E+01 -0.56370E+01 -0.87914E+01 -0.12433E+02 -0.16408E+02 -0.20568E+02
 -0.24748E+02 -0.28770E+02 -0.32437E+02 -0.35561E+02 -0.38006E+02 -0.39713E+02
 -0.40731E+02 -0.41179E+02 -0.41184E+02 -0.40769E+02 -0.39795E+02 -0.37953E+02
 -0.34891E+02 -0.30404E+02 -0.24650E+02 -0.18257E+02 -0.12244E+02 -0.77591E+01
 -0.56912E+01 -0.63283E+01 -0.92105E+01 -0.13264E+02 -0.17178E+02 -0.19852E+02
 -0.20734E+02 -0.19888E+02 -0.17773E+02 -0.14877E+02 -0.11398E+02 -0.71660E+01
 -0.18439E+01  0.46985E+01  0.12068E+02  0.19293E+02  0.25092E+02  0.28388E+02
  0.28786E+02  0.26796E+02  0.23648E+02  0.20786E+02  0.19286E+02  0.19476E+02
  0.20965E+02  0.22997E+02  0.24976E+02  0.26792E+02  0.28812E+02  0.31505E+02
  0.34932E+02  0.38432E+02  0.40700E+02  0.40323E+02  0.36484E+02  0.29506E+02

