 -0.20436E+03 -0.13341E+03 -0.81849E+02 -0.26038E+02  0.22490E+02  0.52553E+02
  0.57351E+02  0.37607E+02  0.19447E+01 -0.36002E+02 -0.62694E+02 -0.69866E+02
 -0.57440E+02 -0.32972E+02 -0.79530E+01  0.72153E+01  0.73434E+01 -0.60167E+01
 -0.25967E+02 -0.43597E+02 -0.51597E+02 -0.46666E+02 -0.30010E+02 -0.62261E+01
  0.18598E+02  0.38707E+02  0.49886E+02  0.50166E+02  0.39967E+02  0.22031E+02
  0.91568E+00 -0.18010E+02 -0.30026E+02 -0.32605E+02 -0.26381E+02 -0.15023E+02
 -0.38531E+01  0.22889E+01  0.10309E+01 -0.66023E+01 -0.16786E+02 -0.24767E+02
 -0.27108E+02 -0.23292E+02 -0.15905E+02 -0.93933E+01 -0.79719E+01 -0.13689E+02
 -0.25509E+02 -0.39763E+02 -0.51688E+02 -0.57333E+02 -0.54996E+02 -0.45625E+02
 -0.32117E+02 -0.17891E+02 -0.54129E+01  0.46980E+01  0.13582E+02  0.23180E+02
  0.34800E+02  0.47897E+02  0.59722E+02  0.66092E+02  0.63121E+02  0.49245E+02
  0.26569E+02  0.89168E+00 -0.19887E+02 -0.28506E+02 -0.21180E+02  0.66327E+00
  0.30635E+02  0.59642E+02  0.79330E+02  0.85239E+02  0.78358E+02  0.64288E+02
  0.50556E+02  0.43191E+02  0.44249E+02  0.51431E+02  0.59748E+02  0.64362E+02
  0.63044E+02  0.56977E+02  0.49517E+02  0.43728E+02  0.40151E+02  0.36188E+02
  0.27546E+02  0.11071E+02 -0.12625E+02 -0.38307E+02 -0.57775E+02 -0.63415E+02
 -0.52010E+02 -0.26879E+02  0.29006E+01  0.25898E+02  0.32946E+02  0.20817E+02
 -0.66767E+01 -0.40582E+02 -0.70691E+02 -0.89569E+02 -0.94940E+02 -0.89591E+02
 -0.79146E+02 -0.69116E+02 -0.62771E+02 -0.60636E+02 -0.61607E+02 -0.64579E+02
 -0.69477E+02 -0.76972E+02 -0.87140E+02 -0.98051E+02 -0.10544E+03 -0.10395E+03
 -0.89559E+02 -0.61929E+02 -0.25337E+02  0.12535E+02  0.43595E+02  0.62650E+02
  0.69454E+02  0.68400E+02  0.66008E+02  0.67454E+02  0.73962E+02  0.82335E+02
  0.86886E+02  0.82686E+02  0.68339E+02  0.46768E+02  0.23638E+02  0.43226E+01
 -0.89122E+01 -0.17843E+02 -0.26837E+02 -0.39876E+02 -0.57814E+02 -0.77514E+02
 -0.93457E+02 -0.10095E+03 -0.98982E+02 -0.91167E+02 -0.83833E+02 -0.82498E+02
 -0.88509E+02 -0.97848E+02 -0.10292E+03 -0.96351E+02 -0.74911E+02 -0.41340E+02
 -0.31778E+01  0.30690E+02  0.54008E+02  0.65482E+02  0.68467E+02  0.68396E+02
  0.69613E+02  0.73330E+02  0.77700E+02  0.79611E+02  0.76989E+02  0.70079E+02
  0.61085E+02  0.52668E+02  0.46189E+02  0.41007E+02  0.35073E+02  0.26350E+02
  0.14086E+02 -0.75172E+00 -0.16039E+02 -0.29450E+02 -0.39171E+02 -0.44025E+02
 -0.43280E+02 -0.36682E+02 -0.25050E+02 -0.11099E+02  0.32529E+00  0.33927E+01
 -0.62133E+01 -0.28443E+02 -0.57369E+02 -0.82370E+02 -0.92029E+02 -0.79269E+02
 -0.45108E+02  0.98946E+00  0.44656E+02  0.72547E+02  0.77688E+02  0.61684E+02
  0.32774E+02  0.11929E+01 -0.25528E+02 -0.44685E+02 -0.57148E+02 -0.64046E+02
 -0.64035E+02 -0.53261E+02 -0.28289E+02  0.98712E+01  0.53772E+02  0.91292E+02
  0.11092E+03  0.10769E+03  0.85976E+02  0.57344E+02  0.33723E+02  0.20124E+02
  0.11141E+02 -0.59779E+01 -0.42783E+02 -0.10015E+03 -0.16358E+03 -0.20696E+03
 -0.20381E+03 -0.14099E+03 -0.27750E+02  0.10509E+03  0.21628E+03  0.27074E+03
  0.25403E+03  0.17775E+03  0.73708E+02 -0.20245E+02 -0.75880E+02 -0.84537E+02
 -0.57534E+02 -0.17937E+02  0.11386E+02  0.17441E+02  0.46171E+00 -0.29439E+02
 -0.59380E+02 -0.80320E+02 -0.90028E+02 -0.91799E+02 -0.90651E+02 -0.89832E+02
 -0.89385E+02 -0.87306E+02 -0.81708E+02 -0.72455E+02 -0.61158E+02 -0.49787E+02
 -0.39117E+02 -0.28150E+02 -0.14934E+02  0.19940E+01  0.22328E+02  0.44058E+02
  0.64640E+02  0.82443E+02  0.97595E+02  0.11147E+03  0.12517E+03  0.13804E+03
  0.14720E+03  0.14854E+03  0.13871E+03  0.11709E+03  0.86819E+02  0.53954E+02
  0.25604E+02  0.74883E+01  0.20747E+01  0.79019E+01  0.20140E+02  0.32095E+02
  0.37096E+02  0.30327E+02  0.10184E+02 -0.21114E+02 -0.57877E+02 -0.92333E+02
 -0.11681E+03 -0.12610E+03 -0.11913E+03 -0.99315E+02 -0.73280E+02 -0.48453E+02
 -0.30397E+02 -0.21110E+02 -0.18822E+02 -0.19245E+02 -0.17598E+02 -0.10435E+02
  0.33729E+01  0.22679E+02  0.44713E+02  0.65953E+02  0.82775E+02  0.92029E+02
  0.91771E+02  0.82001E+02  0.65380E+02  0.47161E+02  0.34030E+02  0.31921E+02
  0.43537E+02  0.66755E+02  0.94842E+02  0.11870E+03  0.13030E+03  0.12584E+03
  0.10719E+03  0.80889E+02  0.55243E+02  0.36878E+02  0.28306E+02  0.27582E+02
  0.29905E+02  0.30181E+02  0.25145E+02  0.14163E+02 -0.14234E+01 -0.19619E+02
 -0.38826E+02 -0.57966E+02 -0.75783E+02 -0.90036E+02 -0.97400E+02 -0.94395E+02
 -0.79067E+02 -0.52370E+02 -0.18605E+02  0.15671E+02  0.43693E+02  0.60710E+02
  0.65363E+02  0.59521E+02  0.47136E+02  0.32326E+02  0.18012E+02  0.54122E+01
 -0.55971E+01 -0.15596E+02 -0.24934E+02 -0.33555E+02 -0.41320E+02 -0.48417E+02
 -0.55404E+02 -0.62737E+02 -0.70050E+02 -0.75600E+02 -0.76435E+02 -0.69355E+02
 -0.52368E+02 -0.25895E+02  0.68724E+01  0.40720E+02  0.69953E+02  0.90133E+02
  0.99152E+02  0.97420E+02  0.87013E+02  0.70647E+02  0.50793E+02  0.29495E+02
  0.86995E+01 -0.92963E+01 -0.21822E+02 -0.26428E+02 -0.21912E+02 -0.92001E+01
  0.85221E+01  0.26575E+02  0.40263E+02  0.46395E+02  0.44114E+02  0.34742E+02
  0.20749E+02  0.44704E+01 -0.12814E+02 -0.30925E+02 -0.50140E+02 -0.70247E+02
 -0.89991E+02 -0.10719E+03 -0.11950E+03 -0.12544E+03 -0.12508E+03 -0.11999E+03
 -0.11252E+03 -0.10478E+03 -0.97793E+02 -0.91132E+02 -0.83226E+02 -0.72033E+02
 -0.55727E+02 -0.33255E+02 -0.46668E+01  0.28843E+02  0.65009E+02  0.10072E+03
  0.13247E+03  0.15719E+03  0.17312E+03  0.18063E+03  0.18234E+03  0.18254E+03
  0.18565E+03  0.19465E+03  0.21001E+03  0.22957E+03  0.24971E+03  0.26707E+03
  0.28009E+03  0.28944E+03  0.29737E+03  0.30607E+03  0.31610E+03  0.32593E+03
  0.33269E+03  0.33386E+03  0.32896E+03  0.32045E+03  0.31290E+03  0.31109E+03
  0.31785E+03  0.33274E+03  0.35220E+03  0.37122E+03  0.38542E+03  0.39282E+03
  0.39408E+03  0.39166E+03  0.38810E+03  0.38471E+03  0.38116E+03  0.37622E+03
  0.36896E+03  0.35980E+03  0.35051E+03  0.34364E+03  0.34105E+03  0.34324E+03
  0.34911E+03  0.35676E+03  0.36449E+03  0.37155E+03  0.37816E+03  0.38469E+03
  0.39099E+03  0.39588E+03  0.39757E+03  0.39456E+03  0.38658E+03  0.37493E+03
  0.36192E+03  0.34960E+03  0.33869E+03  0.32820E+03  0.31599E+03  0.30020E+03
  0.28042E+03  0.25827E+03  0.23665E+03  0.21818E+03  0.20358E+03  0.19093E+03
  0.17615E+03  0.15465E+03  0.12343E+03  0.82428E+02  0.34656E+02 -0.14998E+02
 -0.61702E+02 -0.10241E+03 -0.13658E+03 -0.16581E+03 -0.19256E+03 -0.21888E+03
 -0.24551E+03 -0.27196E+03 -0.29716E+03 -0.32026E+03 -0.34110E+03 -0.36014E+03
 -0.37789E+03 -0.39440E+03 -0.40897E+03 -0.42039E+03 -0.42745E+03 -0.42952E+03
 -0.42671E+03 -0.41978E+03 -0.40979E+03 -0.39763E+03 -0.38395E+03 -0.36912E+03
 -0.35356E+03 -0.33788E+03 -0.32292E+03 -0.30958E+03 -0.29866E+03 -0.29068E+03
 -0.28590E+03 -0.28445E+03 -0.28642E+03 -0.29193E+03 -0.30088E+03 -0.31294E+03
 -0.32740E+03 -0.34339E+03 -0.36005E+03 -0.37690E+03 -0.39384E+03 -0.41106E+03
 -0.42863E+03 -0.44624E+03 -0.46306E+03 -0.47794E+03 -0.48982E+03 -0.49812E+03
 -0.50306E+03 -0.50536E+03 -0.50602E+03 -0.50576E+03 -0.50466E+03 -0.50229E+03
 -0.49789E+03 -0.49104E+03 -0.48208E+03 -0.47234E+03 -0.46399E+03 -0.45952E+03
 -0.46111E+03 -0.46986E+03 -0.48535E+03 -0.50554E+03 -0.52727E+03 -0.54689E+03
 -0.56128E+03 -0.56858E+03 -0.56841E+03 -0.56161E+03 -0.54957E+03 -0.53343E+03
 -0.51363E+03 -0.48993E+03 -0.46204E+03 -0.43020E+03 -0.39568E+03 -0.36051E+03
 -0.32684E+03 -0.29589E+03 -0.26741E+03 -0.23971E+03 -0.21046E+03 -0.17781E+03
 -0.14125E+03 -0.10186E+03 -0.61573E+02 -0.22380E+02  0.14530E+02  0.48741E+02
  0.79956E+02  0.10707E+03  0.12779E+03  0.13905E+03  0.13855E+03  0.12638E+03
  0.10601E+03  0.84004E+02  0.68097E+02  0.64803E+02  0.77138E+02  0.10382E+03
  0.14002E+03  0.17925E+03  0.21532E+03  0.24358E+03  0.26089E+03  0.26504E+03
  0.25403E+03  0.22645E+03  0.18258E+03  0.12581E+03  0.63237E+02  0.45893E+01
 -0.40432E+02 -0.65478E+02 -0.69989E+02 -0.59489E+02 -0.43409E+02 -0.31268E+02
 -0.28998E+02 -0.36989E+02 -0.50749E+02 -0.63569E+02 -0.70187E+02 -0.69105E+02
 -0.62918E+02 -0.56356E+02 -0.53492E+02 -0.55133E+02 -0.58273E+02 -0.57219E+02
 -0.46238E+02 -0.22019E+02  0.15026E+02  0.60975E+02  0.11006E+03  0.15653E+03
  0.19601E+03  0.22598E+03  0.24535E+03  0.25387E+03  0.25181E+03  0.24017E+03
  0.22094E+03  0.19731E+03  0.17321E+03  0.15239E+03  0.13735E+03  0.12874E+03
  0.12558E+03  0.12614E+03  0.12905E+03  0.13407E+03  0.14205E+03  0.15422E+03
  0.17107E+03  0.19158E+03  0.21324E+03  0.23276E+03  0.24730E+03  0.25551E+03
  0.25795E+03  0.25680E+03  0.25481E+03  0.25430E+03  0.25632E+03  0.26046E+03
  0.26517E+03  0.26856E+03  0.26903E+03  0.26592E+03  0.25964E+03  0.25161E+03
  0.24387E+03  0.23853E+03  0.23717E+03  0.24023E+03  0.24657E+03  0.25343E+03
  0.25701E+03  0.25336E+03  0.23977E+03  0.21582E+03  0.18381E+03  0.14837E+03
  0.11496E+03  0.88134E+02  0.69841E+02  0.58860E+02  0.51301E+02  0.42490E+02
  0.29055E+02  0.10734E+02 -0.92135E+01 -0.25028E+02 -0.30775E+02 -0.22922E+02
 -0.20377E+01  0.26975E+02  0.56397E+02  0.78337E+02  0.87384E+02  0.82296E+02
  0.66054E+02  0.44285E+02  0.22965E+02  0.62196E+01 -0.49074E+01 -0.12219E+02
 -0.19170E+02 -0.29168E+02 -0.44251E+02 -0.64674E+02 -0.89016E+02 -0.11491E+03
 -0.13975E+03 -0.16102E+03 -0.17644E+03 -0.18393E+03 -0.18191E+03 -0.16981E+03
 -0.14876E+03 -0.12185E+03 -0.93806E+02 -0.69757E+02 -0.53740E+02 -0.47284E+02
 -0.48826E+02 -0.54406E+02 -0.59279E+02 -0.59901E+02 -0.55424E+02 -0.47980E+02
 -0.41632E+02 -0.40400E+02 -0.46276E+02 -0.58025E+02 -0.71462E+02 -0.80972E+02
 -0.81679E+02 -0.71333E+02 -0.50997E+02 -0.24466E+02  0.34435E+01  0.28878E+02
  0.50134E+02  0.67896E+02  0.84184E+02  0.10105E+03  0.11918E+03  0.13762E+03
  0.15424E+03  0.16692E+03  0.17462E+03  0.17796E+03  0.17898E+03  0.18026E+03
  0.18392E+03  0.19093E+03  0.20092E+03  0.21258E+03  0.22426E+03  0.23458E+03
  0.24289E+03  0.24929E+03  0.25458E+03  0.25984E+03  0.26603E+03  0.27348E+03
  0.28160E+03  0.28882E+03  0.29299E+03  0.29217E+03  0.28549E+03  0.27369E+03
  0.25896E+03  0.24385E+03  0.23001E+03  0.21685E+03  0.20136E+03  0.17918E+03
  0.14639E+03  0.10163E+03  0.47395E+02 -0.10338E+02 -0.63857E+02 -0.10609E+03
 -0.13283E+03 -0.14370E+03 -0.14165E+03 -0.13161E+03 -0.11889E+03 -0.10807E+03
 -0.10264E+03 -0.10503E+03 -0.11651E+03 -0.13673E+03 -0.16329E+03 -0.19158E+03
 -0.21573E+03 -0.23041E+03 -0.23287E+03 -0.22418E+03 -0.20871E+03 -0.19214E+03
 -0.17871E+03 -0.16926E+03 -0.16130E+03 -0.15097E+03 -0.13596E+03 -0.11751E+03
 -0.10024E+03 -0.89525E+02 -0.87978E+02 -0.92769E+02 -0.95848E+02 -0.87208E+02
 -0.59539E+02 -0.12233E+02  0.47899E+02  0.10951E+03  0.16203E+03  0.20064E+03
  0.22821E+03  0.25330E+03  0.28499E+03  0.32749E+03  0.37713E+03  0.42364E+03
  0.45476E+03  0.46189E+03  0.44379E+03  0.40649E+03  0.35951E+03  0.31074E+03
  0.26265E+03  0.21182E+03  0.15226E+03  0.80137E+02 -0.23192E+01 -0.86111E+02
 -0.15854E+03 -0.20828E+03 -0.23026E+03 -0.22774E+03 -0.21094E+03 -0.19286E+03
 -0.18428E+03 -0.19041E+03 -0.21011E+03 -0.23768E+03 -0.26611E+03 -0.28984E+03
 -0.30626E+03 -0.31551E+03 -0.31933E+03 -0.31979E+03 -0.31855E+03 -0.31683E+03
 -0.31562E+03 -0.31565E+03 -0.31714E+03 -0.31950E+03 -0.32115E+03 -0.32027E+03
 -0.31578E+03 -0.30832E+03 -0.30054E+03 -0.29626E+03 -0.29867E+03 -0.30836E+03
 -0.32226E+03 -0.33392E+03 -0.33536E+03 -0.31974E+03 -0.28376E+03 -0.22881E+03
 -0.16041E+03 -0.86417E+02 -0.14673E+02  0.48849E+02  0.10079E+03  0.14012E+03
  0.16714E+03  0.18274E+03  0.18810E+03  0.18497E+03  0.17614E+03  0.16548E+03
  0.15740E+03  0.15568E+03  0.16223E+03  0.17654E+03  0.19573E+03  0.21574E+03
  0.23256E+03  0.24341E+03  0.24716E+03  0.24409E+03  0.23526E+03  0.22170E+03
  0.20415E+03  0.18292E+03  0.15800E+03  0.12917E+03  0.95988E+02  0.58034E+02
  0.15301E+02 -0.31136E+02 -0.78462E+02 -0.12198E+03 -0.15593E+03 -0.17502E+03
 -0.17630E+03 -0.16051E+03 -0.13198E+03 -0.97253E+02 -0.62691E+02 -0.32360E+02
 -0.70915E+01  0.14757E+02  0.35371E+02  0.55382E+02  0.72809E+02  0.83651E+02
  0.83889E+02  0.71662E+02  0.48453E+02  0.18689E+02 -0.12117E+02 -0.39585E+02
 -0.61797E+02 -0.79072E+02 -0.92430E+02 -0.10183E+03 -0.10534E+03 -0.99966E+02
 -0.83693E+02 -0.57608E+02 -0.26702E+02  0.13980E+01  0.19279E+02  0.23008E+02
  0.14030E+02 -0.12749E+01 -0.14307E+02 -0.17977E+02 -0.97553E+01  0.74027E+01
  0.26586E+02  0.40144E+02  0.43034E+02  0.34843E+02  0.19701E+02  0.43091E+01
 -0.48804E+01 -0.40821E+01  0.66914E+01  0.24031E+02  0.42624E+02  0.57039E+02
  0.63282E+02  0.59505E+02  0.46077E+02  0.25144E+02 -0.49191E-02 -0.25609E+02
 -0.48025E+02 -0.64252E+02 -0.72268E+02 -0.71228E+02 -0.61469E+02 -0.44217E+02
 -0.21247E+02  0.54554E+01  0.33955E+02  0.62505E+02  0.89614E+02  0.11401E+03
  0.13470E+03  0.15090E+03  0.16201E+03  0.16749E+03  0.16683E+03  0.15955E+03
  0.14554E+03  0.12532E+03  0.10054E+03  0.73913E+02  0.48976E+02  0.29302E+02
  0.17509E+02  0.14397E+02  0.18604E+02  0.26843E+02  0.34970E+02  0.39325E+02
  0.38088E+02  0.32138E+02  0.24904E+02  0.21342E+02  0.26085E+02  0.41495E+02
  0.66247E+02  0.95146E+02  0.12035E+03  0.13386E+03  0.13028E+03  0.10901E+03
  0.74779E+02  0.36081E+02  0.23412E+01 -0.19638E+02 -0.28132E+02 -0.27086E+02
 -0.24445E+02 -0.29022E+02 -0.47046E+02 -0.79856E+02 -0.12350E+03 -0.17027E+03
 -0.21151E+03 -0.24023E+03 -0.25297E+03 -0.25009E+03 -0.23485E+03 -0.21197E+03
 -0.18622E+03 -0.16156E+03 -0.14084E+03 -0.12579E+03 -0.11714E+03 -0.11467E+03
 -0.11725E+03 -0.12309E+03 -0.13026E+03 -0.13729E+03 -0.14356E+03 -0.14936E+03
 -0.15548E+03 -0.16251E+03 -0.17036E+03 -0.17819E+03 -0.18477E+03 -0.18925E+03
 -0.19168E+03 -0.19309E+03 -0.19498E+03 -0.19858E+03 -0.20409E+03 -0.21048E+03
 -0.21584E+03 -0.21806E+03 -0.21568E+03 -0.20817E+03 -0.19599E+03 -0.18028E+03
 -0.16244E+03 -0.14393E+03 -0.12626E+03 -0.11097E+03 -0.99398E+02 -0.92361E+02
 -0.89590E+02 -0.89568E+02 -0.89786E+02 -0.87384E+02 -0.80212E+02 -0.67447E+02
 -0.49846E+02 -0.29273E+02 -0.80079E+01  0.11977E+02  0.29211E+02  0.42554E+02
  0.50839E+02  0.52800E+02  0.47472E+02  0.34925E+02  0.16855E+02 -0.34895E+01
 -0.22258E+02 -0.36463E+02 -0.45312E+02 -0.50505E+02 -0.55270E+02 -0.62324E+02
 -0.72082E+02 -0.81616E+02 -0.85725E+02 -0.79267E+02 -0.59922E+02 -0.30043E+02
  0.35221E+01  0.31717E+02  0.46650E+02  0.44616E+02  0.27359E+02  0.10695E+01
 -0.26349E+02 -0.48428E+02 -0.62294E+02 -0.69036E+02 -0.72312E+02 -0.76185E+02
 -0.83261E+02 -0.93920E+02 -0.10678E+03 -0.11985E+03 -0.13165E+03 -0.14159E+03
 -0.14975E+03 -0.15617E+03 -0.16048E+03 -0.16192E+03 -0.15974E+03 -0.15385E+03
 -0.14500E+03 -0.13461E+03 -0.12425E+03 -0.11515E+03 -0.10803E+03 -0.10312E+03
 -0.10044E+03 -0.99940E+02 -0.10129E+03 -0.10385E+03 -0.10653E+03 -0.10834E+03
 -0.10915E+03 -0.11030E+03 -0.11462E+03 -0.12550E+03 -0.14514E+03 -0.17274E+03
 -0.20373E+03 -0.23044E+03 -0.24444E+03 -0.23960E+03 -0.21466E+03 -0.17408E+03
 -0.12668E+03 -0.82764E+02 -0.50639E+02 -0.34136E+02 -0.32093E+02 -0.39756E+02
 -0.51342E+02 -0.62488E+02 -0.71520E+02 -0.79184E+02 -0.87108E+02 -0.96143E+02
 -0.10528E+03 -0.11187E+03 -0.11268E+03 -0.10552E+03 -0.90201E+02 -0.68677E+02
 -0.44194E+02 -0.20015E+02  0.16935E+01  0.20298E+02  0.36424E+02  0.51212E+02
  0.65605E+02  0.79971E+02  0.94232E+02  0.10819E+03  0.12192E+03  0.13580E+03
  0.15032E+03  0.16579E+03  0.18211E+03  0.19881E+03  0.21532E+03  0.23114E+03
  0.24604E+03  0.25977E+03  0.27190E+03  0.28153E+03  0.28750E+03  0.28874E+03
  0.28476E+03  0.27605E+03  0.26396E+03  0.25029E+03  0.23668E+03  0.22416E+03
  0.21299E+03  0.20307E+03  0.19434E+03  0.18717E+03  0.18234E+03  0.18072E+03
  0.18267E+03  0.18779E+03  0.19502E+03  0.20305E+03  0.21094E+03  0.21845E+03
  0.22598E+03  0.23407E+03  0.24283E+03  0.25172E+03  0.25960E+03  0.26538E+03
  0.26857E+03  0.26955E+03  0.26943E+03  0.26953E+03  0.27075E+03  0.27323E+03
  0.27658E+03  0.28017E+03  0.28371E+03  0.28736E+03  0.29146E+03  0.29619E+03
  0.30111E+03  0.30524E+03  0.30738E+03  0.30660E+03  0.30261E+03  0.29575E+03
  0.28669E+03  0.27614E+03  0.26459E+03  0.25252E+03  0.24054E+03  0.22945E+03
  0.21994E+03  0.21198E+03  0.20449E+03  0.19557E+03  0.18333E+03  0.16736E+03
  0.14959E+03  0.13425E+03  0.12622E+03  0.12865E+03  0.14072E+03  0.15692E+03
  0.16839E+03  0.16616E+03  0.14479E+03  0.10484E+03  0.52900E+02 -0.96313E+00
 -0.47093E+02 -0.79774E+02 -0.98746E+02 -0.10803E+03 -0.11305E+03 -0.11729E+03
 -0.12058E+03 -0.11954E+03 -0.10994E+03 -0.89496E+02 -0.59709E+02 -0.25638E+02
  0.61539E+01  0.30354E+02  0.44967E+02  0.51708E+02  0.54693E+02  0.58161E+02
  0.64601E+02  0.74030E+02  0.84636E+02  0.94218E+02  0.10143E+03  0.10629E+03
  0.10965E+03  0.11216E+03  0.11354E+03  0.11251E+03  0.10762E+03  0.98241E+02
  0.85397E+02  0.71621E+02  0.60094E+02  0.53359E+02  0.52284E+02  0.55775E+02
  0.61307E+02  0.65946E+02  0.67385E+02  0.64513E+02  0.57422E+02  0.46994E+02
  0.34417E+02  0.20875E+02  0.75222E+01 -0.44406E+01 -0.13750E+02 -0.19310E+02
 -0.20585E+02 -0.17968E+02 -0.12821E+02 -0.71467E+01 -0.28984E+01 -0.12699E+01
 -0.22860E+01 -0.48620E+01 -0.74048E+01 -0.85948E+01 -0.80652E+01 -0.65209E+01
 -0.54171E+01 -0.60980E+01 -0.89943E+01 -0.13170E+02 -0.16484E+02 -0.16420E+02
 -0.11173E+02 -0.60810E+00  0.13437E+02  0.27620E+02  0.38228E+02  0.42518E+02
  0.39713E+02  0.31316E+02  0.20377E+02  0.10362E+02  0.36797E+01  0.89088E+00
  0.53733E+00 -0.77866E-01 -0.35993E+01 -0.11489E+02 -0.23435E+02 -0.37513E+02
 -0.51059E+02 -0.61785E+02 -0.68704E+02 -0.72344E+02 -0.74345E+02 -0.76543E+02
 -0.80162E+02 -0.85318E+02 -0.91230E+02 -0.96852E+02 -0.10172E+03 -0.10641E+03
 -0.11248E+03 -0.12182E+03 -0.13556E+03 -0.15342E+03 -0.17336E+03 -0.19217E+03
 -0.20656E+03 -0.21435E+03 -0.21534E+03 -0.21131E+03 -0.20527E+03 -0.20030E+03
 -0.19824E+03 -0.19903E+03 -0.20072E+03 -0.20014E+03 -0.19404E+03 -0.18013E+03
 -0.15771E+03 -0.12794E+03 -0.93539E+02 -0.58172E+02 -0.25729E+02  0.48089E+00
  0.18563E+02  0.28600E+02  0.32951E+02  0.35836E+02  0.42271E+02  0.56516E+02
  0.80316E+02  0.11184E+03  0.14559E+03  0.17382E+03  0.18878E+03  0.18535E+03
  0.16287E+03  0.12549E+03  0.80853E+02  0.37572E+02  0.24915E+01 -0.21289E+02
 -0.34807E+02 -0.42063E+02 -0.47887E+02 -0.55781E+02 -0.66693E+02 -0.79173E+02
 -0.90709E+02 -0.99481E+02 -0.10571E+03 -0.11182E+03 -0.12141E+03 -0.13748E+03
 -0.16058E+03 -0.18800E+03 -0.21418E+03 -0.23230E+03 -0.23671E+03 -0.22480E+03
 -0.19803E+03 -0.16131E+03 -0.12140E+03 -0.84483E+02 -0.54249E+02 -0.31016E+02
 -0.12104E+02  0.65803E+01  0.28593E+02  0.55352E+02  0.85534E+02  0.11559E+03
  0.14108E+03  0.15824E+03  0.16511E+03  0.16195E+03  0.15066E+03  0.13412E+03
  0.11515E+03  0.96058E+02  0.78544E+02  0.63755E+02  0.52414E+02  0.44611E+02
  0.39466E+02  0.34832E+02  0.27408E+02  0.13463E+02 -0.99561E+01 -0.43780E+02
 -0.86153E+02 -0.13243E+03 -0.17635E+03 -0.21170E+03 -0.23414E+03 -0.24235E+03
 -0.23825E+03 -0.22602E+03 -0.21055E+03 -0.19579E+03 -0.18372E+03 -0.17423E+03
 -0.16570E+03 -0.15619E+03 -0.14458E+03 -0.13108E+03 -0.11712E+03 -0.10459E+03
 -0.94889E+02 -0.88066E+02 -0.82751E+02 -0.76512E+02 -0.66875E+02 -0.52388E+02
 -0.33318E+02 -0.11703E+02  0.93620E+01  0.26884E+02  0.39075E+02  0.46146E+02
  0.50067E+02  0.53760E+02  0.59791E+02  0.69226E+02  0.81183E+02  0.93120E+02
  0.10186E+03  0.10483E+03  0.10086E+03  0.90363E+02  0.74799E+02  0.55875E+02
  0.34888E+02  0.12684E+02 -0.98542E+01 -0.31077E+02 -0.48199E+02 -0.57691E+02
 -0.56459E+02 -0.43302E+02 -0.19969E+02  0.87307E+01  0.36249E+02  0.56319E+02
  0.65081E+02  0.62244E+02  0.50895E+02  0.35990E+02  0.22229E+02  0.12387E+02
  0.66142E+01  0.31353E+01 -0.31611E+00 -0.50403E+01 -0.10626E+02 -0.15255E+02
 -0.16744E+02 -0.13749E+02 -0.64425E+01  0.36057E+01  0.14191E+02  0.23424E+02
  0.30363E+02  0.35079E+02  0.38264E+02  0.40727E+02  0.43052E+02  0.45636E+02
  0.48787E+02  0.52777E+02  0.57687E+02  0.63049E+02  0.67708E+02  0.70057E+02
  0.68753E+02  0.63498E+02  0.55360E+02  0.46424E+02  0.38700E+02  0.32902E+02
  0.27895E+02  0.21143E+02  0.10366E+02 -0.45749E+01 -0.20534E+02 -0.31498E+02
 -0.30787E+02 -0.13962E+02  0.18531E+02  0.60591E+02  0.10192E+03  0.13125E+03
  0.14010E+03  0.12535E+03  0.89807E+02  0.40753E+02 -0.12897E+02 -0.63309E+02
 -0.10533E+03 -0.13669E+03 -0.15714E+03 -0.16728E+03 -0.16797E+03 -0.16027E+03
 -0.14590E+03 -0.12734E+03 -0.10758E+03 -0.89202E+02 -0.73500E+02 -0.60026E+02
 -0.46994E+02 -0.32357E+02 -0.15018E+02  0.44619E+01  0.24015E+02  0.40954E+02
  0.53070E+02  0.59430E+02  0.60457E+02  0.57368E+02  0.51477E+02  0.43698E+02
  0.34568E+02  0.24621E+02  0.14751E+02  0.62043E+01  0.11759E+00 -0.31629E+01
 -0.45215E+01 -0.59362E+01 -0.96842E+01 -0.17272E+02 -0.28605E+02 -0.41860E+02
 -0.54164E+02 -0.62773E+02 -0.66182E+02 -0.64657E+02 -0.59973E+02 -0.54555E+02
 -0.50467E+02 -0.48727E+02 -0.49244E+02 -0.51193E+02 -0.53608E+02 -0.55790E+02
 -0.57364E+02 -0.58057E+02 -0.57441E+02 -0.54908E+02 -0.49908E+02 -0.42363E+02
 -0.32972E+02 -0.23180E+02 -0.14783E+02 -0.92907E+01 -0.73617E+01 -0.85235E+01
 -0.11332E+02 -0.13822E+02 -0.14168E+02 -0.11133E+02 -0.43007E+01  0.59410E+01
  0.18746E+02  0.33053E+02  0.47887E+02  0.62438E+02  0.75967E+02  0.87654E+02
  0.96419E+02  0.10098E+03  0.99881E+02  0.92098E+02  0.77360E+02  0.56740E+02
  0.32722E+02  0.88862E+01 -0.10805E+02 -0.22992E+02 -0.25776E+02 -0.19170E+02
 -0.49398E+01  0.14026E+02  0.34614E+02  0.54171E+02  0.70891E+02  0.83762E+02
  0.92289E+02  0.96309E+02  0.96044E+02  0.92312E+02  0.86767E+02  0.81710E+02
  0.79538E+02  0.81774E+02  0.88215E+02  0.96603E+02  0.10312E+03  0.10365E+03
  0.95351E+02  0.77777E+02  0.53257E+02  0.26115E+02  0.11837E+01 -0.17814E+02
 -0.29312E+02 -0.34052E+02 -0.34314E+02 -0.32729E+02 -0.31161E+02 -0.30188E+02
 -0.29270E+02 -0.27376E+02 -0.23671E+02 -0.17923E+02 -0.10463E+02 -0.18443E+01
  0.75508E+01  0.17680E+02  0.28723E+02  0.40759E+02  0.53471E+02  0.66039E+02
  0.77386E+02  0.86486E+02  0.92782E+02  0.96348E+02  0.97823E+02  0.98171E+02
  0.98194E+02  0.98299E+02  0.98189E+02  0.96849E+02  0.92746E+02  0.84117E+02
  0.69479E+02  0.48179E+02  0.20888E+02 -0.10255E+02 -0.41909E+02 -0.70269E+02
 -0.92075E+02 -0.10557E+03 -0.11093E+03 -0.11016E+03 -0.10613E+03 -0.10147E+03
 -0.97644E+02 -0.94595E+02 -0.91129E+02 -0.85881E+02 -0.78207E+02 -0.68623E+02
 -0.58524E+02 -0.49297E+02 -0.41421E+02 -0.33967E+02 -0.24912E+02 -0.12147E+02
  0.52963E+01  0.26420E+02  0.48317E+02  0.67143E+02  0.79511E+02  0.83826E+02
  0.80759E+02  0.72954E+02  0.63805E+02  0.56281E+02  0.51996E+02  0.51038E+02
  0.52453E+02  0.55053E+02  0.58017E+02  0.61159E+02  0.64693E+02  0.68833E+02
  0.73478E+02  0.78222E+02  0.82596E+02  0.86358E+02  0.89631E+02  0.92712E+02
  0.95843E+02  0.98901E+02  0.10149E+03  0.10323E+03  0.10428E+03  0.10549E+03
  0.10828E+03  0.11410E+03  0.12362E+03  0.13624E+03  0.15010E+03  0.16259E+03
  0.17128E+03  0.17478E+03  0.17312E+03  0.16753E+03  0.15979E+03  0.15148E+03
  0.14349E+03  0.13600E+03  0.12878E+03  0.12167E+03  0.11466E+03  0.10785E+03
  0.10093E+03  0.92798E+02  0.81661E+02  0.65398E+02  0.42537E+02  0.12989E+02
 -0.21480E+02 -0.57539E+02 -0.91164E+02 -0.11882E+03 -0.13841E+03 -0.14973E+03
 -0.15423E+03 -0.15429E+03 -0.15235E+03 -0.15025E+03 -0.14902E+03 -0.14896E+03
 -0.15010E+03 -0.15237E+03 -0.15579E+03 -0.16038E+03 -0.16599E+03 -0.17226E+03
 -0.17871E+03 -0.18503E+03 -0.19107E+03 -0.19696E+03 -0.20289E+03 -0.20883E+03
 -0.21431E+03 -0.21855E+03 -0.22070E+03 -0.22024E+03 -0.21731E+03 -0.21255E+03
 -0.20674E+03 -0.20010E+03 -0.19187E+03 -0.18026E+03 -0.16299E+03 -0.13832E+03
 -0.10608E+03 -0.68288E+02 -0.28878E+02  0.72396E+01  0.35711E+02  0.54111E+02
  0.62679E+02  0.63972E+02  0.61714E+02  0.59138E+02  0.57685E+02  0.56595E+02
  0.53556E+02  0.46168E+02  0.33610E+02  0.17575E+02  0.21051E+01 -0.77067E+01
 -0.77385E+01  0.33602E+01  0.23395E+02  0.47221E+02  0.68456E+02  0.81739E+02
  0.84508E+02  0.77648E+02  0.64806E+02  0.50729E+02  0.39425E+02  0.32885E+02
  0.30802E+02  0.31237E+02  0.31746E+02  0.30377E+02  0.26112E+02  0.18653E+02
  0.79776E+01 -0.60076E+01 -0.23398E+02 -0.43848E+02 -0.66062E+02 -0.87672E+02
 -0.10567E+03 -0.11738E+03 -0.12140E+03 -0.11822E+03 -0.11003E+03 -0.99976E+02
 -0.91000E+02 -0.85030E+02 -0.82689E+02 -0.83600E+02 -0.87000E+02 -0.92186E+02
 -0.98691E+02 -0.10602E+03 -0.11333E+03 -0.11946E+03 -0.12325E+03 -0.12411E+03
 -0.12243E+03 -0.11944E+03 -0.11642E+03 -0.11372E+03 -0.11001E+03 -0.10245E+03
 -0.87731E+02 -0.63703E+02 -0.30759E+02  0.78346E+01  0.46782E+02  0.80669E+02
  0.10589E+03  0.12189E+03  0.13088E+03  0.13643E+03  0.14155E+03  0.14711E+03
  0.15163E+03  0.15217E+03  0.14607E+03  0.13252E+03  0.11327E+03  0.92006E+02
  0.73062E+02  0.59813E+02  0.53713E+02  0.54257E+02  0.59591E+02  0.67553E+02
  0.76322E+02  0.84653E+02  0.91643E+02  0.96378E+02  0.97860E+02  0.95322E+02
  0.88588E+02  0.78419E+02  0.66310E+02  0.53892E+02  0.42235E+02  0.31380E+02
  0.20446E+02  0.82654E+01 -0.57834E+01 -0.21232E+02 -0.36558E+02 -0.49848E+02
 -0.59696E+02 -0.65892E+02 -0.69475E+02 -0.72126E+02 -0.75182E+02 -0.78807E+02
 -0.81746E+02 -0.81823E+02 -0.76939E+02 -0.66124E+02 -0.50105E+02 -0.31165E+02
 -0.12326E+02  0.37158E+01  0.15448E+02  0.22832E+02  0.26970E+02  0.29342E+02
  0.31031E+02  0.32253E+02  0.32397E+02  0.30454E+02  0.25625E+02  0.17801E+02
  0.76947E+01 -0.33906E+01 -0.14057E+02 -0.23297E+02 -0.30769E+02 -0.36748E+02
 -0.41798E+02 -0.46361E+02 -0.50450E+02 -0.53690E+02 -0.55610E+02 -0.56105E+02
 -0.55784E+02 -0.55907E+02 -0.57976E+02 -0.63032E+02 -0.71023E+02 -0.80593E+02
 -0.89377E+02 -0.94947E+02 -0.95721E+02 -0.91632E+02 -0.84142E+02 -0.75612E+02
 -0.68262E+02 -0.63348E+02 -0.60746E+02 -0.59339E+02 -0.57798E+02 -0.55378E+02
 -0.52325E+02 -0.49613E+02 -0.48227E+02 -0.48404E+02 -0.49242E+02 -0.48994E+02
 -0.45860E+02 -0.38911E+02 -0.28578E+02 -0.16570E+02 -0.50869E+01  0.41295E+01
  0.10477E+02  0.14571E+02  0.17711E+02  0.21060E+02  0.25009E+02  0.29063E+02
  0.32288E+02  0.33976E+02  0.34164E+02  0.33614E+02  0.33311E+02  0.33698E+02
  0.34204E+02  0.33301E+02  0.29211E+02  0.20864E+02  0.86514E+01 -0.54490E+01
 -0.18503E+02 -0.27716E+02 -0.31505E+02 -0.30033E+02 -0.24981E+02 -0.18705E+02
 -0.13211E+02 -0.94095E+01 -0.69911E+01 -0.49045E+01 -0.21178E+01  0.17197E+01
  0.60720E+01  0.97786E+01  0.11655E+02  0.11044E+02  0.81077E+01  0.36953E+01
 -0.10597E+01 -0.52093E+01 -0.82442E+01 -0.10088E+02 -0.10829E+02 -0.10440E+02
 -0.86133E+01 -0.48557E+01  0.12077E+01  0.94908E+01  0.19269E+02  0.29264E+02
  0.38022E+02  0.44386E+02  0.47942E+02  0.49140E+02  0.49088E+02  0.49047E+02
  0.49859E+02  0.51514E+02  0.53081E+02  0.53000E+02  0.49695E+02  0.42188E+02
  0.30523E+02  0.15801E+02 -0.14566E+00 -0.15343E+02 -0.28251E+02 -0.38139E+02
 -0.45094E+02 -0.49763E+02 -0.52916E+02 -0.55091E+02 -0.56380E+02 -0.56511E+02
 -0.55067E+02 -0.51779E+02 -0.46698E+02 -0.40231E+02 -0.32999E+02 -0.25617E+02
 -0.18475E+02 -0.11626E+02 -0.48352E+01  0.22592E+01  0.98952E+01  0.17949E+02
  0.25818E+02  0.32468E+02  0.36694E+02  0.37497E+02  0.34479E+02  0.28073E+02
  0.19530E+02  0.10614E+02  0.30781E+01 -0.18575E+01 -0.38346E+01 -0.33707E+01
 -0.15407E+01  0.52332E+00  0.21178E+01  0.31955E+01  0.42837E+01  0.61052E+01
  0.92101E+01  0.13635E+02  0.18927E+02  0.24299E+02  0.29066E+02  0.32848E+02
  0.35714E+02  0.38045E+02  0.40269E+02  0.42643E+02  0.45118E+02  0.47430E+02
  0.49271E+02  0.50475E+02  0.51124E+02  0.51448E+02  0.51721E+02  0.52063E+02
  0.52370E+02  0.52335E+02  0.51611E+02  0.49978E+02  0.47493E+02  0.44522E+02
  0.41668E+02  0.39591E+02  0.38808E+02  0.39510E+02  0.41475E+02  0.44102E+02
  0.46557E+02  0.47987E+02  0.47778E+02  0.45702E+02  0.41972E+02  0.37112E+02
  0.31763E+02  0.26428E+02  0.21317E+02  0.16314E+02  0.11138E+02  0.55543E+01
 -0.41368E+00 -0.63972E+01 -0.11746E+02 -0.15748E+02 -0.17857E+02 -0.17877E+02
 -0.15969E+02 -0.12546E+02 -0.80752E+01 -0.29253E+01  0.27072E+01  0.87384E+01
  0.15068E+02  0.21459E+02  0.27525E+02  0.32806E+02  0.36927E+02  0.39740E+02
  0.41390E+02  0.42249E+02  0.42772E+02  0.43312E+02  0.44044E+02  0.44929E+02
  0.45872E+02  0.46812E+02  0.47822E+02  0.49125E+02  0.50959E+02  0.53476E+02
  0.56676E+02  0.60372E+02  0.64308E+02  0.68234E+02  0.71959E+02  0.75307E+02
  0.77984E+02  0.79491E+02  0.79113E+02  0.76103E+02  0.69945E+02  0.60677E+02
  0.49037E+02  0.36386E+02  0.24389E+02  0.14548E+02  0.77908E+01  0.42547E+01
  0.33642E+01  0.41270E+01  0.55256E+01  0.68114E+01  0.76016E+01  0.77792E+01
  0.72965E+01  0.60006E+01  0.36023E+01 -0.22076E+00 -0.56410E+01 -0.12544E+02
 -0.20510E+02 -0.28925E+02 -0.37155E+02 -0.44711E+02 -0.51309E+02 -0.56851E+02
 -0.61325E+02 -0.64746E+02 -0.67148E+02 -0.68628E+02 -0.69430E+02 -0.69905E+02
 -0.70499E+02 -0.71580E+02 -0.73363E+02 -0.75797E+02 -0.78644E+02 -0.81561E+02
 -0.84222E+02 -0.86400E+02 -0.87977E+02 -0.88940E+02 -0.89309E+02 -0.89128E+02
 -0.88480E+02 -0.87446E+02 -0.86160E+02 -0.84705E+02 -0.83110E+02 -0.81342E+02
 -0.79407E+02 -0.77457E+02 -0.75864E+02 -0.75159E+02 -0.75916E+02 -0.78345E+02
 -0.82143E+02 -0.86369E+02 -0.89653E+02 -0.90654E+02 -0.88501E+02 -0.83217E+02
 -0.75724E+02 -0.67510E+02 -0.60082E+02 -0.54421E+02 -0.50637E+02 -0.48037E+02
 -0.45474E+02 -0.41874E+02 -0.36638E+02 -0.29814E+02 -0.21961E+02 -0.13833E+02
 -0.60557E+01  0.10599E+01  0.74833E+01  0.13296E+02  0.18506E+02  0.22949E+02
  0.26341E+02  0.28418E+02  0.29096E+02  0.28524E+02  0.27027E+02  0.24954E+02
  0.22549E+02  0.19873E+02  0.16837E+02  0.13293E+02  0.91634E+01  0.45028E+01
 -0.50065E+00 -0.55713E+01 -0.10411E+02 -0.14761E+02 -0.18429E+02 -0.21307E+02
 -0.23361E+02 -0.24620E+02 -0.25141E+02 -0.24968E+02 -0.24064E+02 -0.22316E+02
 -0.19585E+02 -0.15845E+02 -0.11314E+02 -0.65354E+01 -0.22965E+01  0.59022E+00
  0.16057E+01  0.76227E+00 -0.13491E+01 -0.37703E+01 -0.55465E+01 -0.61150E+01
 -0.54680E+01 -0.40276E+01 -0.22832E+01 -0.36551E+00  0.21624E+01  0.61505E+01
  0.12465E+02  0.21447E+02  0.32584E+02  0.44622E+02  0.56060E+02  0.65841E+02
  0.73771E+02  0.80595E+02  0.87584E+02  0.95737E+02  0.10519E+03  0.11499E+03
  0.12346E+03  0.12893E+03  0.13050E+03  0.12844E+03  0.12402E+03  0.11882E+03
  0.11397E+03  0.10952E+03  0.10448E+03  0.97342E+02  0.86862E+02  0.72764E+02
  0.56012E+02  0.38524E+02  0.22485E+02  0.96244E+01  0.72051E+00 -0.44682E+01
 -0.68978E+01 -0.77853E+01 -0.82159E+01 -0.90015E+01 -0.10722E+02 -0.13880E+02
 -0.18964E+02 -0.26369E+02 -0.36174E+02 -0.47941E+02 -0.60639E+02 -0.72828E+02
 -0.83050E+02 -0.90271E+02 -0.94245E+02 -0.95539E+02 -0.95334E+02 -0.94868E+02
 -0.94892E+02 -0.95268E+02 -0.94870E+02 -0.91910E+02 -0.84595E+02 -0.71845E+02
 -0.53842E+02 -0.32154E+02 -0.93473E+01  0.11802E+02  0.29209E+02  0.42113E+02
  0.51212E+02  0.58168E+02  0.64731E+02  0.71834E+02  0.79070E+02  0.84827E+02
  0.86993E+02  0.83982E+02  0.75573E+02  0.63192E+02  0.49497E+02  0.37432E+02
  0.29187E+02  0.25491E+02  0.25556E+02  0.27630E+02  0.29899E+02  0.31253E+02
  0.31620E+02  0.31711E+02  0.32395E+02  0.34023E+02  0.36103E+02  0.37431E+02
  0.36673E+02  0.32999E+02  0.26519E+02  0.18235E+02  0.96101E+01  0.19272E+01
 -0.41831E+01 -0.88516E+01 -0.12675E+02 -0.16239E+02 -0.19729E+02 -0.22878E+02
 -0.25232E+02 -0.26586E+02 -0.27259E+02 -0.28001E+02 -0.29512E+02 -0.31842E+02
 -0.33999E+02 -0.34095E+02 -0.30034E+02 -0.20491E+02 -0.57049E+01  0.12348E+02
  0.30545E+02  0.45735E+02  0.55907E+02  0.60834E+02  0.61914E+02  0.61301E+02
  0.60797E+02  0.61031E+02  0.61472E+02  0.60982E+02  0.58831E+02  0.55344E+02
  0.51884E+02  0.50072E+02  0.50776E+02  0.53220E+02  0.55034E+02  0.53131E+02
  0.45041E+02  0.30242E+02  0.10545E+02 -0.10393E+02 -0.28478E+02 -0.40687E+02
 -0.46088E+02 -0.45917E+02 -0.42770E+02 -0.39372E+02 -0.37509E+02 -0.37588E+02
 -0.38915E+02 -0.40396E+02 -0.41260E+02 -0.41403E+02 -0.41282E+02 -0.41501E+02
 -0.42394E+02 -0.43841E+02 -0.45370E+02 -0.46407E+02 -0.46501E+02 -0.45377E+02
 -0.42848E+02 -0.38726E+02 -0.32856E+02 -0.25306E+02 -0.16595E+02 -0.77746E+01
 -0.23121E+00  0.47591E+01  0.65183E+01  0.52666E+01  0.20369E+01 -0.17610E+01
 -0.49165E+01 -0.68589E+01 -0.77407E+01 -0.81607E+01 -0.86897E+01 -0.94767E+01
 -0.10160E+02 -0.10080E+02 -0.86787E+01 -0.58404E+01 -0.19699E+01  0.21962E+01
  0.59351E+01  0.88342E+01  0.10869E+02  0.12274E+02  0.13286E+02  0.13949E+02
  0.14087E+02  0.13440E+02  0.11885E+02  0.95716E+01  0.68840E+01  0.42797E+01
  0.20690E+01  0.30546E+00 -0.11894E+01 -0.26531E+01 -0.41996E+01 -0.57171E+01
 -0.69265E+01 -0.75378E+01 -0.74260E+01 -0.67068E+01 -0.56918E+01 -0.47311E+01
 -0.40549E+01 -0.36866E+01 -0.34929E+01 -0.32878E+01 -0.29664E+01 -0.25452E+01
 -0.21359E+01 -0.18272E+01 -0.16012E+01 -0.12847E+01 -0.61200E+00  0.67302E+00
  0.27052E+01  0.54424E+01  0.86740E+01  0.12096E+02  0.15400E+02  0.18352E+02
  0.20827E+02  0.22819E+02  0.24418E+02  0.25762E+02  0.26992E+02  0.28184E+02
  0.29311E+02  0.30255E+02  0.30845E+02  0.30963E+02  0.30631E+02  0.30045E+02
  0.29512E+02  0.29302E+02  0.29477E+02  0.29771E+02  0.29629E+02  0.28380E+02
  0.25489E+02  0.20792E+02  0.14615E+02  0.76729E+01  0.84711E+00 -0.51159E+01
 -0.98140E+01 -0.13243E+02 -0.15672E+02 -0.17429E+02 -0.18673E+02 -0.19309E+02
 -0.19041E+02 -0.17558E+02 -0.14704E+02 -0.10611E+02 -0.56781E+01 -0.46388E+00
  0.45028E+01  0.88296E+01  0.12318E+02  0.14899E+02  0.16588E+02  0.17412E+02
  0.17439E+02  0.16809E+02  0.15800E+02  0.14788E+02  0.14159E+02  0.14141E+02
  0.14709E+02  0.15541E+02  0.16150E+02  0.16062E+02  0.15062E+02  0.13270E+02
  0.11118E+02  0.91213E+01  0.76479E+01  0.67107E+01  0.59237E+01  0.46350E+01
  0.22012E+01 -0.17473E+01 -0.71298E+01 -0.13434E+02 -0.19850E+02 -0.25536E+02
 -0.29836E+02 -0.32428E+02 -0.33315E+02 -0.32753E+02 -0.31118E+02 -0.28829E+02
 -0.26275E+02 -0.23818E+02 -0.21798E+02 -0.20515E+02 -0.20170E+02 -0.20822E+02
 -0.22346E+02 -0.24468E+02 -0.26812E+02 -0.29013E+02 -0.30783E+02 -0.31961E+02
 -0.32506E+02 -0.32463E+02 -0.31925E+02 -0.31017E+02 -0.29875E+02 -0.28645E+02
 -0.27468E+02 -0.26444E+02 -0.25605E+02 -0.24893E+02 -0.24192E+02 -0.23387E+02
 -0.22439E+02 -0.21438E+02 -0.20616E+02 -0.20298E+02 -0.20817E+02 -0.22408E+02
 -0.25151E+02 -0.28929E+02 -0.33481E+02 -0.38469E+02 -0.43581E+02 -0.48615E+02
 -0.53525E+02 -0.58394E+02 -0.63350E+02 -0.68461E+02 -0.73654E+02 -0.78675E+02
 -0.83205E+02 -0.86944E+02 -0.89803E+02 -0.91930E+02 -0.93697E+02 -0.95476E+02
 -0.97461E+02 -0.99544E+02 -0.10134E+03 -0.10241E+03 -0.10251E+03 -0.10175E+03
 -0.10062E+03 -0.99634E+02 -0.98996E+02 -0.98272E+02 -0.96394E+02 -0.92000E+02
 -0.84010E+02 -0.72224E+02 -0.57566E+02 -0.41893E+02 -0.27415E+02 -0.15925E+02
 -0.82235E+01 -0.39599E+01 -0.19448E+01 -0.75093E+00  0.69272E+00  0.27875E+01
  0.53240E+01  0.78280E+01  0.99499E+01  0.11684E+02  0.13316E+02  0.15177E+02
  0.17405E+02  0.19840E+02  0.22155E+02  0.24085E+02  0.25620E+02  0.27009E+02
  0.28565E+02  0.30417E+02  0.32376E+02  0.34014E+02  0.34947E+02  0.35137E+02
  0.34994E+02  0.35182E+02  0.36190E+02  0.37887E+02  0.39340E+02  0.39049E+02
  0.35548E+02  0.28088E+02  0.17106E+02  0.41995E+01 -0.83784E+01 -0.18503E+02
 -0.24890E+02 -0.27420E+02 -0.26996E+02 -0.25017E+02 -0.22764E+02 -0.20981E+02
 -0.19773E+02 -0.18810E+02 -0.17645E+02 -0.15953E+02 -0.13574E+02 -0.10397E+02
 -0.62246E+01 -0.73678E+00  0.63484E+01  0.15021E+02  0.24731E+02  0.34333E+02
  0.42273E+02  0.46988E+02  0.47350E+02  0.43013E+02  0.34527E+02  0.23203E+02
  0.10778E+02 -0.97513E+00 -0.10617E+02 -0.17263E+02 -0.20676E+02 -0.21200E+02
 -0.19590E+02 -0.16782E+02 -0.13645E+02 -0.10797E+02 -0.85029E+01 -0.67069E+01
 -0.51505E+01 -0.35525E+01 -0.17529E+01  0.21286E+00  0.21560E+01  0.38488E+01
  0.51485E+01  0.60734E+01  0.67918E+01  0.75470E+01  0.85482E+01  0.98960E+01
  0.11573E+02  0.13473E+02  0.15486E+02  0.17531E+02  0.19586E+02  0.21663E+02
  0.23772E+02  0.25901E+02  0.28018E+02  0.30080E+02  0.32069E+02  0.33994E+02
  0.35905E+02  0.37873E+02  0.39978E+02  0.42297E+02  0.44870E+02  0.47704E+02
  0.50763E+02  0.53954E+02  0.57172E+02  0.60316E+02  0.63332E+02  0.66235E+02
  0.69089E+02  0.71966E+02  0.74893E+02  0.77780E+02  0.80441E+02  0.82617E+02
  0.84035E+02  0.84460E+02  0.83744E+02  0.81856E+02  0.78834E+02  0.74789E+02
  0.69885E+02  0.64329E+02  0.58367E+02  0.52267E+02  0.46279E+02  0.40613E+02
  0.35424E+02  0.30818E+02  0.26873E+02  0.23668E+02  0.21259E+02  0.19658E+02
  0.18787E+02  0.18468E+02  0.18458E+02  0.18519E+02  0.18512E+02  0.18427E+02
  0.18366E+02  0.18453E+02  0.18733E+02  0.19134E+02  0.19493E+02  0.19664E+02
  0.19626E+02  0.19514E+02  0.19566E+02  0.19970E+02  0.20710E+02  0.21496E+02
  0.21829E+02  0.21175E+02  0.19162E+02  0.15703E+02  0.10982E+02  0.53203E+01
 -0.97865E+00 -0.77294E+01 -0.14815E+02 -0.22058E+02 -0.29095E+02 -0.35370E+02
 -0.40275E+02 -0.43421E+02 -0.44840E+02 -0.45044E+02 -0.44808E+02 -0.44788E+02
 -0.45145E+02 -0.45362E+02 -0.44403E+02 -0.41158E+02 -0.35002E+02 -0.26189E+02
 -0.15897E+02 -0.58789E+01  0.21400E+01  0.70472E+01  0.86769E+01  0.77548E+01
  0.55281E+01  0.32604E+01  0.18399E+01  0.16284E+01  0.25802E+01  0.44753E+01
  0.71128E+01  0.10364E+02  0.14071E+02  0.17900E+02  0.21285E+02  0.23535E+02
  0.24085E+02  0.22753E+02  0.19868E+02  0.16177E+02  0.12557E+02  0.96791E+01
  0.77690E+01  0.65924E+01  0.56774E+01  0.46379E+01  0.34535E+01  0.25569E+01
  0.27012E+01  0.46471E+01  0.88410E+01  0.15205E+02  0.23121E+02  0.31609E+02
  0.39597E+02  0.46196E+02  0.50889E+02  0.53587E+02  0.54577E+02  0.54388E+02
  0.53609E+02  0.52703E+02  0.51839E+02  0.50801E+02  0.49009E+02  0.45674E+02
  0.40071E+02  0.31851E+02  0.21276E+02  0.92587E+01 -0.28220E+01 -0.13500E+02
 -0.21645E+02 -0.26777E+02 -0.29138E+02 -0.29503E+02 -0.28821E+02 -0.27843E+02
 -0.26907E+02 -0.25950E+02 -0.24709E+02 -0.22999E+02 -0.20907E+02 -0.18795E+02
 -0.17134E+02 -0.16247E+02 -0.16113E+02 -0.16325E+02 -0.16232E+02 -0.15194E+02
 -0.12822E+02 -0.91051E+01 -0.43614E+01  0.92206E+00  0.62918E+01  0.11449E+02
  0.16279E+02  0.20756E+02  0.24840E+02  0.28420E+02  0.31322E+02  0.33415E+02
  0.34705E+02  0.35375E+02  0.35748E+02  0.36160E+02  0.36839E+02  0.37832E+02
  0.39019E+02  0.40203E+02  0.41230E+02  0.42057E+02  0.42754E+02  0.43437E+02
  0.44175E+02  0.44935E+02  0.45587E+02  0.45961E+02  0.45928E+02  0.45412E+02
  0.44372E+02  0.42707E+02  0.40194E+02  0.36485E+02  0.31212E+02  0.24161E+02
  0.15440E+02  0.55466E+01 -0.47171E+01 -0.14463E+02 -0.23007E+02 -0.30066E+02
 -0.35804E+02 -0.40683E+02 -0.45192E+02 -0.49573E+02 -0.53693E+02 -0.57113E+02
 -0.59328E+02 -0.60049E+02 -0.59372E+02 -0.57746E+02 -0.55741E+02 -0.53733E+02
 -0.51661E+02 -0.49004E+02 -0.44995E+02 -0.38989E+02 -0.30808E+02 -0.20915E+02
 -0.10323E+02 -0.30053E+00  0.80122E+01  0.13873E+02  0.17044E+02  0.17673E+02
  0.16097E+02  0.12663E+02  0.76572E+01  0.13661E+01 -0.58194E+01 -0.13343E+02
 -0.20536E+02 -0.26760E+02 -0.31589E+02 -0.34913E+02 -0.36927E+02 -0.37994E+02
 -0.38486E+02 -0.38669E+02 -0.38691E+02 -0.38653E+02 -0.38713E+02 -0.39109E+02
 -0.40109E+02 -0.41880E+02 -0.44386E+02 -0.47368E+02 -0.50455E+02 -0.53332E+02
 -0.55897E+02 -0.58280E+02 -0.60699E+02 -0.63215E+02 -0.65513E+02 -0.66844E+02
 -0.66199E+02 -0.62677E+02 -0.55892E+02 -0.46258E+02 -0.34966E+02 -0.23686E+02
 -0.14060E+02 -0.72036E+01 -0.34047E+01 -0.21254E+01 -0.22953E+01 -0.27386E+01
 -0.25774E+01 -0.14199E+01  0.66821E+00  0.33829E+01  0.64441E+01  0.97579E+01
  0.13414E+02  0.17558E+02  0.22211E+02  0.27152E+02  0.31946E+02  0.36080E+02
  0.39147E+02  0.40963E+02  0.41571E+02  0.41130E+02  0.39771E+02  0.37506E+02
  0.34245E+02  0.29923E+02  0.24632E+02  0.18700E+02  0.12620E+02  0.68795E+01
  0.17628E+01 -0.27542E+01 -0.69395E+01 -0.11081E+02 -0.15227E+02 -0.18996E+02
 
