 -0.68245E+01 -0.36051E+01 -0.15510E+01 -0.76813E+00 -0.21510E+00 -0.12886E+01
 -0.19931E+01 -0.53824E+00  0.53578E+00 -0.35346E+00  0.40099E+01  0.80631E+00
 -0.10922E+02 -0.10378E+02  0.13290E+01  0.15901E+02  0.11587E+02  0.38456E+01
  0.11077E+02  0.47595E+01 -0.68982E+01  0.12011E+01  0.90750E+01 -0.85218E+01
 -0.30360E+02 -0.22992E+02  0.14414E+02  0.14832E+02 -0.52844E+01  0.21425E+01
  0.18882E+02  0.11883E+02 -0.38360E+01 -0.57813E+00  0.15309E+02  0.16776E+02
  0.40792E+01 -0.93715E+01 -0.22508E+02 -0.37015E+02 -0.42511E+02 -0.13346E+02
  0.22481E+02  0.16507E+02 -0.22690E+02 -0.88707E+01  0.32923E+02  0.42284E+02
  0.24143E+02  0.60880E+00 -0.51101E+01  0.47235E+01  0.78256E+01 -0.49393E+01
 -0.19120E+02 -0.26949E+02 -0.40113E+02 -0.47206E+02 -0.32126E+02 -0.42574E+01
  0.10805E+02  0.19920E+02  0.76085E+01  0.16721E+02  0.37269E+02  0.66735E+01
 -0.29191E+02 -0.33556E+02 -0.16000E+02 -0.22573E+02 -0.39457E+02 -0.34272E+02
 -0.40567E+01  0.57035E+01  0.10883E+01  0.19398E+02  0.19247E+02 -0.12894E+02
 -0.35304E+02 -0.12640E+02 -0.13808E+02 -0.30237E+02 -0.25315E+02 -0.13393E+02
 -0.12920E+02 -0.25707E+02 -0.20757E+02 -0.11202E+02  0.14692E+02  0.13966E+02
  0.12500E+02  0.30077E+02  0.42302E+02 -0.24378E+02 -0.47026E+02 -0.20382E+02
 -0.20409E+02  0.10848E+02  0.23114E+02  0.22735E+02  0.63972E+01 -0.16917E+02
 -0.29578E+02  0.35256E+01  0.22200E+02  0.61002E+01 -0.42798E+02 -0.31813E+02
  0.13997E+02 -0.92277E+01 -0.55720E+02 -0.16172E+02  0.15614E+02 -0.57926E+01
 -0.25968E+02 -0.19497E+02  0.23157E+02  0.33099E+00 -0.18340E+02  0.83644E+01
  0.83495E+01 -0.73497E+01 -0.14342E+02 -0.12512E+02 -0.23890E+02 -0.45739E+02
 -0.64084E+02 -0.14144E+02  0.53599E+02  0.36665E+02 -0.12870E+01 -0.15520E+02
 -0.14926E+02 -0.87329E+01  0.86274E+01  0.86126E+01  0.25535E+02  0.55267E+02
  0.63316E+02  0.12970E+02 -0.25288E+02 -0.51056E+02 -0.49296E+02 -0.28339E+02
 -0.18914E+02 -0.10891E+02 -0.22779E+02 -0.21213E+02  0.37620E+00  0.84789E+01
 -0.11931E+02  0.98181E+01  0.22484E+02  0.76559E+01  0.81961E+01  0.20762E+02
  0.32041E+02  0.59160E+02  0.69246E+02  0.68554E+02  0.76904E+02  0.98453E+02
  0.14178E+03  0.17550E+03  0.20304E+03  0.22283E+03  0.22147E+03  0.20003E+03
  0.15977E+03  0.10780E+03  0.51703E+02  0.10953E+02  0.29980E+01  0.23050E+01
 -0.52610E+01 -0.25732E+02 -0.45015E+02 -0.60628E+02 -0.57573E+02 -0.30406E+02
  0.16843E+02  0.81600E+02  0.14892E+03  0.23590E+03  0.33286E+03  0.38141E+03
  0.27717E+03  0.14658E+03  0.88898E+02  0.66065E+02  0.72231E+02  0.71531E+02
  0.80702E+02  0.10491E+03  0.12490E+03  0.14908E+03  0.71552E+02 -0.99792E+02
 -0.13091E+03 -0.11246E+03 -0.99815E+02 -0.14110E+03 -0.27050E+03 -0.44375E+03
 -0.55843E+03 -0.55496E+03 -0.45625E+03 -0.35011E+03 -0.32717E+03 -0.21864E+03
 -0.15377E+03 -0.61575E+02  0.30448E+02  0.34097E+02  0.34641E+02  0.35433E+02
  0.34663E+02 -0.62826E+02 -0.10476E+03 -0.69926E+02 -0.46231E+02 -0.10260E+03
 -0.23108E+03 -0.29374E+03 -0.23834E+03 -0.14021E+03 -0.67111E+02  0.48458E+02
  0.13929E+03  0.18424E+03  0.19737E+03  0.17738E+03  0.15114E+03  0.10773E+03
  0.92969E+02  0.23462E+02 -0.96757E+02 -0.14212E+03 -0.11974E+03 -0.62627E+02
 -0.76070E+01 -0.17622E+02 -0.78222E+02 -0.94414E+02 -0.77780E+02 -0.66938E+02
 -0.74489E+02 -0.86565E+02 -0.71484E+02 -0.46372E+02 -0.29670E+02 -0.58930E+02
 -0.14177E+03 -0.25381E+03 -0.29722E+03 -0.17680E+03 -0.39071E+02  0.61326E+02
  0.11156E+03  0.11392E+03  0.10018E+03  0.10424E+03  0.12656E+03  0.10786E+03
  0.91001E+02  0.94114E+02  0.88494E+02  0.77431E+02  0.70079E+02  0.59046E+02
  0.46989E+02  0.21498E+02  0.31047E+02  0.10358E+03  0.16930E+03  0.19682E+03
  0.22095E+03  0.22894E+03  0.10902E+03 -0.53019E+01 -0.33567E+02 -0.30132E+02
  0.58265E+01  0.50527E+02  0.10211E+03  0.10560E+03  0.76877E+02  0.19090E+02
 -0.11755E+02 -0.20684E+02  0.13189E+02  0.71762E+02  0.96259E+02  0.10189E+03
  0.85597E+02  0.63780E+02  0.33381E+02  0.18677E+02  0.24498E+02  0.31205E+02
  0.15164E+02  0.24225E+01  0.15865E+02  0.47602E+02  0.80466E+02  0.10995E+03
  0.13596E+03  0.15340E+03  0.16290E+03  0.14658E+03  0.10090E+03  0.65559E+02
  0.55091E+02  0.10076E+03  0.17186E+03  0.21537E+03  0.24877E+03  0.27078E+03
  0.28875E+03  0.28904E+03  0.28407E+03  0.25083E+03  0.16754E+03  0.71282E+02
 -0.20766E+02 -0.10136E+03 -0.17261E+03 -0.21186E+03 -0.23892E+03 -0.26883E+03
 -0.31951E+03 -0.36374E+03 -0.37253E+03 -0.34952E+03 -0.27888E+03 -0.21592E+03
 -0.21309E+03 -0.24130E+03 -0.24209E+03 -0.22525E+03 -0.22619E+03 -0.26996E+03
 -0.30811E+03 -0.27485E+03 -0.16440E+03 -0.47368E+02  0.16886E+02  0.31625E+02
  0.24400E+02 -0.18667E+01 -0.44647E+02 -0.70527E+02 -0.65351E+02 -0.20598E+02
  0.24726E+02  0.38762E+02  0.30137E+02 -0.40870E+01 -0.51783E+02 -0.83755E+02
 -0.90622E+02 -0.65379E+02 -0.26140E+02 -0.62041E+01 -0.77775E+00  0.23159E+02
  0.58169E+02  0.79775E+02  0.82461E+02  0.74125E+02  0.29159E+02 -0.49692E+02
 -0.96145E+02 -0.11570E+03 -0.10050E+03 -0.60098E+02 -0.13983E+02  0.46378E+02
  0.10492E+03  0.15266E+03  0.18953E+03  0.21978E+03  0.25018E+03  0.26797E+03
  0.28444E+03  0.24619E+03  0.97439E+02 -0.51367E+02 -0.13320E+03 -0.15501E+03
 -0.11354E+03 -0.29769E+02  0.42752E+02  0.83872E+02  0.96909E+02  0.62880E+02
  0.21708E+02  0.16002E+02  0.26587E+02  0.46216E+02  0.55458E+02  0.49017E+02
  0.33453E+02  0.15422E+02 -0.72409E+01 -0.20874E+02 -0.15521E+02  0.48709E+02
  0.14509E+03  0.19208E+03  0.20537E+03  0.19893E+03  0.18105E+03  0.16057E+03
  0.14089E+03  0.11196E+03  0.61009E+02  0.16957E+01 -0.54306E+02 -0.93491E+02
 -0.11113E+03 -0.11934E+03 -0.13146E+03 -0.13953E+03 -0.11599E+03 -0.74687E+02
 -0.54674E+02 -0.59341E+02 -0.67923E+02 -0.79439E+02 -0.92485E+02 -0.10634E+03
 -0.13408E+03 -0.16442E+03 -0.18586E+03 -0.17469E+03 -0.14028E+03 -0.10655E+03
 -0.74971E+02 -0.54261E+02 -0.34633E+02 -0.32047E+02 -0.48484E+02 -0.59671E+02
 -0.54740E+02 -0.35723E+02 -0.10416E+02  0.18474E+02  0.51759E+02  0.87311E+02
  0.11651E+03  0.14201E+03  0.15474E+03  0.14235E+03  0.99102E+02  0.23309E+02
 -0.54138E+02 -0.94875E+02 -0.11830E+03 -0.14163E+03 -0.15861E+03 -0.16204E+03
 -0.15191E+03 -0.12870E+03 -0.91543E+02 -0.43664E+02  0.16258E+02  0.48155E+02
  0.55615E+02  0.56081E+02  0.58704E+02  0.71360E+02  0.90430E+02  0.10462E+03
  0.99009E+02  0.80694E+02  0.71954E+02  0.70083E+02  0.59489E+02  0.53651E+02
  0.57611E+02  0.55827E+02  0.39580E+02  0.11493E+02 -0.20827E+02 -0.45944E+02
 -0.51183E+02 -0.27740E+02  0.24791E+01  0.14706E+02  0.78142E+01  0.68009E+01
  0.17890E+02  0.32184E+02  0.42042E+02  0.43287E+02  0.35354E+02  0.23501E+02
  0.18248E+02  0.20875E+02  0.24398E+02  0.33414E+02  0.53233E+02  0.70275E+02
  0.78473E+02  0.77989E+02  0.67640E+02  0.42017E+02  0.92376E+01 -0.27107E+02
 -0.65990E+02 -0.96731E+02 -0.11127E+03 -0.10721E+03 -0.93671E+02 -0.74545E+02
 -0.56309E+02 -0.31793E+02  0.50600E+01  0.35556E+02  0.35244E+02  0.14099E+02
  0.13565E+01 -0.37822E+01 -0.96357E+01 -0.13262E+02 -0.34372E+01  0.13218E+02
  0.25842E+02  0.38094E+02  0.54288E+02  0.72533E+02  0.87461E+02  0.10212E+03
  0.10853E+03  0.97148E+02  0.78557E+02  0.57032E+02  0.33934E+02  0.95473E+01
 -0.12413E+02 -0.27707E+02 -0.26816E+02 -0.68092E+00  0.24507E+02  0.37530E+02
  0.45944E+02  0.43551E+02  0.30028E+02  0.57545E+01 -0.21296E+02 -0.34519E+02
 -0.35070E+02 -0.26224E+02 -0.16679E+02 -0.21728E+02 -0.42737E+02 -0.64848E+02
 -0.79472E+02 -0.80353E+02 -0.74864E+02 -0.66457E+02 -0.45947E+02  0.44447E+01
  0.53729E+02  0.65610E+02  0.28018E+02 -0.30479E+02 -0.57257E+02 -0.62949E+02
 -0.53674E+02 -0.40144E+02 -0.23642E+02 -0.87185E+01  0.36894E+01  0.91680E+01
  0.13850E+02  0.18186E+02  0.10997E+02  0.14759E+01 -0.68612E+01 -0.11402E+02
 -0.14717E+02 -0.17240E+02 -0.28033E+02 -0.51710E+02 -0.77650E+02 -0.91544E+02
 -0.88360E+02 -0.59337E+02 -0.76094E+01  0.28624E+02  0.43706E+02  0.50286E+02
  0.46601E+02  0.36033E+02  0.24354E+02  0.10992E+02 -0.50360E+01 -0.20640E+02
 -0.34882E+02 -0.44507E+02 -0.44696E+02 -0.34122E+02 -0.23624E+02 -0.17351E+02
 -0.11937E+02 -0.81598E+01 -0.44927E+01  0.40733E+01  0.15083E+02  0.21842E+02
  0.27905E+02  0.29307E+02  0.21660E+02  0.99680E+01  0.55988E+01  0.64643E+01
  0.11178E+02  0.19208E+02  0.14589E+02  0.22062E+01 -0.93812E+01 -0.17089E+02
 -0.21152E+02 -0.21160E+02 -0.16307E+02 -0.77810E+01 -0.51237E+00  0.76799E+00
 -0.40869E+01 -0.87208E+01 -0.13936E+02 -0.20861E+02 -0.22236E+02 -0.24332E+02
 -0.25952E+02 -0.27861E+02 -0.26260E+02 -0.16748E+02 -0.70902E+01 -0.49500E+00
  0.59142E+01  0.16740E+02  0.28936E+02  0.37328E+02  0.34965E+02  0.25695E+02
  0.23219E+02  0.26262E+02  0.27043E+02  0.25640E+02  0.21898E+02  0.12386E+02
  0.72309E+01  0.73843E+01  0.73082E+01  0.30820E+01 -0.25858E+01 -0.38326E+00
  0.61992E+01  0.89930E+01  0.29712E+01 -0.37166E+01 -0.42179E+01 -0.70421E+00
  0.32375E+01  0.93987E+01  0.15653E+02  0.21367E+02  0.27530E+02  0.33954E+02
  0.40061E+02  0.46490E+02  0.52701E+02  0.54172E+02  0.45813E+02  0.27038E+02
  0.74978E+01 -0.89871E+01 -0.16434E+02 -0.16633E+02 -0.12410E+02 -0.99751E+01
 -0.96216E+01 -0.92553E+01 -0.86967E+01 -0.77251E+01 -0.61617E+01 -0.15273E+01
  0.15465E+01  0.31406E+01  0.22720E+01 -0.72698E+00 -0.60603E+01 -0.56791E+01
  0.20393E+01  0.96124E+01  0.10140E+02  0.41337E+01 -0.26587E+01 -0.10136E+02
 -0.87287E+01  0.44653E+00  0.99411E+01  0.71532E+01 -0.83853E+01 -0.25233E+02
 -0.30311E+02 -0.19077E+02 -0.57356E+01  0.51853E+01  0.12734E+02  0.19233E+02
  0.21297E+02  0.16846E+02  0.83524E+01  0.29451E+01  0.25102E+01  0.53769E+01
  0.42130E+01 -0.34834E+01 -0.10004E+02 -0.17641E+02 -0.22696E+02 -0.26125E+02
 -0.27979E+02 -0.26748E+02 -0.19198E+02 -0.64630E+01  0.13244E+01 -0.71242E+00
 -0.96557E+01 -0.12473E+02 -0.12280E+02 -0.15246E+02 -0.20350E+02 -0.25831E+02
 -0.29259E+02 -0.29237E+02 -0.28887E+02 -0.24174E+02 -0.12320E+02  0.36423E+01
  0.18420E+02  0.22133E+02  0.19902E+02  0.16304E+02  0.15554E+02  0.21973E+02
  0.31673E+02  0.37992E+02  0.35434E+02  0.22226E+02  0.77860E+01 -0.36531E+01
 -0.71941E+01 -0.26481E+01  0.47659E+01  0.15068E+02  0.26728E+02  0.37967E+02
  0.41197E+02  0.33643E+02  0.22853E+02  0.18251E+02  0.19349E+02  0.23030E+02
  0.25809E+02  0.25334E+02  0.20993E+02  0.14168E+02  0.73801E+01 -0.61624E+00
 -0.97483E+01 -0.19118E+02 -0.26378E+02 -0.31634E+02 -0.32575E+02 -0.27530E+02
 -0.21584E+02 -0.16820E+02 -0.92242E+01 -0.15995E+01  0.68092E+01  0.13683E+02
  0.14764E+02  0.10882E+02  0.53643E+01  0.23580E+01  0.68589E+00 -0.43135E+00
 -0.25124E+01 -0.22494E+01 -0.40404E+00  0.10765E+01 -0.15575E+01 -0.95312E+01
 -0.22155E+02 -0.37190E+02 -0.49616E+02 -0.56088E+02 -0.53394E+02 -0.44749E+02
 -0.33647E+02 -0.22301E+02 -0.91196E+01  0.63683E+01  0.17729E+02  0.19157E+02
  0.13169E+02  0.88005E+01  0.53268E+01  0.37276E+01  0.72007E+01  0.12700E+02
  0.12116E+02  0.37229E+01 -0.51859E+01 -0.89619E+01 -0.55543E+01 -0.33864E+00
  0.38196E-02 -0.41279E+01 -0.79677E+01 -0.14307E+02 -0.22602E+02 -0.27719E+02
 -0.29995E+02 -0.29377E+02 -0.25205E+02 -0.15716E+02 -0.84498E+00  0.12090E+02
  0.19320E+02  0.25270E+02  0.32667E+02  0.36441E+02  0.29216E+02  0.14482E+02
 -0.28857E+01 -0.18726E+02 -0.30274E+02 -0.33444E+02 -0.27728E+02 -0.17007E+02
 -0.36593E+01  0.74035E+01  0.13692E+02  0.14478E+02  0.11541E+02  0.60416E+01
  0.25018E+00 -0.50416E+01 -0.91707E+01 -0.11259E+02 -0.76199E+01 -0.20313E+01
 -0.33849E+00  0.16928E+00  0.15580E+01  0.32622E+01  0.62246E+01  0.52373E+01
 -0.28045E+00 -0.87039E+01 -0.18302E+02 -0.22881E+02 -0.23236E+02 -0.16821E+02
 -0.76800E+01 -0.15595E+01  0.24409E+01  0.35610E+01  0.22210E+01 -0.98074E+00
 -0.21305E+01  0.32381E+01  0.78287E+01  0.11525E+02  0.12402E+02  0.13008E+02
  0.12397E+02  0.86041E+01  0.48571E+01  0.58123E+00 -0.99321E+00 -0.27702E+01
 -0.30041E+01  0.28218E+01  0.13680E+02  0.24429E+02  0.31638E+02  0.34490E+02
  0.30778E+02  0.19697E+02  0.71832E+01 -0.31814E+01 -0.74351E+01 -0.35167E+01
  0.33670E+01  0.81370E+01  0.11024E+02  0.94320E+01  0.32301E+01 -0.40263E+01
 -0.99534E+01 -0.13777E+02 -0.18459E+02 -0.18436E+02 -0.13120E+02 -0.11077E+02
 -0.12926E+02 -0.15457E+02 -0.12727E+02 -0.38043E+01  0.89934E+01  0.21886E+02
  0.28389E+02  0.27098E+02  0.22699E+02  0.19791E+02  0.20235E+02  0.18743E+02
  0.13024E+02  0.46400E+01 -0.82253E+01 -0.22019E+02 -0.34032E+02 -0.36898E+02
 -0.27737E+02 -0.10292E+02  0.44399E+01  0.96190E+01  0.12458E+02  0.15049E+02
  0.15976E+02  0.10309E+02 -0.14703E+01 -0.11911E+02 -0.13402E+02 -0.68376E+01
 -0.46385E+00  0.58974E+00 -0.26149E+01 -0.83735E+01 -0.12557E+02 -0.11188E+02
 -0.27139E+01  0.65602E+01  0.84831E+01  0.31070E+01 -0.51786E+01 -0.91981E+01
 -0.85300E+01 -0.69896E+01 -0.46122E+01 -0.51916E+00  0.51114E+01  0.93072E+01
  0.11142E+02  0.11474E+02  0.10379E+02  0.11123E+02  0.14437E+02  0.16122E+02
  0.11865E+02  0.68169E+01  0.99822E+00 -0.46302E+00  0.97410E+00  0.11817E+01
  0.77420E+00 -0.19841E+01 -0.36044E+01 -0.39662E+01  0.12770E+01  0.91800E+01
  0.15962E+02  0.19219E+02  0.14157E+02  0.15379E+01 -0.12283E+02 -0.23580E+02
 -0.29172E+02 -0.29387E+02 -0.24552E+02 -0.20874E+02 -0.21991E+02 -0.20238E+02
 -0.16236E+02 -0.10715E+02 -0.44300E+01 -0.16652E+01 -0.10083E+01  0.89793E-01
  0.13731E+01  0.14931E+01  0.59822E-01  0.95000E+00 -0.11957E+01 -0.59630E+01
 -0.10071E+02 -0.13395E+02 -0.15215E+02 -0.16505E+02 -0.16583E+02 -0.19324E+02
 -0.21893E+02 -0.19551E+02 -0.12812E+02 -0.37434E+01  0.34111E+01  0.25859E+01
 -0.54108E+01 -0.12481E+02 -0.14540E+02 -0.10317E+02 -0.27873E+01  0.44377E+01
  0.94039E+01  0.12040E+02  0.12836E+02  0.11326E+02  0.65846E+01  0.85983E+00
 -0.24261E+01 -0.15001E+01  0.22116E+01  0.48169E+01  0.42826E+01  0.33424E+01
  0.52207E+01  0.87997E+01  0.15288E+02  0.20545E+02  0.23144E+02  0.25666E+02
  0.28098E+02  0.26862E+02  0.22644E+02  0.17639E+02  0.14376E+02  0.13714E+02
  0.14635E+02  0.15602E+02  0.13058E+02  0.81174E+01  0.38719E+01  0.65865E+01
  0.12679E+02  0.14736E+02  0.86937E+01 -0.71454E+00 -0.65174E+01 -0.46246E+01
  0.39566E+01  0.14716E+02  0.20838E+02  0.16772E+02  0.93568E+01  0.22424E+01
 -0.39908E+01 -0.78999E+01 -0.93144E+01 -0.69639E+01 -0.51159E+01 -0.39107E+01
 -0.54833E+01 -0.11432E+02 -0.16906E+02 -0.18805E+02 -0.17728E+02 -0.15381E+02
 -0.11754E+02 -0.95541E+01 -0.10387E+02 -0.11077E+02 -0.96184E+01 -0.74462E+01
 -0.17437E+01  0.49959E+01  0.89792E+01  0.10200E+02  0.10632E+02  0.10258E+02
  0.75465E+01  0.23518E+01 -0.26120E+01 -0.53037E+01 -0.51327E+01 -0.35483E+01
 -0.31645E+01 -0.15394E+01  0.71036E+00  0.60873E+01  0.15713E+02  0.20192E+02
  0.17801E+02  0.12639E+02  0.58196E+01  0.32101E+01  0.67154E+01  0.89177E+01
  0.78541E+01  0.66549E+01  0.88312E+01  0.15682E+02  0.17432E+02  0.17240E+02
  0.17152E+02  0.14308E+02  0.11104E+02  0.86773E+01  0.98788E+01  0.14528E+02
  0.17081E+02  0.16536E+02  0.19157E+02  0.19269E+02  0.16544E+02  0.11699E+02
  0.60571E+01 -0.65132E+00 -0.47054E+01 -0.94476E+01 -0.15804E+02 -0.19664E+02
 -0.19770E+02 -0.17004E+02 -0.14703E+02 -0.13519E+02 -0.15215E+02 -0.18301E+02
 -0.21748E+02 -0.26385E+02 -0.31564E+02 -0.30759E+02 -0.21924E+02 -0.16256E+02
 -0.12388E+02 -0.49520E+01  0.53404E+01  0.10012E+02  0.97888E+01  0.39498E+01
 -0.63385E+01 -0.14518E+02 -0.18724E+02 -0.15722E+02 -0.12594E+02 -0.86174E+01
 -0.10914E+02 -0.15087E+02 -0.15575E+02 -0.14394E+02 -0.12092E+02 -0.11647E+02
 -0.14077E+02 -0.17104E+02 -0.17913E+02 -0.15252E+02 -0.77273E+01  0.79480E+00
  0.87271E+01  0.11417E+02  0.83500E+01  0.81169E+01  0.81159E+01  0.92811E+01
  0.99258E+01  0.10862E+02  0.89308E+01  0.47167E+01  0.26633E+01  0.29006E+00
  0.22713E+00  0.13297E+01 -0.68596E+00 -0.11350E+01  0.11924E+01  0.33187E+01
  0.70571E+01  0.60620E+01  0.51543E+01  0.30921E+00 -0.77343E+01 -0.12545E+02
 -0.10717E+02 -0.60696E+01 -0.33701E+00  0.29348E+01  0.49901E+01  0.10416E+02
  0.17660E+02  0.24769E+02  0.16740E+02 -0.14458E+01 -0.20934E+02 -0.19148E+02
  0.12884E+01  0.26633E+02  0.30964E+02  0.15264E+02  0.17525E+01 -0.10997E+02
 -0.16655E+02 -0.17051E+02 -0.14193E+02 -0.93920E+01 -0.32984E+01 -0.44077E+01
 -0.97924E+01 -0.15299E+02 -0.14174E+02 -0.10116E+02 -0.50164E+01  0.10199E+01
  0.18597E+01  0.33686E+01  0.18194E+01 -0.13767E+01 -0.34802E+01  0.37552E+00
  0.58809E+01  0.99629E+01  0.16914E+02  0.22007E+02  0.22605E+02  0.16820E+02
  0.98747E+01  0.65835E+01  0.49564E+01  0.22955E+01 -0.28694E+00 -0.35345E+01
 -0.51773E+01 -0.64167E+01 -0.47878E+01 -0.25650E+01 -0.24769E+01 -0.38729E+01
 -0.76676E+01 -0.13941E+02 -0.16688E+02 -0.11363E+02 -0.82461E+01 -0.82119E+01
 -0.76953E+01 -0.23843E+01  0.32988E+01  0.69404E+01  0.53309E+01 -0.26023E-01
 -0.40882E+01 -0.47524E+01 -0.49124E+01 -0.51054E+01 -0.29156E+01  0.77101E+00
  0.17623E+01  0.11384E+01  0.24333E+01 -0.11976E+01 -0.54049E+01 -0.90957E+01
 -0.79325E+01 -0.17310E+01  0.38588E+01  0.10675E+02  0.18525E+02  0.25524E+02
  0.30192E+02  0.24240E+02  0.16455E+02  0.11503E+02  0.81643E+01  0.69200E+01
  0.15924E+01 -0.43653E+01 -0.85913E+01 -0.81860E+01 -0.50804E+01 -0.37375E+01
 -0.18568E+01 -0.55163E+01 -0.93188E+01 -0.87757E+01 -0.80347E+01 -0.94309E+01
 -0.12686E+02 -0.15961E+02 -0.15822E+02 -0.10607E+02 -0.61676E+01 -0.19603E+01
  0.16703E+01  0.52101E+01  0.88469E+01  0.11743E+02  0.10367E+02  0.54209E+01
  0.51085E+00 -0.22558E+01 -0.12552E+00  0.67184E+01  0.10924E+02  0.13110E+02
  0.12331E+02  0.11357E+02  0.88278E+01  0.48000E+01  0.47702E+01  0.69574E+01
  0.98409E+01  0.96079E+01  0.57907E+01 -0.18217E+00 -0.59189E+01 -0.92270E+01
 -0.72130E+01 -0.53833E+01 -0.85937E+01 -0.14597E+02 -0.19152E+02 -0.22192E+02
 -0.22296E+02 -0.20390E+02 -0.17933E+02 -0.13585E+02 -0.77099E+01 -0.18620E+01
 -0.20507E+00 -0.27861E+00  0.62773E+01  0.15668E+02  0.20350E+02  0.24078E+02
  0.23581E+02  0.18472E+02  0.12306E+02  0.52004E+01  0.64050E+00  0.21023E+01
  0.73532E+01  0.10835E+02  0.10664E+02  0.83625E+01  0.64432E+01  0.45605E+01
  0.32248E+01  0.33085E+01  0.18757E+01 -0.14277E+01 -0.31090E+01 -0.44423E+01
 -0.48915E+01 -0.27978E+01 -0.39490E+01 -0.61151E+01 -0.85739E+01 -0.83562E+01
 -0.73999E+01 -0.66186E+01 -0.76324E+01 -0.99288E+01 -0.10464E+02 -0.11260E+02
 -0.12563E+02 -0.14035E+02 -0.10717E+02 -0.65725E+01 -0.22895E+01  0.17467E+01
  0.28762E+01  0.13466E+01 -0.15376E+01 -0.35489E+01 -0.58797E+01 -0.55110E+01
 -0.15329E+01  0.36456E+01  0.59814E+01  0.86515E+01  0.10750E+02  0.10772E+02
  0.11111E+02  0.10817E+02  0.11983E+02  0.10578E+02  0.67601E+01  0.26875E+01
  0.24168E+00  0.31883E+00  0.67783E+00  0.12253E+01  0.40597E+01  0.66012E+01
  0.10773E+02  0.11654E+02  0.87709E+01  0.84720E+01  0.59444E+01  0.21200E+01
 -0.15894E+01 -0.57909E+01 -0.94193E+01 -0.12634E+02 -0.16152E+02 -0.16007E+02
 -0.14491E+02 -0.12660E+02 -0.99450E+01 -0.82075E+01 -0.63208E+01 -0.67341E+01
 -0.82852E+01 -0.10033E+02 -0.98944E+01 -0.81165E+01 -0.45218E+01 -0.26584E+01
 -0.21256E+01 -0.30346E+01 -0.67520E+01 -0.11966E+02 -0.10594E+02 -0.72363E+01
 -0.36255E+01 -0.28150E+00 -0.23264E+00  0.17863E+01  0.16444E+01  0.60175E+00
  0.18856E+01  0.55938E+01  0.68674E+01  0.63729E+01  0.59386E+01  0.38429E+01
 -0.42023E+00 -0.26837E+01 -0.31041E+01 -0.20980E+01 -0.10934E+01 -0.15264E+01
 -0.98783E+00  0.19148E+01  0.33793E+01  0.33641E+01  0.44381E+01  0.66472E+01
  0.85798E+01  0.72177E+01  0.65419E+01  0.61164E+01  0.63505E+01  0.62856E+01
  0.63316E+01  0.66389E+01  0.60660E+01  0.42356E+01  0.20173E+01  0.85885E+00
 -0.11806E-01  0.15102E+01  0.22807E+01  0.19662E+01  0.27035E+01  0.37143E+01
  0.69641E+01  0.82216E+01  0.89204E+01  0.94877E+01  0.98151E+01  0.10988E+02
  0.97752E+01  0.95553E+01  0.65045E+01  0.55128E+01  0.47877E+01  0.60106E+01
  0.76390E+01  0.57626E+01  0.57988E+01  0.23899E+01  0.31368E+00 -0.45898E+00
 -0.14064E+00 -0.13556E+01 -0.32490E+01 -0.28040E+01 -0.42083E+01 -0.62474E+01
 -0.72058E+01 -0.55121E+01 -0.36137E+01 -0.18413E+01 -0.16834E+01 -0.17131E+01
 -0.32066E+01 -0.22299E+01  0.11972E+01  0.36035E+01  0.55016E+01  0.54509E+01
  0.52829E+01  0.44980E+01  0.30655E+01  0.40175E+01  0.33650E+01  0.32917E+01
  0.47652E+01  0.61058E+01  0.83519E+01  0.81274E+01  0.57477E+01  0.37497E+01
  0.26758E+01  0.18581E+01  0.18460E+01  0.15167E+01  0.18859E+01  0.28806E+01
  0.11039E+01 -0.33916E+01 -0.59325E+01 -0.82601E+01 -0.10250E+02 -0.11358E+02
 -0.12253E+02 -0.10563E+02 -0.11406E+02 -0.13744E+02 -0.13368E+02 -0.10400E+02
 -0.69268E+01 -0.42987E+01 -0.45084E+01 -0.66958E+01 -0.85925E+01 -0.62704E+01
 -0.24106E+01 -0.52093E+00  0.92935E+00  0.19220E+01  0.31421E+01  0.46555E+01
  0.67004E+01  0.65078E+01  0.47085E+01  0.32096E+01  0.38007E+01  0.31466E+01
  0.33155E+01  0.28198E+01  0.92158E+00 -0.14033E+01 -0.73815E+00  0.33293E+01
  0.45555E+01  0.51216E+01  0.54539E+01  0.52022E+01  0.40328E+01  0.19736E+01
  0.15140E+01  0.24520E+01  0.29658E+01  0.11918E+01 -0.26298E+00 -0.73575E+00
 -0.13014E+01 -0.35425E+01 -0.49536E+01 -0.65083E+01 -0.60268E+01 -0.41593E+01
 -0.25150E+01 -0.64789E+00 -0.30936E+00 -0.20987E+00 -0.12466E+01 -0.12859E+01
 -0.25459E+01 -0.47661E+01 -0.66442E+01 -0.87680E+01 -0.68980E+01 -0.62969E+01
 -0.57399E+01 -0.36119E+01 -0.34198E+01 -0.38450E+01 -0.38913E+01 -0.31148E+01
 -0.26020E+01 -0.45396E+00  0.51441E+00 -0.14614E+01 -0.25645E+01  0.19036E+00
  0.16770E+01  0.21385E+01  0.31948E+01  0.44865E+01  0.71764E+01  0.74113E+01
  0.58344E+01  0.66148E+01  0.51460E+01  0.21763E+01  0.45460E+00 -0.41507E+00
 -0.18649E+01 -0.37394E+01 -0.52124E+01 -0.62836E+01 -0.64808E+01 -0.80933E+01
 -0.96467E+01 -0.11838E+02 -0.12643E+02 -0.13756E+02 -0.14212E+02 -0.12208E+02
 -0.80749E+01 -0.34532E+01 -0.63646E+00  0.39743E+01  0.63803E+01  0.72903E+01
  0.62949E+01  0.52460E+01  0.49971E+01  0.42842E+01  0.27763E+01  0.94010E+00
  0.21936E+01  0.22208E+01  0.34594E+01  0.40963E+01  0.50468E+01  0.61310E+01
  0.57032E+01  0.35007E+01 -0.44276E+00 -0.32596E+01 -0.32250E+01 -0.21355E+01
  0.65750E+00  0.63739E+01  0.88497E+01  0.89513E+01  0.73160E+01  0.56571E+01
  0.54658E+01  0.35620E+01 -0.29041E+00  0.12968E+00  0.18068E+01  0.20447E+01
  0.26877E+01  0.28140E+01  0.21874E+01  0.47539E+00  0.18616E+01  0.19397E+01
  0.96244E+00 -0.18951E+01 -0.52549E+01 -0.47808E+01 -0.38575E+01 -0.16706E+01
  0.35023E+00  0.90913E+00  0.14594E+01 -0.13979E+00 -0.41156E+01 -0.76567E+01
 -0.77084E+01 -0.50058E+01 -0.22782E+01 -0.14691E+01 -0.18056E+01 -0.15573E+01
 -0.34339E+01 -0.44757E+01 -0.29278E+01 -0.41043E+01 -0.49369E+01 -0.51757E+01
 -0.34689E+01 -0.17245E+01 -0.16472E+01 -0.29240E+01 -0.55035E+01 -0.74622E+01
 -0.80486E+01 -0.83556E+01 -0.12207E+02 -0.11441E+02 -0.72812E+01 -0.44591E+01
 -0.30296E+01 -0.22814E+01 -0.42165E+00  0.20079E+01  0.40580E+01  0.45977E+01
  0.42929E+01  0.36276E+01  0.36581E+01  0.30005E+01  0.33675E+01  0.49119E+01
  0.56998E+01  0.64309E+01  0.56828E+01  0.38019E+01  0.31052E+01  0.36198E+01
  0.31920E+01  0.66808E+00 -0.26813E+00  0.48600E+00  0.32112E+01  0.54156E+01
  0.65454E+01  0.75977E+01  0.63094E+01  0.70265E+01  0.56336E+01  0.62290E+01
  0.80951E+01  0.97067E+01  0.90876E+01  0.67555E+01  0.53096E+01  0.26658E+01
  0.44457E+01  0.57796E+01  0.52841E+01  0.41019E+01  0.36318E+01  0.36340E+01
  0.47338E+01  0.40217E+01  0.14740E+01 -0.32464E+00 -0.28319E+01 -0.34571E+01
 -0.73551E+01 -0.10574E+02 -0.98672E+01 -0.59729E+01 -0.16543E+01 -0.43841E-01
 -0.17310E+00 -0.12680E+01  0.16044E+00  0.29254E+01  0.59736E+01  0.60417E+01
  0.29513E+01 -0.27316E+00 -0.21038E+01 -0.14849E+01  0.35490E+00  0.11674E+01
  0.13536E+01  0.10237E+01 -0.18836E+01 -0.33077E+01 -0.36748E+01 -0.31773E+01
  0.16023E+01  0.20850E+01 -0.74070E+00 -0.31165E+01 -0.48315E+01 -0.47369E+01
 -0.47615E+01 -0.29428E+01 -0.32363E+01 -0.24060E+01  0.42600E+00  0.25173E+01
  0.47235E+01  0.37986E+01  0.18830E+01  0.20068E+01  0.40079E+01  0.35497E+01
  0.36035E+01  0.53494E+01  0.43725E+01  0.46398E+01  0.32195E+01  0.21748E+01
  0.23857E+01  0.24228E+01  0.19146E+01  0.12921E+01  0.21177E+01  0.32207E+01
  0.52086E+01  0.42639E+01  0.32279E+01  0.40975E+01  0.57397E+01  0.55554E+01
  0.33682E+01  0.20138E+01  0.26570E+01  0.40765E+01  0.23988E+01  0.23773E+00
 -0.24424E+01 -0.35848E+01 -0.11765E+01 -0.10321E+01 -0.42397E+01 -0.68131E+01
 -0.83741E+01 -0.75582E+01 -0.51136E+01 -0.38858E+01 -0.14364E+01  0.81911E+00
  0.24677E+01  0.38359E+01  0.14817E+01 -0.17196E+01 -0.25540E+01 -0.30640E+01
 -0.24795E+01 -0.18498E+01 -0.45867E+01 -0.63944E+01 -0.84210E+01 -0.86691E+01
 -0.87118E+01 -0.71369E+01 -0.27482E+01 -0.42309E+01 -0.44033E+01 -0.60419E+01
 -0.70547E+01 -0.55314E+01 -0.47810E+01 -0.20817E+00  0.25034E+01  0.59346E+01
  0.77481E+01  0.84011E+01  0.10690E+02  0.90416E+01  0.75595E+01  0.60295E+01
  0.25795E+01 -0.55459E+00 -0.23265E+01 -0.22577E+01 -0.99009E+00  0.14427E+01
  0.13443E+01  0.17304E+01  0.17074E+01  0.11761E+01  0.22711E+01  0.13850E+01
  0.13799E+01  0.38460E+00 -0.93531E+00 -0.23424E+01 -0.30785E+01 -0.39037E+01
 -0.38204E+01 -0.90191E+00  0.27315E+01  0.64876E+01  0.56999E+01  0.46106E+01
  0.38882E+01  0.24096E+01  0.14674E+01  0.64997E+00 -0.33722E+00 -0.13744E+01
 -0.12379E+01 -0.27578E+01 -0.30176E+01 -0.66857E+00 -0.75229E+00  0.27210E+00
  0.69349E+00  0.14750E+01  0.98360E+00 -0.11242E+00  0.25412E+00  0.11186E+01
  0.32315E+01  0.29207E+01  0.37897E+01  0.35174E+01  0.20995E+01 -0.13098E+00
 -0.10313E+01 -0.12118E+01 -0.41611E+01 -0.46487E+01 -0.39503E+01 -0.43301E+01
 -0.45866E+01 -0.52261E+01 -0.41622E+01 -0.41142E+01 -0.41249E+01 -0.27106E+01
 -0.11060E+01  0.44138E+00  0.15493E+01  0.29472E+01  0.34713E+00 -0.14321E+01
 -0.31162E+00  0.12685E+00 -0.18555E+00 -0.20987E+01 -0.19892E+01 -0.12297E+01
 -0.25239E+01 -0.37737E+01 -0.54950E+01 -0.34085E+01 -0.29329E+01 -0.44922E+01
 -0.38901E+01 -0.26494E+01 -0.26446E+00  0.67635E+00  0.12211E+01  0.18410E+01
  0.23057E+01  0.10008E+01  0.38835E+00 -0.11217E+01 -0.32884E+01 -0.31134E+01
 -0.27593E+01 -0.13570E+01 -0.21768E+01 -0.26591E+01 -0.28829E+01 -0.33465E+01
 -0.10635E+01 -0.25993E+01 -0.74760E+00  0.80940E+00  0.14300E+01  0.28019E+01
  0.36193E+01  0.43098E+01  0.16307E+01 -0.13436E-01  0.41602E+00  0.29548E+00
 -0.34330E+00  0.10558E+00  0.19891E+00  0.57599E+00 -0.88378E+00 -0.26567E+01
 -0.45094E+01 -0.40741E+01 -0.16369E+01 -0.22284E+01 -0.30870E+01 -0.26342E+01
 -0.19524E+01 -0.73459E+00 -0.17339E-01  0.11816E+01  0.18435E+01  0.34010E+01
  0.36519E+01  0.55563E+01  0.74984E+01  0.62051E+01  0.41602E+01  0.23040E+01
  0.24029E+01  0.30385E+01  0.39238E+01  0.48308E+01  0.52590E+01  0.34192E+01
  0.28195E+01  0.16849E+01  0.11604E+01  0.26176E+01  0.35136E+01  0.37360E+01
  0.47999E+01  0.52042E+01  0.32201E+01 -0.15139E+01 -0.28415E+01 -0.61868E-01
 -0.81182E+00  0.42809E+00  0.26511E+01  0.82060E+00 -0.14958E+01 -0.10416E+01
 -0.19230E+01 -0.84137E+00  0.15807E+01  0.23630E+01  0.33791E+01  0.15873E+01
 -0.39498E+00 -0.15267E+01 -0.33049E+01 -0.25904E+01 -0.14655E+01 -0.89974E+00
 -0.20858E+01 -0.46395E+01 -0.44947E+01 -0.38898E+01 -0.57050E+01 -0.67126E+01
 -0.59580E+01 -0.42619E+01 -0.25744E+01  0.11102E+00  0.66369E+00 -0.15538E-02
  0.11821E+01  0.12424E+01  0.21141E+01  0.35978E+01  0.42194E+01  0.44785E+01
  0.37856E+01  0.29963E+01  0.20390E+01 -0.90538E+00 -0.17362E+01 -0.92709E+00
 -0.31240E+00  0.13348E+01  0.39479E+01  0.59688E+01  0.69975E+01  0.39551E+01
  0.19983E+00 -0.16029E+01 -0.86366E+00 -0.85469E+00 -0.52802E+00 -0.85716E+00
 -0.25466E+01 -0.27424E+01 -0.28867E+01 -0.22740E+01 -0.21878E+01 -0.36727E+00
 -0.88410E+00  0.17613E+00  0.18139E+01  0.21942E+01  0.35336E+01  0.25538E+01
  0.14996E+01  0.41955E+00 -0.72309E+00 -0.66510E+00  0.38050E+00 -0.16893E+00
 -0.28712E+01 -0.48283E+01 -0.51069E+01 -0.42083E+01 -0.28729E+01 -0.33679E+01
 -0.26763E+01 -0.73546E+00 -0.54590E-01 -0.20452E+00  0.66278E+00  0.19800E+01
  0.22692E+01  0.91245E+00 -0.80396E-01  0.99999E+00  0.24974E+01  0.13750E+01
 -0.18982E+01  0.31078E+00  0.36791E+00  0.43600E+00 -0.27337E+00 -0.17977E+01
 -0.27811E+01 -0.52880E+01 -0.42451E+01 -0.36014E+01 -0.33082E+01 -0.17360E+01
 -0.11309E+01 -0.11895E+01 -0.45183E-01  0.12855E+01  0.16891E+01  0.32986E+01
  0.42237E+01  0.62345E+01  0.78766E+01  0.79357E+01  0.71610E+01  0.57744E+01
  0.49823E+01  0.41837E+01  0.51599E+01  0.42530E+01  0.35364E+01  0.17577E+01
  0.18611E+00 -0.10621E+01 -0.17283E+01 -0.19236E+01 -0.15593E+01 -0.68442E+00
 -0.24028E+00  0.24855E+00  0.25378E+00 -0.88148E+00 -0.21114E+01 -0.19088E+01
 -0.38733E+01 -0.55933E+01 -0.55490E+01 -0.43279E+01 -0.29164E+01 -0.22631E+01
 -0.14230E+01 -0.14683E+01 -0.14447E+01 -0.31859E+01 -0.47231E+01 -0.58657E+01
 -0.73571E+01 -0.54783E+01 -0.37326E+01 -0.34525E+01 -0.21079E+01 -0.40984E+00
  0.26736E+00  0.16215E+01  0.25446E+01  0.25069E+01  0.29828E+01  0.18516E+01
  0.28100E+00 -0.24263E+01 -0.36866E+01 -0.23529E+01 -0.15240E+01 -0.11938E+01
 -0.16504E+01 -0.13818E+01 -0.14282E+01 -0.12453E+01 -0.45035E+00 -0.92765E+00
 -0.29316E+00 -0.26990E+00 -0.22330E+00  0.21135E+01  0.23709E+01  0.25244E+01
  0.26630E+01  0.40560E+01  0.40208E+01  0.24437E+01  0.33954E+01  0.37534E+01
  0.30441E+01  0.20413E+01 -0.26198E+00 -0.30683E+01 -0.33955E+00  0.48281E+01
  0.67319E+01  0.36860E+01  0.83359E+00 -0.93840E+00 -0.68102E+00  0.57627E-01
 -0.25642E+01 -0.40428E+01 -0.32406E+01 -0.43706E+00  0.56505E+00 -0.37229E+00
 -0.21100E+01 -0.36559E+01 -0.31408E+00  0.14533E+01 -0.13439E+01 -0.16811E+01
 -0.98822E+00 -0.14288E+01 -0.10307E+01 -0.67237E+00  0.22879E+00  0.11383E+01
  0.15586E+01  0.22620E+01  0.19727E+01  0.22672E+01  0.25477E+01  0.30773E+01
  0.35977E+01  0.23826E+01  0.10830E+01 -0.28030E+01 -0.29059E+01 -0.18273E+01
 -0.23036E+01 -0.85539E+00 -0.14199E+01  0.74006E+00  0.39140E+01  0.65525E+01
  0.65763E+01  0.56454E+01  0.48722E+01  0.37108E+01  0.17595E+01  0.17252E+01
  0.95097E+00 -0.49540E+00  0.10543E+00 -0.14319E+01 -0.13015E+01 -0.89011E+00
 -0.14663E+01 -0.25323E+01 -0.39966E+01 -0.48297E-01  0.18514E+01  0.20540E+01
  0.33156E+01  0.13918E+00 -0.22960E+01 -0.33646E+01 -0.38640E+01 -0.37656E+01
 -0.16412E+01  0.23572E+00  0.19722E+01  0.25138E+01  0.16769E+01  0.24780E+01
  0.26734E+01  0.21953E+01  0.87452E+00  0.44833E-01  0.99140E-01  0.39846E+00
  0.18272E+00  0.10655E+01  0.15215E+01  0.21332E+00  0.21074E+01  0.19199E+01
  0.17295E+01  0.27738E+01  0.30974E+01  0.41379E+01  0.28483E+01  0.13193E+01
  0.18804E+01  0.23745E+01  0.25583E+01  0.81674E-01  0.41267E+00  0.81975E+00
 -0.56766E+00 -0.19846E+01 -0.42670E+01 -0.52835E+01 -0.50323E+01 -0.37453E+01
 -0.92258E+00 -0.26846E+00  0.28074E+00  0.11366E+01  0.71568E+00  0.15895E+01
 -0.27203E+00 -0.74826E+00 -0.58252E+00  0.12134E+01  0.25212E+01  0.26958E+01
  0.47459E+01  0.62078E+01  0.58194E+01  0.44769E+01  0.28209E+01  0.64120E+00
 -0.14750E+00  0.13680E+01 -0.19341E+00 -0.85852E+00  0.92618E+00  0.11104E+01
 -0.18105E+01 -0.12571E+01 -0.14531E+00  0.14108E+01  0.25850E+01 -0.65987E+00
 -0.15340E+01 -0.21363E+01 -0.25190E+01 -0.37676E+01 -0.48172E+01 -0.45227E+01
 -0.33940E+01 -0.24571E+01 -0.25831E+01 -0.12224E+01 -0.24471E+01 -0.45233E+01
 -0.48310E+01 -0.44087E+01 -0.21116E+01 -0.99044E+00 -0.19400E+01 -0.31203E+01
 -0.22951E+01  0.11976E+00  0.25117E+01  0.97984E+00 -0.15196E+00  0.25584E+01
  0.20075E+00 -0.21390E+00 -0.85242E+00 -0.32059E+01 -0.38012E+01 -0.46067E+01
 -0.43969E+01 -0.46238E+01 -0.34952E+01 -0.45048E+01 -0.20442E+01 -0.38858E+01
 -0.37197E+01 -0.21346E+01 -0.28694E+01 -0.22535E+01 -0.65230E+00  0.14922E+01
  0.66588E+00  0.22580E+01  0.14325E+01  0.17802E+01  0.18862E+01  0.57652E+00
 -0.98240E+00 -0.24809E+01 -0.11119E+01  0.21984E+00 -0.46819E+00  0.16129E+00
  0.47057E+00 -0.11429E+01 -0.13151E+01  0.13535E+01  0.11056E+01  0.34932E+01
  0.30814E+01  0.10225E+01  0.18851E+00 -0.20207E+01  0.85595E+00  0.30040E+01
  0.37481E+01  0.32524E+01  0.17091E+01 -0.10283E+01 -0.18512E+01 -0.23897E+01
 -0.30852E+00  0.22881E+01  0.14682E+01  0.17780E+00  0.28391E-01  0.13453E+01
  0.23482E+01  0.55136E+00  0.54972E+00  0.43098E+00  0.11851E+00  0.24462E+01
  0.10908E+01  0.16532E+01  0.47063E+00 -0.59335E+00 -0.16901E+01 -0.20222E+01
  0.24459E+01  0.10040E+01 -0.25747E+01 -0.41702E+01 -0.34261E+01 -0.31576E+01
 -0.49744E+01 -0.48526E+01 -0.32988E+01 -0.34941E+01 -0.31829E+01 -0.20564E+01
 -0.14069E+01  0.59206E+00  0.66341E+00  0.40416E+01  0.50433E+01  0.29557E+01
  0.56961E+00 -0.87753E-01  0.22583E+00 -0.33181E+00  0.10708E+01  0.18025E+01
  0.22218E+01  0.57977E+00 -0.24418E+01 -0.34739E+01 -0.15416E+01  0.55466E+00
  0.42497E+01  0.73114E+01  0.10967E+02  0.16631E+02  0.13365E+02  0.41446E+01
 -0.88994E+01 -0.21399E+02 -0.25115E+02 -0.23465E+02 -0.20932E+02 -0.18535E+02
 -0.93364E+01  0.14908E+01  0.11009E+02  0.15719E+02  0.14859E+02  0.11255E+02
  0.26248E+01 -0.32439E+01 -0.52524E+01 -0.26982E+01 -0.17282E+01 -0.17982E+01
 -0.84836E+00  0.15880E+01  0.49969E+01  0.79112E+01  0.66868E+01 -0.24911E+00
 -0.54300E+01 -0.10346E+02 -0.12761E+02 -0.14632E+02 -0.16535E+02 -0.14673E+02
 -0.65580E+01  0.23789E+01  0.73673E+01  0.10229E+02  0.11218E+02  0.85851E+01
  0.51503E+01  0.30367E+01  0.30908E-01 -0.19961E+01 -0.29340E+01 -0.28574E+01
 -0.29515E+00  0.42240E+01  0.78621E+01  0.75084E+01  0.70379E+01  0.49986E+01
  0.55200E+00 -0.40555E+01 -0.45702E+01  0.13217E+01  0.57151E+01  0.63783E+01
  0.50056E+01  0.17505E+01  0.27653E+01  0.62823E+01  0.71399E+01  0.62805E+01
  0.51146E+01  0.48442E+01  0.41571E+01  0.36937E+01  0.38763E+01  0.62079E+01
  0.59092E+01  0.39908E+01  0.57428E+01  0.73437E+01  0.64894E+01  0.37444E+01
  0.21798E+01 -0.13139E+01 -0.20579E+01 -0.24595E+01 -0.39693E+01 -0.60961E+01
 -0.72267E+01 -0.46722E+01 -0.41563E+01 -0.15055E+01 -0.13773E+01 -0.49377E+00
 -0.15283E+01 -0.48327E+01 -0.52751E+01 -0.56995E+01 -0.32268E+01 -0.20853E+01
 -0.28523E+01 -0.25261E+01 -0.25629E+01  0.46492E+00  0.24570E+01 -0.14546E+01
 -0.31906E+01 -0.27431E+01 -0.29442E+01 -0.13785E+01 -0.34037E+00 -0.15726E+00
 -0.10578E+01 -0.17059E+01 -0.29543E+01 -0.23549E+01 -0.17017E+01 -0.63109E+00
 -0.30752E+00  0.15389E+01  0.18536E+01  0.18378E+01  0.10886E+01  0.10582E+00
 -0.20195E+00 -0.75944E+00 -0.15988E+01 -0.28665E+01 -0.47436E+01 -0.37369E+01
 -0.14917E+01  0.34945E+00  0.49480E+01  0.32383E+01  0.25801E+01  0.30734E+01
  0.43515E+01  0.55489E+01  0.40068E+01  0.32586E+01  0.86677E+00 -0.20301E+01
 -0.27565E+01 -0.11693E+01  0.94858E+00  0.56568E+00  0.16433E+01  0.38593E+01
  0.31233E+01  0.38037E+01  0.26232E+01  0.28991E+01  0.12034E+01 -0.26496E+00
  0.12106E+01  0.37561E+00  0.70307E+00  0.24176E+01  0.25376E+01  0.24356E+01
  0.68978E+00 -0.13017E+01 -0.67679E+00 -0.22027E+01 -0.17797E+01 -0.28276E+01
 -0.21766E+01 -0.18697E+01 -0.19013E+01 -0.19339E+01 -0.36062E+01 -0.47204E+01
 -0.54838E+01 -0.53463E+01 -0.50144E+01 -0.60722E+01 -0.53476E+01 -0.31359E+01
 -0.19620E+01 -0.24531E+01 -0.37569E+01 -0.31106E+01 -0.31495E+01 -0.33773E+01
 -0.36791E+01 -0.46494E+01 -0.33101E+01 -0.29194E+01 -0.34723E+01 -0.19961E+01
 -0.62975E+00  0.99674E+00  0.62770E+00  0.78708E+00  0.21794E+01  0.27027E+01
  0.35665E+01  0.38205E+01  0.34459E+01  0.40292E+01  0.65098E+01  0.83276E+01
  0.73134E+01  0.43534E+01  0.16166E+01  0.19522E+01  0.10923E+01 -0.12538E+01
 -0.36472E+01 -0.41718E+01 -0.62642E+00  0.19431E+01  0.23203E+01 -0.46245E+00
 -0.14588E+01 -0.14422E+01  0.49384E+00  0.18994E+01  0.24001E+01  0.28243E+01
  0.32398E+01  0.42939E+01  0.15781E+01 -0.10711E+01 -0.11348E+01 -0.17367E+00
 -0.30970E+00 -0.32062E+00 -0.49392E+00  0.32748E+00 -0.17090E+01 -0.44597E+01
 -0.41197E+01 -0.25729E+01 -0.22962E+01 -0.19212E+01  0.26780E+00  0.14746E+01
  0.26010E+01  0.38262E+01  0.14810E+01  0.42548E+00  0.17556E+01  0.21262E+01
  0.86776E+00  0.11665E+01  0.20971E+01  0.20226E+01  0.10530E+01  0.19877E+00
 -0.54131E+00 -0.30103E+01 -0.27614E+01 -0.26638E+01 -0.15802E+01 -0.15023E+01
 -0.27514E+01 -0.95930E+00 -0.84322E+00 -0.26086E+01 -0.18705E+01 -0.71495E+00
 -0.19905E+00 -0.13118E+01 -0.17798E+01 -0.41111E+00  0.93245E+00  0.24677E+01
  0.42701E+01  0.43725E+01  0.97835E+00  0.10023E+01  0.46591E+00  0.60217E+00
  0.68023E+00 -0.82067E+00 -0.69148E+00  0.11097E+01  0.27595E+01  0.30131E+01
  0.20829E+01  0.56044E+00  0.84446E+00 -0.90806E+00 -0.49130E+00 -0.44047E+00
 -0.18529E+01 -0.13110E+01 -0.22679E+01 -0.21767E+01 -0.15102E+01  0.55673E+00
  0.77200E+00  0.76834E+00  0.56335E+00  0.41554E+00  0.13251E+00  0.97950E+00
 -0.27268E+00 -0.23341E+01 -0.14697E+01 -0.19834E+01 -0.25490E+01 -0.52059E+01
 -0.36209E+01 -0.18631E+01 -0.50221E+00  0.14189E+01  0.59670E+00 -0.71618E+00
 -0.62063E+00  0.18680E+01  0.30201E+01  0.28689E+01  0.13110E+00 -0.17468E+01
 -0.13621E+01 -0.21337E+01 -0.25024E+01 -0.25480E+01 -0.22431E+01 -0.19124E+01
  0.33248E+00  0.29910E+00  0.10452E+01  0.17883E+01  0.45905E+00  0.15472E+01
  0.69699E+00 -0.13066E+00  0.53527E-01  0.12011E+01  0.38643E+01  0.37514E+01
  0.32275E+01  0.69384E+00 -0.84216E+00 -0.55962E+00 -0.79279E+00  0.11768E+01
  0.19104E+01 -0.33016E+00 -0.36770E+00  0.84069E+00 -0.69650E-01  0.22626E+00
  0.12837E+01  0.12926E+00  0.11812E+01  0.12260E+01  0.13202E+01  0.72785E+00
  0.87695E+00  0.10116E+00 -0.65318E+00  0.20407E+00 -0.10420E+01 -0.43389E+00
 -0.27273E+01 -0.30353E+01 -0.15364E+01 -0.80092E+00  0.89052E+00  0.68710E+00
  0.55091E+00  0.24798E+01  0.10844E+01  0.94547E+00  0.43763E+00 -0.12431E+00
  0.19884E+00  0.10694E+01  0.28422E+01  0.52748E+01  0.47361E+01  0.20553E+01
  0.24661E+01  0.16887E+01 -0.10062E+00  0.52794E+00  0.64679E+00  0.74819E+00
  0.19311E+01  0.76099E+00  0.51692E-01  0.45611E-01  0.15780E+01  0.28076E+01
  0.14808E+01  0.91882E+00  0.24634E+01  0.35493E+01  0.31338E+01  0.26498E+01
  0.33542E+01  0.17241E+01  0.17532E+01  0.30639E+01  0.33769E+01  0.57877E+01
  0.44983E+01 -0.29919E+01 -0.77221E+01 -0.11450E+02 -0.11014E+02 -0.68325E+01
 -0.35031E+01 -0.12462E+01 -0.46755E+01 -0.63726E+01 -0.38333E+01  0.50812E-01
  0.90777E+00 -0.53580E+00 -0.36861E+01 -0.31630E+01 -0.26710E+01 -0.22512E+01
 -0.25240E+01 -0.14219E+01  0.20589E+01  0.43892E+01  0.58984E+01  0.54579E+01
  0.12504E+01 -0.45185E+01 -0.57739E+01 -0.54719E+01 -0.43847E+01 -0.46296E+01
 -0.47257E+01 -0.32508E+01 -0.15523E+01 -0.80315E+00 -0.13750E+01 -0.77361E+00
 -0.95128E+00 -0.19539E+01 -0.34766E+01 -0.47836E+01 -0.52803E+01 -0.30549E+01
  0.34966E+00 -0.63364E+00 -0.10821E-01 -0.21729E+00  0.10112E+01  0.13095E+01
  0.66438E+00 -0.11747E+01 -0.15474E+01 -0.95247E+00 -0.61289E+00 -0.42172E+00
 -0.17621E+01 -0.10287E+01 -0.10394E+01  0.31395E+00  0.43202E-01 -0.10944E+01
 -0.11999E+01  0.32060E+00  0.30649E+01  0.31034E+01  0.31415E+01  0.23889E+01
 -0.75078E+00 -0.33681E+01 -0.39189E+01 -0.15374E+01  0.19742E+01  0.37436E+01
  0.12687E+01 -0.11026E+01 -0.13545E+01 -0.53106E+00 -0.10596E+01 -0.40057E+00
  0.11321E+01  0.25680E+01  0.14580E+01  0.16089E+01  0.19657E+01  0.22475E+01
  0.30614E+01  0.30226E+01  0.32308E+01  0.27313E+01  0.34125E+01  0.20757E+01
  0.24236E+01  0.24269E+01  0.18813E+01  0.95636E+00  0.27289E+01  0.20308E+01
  0.39124E+00  0.35737E+00  0.42632E+00  0.34142E+01  0.36003E+01  0.28375E+01
  0.22469E+01  0.48432E+00 -0.48261E+00 -0.97073E+00 -0.18865E+01  0.90690E+00
  0.80692E+00  0.49369E+00  0.71277E-01 -0.17738E+01 -0.79110E+00 -0.40312E+00
 -0.30308E+00  0.53514E-01 -0.44432E+00 -0.85560E+00 -0.94785E+00 -0.14713E+01
 -0.62041E+00  0.15415E+00  0.79234E+00  0.27868E+00  0.41064E+00 -0.68813E+00
  0.63325E+00  0.27003E+01  0.39432E+01  0.34157E+01  0.27405E+01  0.35879E+01
  0.32431E+01  0.40823E+01  0.31516E+01  0.35780E+01  0.21219E+01  0.90329E+00
 -0.76290E+00 -0.24420E+01 -0.21476E+01 -0.28185E+01 -0.28531E+01 -0.28818E+01
 -0.16393E+01 -0.13024E+01 -0.27780E+01 -0.18028E+01 -0.44249E+00  0.73345E+00
  0.80141E+00 -0.16751E+00 -0.91620E+00 -0.16469E+01 -0.26411E+01 -0.28485E+01
