 -0.43195E+01 -0.40502E+01 -0.33670E+01 -0.22424E+01 -0.27976E+01 -0.82398E+01
 -0.13485E+02 -0.14037E+02 -0.78365E+01  0.10736E+01  0.91640E+01  0.72780E+01
  0.40015E+00  0.20034E+01  0.10276E+01 -0.78748E+01 -0.70731E+01 -0.10886E+01
 -0.81126E+01 -0.13007E+02 -0.51242E+01  0.12096E+02  0.10202E+02  0.23915E+01
  0.92496E+01 -0.60115E-01 -0.94442E+01 -0.55665E+01  0.11785E+02  0.22359E+02
  0.12950E+02 -0.50554E+01 -0.72531E+01 -0.91768E+01 -0.38781E+02 -0.29565E+02
  0.16920E+01  0.20358E+02  0.32868E+02  0.83488E+01 -0.25403E+02 -0.50186E+01
  0.19134E+02  0.34352E+01 -0.53358E+01 -0.11375E+02 -0.22732E+02 -0.33262E+02
  0.11257E+01  0.42249E+02  0.37729E+01 -0.33086E+02 -0.25956E+02 -0.17101E+02
 -0.97129E+01  0.20486E+02  0.46906E+02  0.42459E+02  0.34196E+02  0.16698E+02
 -0.33516E+02 -0.52181E+02 -0.54956E+02 -0.35414E+02  0.16987E+02  0.14178E+02
  0.33934E+01  0.41776E+01 -0.71805E+01 -0.20597E+02 -0.23197E+02 -0.32488E+02
 -0.34360E+02 -0.30259E+02 -0.17165E+01  0.39177E+02  0.31137E+02  0.32655E+02
  0.35864E+01 -0.26506E+02 -0.47396E+02 -0.51767E+01  0.24266E+02 -0.33312E+02
 -0.56313E+02 -0.16043E+02  0.17656E+02 -0.23093E+02 -0.30389E+02 -0.12177E+02
  0.10679E+02 -0.59156E+01 -0.20707E+02  0.21666E+01  0.40507E+02  0.32197E+02
  0.22412E+02  0.49749E+02  0.33343E+02 -0.16235E+02 -0.52168E+02 -0.60680E+01
  0.58316E+02  0.19832E+02 -0.43022E+02 -0.60518E+02 -0.24473E+01  0.10088E+02
 -0.40780E+02 -0.43498E+02  0.14726E+02  0.54106E+02 -0.19197E+02 -0.67806E+02
 -0.43982E+01  0.64391E+02 -0.12318E+02 -0.11211E+03 -0.12550E+03 -0.39276E+02
  0.24808E+02  0.37631E+02  0.79650E+02  0.82204E+02 -0.11310E+02 -0.74271E+02
 -0.56890E+02 -0.58180E+01 -0.10733E+02 -0.11785E+02  0.50039E+02  0.62849E+02
  0.25831E+02 -0.14128E+02 -0.25362E+02 -0.57041E+02 -0.41509E+02  0.27590E+02
  0.28338E+02 -0.13125E+02  0.20766E+02  0.53423E+02  0.54500E+02  0.24046E+02
  0.78049E+01 -0.12892E+02 -0.51372E+02 -0.55729E+02 -0.42960E+02 -0.44652E+02
 -0.67156E+02 -0.21450E+02 -0.65018E+01 -0.41528E+02 -0.41934E+02  0.26023E+00
 -0.80320E+01 -0.22849E+02 -0.87179E+01 -0.14839E+02 -0.45164E+02 -0.60774E+02
 -0.39127E+02 -0.12883E+02  0.23264E+02  0.64495E+02  0.10811E+03  0.14064E+03
  0.18893E+03  0.24134E+03  0.29068E+03  0.32901E+03  0.34341E+03  0.35368E+03
  0.35716E+03  0.37513E+03  0.39399E+03  0.40311E+03  0.42723E+03  0.46861E+03
  0.48718E+03  0.45970E+03  0.42748E+03  0.40273E+03  0.36437E+03  0.25220E+03
  0.64121E+02 -0.14167E+03 -0.33603E+03 -0.48474E+03 -0.58411E+03 -0.67244E+03
 -0.69168E+03 -0.64540E+03 -0.61040E+03 -0.54219E+03 -0.56948E+03 -0.17778E+03
  0.47543E+03  0.61151E+03  0.53128E+03  0.44787E+03  0.42821E+03  0.37087E+03
  0.18192E+03 -0.75357E+02 -0.27594E+03 -0.38579E+03 -0.55910E+03 -0.78349E+03
 -0.80144E+03 -0.64744E+03 -0.57039E+03 -0.55601E+03 -0.49316E+03 -0.42065E+03
 -0.38482E+03 -0.26386E+03  0.19812E+02  0.25466E+03  0.30350E+03  0.23923E+03
  0.11294E+03  0.24713E+02 -0.61384E+02 -0.13747E+03 -0.22402E+03 -0.25181E+03
 -0.13300E+03 -0.25491E+02 -0.95600E+01 -0.11024E+02  0.91854E+01  0.63901E+02
  0.11460E+03  0.16115E+03  0.79921E+02 -0.76857E+02 -0.15465E+03 -0.17393E+03
 -0.98407E+02 -0.33798E+02 -0.55629E+01  0.55436E+02  0.10457E+03  0.11798E+03
  0.13341E+03  0.16112E+03  0.20982E+03  0.25750E+03  0.27983E+03  0.29441E+03
  0.30071E+03  0.30144E+03  0.21880E+03  0.62362E+02 -0.30030E+02 -0.59017E+02
 -0.48540E+02 -0.71113E+01  0.49448E+02  0.84615E+02  0.12356E+03  0.14734E+03
  0.17155E+03  0.15224E+03  0.58216E+02 -0.11362E+02 -0.41824E+02 -0.49016E+02
 -0.67030E+02 -0.14037E+03 -0.13955E+03 -0.58032E+02 -0.26227E+02 -0.91852E+01
  0.22012E+02  0.96728E+02  0.94173E+02  0.29648E+02  0.65273E+01  0.17654E+02
  0.71252E+02  0.12066E+03  0.13720E+03  0.89933E+02  0.49415E+02  0.42639E+02
  0.13112E+02 -0.51023E+02 -0.90463E+02 -0.97774E+02 -0.10191E+03 -0.10771E+03
 -0.10822E+03 -0.62659E+02 -0.32014E+02 -0.20665E+02  0.47892E+01  0.63888E+02
  0.10367E+03  0.10223E+03  0.10687E+03  0.12712E+03  0.14322E+03  0.14379E+03
  0.13787E+03  0.11977E+03  0.91287E+02  0.29277E+02 -0.67732E+02 -0.15205E+03
 -0.19988E+03 -0.20772E+03 -0.17875E+03 -0.14492E+03 -0.10684E+03 -0.71658E+02
 -0.32237E+02  0.17325E+01  0.30073E+02  0.58541E+02  0.84898E+02  0.78059E+02
  0.34557E+02 -0.19566E+01 -0.22069E+02 -0.24190E+02 -0.19948E+02 -0.15063E+01
  0.41726E+02  0.10535E+03  0.17275E+03  0.24654E+03  0.30287E+03  0.33267E+03
  0.26350E+03  0.11452E+03 -0.18067E+02 -0.10227E+03 -0.12167E+03 -0.76792E+02
  0.15599E+02  0.87101E+02  0.82701E+02  0.21522E+02 -0.44941E+02 -0.11303E+03
 -0.16464E+03 -0.21055E+03 -0.23483E+03 -0.23180E+03 -0.21547E+03 -0.18576E+03
 -0.16448E+03 -0.16534E+03 -0.17641E+03 -0.16924E+03 -0.13214E+03 -0.10844E+03
 -0.99265E+02 -0.71274E+02 -0.62186E+02 -0.10119E+03 -0.14733E+03 -0.14440E+03
 -0.11719E+03 -0.10689E+03 -0.87499E+02 -0.48698E+02 -0.64495E+01 -0.36395E+01
 -0.37453E+02 -0.51235E+02 -0.26097E+02  0.27277E+02  0.73141E+02  0.93253E+02
  0.90168E+02  0.85973E+02  0.96845E+02  0.12448E+03  0.14641E+03  0.15920E+03
  0.17003E+03  0.11309E+03 -0.17830E+02 -0.14181E+03 -0.23740E+03 -0.29364E+03
 -0.31471E+03 -0.30763E+03 -0.20278E+03 -0.64592E+02  0.62020E+02  0.16239E+03
  0.19663E+03  0.21012E+03  0.22592E+03  0.25602E+03  0.27206E+03  0.26023E+03
  0.23168E+03  0.22989E+03  0.22371E+03  0.19672E+03  0.18838E+03  0.18515E+03
  0.16212E+03  0.10882E+03  0.51605E+02  0.83935E+01 -0.25838E+02 -0.53178E+02
 -0.72853E+02 -0.63978E+02 -0.28803E+02 -0.26945E+02 -0.66320E+02 -0.93355E+02
 -0.94694E+02 -0.97433E+02 -0.10975E+03 -0.12132E+03 -0.85914E+02 -0.19697E+02
  0.23595E+02  0.53345E+02  0.87456E+02  0.11707E+03  0.12829E+03  0.12982E+03
  0.11130E+03  0.70747E+02  0.34011E+01 -0.73941E+02 -0.12096E+03 -0.13910E+03
 -0.15166E+03 -0.16672E+03 -0.17562E+03 -0.17122E+03 -0.14765E+03 -0.11145E+03
 -0.73050E+02 -0.36896E+02  0.11724E+01  0.21253E+02  0.24002E+02  0.24452E+02
  0.26395E+02  0.34271E+02  0.38614E+02  0.30976E+02  0.17350E+02  0.22655E+02
  0.32176E+02  0.27464E+02  0.20333E+02  0.24408E+02  0.39085E+02  0.52102E+02
  0.45500E+02  0.23583E+02  0.10650E+02  0.35355E+01 -0.12487E+02 -0.43772E+02
 -0.74622E+02 -0.81756E+02 -0.64805E+02 -0.30889E+02  0.81452E+01  0.28256E+02
  0.35556E+02  0.39440E+02  0.47180E+02  0.33970E+02 -0.25242E+02 -0.78050E+02
 -0.95181E+02 -0.97969E+02 -0.77949E+02 -0.37906E+02 -0.18567E+02 -0.16516E+02
 -0.88756E+01  0.24978E+02  0.44671E+02  0.48112E+02  0.65695E+02  0.85601E+02
  0.87209E+02  0.66705E+02  0.52916E+02  0.53000E+02  0.56437E+02  0.56242E+02
  0.56013E+02  0.36823E+02  0.32952E+00 -0.13730E+02 -0.51555E+01  0.64177E+01
  0.10806E+02  0.22304E+02  0.42648E+02  0.59654E+02  0.63873E+02  0.43117E+02
  0.14712E+02 -0.10588E+02 -0.36108E+02 -0.55002E+02 -0.60846E+02 -0.39285E+02
 -0.47695E+01  0.27653E+02  0.55144E+02  0.64631E+02  0.47797E+02  0.10462E+02
 -0.91521E+01 -0.17043E+02 -0.26652E+02 -0.37223E+02 -0.43930E+02 -0.47623E+02
 -0.54388E+02 -0.57421E+02 -0.54541E+02 -0.49956E+02 -0.48269E+02 -0.42399E+02
 -0.27733E+02 -0.71941E+01  0.12126E+02  0.35736E+02  0.61515E+02  0.76383E+02
  0.77777E+02  0.55108E+02  0.27683E+01 -0.56223E+02 -0.10184E+03 -0.12783E+03
 -0.13650E+03 -0.11802E+03 -0.82166E+02 -0.57820E+02 -0.34945E+02 -0.16780E+01
  0.43427E+02  0.89209E+02  0.10831E+03  0.10886E+03  0.77365E+02  0.28610E+02
 -0.17347E+02 -0.55179E+02 -0.70263E+02 -0.67251E+02 -0.35359E+02  0.81413E+01
  0.51574E+02  0.70203E+02  0.75702E+02  0.78656E+02  0.66150E+02  0.47603E+02
  0.35261E+02  0.28392E+02  0.16017E+02  0.23298E+01 -0.44623E+01  0.16560E+01
  0.14375E+02  0.19251E+02  0.14974E+02  0.13014E+02  0.12580E+02  0.13260E+02
  0.14612E+02  0.18254E+02  0.21186E+02  0.18496E+02  0.16068E+02  0.17053E+02
  0.21867E+02  0.21214E+02  0.38884E+01 -0.21071E+02 -0.45678E+02 -0.61836E+02
 -0.65648E+02 -0.70767E+02 -0.80150E+02 -0.85139E+02 -0.80248E+02 -0.69606E+02
 -0.59557E+02 -0.45597E+02 -0.30461E+02 -0.23818E+02 -0.25232E+02 -0.24351E+02
 -0.17872E+02 -0.10938E+02 -0.89047E+01 -0.74640E+01  0.14763E+01  0.22459E+02
  0.46476E+02  0.64371E+02  0.78970E+02  0.91007E+02  0.85290E+02  0.41859E+02
 -0.23590E+01 -0.21841E+02 -0.31493E+02 -0.39059E+02 -0.45410E+02 -0.44075E+02
 -0.30969E+02 -0.17639E+02 -0.90466E+01 -0.27607E+01 -0.37221E+01 -0.10248E+02
 -0.15960E+02 -0.17343E+02 -0.16293E+02 -0.12904E+02 -0.57346E+01  0.23179E+01
  0.41274E+01  0.45580E+01  0.14346E+02  0.34843E+02  0.49483E+02  0.46052E+02
  0.20486E+02 -0.21454E+01 -0.88084E+01 -0.14221E+02 -0.18320E+02 -0.14825E+02
  0.20790E+00  0.21830E+02  0.39761E+02  0.46629E+02  0.42870E+02  0.37332E+02
  0.34471E+02  0.29621E+02  0.21035E+02  0.13973E+02  0.15161E+02  0.23992E+02
  0.28552E+02  0.26661E+02  0.25638E+02  0.27731E+02  0.24574E+02  0.79103E+01
 -0.27910E+01  0.14150E+01  0.78205E+01  0.50834E+01 -0.44894E+01 -0.15521E+02
 -0.26762E+02 -0.30005E+02 -0.20486E+02 -0.69501E+01  0.34316E+01  0.80943E+01
  0.75395E+01 -0.10067E+02 -0.35604E+02 -0.46306E+02 -0.45180E+02 -0.42909E+02
 -0.47421E+02 -0.50227E+02 -0.46388E+02 -0.42389E+02 -0.44082E+02 -0.39768E+02
 -0.27158E+02 -0.12833E+02 -0.15575E+01  0.40494E+01  0.72514E+01  0.13458E+02
  0.28940E+02  0.45232E+02  0.55231E+02  0.55409E+02  0.45492E+02  0.27538E+02
  0.91554E+01 -0.15146E+01 -0.48275E+01 -0.78304E+01 -0.15918E+02 -0.24321E+02
 -0.24203E+02 -0.17789E+02 -0.10330E+02 -0.73475E+00  0.97311E+01  0.11452E+02
 -0.22217E+01 -0.17799E+02 -0.24043E+02 -0.23959E+02 -0.23897E+02 -0.22263E+02
 -0.17010E+02 -0.86534E+01  0.20936E+01  0.11919E+02  0.23777E+02  0.34015E+02
  0.35592E+02  0.29117E+02  0.25420E+02  0.24247E+02  0.17316E+02  0.11220E+02
  0.89115E+01  0.13366E+02  0.13944E+02  0.11976E+02  0.15204E+02  0.18412E+02
  0.17219E+02  0.15828E+02  0.20011E+02  0.24039E+02  0.24459E+02  0.19927E+02
  0.10337E+02  0.36134E+00 -0.10330E+02 -0.26169E+02 -0.40038E+02 -0.50035E+02
 -0.51413E+02 -0.48909E+02 -0.42362E+02 -0.27584E+02 -0.68370E+01  0.13341E+02
  0.24269E+02  0.29320E+02  0.32376E+02  0.34066E+02  0.32687E+02  0.24759E+02
  0.11470E+02 -0.36048E+01 -0.11274E+02 -0.78692E+01 -0.58406E+00  0.12587E+01
 -0.53337E+01 -0.13086E+02 -0.22083E+02 -0.27420E+02 -0.24215E+02 -0.12801E+02
 -0.25754E+01  0.32633E+01  0.51534E+01  0.24643E+01 -0.25428E+01 -0.90185E+01
 -0.18458E+02 -0.28284E+02 -0.31147E+02 -0.23377E+02 -0.11738E+02 -0.79491E+01
 -0.11840E+02 -0.13258E+02 -0.40710E+01  0.84627E+01  0.16221E+02  0.19986E+02
  0.20474E+02  0.13965E+02  0.31116E+01 -0.38345E+01 -0.57828E+00  0.65484E+01
  0.53669E+01 -0.30837E+01 -0.79309E+01 -0.10208E+02 -0.14222E+02 -0.15539E+02
 -0.11537E+02  0.64628E+00  0.13290E+02  0.19225E+02  0.18201E+02  0.12863E+02
  0.36614E+01 -0.69142E+01 -0.14956E+02 -0.12980E+02  0.33308E+01  0.20404E+02
  0.27863E+02  0.31016E+02  0.32975E+02  0.31569E+02  0.23123E+02  0.10825E+02
 -0.24221E+01 -0.16392E+02 -0.23418E+02 -0.19237E+02 -0.11745E+02 -0.82597E+01
 -0.83955E+01 -0.13780E+02 -0.19753E+02 -0.23559E+02 -0.26628E+02 -0.31055E+02
 -0.34761E+02 -0.35363E+02 -0.32631E+02 -0.25554E+02 -0.14639E+02  0.11580E+01
  0.18237E+02  0.29919E+02  0.37265E+02  0.42827E+02  0.41735E+02  0.29624E+02
  0.17841E+02  0.99546E+01  0.21893E+00 -0.95340E+01 -0.15466E+02 -0.14125E+02
 -0.13361E+02 -0.14510E+02 -0.15841E+02 -0.14638E+02 -0.80030E+01 -0.54652E+01
 -0.65332E+01 -0.46280E+01  0.65444E+00  0.68340E+01  0.96372E+01  0.12623E+02
  0.13079E+02  0.12863E+02  0.13389E+02  0.12231E+02  0.92800E+01  0.35763E+01
 -0.52651E+01 -0.13903E+02 -0.21553E+02 -0.29594E+02 -0.34830E+02 -0.34645E+02
 -0.26800E+02 -0.17269E+02 -0.84008E+01 -0.21636E+01  0.42138E+01  0.11908E+02
  0.19256E+02  0.25816E+02  0.25820E+02  0.20773E+02  0.13555E+02  0.69490E+01
  0.64021E+00 -0.20580E+01  0.60593E+00  0.25597E+01  0.30583E+01  0.53176E+00
 -0.18774E+01 -0.41196E+01 -0.51909E+01 -0.13757E+01  0.44642E+01  0.96026E+01
  0.10268E+02  0.42778E+01 -0.48167E+01 -0.11576E+02 -0.12875E+02 -0.74952E+01
 -0.16002E+01 -0.16806E+01 -0.26510E+01  0.87751E+00  0.10013E+02  0.18672E+02
  0.22860E+02  0.20937E+02  0.10644E+02 -0.10691E+01 -0.80337E+01 -0.73108E+01
 -0.28072E+01 -0.11441E+01 -0.26410E+01  0.17042E+00  0.55133E+01  0.13299E+02
  0.22342E+02  0.25802E+02  0.19626E+02  0.49540E+01 -0.51442E+01 -0.48635E+01
  0.21906E+01  0.10671E+02  0.16493E+02  0.17432E+02  0.14306E+02  0.85712E+01
  0.49293E+01  0.52965E+01  0.47368E+01  0.10696E+01 -0.49035E+01 -0.11536E+02
 -0.19840E+02 -0.27696E+02 -0.31509E+02 -0.32383E+02 -0.28470E+02 -0.22001E+02
 -0.17374E+02 -0.18382E+02 -0.21128E+02 -0.19458E+02 -0.14908E+02 -0.88812E+01
 -0.40077E+01 -0.24599E+01 -0.28926E+01 -0.40971E+01 -0.32343E+01  0.92794E+00
  0.56769E+01  0.10391E+02  0.15115E+02  0.20579E+02  0.21822E+02  0.17108E+02
  0.11853E+02  0.91128E+01  0.82038E+01  0.46446E+01  0.14584E+01  0.14998E+01
  0.50045E+00 -0.18041E+01 -0.71754E+01 -0.10343E+02 -0.78630E+01 -0.67624E+01
 -0.77063E+01 -0.56568E+01  0.15281E+01  0.78126E+01  0.92184E+01  0.75568E+01
  0.63668E+01  0.79309E+01  0.88615E+01  0.95921E+01  0.14773E+02  0.22053E+02
  0.27401E+02  0.31194E+02  0.31863E+02  0.27725E+02  0.21917E+02  0.18663E+02
  0.14009E+02  0.54692E+01 -0.25545E+01 -0.99491E+01 -0.17121E+02 -0.21188E+02
 -0.20454E+02 -0.15028E+02 -0.95845E+01 -0.84097E+01 -0.10782E+02 -0.14927E+02
 -0.19172E+02 -0.23773E+02 -0.26838E+02 -0.26610E+02 -0.23921E+02 -0.23472E+02
 -0.24859E+02 -0.26124E+02 -0.24385E+02 -0.19494E+02 -0.13140E+02 -0.62299E+01
 -0.32265E+01  0.26051E+01  0.12053E+02  0.20984E+02  0.26002E+02  0.25230E+02
  0.18777E+02  0.10158E+02  0.15684E+01 -0.58060E+00  0.55326E+01  0.11787E+02
  0.15151E+02  0.19336E+02  0.21736E+02  0.15670E+02  0.76078E+01  0.16242E+01
 -0.17423E+01 -0.35836E+01 -0.36642E+01 -0.10677E+01 -0.11051E+01 -0.24014E+01
 -0.38112E+00  0.72833E+00 -0.76367E+00 -0.43702E+01 -0.94749E+01 -0.13976E+02
 -0.14905E+02 -0.12227E+02 -0.88284E+01 -0.19695E+01  0.36371E+01  0.63290E+01
  0.83485E+01  0.49610E+01  0.20032E+01  0.95955E+00  0.17445E+01  0.38275E+01
  0.70815E+01  0.87963E+01  0.64597E+01  0.55935E+01  0.49758E+01  0.79112E+01
  0.11023E+02  0.12556E+02  0.12116E+02  0.85915E+01  0.56757E+01  0.45293E+01
  0.41629E+01  0.57014E+00 -0.40410E+01 -0.88694E+01 -0.11411E+02 -0.99387E+01
 -0.70318E+01 -0.45226E+01 -0.65361E+01 -0.53263E+01 -0.29182E+01 -0.15047E+01
  0.28991E+01  0.51968E+01  0.37572E+01  0.16320E+01  0.21382E+01  0.33885E+01
  0.58952E+01  0.74400E+01  0.71991E+01  0.46424E+01  0.30877E+01  0.60668E+01
  0.10141E+02  0.63247E+01 -0.33221E+01 -0.81633E+01 -0.87094E+01 -0.55936E+01
 -0.31777E+00  0.67920E+01  0.56079E+01  0.40235E+00 -0.35663E+01 -0.51296E+01
 -0.33809E+01 -0.33185E+01 -0.15740E+01  0.60614E+00 -0.90891E+00 -0.35132E+01
 -0.42224E+01 -0.14015E+01  0.37364E+01  0.45736E+01  0.40220E+01  0.64042E+01
  0.10124E+02  0.78494E+01  0.39430E+01  0.60395E+01  0.81926E+01  0.82668E+01
  0.12306E+02  0.13799E+02  0.91096E+01  0.27786E+01 -0.29848E+01 -0.71987E+01
 -0.13142E+02 -0.15096E+02 -0.99900E+01 -0.26361E+01 -0.17467E+00 -0.24820E+00
 -0.10486E+01 -0.44539E+01 -0.57279E+01 -0.10104E+01  0.51354E+01  0.19779E+01
 -0.48249E+01 -0.84309E+01 -0.59355E+01 -0.60499E+01 -0.77336E+01 -0.39387E+01
  0.88579E+00  0.78328E+01  0.16510E+02  0.26814E+02  0.31159E+02  0.27185E+02
  0.18610E+02  0.66501E+01 -0.43820E+01 -0.13217E+02 -0.21985E+02 -0.27382E+02
 -0.25914E+02 -0.17493E+02 -0.72728E+01  0.11878E+01  0.35024E+01  0.16096E+01
  0.65111E+00 -0.20710E+01 -0.59100E+01 -0.91860E+01 -0.10050E+02 -0.10062E+02
 -0.76773E+01 -0.71437E+01 -0.78526E+01 -0.10579E+02 -0.11876E+02 -0.86061E+01
 -0.44755E+01  0.16836E+01  0.57961E+01  0.87013E+01  0.98416E+01  0.10167E+02
  0.11321E+02  0.99549E+01  0.59804E+01 -0.46301E+00 -0.57506E+01 -0.96620E+01
 -0.90682E+01 -0.63915E+01 -0.21722E+01 -0.22679E+01 -0.12768E+02 -0.27116E+02
 -0.27361E+02 -0.11364E+02  0.88248E+00  0.33290E+01 -0.12830E+01 -0.61037E+01
 -0.12496E+02 -0.12720E+02 -0.94680E+01 -0.89645E+01 -0.64372E+01 -0.18890E+01
 -0.47627E+01 -0.10506E+02 -0.82300E+01 -0.14271E+01  0.44804E+01  0.12430E+02
  0.21046E+02  0.25569E+02  0.22760E+02  0.15508E+02  0.59284E+01 -0.17779E+01
 -0.73291E+00  0.25242E+01  0.21850E+01 -0.23469E+01 -0.81706E+01 -0.81834E+01
 -0.54045E+01 -0.55106E+01 -0.99254E+01 -0.12108E+02 -0.91648E+01 -0.95911E+01
 -0.10791E+02 -0.10072E+02 -0.50591E+01  0.86253E+00  0.91565E+01  0.12829E+02
  0.10269E+02  0.65165E+01  0.45574E+01  0.84716E+01  0.13377E+02  0.17221E+02
  0.19237E+02  0.16108E+02  0.96288E+01  0.71739E+01  0.55109E+01  0.36043E+01
  0.14544E+01  0.25463E+00 -0.98967E+00 -0.32805E+01 -0.18816E+01  0.33329E+00
 -0.11962E+01 -0.42557E+01 -0.61853E+01 -0.95360E+01 -0.85507E+01 -0.61595E+01
 -0.27333E+01  0.24015E+01  0.61279E+01  0.65215E+01  0.42455E+01  0.18456E+01
 -0.37334E+00 -0.50486E+00 -0.18313E+00  0.24169E+00 -0.62494E+01 -0.14624E+02
 -0.16705E+02 -0.13642E+02 -0.83255E+01 -0.25306E+01  0.16484E+01  0.45441E+01
  0.64002E+01  0.47436E+01  0.15805E+01 -0.27994E+01 -0.51248E+01 -0.71946E+01
 -0.87477E+01 -0.65674E+01 -0.26226E+01  0.77364E+00  0.26199E+01 -0.10780E+01
 -0.76993E+01 -0.12960E+02 -0.16033E+02 -0.14922E+02 -0.92301E+01 -0.25622E+01
  0.18667E+01  0.52457E+01  0.93818E+01  0.11180E+02  0.92299E+01  0.70317E+01
  0.62211E+01  0.66458E+01  0.77765E+01  0.10318E+02  0.12868E+02  0.12460E+02
  0.11166E+02  0.93397E+01  0.52344E+01  0.14504E+01 -0.86296E+00 -0.27932E+01
 -0.58440E+01 -0.48765E+01 -0.21155E+01  0.33173E+01  0.62046E+01  0.10088E+02
  0.12723E+02  0.11060E+02  0.11058E+02  0.10834E+02  0.12462E+02  0.13386E+02
  0.14402E+02  0.14780E+02  0.12335E+02  0.94586E+01  0.62457E+01  0.25520E+01
  0.10762E+01 -0.68376E+00 -0.31820E+01 -0.76316E+01 -0.95570E+01 -0.89233E+01
 -0.74112E+01 -0.62322E+01 -0.75795E+01 -0.93236E+01 -0.11763E+02 -0.11694E+02
 -0.67764E+01 -0.14440E+01  0.39175E-01 -0.13118E+01 -0.52740E+01 -0.89786E+01
 -0.97357E+01 -0.90304E+01 -0.67527E+01 -0.45637E+01 -0.27041E+01  0.64290E+00
  0.74599E+00  0.34899E+01  0.70627E+01  0.80317E+01  0.74835E+01  0.65704E+01
  0.55361E+01  0.44164E+01  0.43264E+01  0.36987E+01  0.15743E+01 -0.19574E+01
 -0.48848E+01 -0.49260E+01 -0.42240E+01 -0.38036E+01 -0.27657E+01 -0.35286E+01
 -0.35827E+01 -0.50875E+01 -0.49831E+01 -0.82540E+00  0.37897E+01  0.63230E+01
  0.61720E+01  0.65820E+01  0.82582E+01  0.11125E+02  0.13484E+02  0.13147E+02
  0.87039E+01  0.25954E+01 -0.18099E+01 -0.34255E+01 -0.24772E+01 -0.23071E+01
 -0.35654E+01 -0.64023E+01 -0.87215E+01 -0.99835E+01 -0.12848E+02 -0.13364E+02
 -0.14353E+02 -0.12247E+02 -0.11032E+02 -0.87943E+01 -0.54542E+01 -0.69920E+01
 -0.78139E+01 -0.85974E+01 -0.85148E+01 -0.64876E+01 -0.19614E+01  0.24464E+01
  0.64028E+01  0.10058E+02  0.11696E+02  0.11781E+02  0.12843E+02  0.13285E+02
  0.12974E+02  0.12444E+02  0.10931E+02  0.10393E+02  0.11478E+02  0.91742E+01
  0.78772E+01  0.84698E+01  0.82859E+01  0.39418E+01 -0.13008E+01 -0.58181E+01
 -0.69250E+01 -0.64833E+01 -0.68406E+01 -0.68210E+01 -0.10075E+02 -0.10999E+02
 -0.11080E+02 -0.89547E+01 -0.57978E+01 -0.32660E+01 -0.42889E+00  0.19228E+01
  0.56755E+01  0.69736E+01  0.65480E+01  0.52083E+01  0.88007E+00 -0.24444E+01
 -0.35360E+01 -0.70039E+00  0.33844E+01  0.63116E+01  0.63191E+01  0.39134E+01
  0.31541E+01  0.17948E+01 -0.27676E+00 -0.21147E+01 -0.38429E+01 -0.41832E+01
 -0.48292E+01 -0.38624E+01 -0.40282E+01 -0.34850E+01 -0.39431E+01 -0.35155E+01
 -0.39859E+00  0.13392E+01  0.38197E+01  0.51847E+01  0.52774E+01  0.19686E+01
 -0.10609E+01 -0.59289E+01 -0.88977E+01 -0.11345E+02 -0.12774E+02 -0.13555E+02
 -0.13802E+02 -0.11471E+02 -0.97491E+01 -0.84204E+01 -0.75482E+01 -0.60342E+01
 -0.30972E+01  0.19832E+01  0.70207E+01  0.96551E+01  0.85383E+01  0.50394E+01
  0.27138E+01  0.25628E+01  0.27149E+01  0.48566E+01  0.60849E+01  0.48158E+01
  0.41935E+01  0.51873E+01  0.40700E+01  0.37637E+01  0.46824E+01  0.54010E+01
  0.77873E+01  0.88616E+01  0.10679E+02  0.11706E+02  0.11303E+02  0.10131E+02
  0.94236E+01  0.88311E+01  0.52869E+01  0.87915E+00 -0.37926E+01 -0.75084E+01
 -0.76299E+01 -0.60709E+01 -0.53520E+01 -0.44110E+01 -0.50541E+01 -0.71985E+01
 -0.64428E+01 -0.39182E+01 -0.28586E+01 -0.22916E+01 -0.89640E+00 -0.15826E+00
  0.51427E+00  0.46676E+00 -0.23644E+01 -0.72507E+00  0.19265E+01  0.39642E+01
  0.70806E+01  0.81844E+01  0.82835E+01  0.65458E+01  0.39520E+01  0.30780E+01
  0.40048E+01  0.44073E+01  0.36039E+01  0.32575E+01  0.46328E+01  0.55850E+01
  0.58179E+01  0.80134E+01  0.92618E+01  0.70804E+01  0.28673E+01 -0.16123E+01
 -0.37553E+01 -0.49823E+01 -0.57712E+01 -0.61972E+01 -0.60283E+01 -0.78997E+01
 -0.10743E+02 -0.12053E+02 -0.10493E+02 -0.80261E+01 -0.77193E+01 -0.51747E+01
 -0.24688E+01 -0.69721E+00  0.32067E+00  0.24166E+01  0.66282E+01  0.10242E+02
  0.14101E+02  0.15998E+02  0.15492E+02  0.13640E+02  0.10638E+02  0.73924E+01
  0.39730E+01  0.11545E+01 -0.20645E+01 -0.54381E+01 -0.62322E+01 -0.53642E+01
 -0.47569E+01 -0.50673E+01 -0.56501E+01 -0.51787E+01 -0.62076E+01 -0.49738E+01
 -0.39395E+01 -0.30704E+01 -0.23950E+00  0.22863E+01  0.39095E+01  0.32100E+01
  0.29522E+01  0.18734E+01 -0.81563E+00 -0.34801E+01 -0.37455E+01 -0.43802E+01
 -0.66087E+01 -0.70977E+01 -0.63488E+01 -0.43509E+01 -0.45696E+01 -0.69274E+01
 -0.71037E+01 -0.77989E+01 -0.76346E+01 -0.66773E+01 -0.56131E+01 -0.27091E+01
 -0.26647E+01 -0.20077E+01 -0.15894E+01 -0.31792E+00  0.80143E+00  0.57148E+00
  0.57509E+00 -0.69594E+00 -0.27523E+01 -0.33145E+01 -0.43878E+01 -0.60931E+01
 -0.60827E+01 -0.60470E+01 -0.48206E+01 -0.27414E+01 -0.32680E+01 -0.55861E+01
 -0.70075E+01 -0.35548E+01  0.29246E+00  0.30254E+01  0.44151E+01  0.61639E+01
  0.68694E+01  0.57810E+01  0.54478E+01  0.18815E+01 -0.13177E+01 -0.31179E+01
 -0.18126E+01 -0.13391E+01  0.23905E+00 -0.12114E+01 -0.19956E+01 -0.10996E+00
  0.11889E+01  0.33330E+01  0.13634E+01 -0.10119E+01 -0.19240E+01 -0.13501E+01
 -0.12841E+01  0.84400E+00  0.31324E+01  0.20000E+01  0.11628E+01  0.18912E+01
  0.39923E+01  0.55132E+01  0.51197E+01  0.49109E+01  0.60994E+01  0.89862E+01
  0.88460E+01  0.91275E+01  0.89042E+01  0.58882E+01  0.97899E+00 -0.20406E+01
 -0.48710E+01 -0.57265E+01 -0.59925E+01 -0.58657E+01 -0.34099E+01 -0.47687E+01
 -0.47906E+01 -0.45721E+01 -0.25652E+01  0.10716E+01  0.32372E+01  0.58744E+01
  0.61200E+01  0.52525E+01  0.45314E+01  0.33568E+01  0.21758E+01 -0.17043E+01
 -0.57725E+01 -0.70685E+01 -0.80099E+01 -0.78904E+01 -0.73830E+01 -0.57875E+01
 -0.23266E+01 -0.62537E+00  0.25280E+01  0.74383E+01  0.93839E+01  0.96256E+01
  0.74608E+01  0.59118E+01  0.51768E+01  0.43619E+01  0.57722E+01  0.54078E+01
  0.37497E+01  0.18721E+01  0.19959E+01  0.24984E+01  0.19380E+01  0.12719E+01
  0.12542E+01  0.32421E+00 -0.22014E+01 -0.34671E+01 -0.37697E+01 -0.56380E+01
 -0.56886E+01 -0.48089E+01 -0.50661E+01 -0.48135E+01 -0.60851E+01 -0.61390E+01
 -0.41845E+01 -0.30568E+01 -0.28653E+01 -0.42605E+01 -0.68508E+01 -0.63254E+01
 -0.46381E+01 -0.28870E+01 -0.20031E+01 -0.40524E+01 -0.44429E+01 -0.42317E+01
 -0.28394E+01 -0.24883E+01 -0.34861E+01 -0.14686E+00  0.20799E+01  0.29785E+01
  0.33462E+01  0.60371E+01  0.77208E+01  0.58029E+01  0.39331E+01  0.30617E+01
  0.22037E+01  0.27039E+00 -0.15039E+01 -0.14895E+01 -0.53748E-02  0.18983E+01
  0.50350E+01  0.22733E+01 -0.23924E+01 -0.55764E+01 -0.35205E+01  0.82152E+00
  0.27464E+01  0.35731E+01  0.25590E+01  0.21502E+01  0.32092E+01  0.34059E+01
  0.33075E+01  0.30083E+01  0.25853E+01  0.29418E+01  0.35344E+01  0.71344E+01
  0.72942E+01  0.59488E+01  0.42078E+01  0.18717E+01  0.77456E+00  0.55576E-01
 -0.23827E+01 -0.29112E+01 -0.30880E+01 -0.24810E+01 -0.75243E+00  0.17943E+01
  0.35054E+01  0.46117E+01  0.48340E+01  0.44295E+01  0.35631E+01  0.10187E+01
  0.72740E+00  0.34846E+00  0.61434E+00 -0.22627E+00 -0.14549E+01 -0.71877E+00
  0.68766E+00 -0.10182E+00 -0.58611E+00 -0.13600E+01 -0.53196E+00  0.10797E+01
  0.24243E+01  0.27335E+01  0.20987E+01  0.55925E+00  0.37267E-01  0.18287E+01
  0.45463E+01  0.63790E+01  0.62892E+01  0.58158E+01  0.38092E+01  0.33279E+01
  0.19144E+01  0.12263E+01  0.94380E+00  0.11323E+01 -0.10571E+00 -0.48678E+00
 -0.44199E-01 -0.96908E-02 -0.29748E+00 -0.78029E+00 -0.13375E+01 -0.24090E+01
 -0.25657E+01 -0.43974E+01 -0.52330E+01 -0.53120E+01 -0.57662E+01 -0.68646E+01
 -0.72960E+01 -0.75851E+01 -0.71749E+01 -0.67260E+01 -0.64537E+01 -0.43868E+01
 -0.25003E+01 -0.14147E+01  0.38182E-01  0.16707E+01  0.27587E+01  0.27028E+01
  0.28436E+01  0.32586E+01  0.36637E+01  0.33392E+01  0.46243E+01  0.72459E+01
  0.93568E+01  0.94576E+01  0.83852E+01  0.62263E+01  0.46373E+01  0.46180E+01
  0.37689E+01  0.41392E+01  0.59448E+01  0.58975E+01  0.55299E+01  0.65774E+01
  0.51834E+01  0.26426E+01 -0.21482E+00 -0.22421E+01 -0.20635E+01 -0.18600E+01
 -0.18235E+01 -0.25406E+01 -0.19392E+01 -0.84287E+00 -0.93225E+00 -0.83814E+00
 -0.20058E+01 -0.47851E+01 -0.38135E+01 -0.45299E+01 -0.52111E+01 -0.32120E+01
 -0.27468E+01 -0.29161E+01 -0.43150E+01 -0.26512E+01 -0.23102E+01 -0.17390E+01
 -0.27815E+01 -0.42437E+01 -0.43754E+01 -0.39136E+01 -0.27516E+01 -0.27597E+01
 -0.18398E+01 -0.96958E+00 -0.26628E+00  0.43682E+00  0.54905E+00 -0.44507E+00
 -0.23482E+01 -0.20422E+01 -0.11397E+01 -0.56618E+00 -0.30936E+00 -0.21251E+00
  0.86034E+00  0.70476E+00  0.11094E+01  0.12463E+01  0.11956E+01  0.17248E+01
  0.29335E+01  0.45708E+01  0.34978E+01  0.17439E+01  0.63943E+00  0.25109E+00
 -0.11858E+01 -0.20020E+01 -0.12933E+00  0.25760E+00 -0.43642E-01  0.46916E+00
  0.28784E+01  0.40842E+01  0.45074E+01  0.31462E+01  0.21027E+01 -0.74441E+00
 -0.52057E+01 -0.42807E+01 -0.39862E+01 -0.43661E+01 -0.35733E+01 -0.26560E+01
 -0.12808E+01 -0.17795E+01 -0.24059E+01 -0.26249E+01 -0.32608E+01 -0.53653E+01
 -0.67160E+01 -0.54110E+01 -0.58003E+01 -0.70110E+01 -0.58333E+01 -0.51842E+01
 -0.47283E+01 -0.49965E+01 -0.42919E+01 -0.18841E+01 -0.17343E+01 -0.18200E+01
 -0.23654E+01 -0.12092E+01 -0.69474E-01  0.13682E+01  0.34655E+01  0.37903E+01
  0.57490E+01  0.45957E+01  0.27347E+01  0.15623E+01  0.13887E+01 -0.33809E+00
 -0.17964E+01 -0.57409E+00  0.37577E+00  0.96239E+00  0.10718E+01  0.18509E+01
  0.50763E+00  0.14259E+01  0.27034E+01  0.37706E+01  0.42818E+01  0.33195E+01
  0.24674E+01  0.11036E+01  0.86606E+00  0.10915E+01  0.12240E+01 -0.89166E+00
 -0.16192E+01 -0.25483E+01 -0.15508E+01  0.96311E-01  0.73313E+00  0.16524E+01
  0.14034E+01  0.33565E+01  0.29127E+01  0.28526E+01  0.28636E+01  0.32443E+01
  0.17508E+01  0.33023E+00  0.46074E+00  0.68944E-01 -0.30165E+00  0.19523E+00
  0.22234E+01  0.32979E+01  0.16063E+01 -0.42966E+00 -0.27336E+01 -0.79727E+01
 -0.98713E+01 -0.84095E+01 -0.55415E+01 -0.26803E+01  0.40446E+00  0.66011E+00
  0.49094E+00 -0.14564E+00 -0.34032E+00 -0.23334E+00 -0.38191E+00 -0.15980E-01
 -0.10225E+00  0.46873E+00  0.64911E-01 -0.14369E+00 -0.15267E+01 -0.13972E+01
 -0.81573E+00 -0.50396E+00  0.50438E+00 -0.85871E+00 -0.12825E+01 -0.73935E+00
 -0.28531E+01 -0.52400E+01 -0.56158E+01 -0.58189E+01 -0.50659E+01 -0.37147E+01
 -0.32988E+01 -0.22528E+01 -0.18722E+01 -0.65775E+00 -0.57415E-01  0.44633E+00
 -0.11215E+00  0.12717E+01  0.29939E+01  0.36184E+01  0.37875E+01  0.38179E+01
  0.27651E+01  0.19781E+01  0.20062E+01  0.23249E+01  0.31664E+01  0.27432E+01
  0.40227E+01  0.39867E+01  0.23501E+01  0.11303E+01  0.12467E+01  0.33039E+01
  0.57631E+01  0.71607E+01  0.83033E+01  0.87293E+01  0.68435E+01  0.39254E+01
  0.20948E+01 -0.80474E+00 -0.24310E+01 -0.53775E+00  0.46089E+00  0.13397E+01
  0.51511E+00 -0.15227E+01 -0.32128E+01 -0.42334E+01 -0.46961E+01 -0.50802E+01
 -0.42099E+01 -0.23571E+01 -0.93635E+00  0.11048E+01  0.33448E+01  0.40125E+01
  0.43191E+01  0.40234E+01  0.36611E+01  0.13753E+01  0.83332E+00 -0.75730E-01
 -0.21481E+01 -0.28581E+01 -0.41584E+01 -0.59485E+01 -0.82046E+01 -0.66051E+01
 -0.44929E+01 -0.52806E+01 -0.42127E+01 -0.22207E+01 -0.20168E+01 -0.13999E+01
 -0.13261E+01 -0.23215E+00  0.17536E+01  0.11987E+01  0.14031E+01  0.20758E+01
 -0.33849E+00 -0.28649E+01 -0.19920E+01 -0.19136E+01 -0.48189E+00  0.94259E-01
 -0.17112E+00  0.74791E+00  0.22783E+00 -0.83693E+00 -0.83735E+00 -0.15805E+01
 -0.31222E+01 -0.11515E+01 -0.36713E+00 -0.53648E+00 -0.27676E+00 -0.18984E+01
 -0.16053E+01 -0.11437E+01 -0.12622E+01 -0.81490E+00 -0.86534E+00  0.40128E+00
  0.18900E+01  0.35809E+01  0.54140E+01  0.73381E+01  0.71332E+01  0.76803E+01
  0.66710E+01  0.53339E+01  0.52442E+01  0.51632E+01  0.33453E+01  0.16294E+01
  0.82017E-02 -0.21459E+01  0.36276E+00  0.15047E+01  0.41043E+01  0.50705E+01
  0.55483E+01  0.81927E+01  0.80680E+01  0.72355E+01  0.50049E+01  0.43313E+01
  0.37100E+01  0.29020E+01  0.31264E+01  0.30621E+01  0.52834E+01  0.66281E+01
  0.61746E+01  0.37009E+01  0.62091E+00 -0.12929E+01 -0.19723E+01 -0.21191E+01
 -0.28753E+01 -0.30919E+01 -0.43124E+01 -0.51320E+01 -0.73981E+01 -0.85382E+01
 -0.85598E+01 -0.89576E+01 -0.82539E+01 -0.89469E+01 -0.89926E+01 -0.89354E+01
 -0.87855E+01 -0.92989E+01 -0.85550E+01 -0.83623E+01 -0.75242E+01 -0.63181E+01
 -0.58143E+01 -0.57006E+01 -0.48590E+01 -0.58022E+01 -0.76708E+01 -0.66301E+01
 -0.46372E+01 -0.32627E+01  0.11441E-01  0.35355E+01  0.49009E+01  0.47456E+01
  0.36720E+01  0.48164E+01  0.18091E+01  0.22860E+01  0.26615E+01  0.23405E+00
 -0.14364E+01 -0.17719E+01  0.29027E+00  0.18235E+00 -0.16343E+01 -0.11339E+01
  0.63063E+00  0.97272E+00  0.59167E+00  0.18335E+00  0.98134E+00  0.18354E+00
  0.25001E+01  0.38229E+01  0.40654E+01  0.56740E+01  0.87309E+01  0.10752E+02
  0.83309E+01  0.76774E+01  0.81716E+01  0.86867E+01  0.90302E+01  0.81046E+01
  0.81374E+01  0.78129E+01  0.61214E+01  0.60813E+01  0.51743E+01  0.31625E+01
  0.21331E+01  0.22538E+01  0.15007E+01  0.20310E+01  0.23904E+01  0.17846E+01
  0.15837E+01  0.26386E+01  0.23583E+01  0.32955E+01  0.56007E+01  0.62411E+01
  0.65291E+01  0.69374E+01  0.43481E+01  0.27765E+01  0.89306E+00 -0.23971E+01
 -0.11802E+01 -0.15181E+01 -0.74197E+00 -0.75328E+00 -0.63675E+00 -0.44442E+00
 -0.11311E+01 -0.34991E+00 -0.14664E+01 -0.19912E+01  0.35231E+00  0.11186E+01
  0.65648E+00 -0.86806E+00 -0.20859E+01 -0.45238E+01 -0.64084E+01 -0.56448E+01
 -0.42385E+01 -0.24389E+01 -0.22157E+01 -0.11902E+01  0.20731E+01  0.26717E+01
 -0.60738E+00 -0.56743E+01 -0.74103E+01 -0.68968E+01 -0.82917E+01 -0.77713E+01
 -0.74395E+01 -0.69719E+01 -0.73754E+01 -0.65076E+01 -0.47689E+01 -0.57443E+01
 -0.55846E+01 -0.45746E+01 -0.34487E+01 -0.95431E+00 -0.28482E+00  0.65188E+00
  0.16473E+00 -0.94281E+00 -0.10925E+01 -0.42284E+00 -0.18573E+01 -0.16273E+01
  0.24617E+01  0.38489E+01  0.36440E+01  0.21219E+01  0.12006E+01  0.88021E+00
  0.67861E+00 -0.57485E-01 -0.10309E+01 -0.17463E+01  0.94321E+00  0.23955E+01
  0.35522E+01  0.20046E+01  0.13669E+01  0.48886E+00 -0.13183E+01  0.17149E+01
  0.39703E+01  0.56634E+01  0.67932E+01  0.69568E+01  0.53391E+01  0.35811E+01
  0.18064E+01 -0.10235E+01 -0.18889E+01 -0.12370E+01 -0.12447E+01 -0.72521E+00
 -0.16541E+01 -0.11107E+01 -0.71496E+00 -0.12578E+00  0.49830E+00 -0.17982E+00
 -0.97461E+00 -0.32786E+01 -0.40977E+01 -0.26249E+01  0.55012E-01  0.57353E+00
  0.21680E+00  0.43795E+00 -0.50127E+00 -0.13700E+01 -0.16020E+01 -0.27718E+01
 -0.31948E+01 -0.25970E+01 -0.29115E+01 -0.18773E+01 -0.18161E+01 -0.16913E+01
 -0.13451E+01 -0.18509E+01 -0.45814E+00  0.21701E+00 -0.10521E+01 -0.30202E+01
 -0.32575E+01 -0.27652E+01 -0.34831E+01 -0.29696E+01 -0.23767E+01 -0.16633E+01
 -0.31591E+01 -0.36538E+01 -0.22558E+01 -0.24996E+01 -0.21066E+01 -0.49345E+00
 -0.13899E+01 -0.32483E+01 -0.32491E+01 -0.19501E+01 -0.96879E+00 -0.31635E+01
 -0.15030E+01 -0.50849E+00  0.10969E+01  0.70882E+00 -0.14130E+01 -0.15884E+01
  0.37809E+00  0.43614E+01  0.60658E+01  0.69415E+01  0.43402E+01 -0.14559E+00
 -0.20268E+01 -0.18487E+01 -0.16717E+01 -0.56182E+00 -0.38311E+00 -0.53026E+00
 -0.40536E+00 -0.89462E+00 -0.40479E+00 -0.26404E+00 -0.11027E+01  0.55454E+00
 -0.10434E+01 -0.31083E+00  0.12012E+01  0.23117E+01  0.27279E+01  0.54348E+00
 -0.17586E+00  0.45946E+00  0.10542E+01 -0.19234E+00 -0.10150E+01 -0.38988E+01
 -0.66635E+01 -0.65944E+01 -0.61141E+01 -0.41493E+01  0.46209E+00  0.16543E+01
  0.23798E+01  0.32606E+01  0.38177E+01  0.34611E+01  0.37724E+01  0.55359E+01
  0.51362E+01  0.37443E+01  0.40431E+01  0.38002E+01  0.20228E+01  0.73398E+00
  0.13762E+01  0.17693E+01  0.35825E+00 -0.86978E+00 -0.32612E+01 -0.21236E+01
 -0.12300E+01 -0.16325E+01 -0.19575E+01 -0.24858E+01 -0.28021E+01 -0.23381E+01
  0.19615E+00  0.15776E+00  0.82181E+00  0.23914E+01  0.79334E+01  0.15241E+02
  0.14653E+02  0.81379E+01 -0.84430E+00 -0.73949E+01 -0.10158E+02 -0.12600E+02
 -0.11003E+02 -0.53256E+01 -0.79994E+00  0.73964E+00  0.13745E+01  0.22415E+01
  0.25095E+01  0.19544E+01  0.49699E+01  0.77168E+01  0.62331E+01  0.36881E+01
  0.18627E+01  0.14145E+01 -0.58192E-01  0.11160E+01  0.16284E+01 -0.22590E+01
 -0.23349E+01  0.92737E+00  0.37614E+01  0.40526E+01  0.15401E+01 -0.22982E+00
 -0.26920E+01 -0.59321E+01 -0.64196E+01 -0.55583E+01 -0.55796E+01 -0.54748E+01
 -0.39043E+01 -0.16463E+01 -0.55152E+00  0.12611E+01  0.33611E+01  0.35346E+01
  0.23861E+01 -0.17338E+00 -0.21881E+01 -0.69402E+00  0.14784E+01  0.20402E+01
  0.29805E+00 -0.13816E+01 -0.19099E+01 -0.21726E+01 -0.32670E+01 -0.20886E+01
 -0.19642E+01 -0.13130E+01  0.17002E+01  0.48275E+01  0.54710E+01  0.47659E+01
  0.41318E+01  0.38154E+01  0.41280E+01  0.27342E+01  0.23750E+01  0.17669E+01
  0.42823E+00 -0.13993E+01 -0.12113E+01 -0.32626E+00  0.24948E+01  0.40127E+01
  0.29978E+01  0.26591E+01  0.97470E+00  0.61506E-02 -0.23853E+01 -0.43965E+01
 -0.42245E+01 -0.20648E+01  0.20810E+00 -0.27714E+00 -0.14428E+01 -0.30389E+01
 -0.27624E+01 -0.53606E+00  0.28729E+00 -0.42971E+00  0.36175E+00  0.39612E+00
 -0.12220E+01 -0.20960E+01 -0.25337E+01 -0.30047E+01 -0.30805E+01 -0.29365E+01
 -0.20453E+01 -0.95537E+00 -0.23597E+01 -0.14184E+01 -0.11656E+01 -0.30728E+01
 -0.36593E+01 -0.32146E+01 -0.35365E+01 -0.30749E+01 -0.35817E+01 -0.41625E+01
 -0.32201E+01 -0.39667E+01 -0.39751E+01 -0.38229E+01 -0.12727E+01  0.14986E+01
  0.40401E+01  0.64338E+01  0.72378E+01  0.56517E+01  0.34873E+01  0.30197E+01
  0.35379E+01  0.23248E+01  0.44621E-01 -0.16145E+01 -0.17584E+01 -0.18097E+01
 -0.31763E+00  0.13298E+01  0.25191E+01  0.30108E+01  0.34282E+01  0.48725E+01
  0.45025E+01  0.52894E+01  0.49270E+01  0.50134E+01  0.41934E+01  0.41244E+01
  0.28351E+01  0.20797E+01  0.38956E+01  0.29236E+01  0.36879E+01  0.42042E+01
  0.27914E+01  0.22309E+01  0.32796E+01  0.36252E+01  0.27532E+01  0.19325E+01
  0.25322E+01  0.26683E+01  0.12808E+01  0.95246E-01  0.11848E+01  0.31577E+01
  0.36943E+01  0.37272E+01  0.32680E+01  0.31728E+01  0.12038E+01 -0.18133E+01
 -0.25692E+01 -0.22967E+01 -0.25813E+01 -0.20601E+01 -0.28941E+01 -0.29100E+01
 -0.34558E+01 -0.37174E+01 -0.21308E+01 -0.13040E+01 -0.80023E+00 -0.21899E+01
 -0.16142E+01 -0.31585E+01 -0.37080E+01 -0.48879E+01 -0.45105E+01 -0.42741E+01
 -0.52025E+01 -0.32369E+01 -0.24400E+01 -0.17103E+01 -0.20598E+00  0.49031E+00
  0.42711E-01 -0.93635E+00 -0.64240E+00  0.10750E-01  0.11840E+01  0.10256E+01
 -0.70986E+00 -0.12720E+01 -0.23504E+01 -0.28542E+01 -0.23294E+01 -0.28337E+01
 -0.36704E+01 -0.33912E+01 -0.28880E+01 -0.26769E+01 -0.40711E+01 -0.54548E+01
 -0.50918E+01 -0.26620E+01 -0.10328E+01 -0.13984E+01 -0.16485E+01 -0.22301E+01
 -0.29151E+01 -0.35054E+01 -0.38542E+01 -0.37952E+01 -0.31746E+01 -0.40864E+00
  0.92951E+00  0.12697E+01  0.11481E+01  0.11676E+01  0.21871E+01  0.36388E+01
  0.32135E+01  0.83057E+00 -0.12792E+00 -0.52893E+00  0.27764E+00 -0.82469E-01
 -0.53315E-01  0.12716E+01 -0.16615E+00 -0.84235E+00 -0.93618E+00 -0.13613E+01
 -0.15389E+01 -0.49433E+00  0.98363E+00  0.12800E+01  0.21375E+01  0.28326E+01
  0.12502E+01  0.10960E+00 -0.99008E-02  0.94752E+00  0.10576E+01  0.20439E+01
  0.22217E+01  0.19358E+00 -0.17777E+01 -0.29197E+01 -0.27541E+01 -0.29736E+01
 -0.22351E+01 -0.30153E+01 -0.18675E+01 -0.21684E+01 -0.15602E+01 -0.69671E+00
  0.93367E+00  0.17929E+01  0.34119E+01  0.48918E+01  0.44403E+01  0.47054E+01
  0.45466E+01  0.40848E+01  0.27526E+01  0.23862E+01  0.18200E+01  0.12459E+01
  0.29501E+00 -0.23971E-01  0.75877E-02 -0.12360E+00 -0.12497E+01  0.16222E+00
  0.19383E+01  0.15600E+01  0.17737E+01  0.15227E+01  0.40376E+00  0.74067E+00
 -0.20125E+00  0.19484E+01  0.23308E+01  0.14920E+01  0.25760E+01  0.22344E+01
  0.10855E+01  0.67324E+00  0.10782E+01  0.97896E+00 -0.47235E+00 -0.13405E+01
 -0.78001E+00 -0.21378E+01 -0.99487E+00 -0.23245E+00 -0.12301E-02 -0.12111E+01
 -0.36496E+01 -0.45300E+01 -0.50109E+01 -0.44871E+01 -0.25569E+01 -0.20556E+01
 -0.17902E+01  0.31883E+00  0.11380E+01  0.17366E+01  0.29774E+01  0.35753E+01
  0.36877E+01  0.35463E+01  0.28249E+01  0.28931E+01  0.15076E+01 -0.19713E+00
 -0.82187E-01  0.18755E+00  0.14713E+01  0.33108E+00 -0.20513E+01 -0.19931E+01
 -0.17976E+01 -0.14825E+01  0.62763E+00  0.14035E+01  0.42394E+00  0.14280E+01
  0.26577E+01 -0.73214E-01 -0.43774E+00  0.14247E+00 -0.29602E+00  0.52518E+00
  0.30967E+01  0.34699E+01  0.29776E+00 -0.51512E-01  0.10224E+00  0.41449E+00
  0.49071E+00  0.39171E-01 -0.10695E+01 -0.24257E+01 -0.12822E+01  0.71228E+00
  0.14951E+01  0.20745E+01  0.16556E+01  0.32946E+00 -0.15537E+01 -0.25032E+01
 -0.21094E+01 -0.11035E+01 -0.12818E+01 -0.25875E+01 -0.26751E+01 -0.23612E+01
 -0.26781E+01 -0.18262E+01 -0.67620E+00 -0.19531E+01 -0.66963E+00 -0.95450E-02
 -0.13534E+00 -0.10560E+01 -0.18029E+01 -0.18048E+01 -0.24314E+01 -0.25192E+01
 -0.28962E+01 -0.39250E+01 -0.52738E+01 -0.55152E+01 -0.55580E+01 -0.40787E+01
 -0.37327E+01 -0.33852E+01 -0.10501E+01  0.14121E+00 -0.12247E+00 -0.29232E+00
  0.58485E+00  0.49522E+00  0.79055E-01  0.11434E+01  0.17907E+01  0.16247E+01
  0.26389E+01  0.61306E+01  0.53478E+01  0.40941E+00 -0.15725E+01 -0.21202E+01
 -0.14992E+01 -0.26156E+01 -0.16272E+01  0.14614E+01  0.18272E+01  0.10621E+01
  0.23731E-01 -0.11013E+01 -0.72754E+00 -0.29875E+00  0.33276E+00  0.17312E+01
  0.10242E+01  0.46143E+00  0.13527E+00 -0.16016E+00  0.73426E+00  0.28241E+01
  0.17127E+01  0.36536E+00 -0.91535E+00 -0.69511E-01  0.15286E+01  0.29369E+01
  0.17742E+01  0.28330E+01  0.37023E+01  0.33718E+00 -0.77570E+00 -0.13413E+01
  0.10061E+00  0.13907E+01  0.26611E+01  0.34532E+01  0.34486E+01  0.42645E+01
  0.54512E+01  0.49227E+01  0.37895E+01  0.16608E+01  0.80069E+00  0.59586E+00
  0.95900E+00  0.13528E+01  0.11810E+01  0.89817E+00  0.12595E+01  0.25706E+01
  0.27748E+01  0.14389E+01  0.29644E+01  0.53890E+01  0.54331E+01  0.52093E+01
  0.33468E+01  0.35846E+01  0.44381E+01  0.41389E+01  0.28069E+01  0.12106E+00
  0.86425E+00  0.85687E+00 -0.30519E+00  0.47954E+00  0.33383E+00 -0.15507E+00
  0.87795E-01 -0.49845E-01 -0.14823E+00  0.48214E+00  0.99009E-01 -0.54420E+00
 -0.24647E+01 -0.30666E+01 -0.32744E+01 -0.32620E+01 -0.32040E+01 -0.35399E+01
 -0.30804E+01 -0.32524E+01 -0.34289E+01 -0.41216E+01 -0.36824E+01 -0.28433E+01
 -0.29401E+01 -0.32257E+01 -0.32046E+01 -0.25713E+01 -0.13822E+01 -0.84518E+00
 -0.19156E+01 -0.32951E+01 -0.33820E+01 -0.40154E+01 -0.35898E+01 -0.14931E+01
 -0.62423E+00 -0.87920E+00 -0.13150E+01 -0.10756E+01 -0.73659E+00 -0.20640E-01
 -0.63883E+00 -0.62766E+00 -0.18744E+01 -0.23038E+01 -0.19289E+01 -0.22391E+01
 -0.76943E+00  0.20638E+00  0.53879E+00  0.82986E+00 -0.87889E+00 -0.22220E+01
 -0.26389E+01 -0.33291E+01 -0.17629E+01 -0.47882E+00 -0.81939E+00 -0.74023E+00
 -0.38456E+00 -0.27704E+00  0.41034E+00 -0.96518E-01 -0.27287E+00  0.72931E+00
  0.44916E+00 -0.25038E+00 -0.15464E+00 -0.58895E+00 -0.35920E-01  0.13575E+01
  0.22078E+01  0.32129E+01  0.21430E+01  0.11865E+01  0.13679E+01  0.24614E+01
  0.28631E+01  0.25321E+01  0.16532E+01 -0.29889E+00 -0.20944E+00  0.51004E-01
 -0.10119E+00  0.16597E+01  0.34759E+01  0.33659E+01  0.36021E+01  0.33598E+01
