  0.87949E+00  0.17055E+01  0.48080E+01  0.20438E+02  0.33580E+02  0.11309E+02
 -0.15663E+02 -0.16957E+01 -0.42533E+01 -0.33293E+02  0.29186E+02 -0.29812E+02
 -0.77569E+01 -0.30138E+02 -0.56492E+02  0.10232E+03  0.30113E+01  0.45319E+02
  0.40518E+01 -0.40227E+01  0.62948E+02  0.13859E+01  0.94051E+02  0.33035E+02
  0.16372E+03  0.10574E+03 -0.41525E+02  0.33945E+02 -0.13489E+03 -0.72664E+02
  0.24448E+03  0.24118E+03  0.12072E+02 -0.58654E+02 -0.44634E+02 -0.22531E+03
 -0.13362E+03  0.13831E+03  0.33792E+02 -0.21118E+03 -0.59270E+02 -0.99829E+02
 -0.39029E+03 -0.12112E+03  0.28057E+03  0.28314E+03  0.14297E+03 -0.57129E+02
 -0.15288E+02 -0.96752E+02 -0.11707E+02  0.57445E+02  0.30730E+01  0.24237E+03
  0.18083E+03  0.43957E+02 -0.13412E+03 -0.20307E+03 -0.18735E+03 -0.84844E+02
 -0.20020E+02  0.82876E+02  0.15330E+03  0.66695E+02 -0.43239E+02 -0.23658E+03
 -0.10495E+03 -0.34859E+01 -0.13294E+03  0.64004E+02  0.17116E+03  0.17005E+03
  0.98174E+02  0.22553E+02 -0.14141E+03 -0.16833E+03  0.24336E+03  0.45218E+03
  0.13673E+03 -0.40371E+02 -0.40677E+02 -0.13829E+03 -0.16251E+03 -0.15167E+03
 -0.11282E+03 -0.90538E+02  0.95685E+02  0.58725E+02 -0.18025E+03 -0.26488E+03
 -0.94348E+02  0.68225E+02  0.35088E+02  0.37942E+02 -0.14517E+02 -0.19376E+01
  0.81133E+02  0.78333E+02  0.19732E+03  0.34079E+03  0.21128E+03  0.21538E+02
 -0.18716E+03 -0.34205E+03 -0.25685E+03 -0.15401E+03 -0.42356E+02  0.13968E+03
  0.11218E+02 -0.15216E+03 -0.23388E+02  0.16109E+03  0.30449E+03  0.53421E+03
  0.28874E+03 -0.29670E+03 -0.12943E+03  0.38220E+03  0.42551E+03  0.30354E+03
  0.20255E+03 -0.19062E+03 -0.43716E+03 -0.68644E+03 -0.99943E+03 -0.91476E+03
 -0.73145E+03 -0.61035E+03 -0.40490E+03  0.14489E+02  0.40852E+03  0.43466E+03
  0.31513E+03  0.22571E+03  0.16933E+03  0.39080E+03  0.61712E+03  0.49053E+03
  0.29157E+03  0.26226E+02 -0.30942E+03 -0.71386E+03 -0.62085E+03 -0.37106E+03
 -0.29718E+03 -0.97913E+02 -0.22063E+01 -0.16015E+03 -0.23134E+03 -0.30210E+03
 -0.52447E+03 -0.29662E+03  0.20647E+03  0.77732E+03  0.93105E+03  0.85336E+03
  0.71570E+03  0.39156E+03 -0.75042E+02 -0.14663E+03  0.23017E+03  0.30579E+03
  0.19003E+03  0.43418E+01 -0.98047E+02 -0.12335E+03  0.94190E+01  0.19354E+03
  0.18163E+03  0.57311E+02 -0.64998E+02 -0.17539E+03 -0.30628E+03 -0.39965E+03
 -0.15571E+03 -0.47288E+02 -0.24341E+03 -0.78508E+02  0.11876E+03 -0.30243E+02
 -0.16501E+03 -0.90619E+02 -0.13626E+03 -0.44732E+02  0.25628E+03  0.40294E+03
  0.48381E+03  0.54554E+03  0.29744E+03 -0.12466E+03 -0.33155E+03 -0.35195E+03
 -0.12532E+03 -0.10069E+02  0.61116E+02 -0.66517E+02 -0.48724E+03 -0.27378E+03
  0.13658E+03  0.16274E+03  0.82300E+02  0.11553E+03  0.95452E+02 -0.69997E+01
  0.38375E+02  0.16723E+03  0.98999E+01 -0.17358E+03 -0.13398E+03 -0.45290E+02
 -0.57720E+02 -0.18443E+03 -0.25845E+03 -0.13690E+03  0.22701E+02 -0.87179E+02
 -0.16348E+03  0.54158E+02  0.15472E+03  0.22123E+03  0.29268E+03  0.77061E+00
 -0.16783E+03 -0.13008E+03  0.41404E+03  0.45370E+03 -0.24652E+03 -0.38676E+03
 -0.49825E+02  0.38295E+03  0.44075E+03  0.28260E+03  0.94802E+02 -0.29621E+02
 -0.84316E+02 -0.19191E+03 -0.41249E+03 -0.26207E+03  0.18079E+03  0.34153E+03
  0.26364E+03  0.49081E+02 -0.44587E+02 -0.66117E+02 -0.17097E+03 -0.24281E+03
 -0.27955E+03 -0.81487E+02  0.18394E+03  0.16810E+03 -0.10316E+03 -0.28798E+03
 -0.10087E+03  0.16250E+03  0.16884E+03 -0.24240E+02 -0.69970E+02 -0.36488E+01
  0.11666E+01 -0.65340E+02 -0.13900E+03 -0.77626E+02  0.11779E+03  0.24262E+03
  0.25800E+03  0.14644E+03  0.59765E+02  0.10531E+03  0.12277E+03 -0.38870E+02
 -0.23668E+03 -0.38646E+03 -0.38929E+03 -0.26298E+03 -0.21977E+03 -0.19193E+03
 -0.99301E+02  0.19011E+03  0.38073E+03  0.15464E+03 -0.12920E+03 -0.23865E+03
 -0.24624E+03 -0.38334E+02  0.31892E+03  0.48780E+03  0.44296E+03  0.30265E+03
  0.19594E+03  0.14897E+03  0.10030E+03  0.10408E+02 -0.13734E+03 -0.25884E+03
 -0.28308E+03 -0.25219E+03 -0.18166E+02  0.17563E+03  0.72792E+02 -0.60815E+02
 -0.15857E+03 -0.88961E+02 -0.13230E+02 -0.22024E+03 -0.40611E+03 -0.43614E+03
 -0.36214E+03 -0.99262E+02  0.19819E+03  0.45389E+03  0.55750E+03  0.32048E+03
 -0.47645E+02 -0.25143E+03 -0.26917E+03 -0.34974E+02  0.23565E+03  0.24313E+03
  0.19007E+02 -0.19178E+03 -0.71969E+01  0.19792E+03  0.25298E+03  0.30565E+03
  0.22204E+03  0.62573E+02 -0.79369E+02 -0.54049E+02 -0.65865E+02 -0.11110E+03
 -0.78952E+02 -0.73398E+01  0.10679E+03  0.45290E+02 -0.10977E+03 -0.34838E+03
 -0.43735E+03 -0.29106E+03 -0.23193E+02  0.23318E+03  0.16380E+03  0.72115E+00
 -0.14881E+03 -0.16053E+03  0.25556E+02  0.14301E+03  0.16009E+03  0.17418E+03
  0.21188E+03  0.19671E+03  0.87169E+02 -0.97956E+02 -0.13914E+03 -0.96167E+01
  0.18547E+02 -0.41316E+02  0.22608E+02  0.16344E+03  0.23885E+03  0.13482E+03
 -0.50834E+01  0.33906E+02  0.21973E+03  0.29754E+03  0.17764E+03  0.95017E+02
  0.32007E+02  0.28281E+02  0.28803E+02  0.51799E+02  0.23090E+02 -0.13701E+03
 -0.28261E+03 -0.31226E+03 -0.29112E+03 -0.30156E+03 -0.23141E+03 -0.12275E+03
 -0.49920E+02  0.33091E+02  0.42672E+02 -0.90312E+01 -0.58039E+02 -0.77526E+02
 -0.38152E+02  0.20874E+02 -0.16295E+02 -0.96992E+02 -0.11335E+03 -0.83621E+02
 -0.51762E+02 -0.95975E+02 -0.69750E+02 -0.18259E+02 -0.22790E+02 -0.57304E+02
 -0.88347E+02 -0.77527E+02 -0.49923E+02  0.25933E+02  0.10890E+03  0.19368E+03
  0.21333E+03  0.22950E+03  0.24473E+03  0.25214E+03  0.24910E+03  0.20088E+03
  0.16057E+03  0.13547E+03  0.97995E+02  0.17755E+02 -0.46633E+02 -0.76995E+02
 -0.86507E+02 -0.10437E+03 -0.12455E+03 -0.13712E+03 -0.14392E+03 -0.18313E+03
 -0.22521E+03 -0.16671E+03 -0.15522E+03 -0.19215E+03 -0.18812E+03 -0.17914E+03
 -0.16316E+03 -0.12472E+03 -0.66912E+02 -0.43727E+02 -0.26815E+02 -0.88324E+00
  0.97156E+01  0.21270E+02  0.35507E+02  0.82796E+02  0.89131E+02  0.10702E+03
  0.15405E+03  0.17541E+03  0.15198E+03  0.11810E+03  0.13644E+03  0.12936E+03
  0.16930E+03  0.13234E+03  0.23328E+02 -0.36860E+02 -0.54084E+02 -0.30618E+02
  0.48119E+02  0.91739E+02  0.83395E+02  0.96450E+02  0.11101E+03  0.15584E+03
  0.98211E+02  0.36235E+02  0.19375E+02 -0.13984E+02 -0.78121E+01 -0.29503E+02
 -0.75778E+02 -0.11840E+03 -0.13597E+03 -0.95439E+02 -0.69562E+02 -0.73487E+02
 -0.53246E+02 -0.63558E+02 -0.58231E+02 -0.46032E+02 -0.93711E+02 -0.95840E+02
 -0.40430E+02 -0.25053E+01 -0.89004E+01 -0.75138E+02 -0.12296E+03 -0.10497E+03
 -0.49906E+02 -0.43986E+02 -0.81401E+02 -0.10459E+03 -0.95495E+02 -0.43671E+02
  0.13673E+02  0.43487E+02  0.31574E+02  0.56392E+02  0.99105E+02  0.10684E+03
  0.11592E+03  0.11165E+03  0.12576E+03  0.13474E+03  0.11860E+03  0.11774E+03
  0.11407E+03  0.13524E+03  0.16446E+03  0.15042E+03  0.11730E+03  0.95028E+02
  0.80568E+02  0.31247E+02 -0.33747E+02 -0.35272E+02 -0.11551E+02  0.18733E+02
  0.34351E+02  0.19813E+01 -0.64437E+02 -0.12373E+03 -0.15584E+03 -0.19426E+03
 -0.21239E+03 -0.15107E+03 -0.97468E+02 -0.73738E+02 -0.38772E+02 -0.49760E+02
 -0.88859E+02 -0.80371E+02 -0.10978E+02  0.17385E+02  0.21568E+02  0.30028E+02
 -0.62579E+01 -0.10867E+02  0.14518E+02  0.24566E+02  0.41198E+01 -0.12797E+02
 -0.57521E+02 -0.46747E+02 -0.24777E+02 -0.97221E+02 -0.89207E+02 -0.61141E+01
 -0.15443E+02 -0.70437E+02 -0.24646E+02  0.22168E+02  0.65768E+02  0.78721E+02
  0.23111E+02  0.23875E+02  0.50951E+02  0.36705E+02 -0.33030E+02 -0.19044E+02
  0.76230E+02  0.10374E+03  0.10631E+03  0.93709E+02  0.66947E+02  0.49518E+02
  0.72138E+02  0.73971E+02  0.37003E+01 -0.44540E+01  0.40542E+02  0.57279E+02
  0.61342E+02  0.31052E+02 -0.72171E+01 -0.51246E+02 -0.20413E+02  0.17726E+02
  0.21350E+02  0.62119E+02  0.58846E+02  0.36225E+01 -0.63217E+02 -0.53523E+02
 -0.13553E+02 -0.10780E+02 -0.70215E+01 -0.39587E+02 -0.29687E+02 -0.60331E+02
 -0.10642E+03 -0.80637E+02 -0.66842E+02 -0.93670E+02 -0.97153E+02 -0.70925E+02
 -0.53827E+02 -0.91562E+01 -0.21790E+02 -0.38693E+02 -0.27325E+02  0.35554E+02
  0.65848E+02  0.53300E+02  0.89652E+02  0.14049E+03  0.14007E+03  0.11732E+03
  0.13491E+03  0.11909E+03  0.98301E+02  0.44422E+02 -0.72351E+01  0.40100E+01
  0.14327E+02  0.12792E+02 -0.35398E+02 -0.93231E+02 -0.10176E+03 -0.75383E+02
 -0.52453E+02 -0.45275E+02 -0.31168E+02 -0.34020E+02 -0.64405E+02 -0.66095E+02
 -0.46485E+02 -0.30374E+02 -0.21394E+02 -0.24221E+02 -0.16124E+02 -0.37558E+01
 -0.23958E+02 -0.54083E+02 -0.87858E+01  0.34677E+02  0.39823E+02  0.11527E+02
  0.76658E+01  0.77400E+01  0.26997E+02  0.66002E+02  0.82099E+02  0.94191E+02
  0.71673E+02  0.44374E+02  0.27997E+02  0.21476E+02 -0.22710E+01  0.14952E+01
  0.43303E+01 -0.27931E+01 -0.23487E+02 -0.50506E+02 -0.45135E+02 -0.40527E+02
 -0.31625E+02 -0.23714E+02 -0.59977E+02 -0.82630E+02 -0.99499E+02 -0.90371E+02
 -0.63299E+02 -0.45521E+02 -0.16434E+01  0.97389E+01  0.21439E+01 -0.51584E+01
  0.80836E+01  0.21890E+02  0.48363E+02  0.51937E+02  0.12053E+02 -0.23364E+02
 -0.42866E+02 -0.95559E+01  0.30239E+02  0.41559E+02  0.37057E+02  0.17192E+02
  0.64716E+01  0.32313E+02  0.58665E+02  0.60485E+02  0.59169E+02  0.63556E+02
  0.27909E+02 -0.14901E+02 -0.29570E+02  0.59482E+01  0.44090E+02  0.54421E+02
  0.58218E+02  0.36962E+02  0.46139E+01 -0.87278E+01  0.80724E+01 -0.44760E+01
 -0.34600E+02 -0.16701E+02 -0.10721E+02 -0.38022E+02 -0.44760E+02 -0.56601E+02
 -0.60702E+02 -0.56769E+02 -0.69472E+02 -0.84231E+02 -0.83750E+02 -0.84342E+02
 -0.85083E+02 -0.89554E+02 -0.73066E+02 -0.36831E+02 -0.80837E+01  0.56575E+01
  0.14814E+01 -0.12112E+02  0.21636E+02  0.97378E+02  0.11898E+03  0.92848E+02
  0.67769E+02  0.95928E+02  0.14196E+03  0.13574E+03  0.10594E+03  0.10188E+03
  0.10366E+03  0.10252E+03  0.69463E+02  0.22122E+02 -0.13133E+02 -0.13113E+02
  0.11941E+02 -0.28984E+01 -0.31779E+02 -0.32245E+02 -0.37318E+02 -0.60896E+02
 -0.55606E+02 -0.55920E+02 -0.41774E+02 -0.12296E+02  0.97719E+00  0.17861E+01
  0.20764E+02  0.33717E+02 -0.19665E+00 -0.32989E+02 -0.51967E+02 -0.61285E+02
 -0.75619E+02 -0.66674E+02 -0.34528E+02 -0.77315E+01  0.18876E+02 -0.21744E+02
 -0.61557E+02 -0.45911E+02 -0.37998E+02 -0.33741E+02 -0.23443E+02 -0.31664E+01
  0.78207E+01 -0.14461E+02 -0.32941E+02 -0.36847E+02 -0.43141E+02 -0.11213E+02
  0.18250E+02  0.22217E+02  0.68014E+01 -0.14721E+02 -0.18153E+02  0.50367E+01
  0.17437E+02  0.21711E+02  0.37111E+02  0.29117E+02  0.20503E+02  0.18947E+02
  0.28425E+02  0.32580E+02  0.48483E+02  0.66895E+02  0.63466E+02  0.65448E+02
  0.68938E+02  0.56712E+02  0.35838E+02  0.30170E+02  0.32272E+02  0.17816E+02
 -0.54403E+01 -0.53387E+01 -0.41783E+01 -0.25323E+02 -0.37709E+02 -0.28328E+02
 -0.14810E+02 -0.39846E+01  0.18583E+01 -0.13992E+02 -0.41180E+02 -0.34024E+02
 -0.22230E+02 -0.12960E+02 -0.18757E+02 -0.32068E+02 -0.27773E+02 -0.22042E+02
 -0.34934E+02 -0.49612E+02 -0.27839E+02 -0.15087E+02 -0.22985E+02 -0.31244E+02
 -0.49445E+02 -0.62691E+02 -0.63621E+02 -0.49612E+02 -0.45174E+02 -0.37871E+02
 -0.13836E+02 -0.10026E+02 -0.11542E+02 -0.52267E+01  0.76156E+00  0.14628E+01
  0.20136E+02  0.22014E+02  0.20366E+02  0.16515E+02  0.23979E+02  0.33304E+02
  0.36621E+02  0.42816E+02  0.31101E+02  0.25275E+02  0.29644E+02  0.33448E+02
  0.20088E+02  0.20780E+02  0.12093E+02  0.33644E+01  0.17678E+01  0.14275E+02
  0.20599E+02 -0.10656E+01 -0.94837E+01 -0.25085E+02 -0.35660E+02 -0.40325E+02
 -0.51662E+02 -0.25446E+02  0.21192E+02  0.44135E+02  0.42375E+02  0.38815E+02
  0.50512E+02  0.36623E+02  0.17957E+02  0.24323E+02  0.37957E+02  0.45891E+02
  0.23749E+02  0.89810E+01  0.10087E+02  0.16332E+02  0.30012E+02  0.46800E+02
  0.54208E+02  0.37629E+02  0.32172E+02  0.47694E+02  0.51004E+02  0.32739E+02
  0.71128E+01 -0.13474E+02 -0.10943E+02 -0.90672E+01 -0.15962E+02 -0.25282E+02
 -0.35308E+02 -0.46455E+02 -0.56368E+02 -0.67198E+02 -0.60599E+02 -0.44949E+02
 -0.47567E+02 -0.40758E+02 -0.25722E+02 -0.26424E+02 -0.33220E+02 -0.20832E+02
 -0.14811E+02 -0.10426E+02 -0.11591E+02 -0.28880E+02 -0.25582E+02 -0.10968E+02
  0.19234E+00  0.65878E+01  0.61767E+01  0.87873E+01  0.10423E+02  0.17525E+02
  0.38131E+02  0.54258E+02  0.40695E+02  0.19138E+02  0.11339E+02  0.28178E+02
  0.43512E+02  0.40530E+02  0.22701E+02 -0.27103E+01 -0.10995E+02 -0.70965E+01
 -0.71927E+01 -0.77569E+01  0.10437E+02  0.13124E+01 -0.28938E+02 -0.24845E+02
 -0.18805E+02 -0.22724E+02 -0.19620E+02 -0.86145E+01  0.38733E+01 -0.34199E+01
 -0.12046E+02 -0.11638E+02 -0.16886E+02 -0.19078E+02 -0.22471E+02 -0.96648E+01
  0.76763E+01  0.11440E+02  0.63115E+01 -0.44224E+01 -0.13109E+02 -0.13537E+02
 -0.11159E+02 -0.97360E+01 -0.17557E+00  0.40694E+01 -0.51055E+00 -0.11380E+02
 -0.12112E+02 -0.10706E+02 -0.28348E+01  0.30810E+01  0.56861E+01  0.11242E+02
  0.58202E+01  0.11553E+02  0.99856E+01  0.15032E+02  0.29898E+02  0.27473E+02
  0.19029E+02  0.16010E+02  0.70944E+01  0.51237E+01  0.10463E+02  0.66079E+01
 -0.30050E+00 -0.14361E+02 -0.31173E+02 -0.33197E+02 -0.23100E+02 -0.12420E+02
 -0.89668E+01 -0.13978E+02 -0.96150E+01 -0.22794E+02 -0.36550E+02 -0.34488E+02
 -0.35526E+02 -0.33670E+02 -0.28375E+02 -0.16480E+02  0.30504E+00  0.16776E+02
  0.11249E+02  0.94950E+01  0.22400E+02  0.29479E+02  0.33182E+02  0.25611E+02
  0.21982E+02  0.92476E+01 -0.61354E+00 -0.24914E+01  0.12101E+02  0.28773E+02
  0.34025E+02  0.26261E+02  0.69276E+01  0.61906E+01  0.15831E+02  0.26989E+02
  0.17398E+02  0.19592E+01 -0.76732E+01 -0.57368E+00  0.16891E+02  0.21550E+02
  0.23764E+02  0.21007E+02  0.12209E+02  0.62505E+01  0.73051E+01  0.72726E+01
  0.52792E+01  0.12063E+01 -0.10663E+01  0.34641E+01 -0.14138E+01 -0.24692E+01
 -0.49194E+01  0.18109E+01  0.12266E+02  0.25859E+02  0.21172E+02  0.59426E+01
  0.55246E+00 -0.63080E+01 -0.51486E+01 -0.82657E+01 -0.56708E+01 -0.56255E+01
 -0.67923E+01 -0.18979E+02 -0.31566E+02 -0.29329E+02 -0.22078E+02 -0.13492E+02
 -0.57321E+01 -0.18371E+01 -0.34465E+01 -0.16250E+02 -0.21463E+02 -0.14899E+02
 -0.22518E+02 -0.27463E+02 -0.15229E+02 -0.16483E+02 -0.17000E+02 -0.13830E+02
 -0.65605E+01 -0.35072E+00 -0.94732E+01 -0.14147E+02 -0.10708E+02  0.28850E+01
  0.10123E+02  0.12758E+02  0.87897E+01 -0.70639E+00  0.68394E+01  0.16334E+02
  0.14670E+02  0.11062E+02  0.10094E+02  0.63145E+01  0.41702E+01  0.79185E+01
  0.15095E+02  0.16355E+02  0.17989E+02  0.11707E+02  0.10614E+02  0.13412E+02
  0.56273E+01 -0.32512E+00 -0.25303E+01  0.12012E+01 -0.51973E+00  0.10834E+02
  0.16170E+02  0.50088E+01 -0.58444E+01 -0.13739E+02 -0.12966E+02 -0.45963E+01
  0.17935E+02  0.20802E+02  0.74761E+01  0.60429E+01  0.70460E+01  0.29093E+01
  0.40802E+01  0.20620E+02  0.22864E+02  0.18393E+02  0.12806E+02  0.55367E+01
  0.13310E+01  0.15521E+00 -0.69866E+01 -0.90640E+01 -0.42488E+01 -0.89099E+01
  0.38848E+01  0.77746E+01 -0.49766E+01 -0.23016E+02 -0.29495E+02 -0.17263E+02
 -0.65175E+01 -0.15698E+02 -0.24295E+02 -0.19382E+02 -0.20684E+02 -0.24038E+02
 -0.31157E+02 -0.30968E+02 -0.34103E+02 -0.30923E+02 -0.28814E+02 -0.31363E+02
 -0.34410E+02 -0.22927E+02 -0.18978E+01 -0.31831E+01 -0.58775E+01 -0.14882E+02
 -0.10797E+02  0.40836E+01  0.11075E+02  0.38322E+01 -0.10293E+02 -0.16691E+02
 -0.29323E+01  0.95594E+01  0.12717E+02  0.28030E+02  0.47047E+02  0.50858E+02
  0.35417E+02  0.26147E+02  0.13277E+02  0.72393E+01  0.94554E+01  0.16759E+02
  0.13614E+02  0.14628E+02  0.26531E+02  0.22789E+02  0.21068E+02  0.25710E+02
  0.23665E+02  0.16919E+02  0.11232E+02  0.72366E+01  0.10541E+02 -0.28398E+00
 -0.68689E+01 -0.13135E+02 -0.96290E+01  0.59512E+01  0.18841E+02  0.17475E+02
  0.76293E+01  0.45085E+01  0.95512E+01  0.16458E+02  0.71799E+01 -0.50730E+01
 -0.14706E+02 -0.23559E+02 -0.31350E+02 -0.24015E+02 -0.18580E+02 -0.19718E+02
 -0.15835E+02 -0.21497E+02 -0.28624E+02 -0.20391E+02 -0.19976E+02 -0.22098E+02
 -0.12201E+02 -0.44739E+01  0.24056E+01  0.12955E+01 -0.57763E+01 -0.89101E+01
 -0.15632E+02 -0.21207E+02 -0.52742E+01  0.13219E+01 -0.14662E+02 -0.78120E+01
 -0.58671E+01 -0.42115E+01  0.11511E+02  0.20653E+02  0.22311E+02  0.17313E+02
  0.17528E+02  0.64722E+01  0.90142E+01  0.17523E+02  0.27177E+02  0.24997E+02
  0.17216E+02  0.11656E+02  0.91280E+01  0.18326E+02  0.24466E+01  0.66421E+01
  0.15455E+02  0.16473E+02  0.92078E+01 -0.11927E+02 -0.20203E+02 -0.29741E+02
 -0.21419E+02  0.40518E+00  0.98246E+01  0.17282E+02  0.20207E+02 -0.96867E+01
 -0.33907E+02 -0.62198E+02 -0.61285E+02 -0.38693E+02 -0.18018E+02  0.86487E+01
  0.14552E+01 -0.11413E+02 -0.37270E+02 -0.33276E+02 -0.74091E+01  0.23653E+02
  0.18870E+02 -0.20034E+02 -0.33662E+02 -0.32690E+02 -0.15429E+02  0.27691E+02
  0.20686E+02  0.71027E+01  0.15297E+02 -0.73399E+00 -0.63972E+01 -0.94257E+01
  0.65457E+01  0.79851E+01 -0.24677E+00 -0.91051E+01 -0.13852E+01  0.80738E+01
  0.84585E+01  0.29343E+02  0.33817E+02  0.27840E+02  0.82381E+01 -0.54080E+01
  0.17451E+02  0.30403E+02  0.26857E+02  0.37543E+02  0.44768E+02  0.34176E+02
  0.19063E+02  0.20096E+01 -0.14082E+02 -0.15293E+02 -0.13589E+02 -0.22451E+01
  0.32464E+01  0.13502E+02  0.32861E+02  0.31533E+02  0.18819E+02  0.19877E+01
 -0.11184E+02 -0.12458E+02 -0.60711E+01 -0.52268E+01  0.12749E+01  0.62336E+01
  0.10044E+02  0.16843E+02  0.78566E+01 -0.66890E+01 -0.16472E+02 -0.27696E+02
 -0.48994E+02 -0.54550E+02 -0.40896E+02 -0.20980E+02 -0.43600E+01  0.21192E+01
  0.64635E+01  0.85264E+01  0.12560E+02  0.46839E+01  0.18165E+01  0.26714E+01
  0.13273E+02  0.95441E+01  0.25775E+01  0.35290E+01  0.10125E+02  0.58245E+01
 -0.68609E+01 -0.57018E+01 -0.94430E+01 -0.37755E+01 -0.11432E+02 -0.88702E+01
 -0.42378E+01 -0.37597E+01 -0.15168E+01 -0.12514E+02 -0.10568E+02 -0.27966E+01
 -0.46427E+01 -0.98075E+01  0.10195E+02  0.25262E+02  0.27113E+02  0.36982E+01
 -0.83492E+01 -0.63908E+01 -0.14661E+02 -0.19118E+02 -0.19498E+02 -0.15335E+02
 -0.13037E+02  0.69808E+01  0.19064E+02  0.22895E+02  0.22188E+02  0.26233E+01
 -0.26200E+02 -0.32451E+02 -0.26108E+02 -0.17519E+02 -0.10627E+02  0.87111E+01
  0.21086E+02  0.69330E+01 -0.82152E+00 -0.11847E+02 -0.98569E+01  0.89008E+00
  0.15635E+00  0.12596E+02  0.16004E+02  0.17375E+02  0.22277E+02  0.13679E+02
  0.12505E+02  0.16527E+02  0.19212E+02  0.18841E+02  0.19210E+02  0.21213E+02
  0.20023E+02  0.18651E+02  0.19060E+02  0.16597E+02  0.18380E+02  0.18454E+02
  0.14634E+02  0.10320E+02  0.47700E+01  0.33340E+01  0.58152E+01  0.11677E+02
  0.73495E+01  0.14739E+01 -0.56260E+01  0.14477E+01  0.72817E+01 -0.37181E+01
 -0.11342E+02 -0.22236E+02 -0.28927E+02 -0.25311E+02 -0.26858E+02 -0.33565E+02
 -0.25202E+02 -0.11321E+02 -0.10243E+02 -0.54714E+01  0.17472E+01 -0.75694E+01
 -0.25422E+02 -0.33672E+02 -0.25322E+02 -0.25200E+02 -0.18625E+02 -0.98946E+01
 -0.74676E+01 -0.67472E+00  0.11448E+00  0.47120E+01  0.12587E+02  0.18705E+02
  0.15986E+02  0.75377E+01  0.46535E+00  0.92532E+00 -0.46582E+01 -0.77292E+01
 -0.13202E+01  0.23231E+01  0.50480E+01  0.10855E+02  0.14245E+02  0.11222E+02
  0.98636E+01  0.88921E+01  0.11309E+02  0.11358E+02  0.71162E+01 -0.22837E+01
 -0.13961E+02 -0.85962E+01 -0.72676E+01 -0.19572E+02 -0.22180E+02 -0.43120E+01
  0.43616E+01  0.28694E+01  0.11869E+02 -0.36925E+01 -0.76401E+01 -0.20905E+01
  0.84414E+00  0.58947E+01  0.32448E+01 -0.14305E+01 -0.13458E+01 -0.35440E+01
 -0.79350E+01 -0.12753E+02 -0.10177E+02 -0.78775E+01 -0.81890E+01  0.58701E+01
 -0.12693E+01 -0.11803E+01 -0.28397E+00 -0.87857E+00  0.22426E+01  0.70648E+01
  0.13984E+02  0.13395E+02  0.51211E+01 -0.21923E+01 -0.38816E+01  0.43941E+01
  0.23784E+02  0.25404E+02  0.10682E+02 -0.23275E+01 -0.46942E+01 -0.76938E+01
  0.49372E+01  0.15293E+02  0.13891E+02  0.56842E+01  0.47704E+01  0.14881E+02
  0.16244E+02  0.79917E+01 -0.96958E+01 -0.87594E+01 -0.20293E+01  0.23812E+01
 -0.37202E+01 -0.42479E+01  0.31910E+01 -0.22625E+01  0.20077E+01  0.43926E+01
  0.46660E+01  0.14941E+01  0.15095E+01 -0.25119E+01 -0.61035E+01  0.71468E+00
 -0.32414E+01 -0.21589E+01 -0.44000E+01 -0.94069E+01 -0.13611E+02 -0.93511E+01
 -0.17726E+02 -0.24878E+02 -0.23747E+02 -0.15413E+02 -0.75111E+01 -0.84898E+01
 -0.59980E+01  0.29085E+01  0.52641E+01  0.17123E+01  0.10419E+02  0.50853E+01
  0.98144E+01  0.15003E+02  0.20961E+02  0.25149E+02  0.13486E+02 -0.55860E+00
  0.46270E+01  0.31472E+01 -0.14050E+01  0.96519E+00  0.42228E+00 -0.11375E+02
 -0.14308E+02 -0.76417E+01  0.14902E+02  0.16541E+02 -0.10405E+02 -0.11067E+02
 -0.35673E+02 -0.14991E+02  0.10550E+02  0.61716E+01  0.63585E+01 -0.53781E+01
 -0.12820E+02 -0.13392E+01 -0.98397E+01 -0.13757E+02  0.84399E+01  0.81549E+01
 -0.79750E+01 -0.20408E+02 -0.28016E+01  0.56368E+01  0.15792E+01 -0.15287E+00
 -0.82535E+01 -0.10116E+02  0.92708E+00  0.72368E+01  0.67108E+01  0.99652E+01
  0.12305E+02  0.16523E+02  0.21465E+02  0.24724E+02  0.22084E+02  0.13371E+02
  0.80688E+01  0.84148E+01  0.18595E+01 -0.10622E+02 -0.54633E+01  0.66991E+01
  0.16389E+01  0.33897E+01  0.14579E+02  0.14820E+02  0.70610E+01  0.11571E+02
  0.14599E+02 -0.72196E+00 -0.13411E+02 -0.14634E+02 -0.11930E+02 -0.50493E+01
 -0.64274E+01 -0.62075E+01 -0.53816E+01 -0.81692E+01 -0.42523E+01 -0.41646E+01
 -0.46389E+01 -0.35094E+01 -0.36982E+01 -0.13443E+02 -0.28091E+02 -0.25752E+02
 -0.14929E+02 -0.11042E+02 -0.12725E+02 -0.83735E+01 -0.57843E+01 -0.11215E+01
  0.48964E+01 -0.61087E+00 -0.91343E+00  0.68341E+01  0.11212E+02  0.82570E+01
  0.12809E+02  0.81236E+01  0.70828E+01  0.74154E+01  0.23802E+01  0.30355E+01
  0.98797E+01  0.14104E+02  0.12101E+02  0.62374E+01  0.22060E+01 -0.20140E+01
 -0.22643E+01  0.76601E+01  0.75434E+01  0.10036E+02  0.67331E+01  0.70784E+01
  0.83270E+01  0.29602E+01 -0.80688E+00  0.26608E+01 -0.70573E+00 -0.77588E+01
 -0.55242E+01 -0.18134E+01  0.46729E+00 -0.14754E+01 -0.33573E+01 -0.80073E+01
 -0.18352E+02 -0.11838E+02 -0.48329E+01 -0.14708E+02 -0.19467E+02 -0.23140E+02
 -0.25586E+02 -0.23727E+02 -0.12111E+02 -0.51896E+01 -0.29259E+01 -0.35346E+01
 -0.83733E+01 -0.61556E+01  0.16421E+01  0.71165E+01  0.34374E+01 -0.39891E+01
 -0.52838E+01  0.69888E+01  0.13950E+02  0.15042E+02  0.17444E+02  0.13490E+02
  0.92553E+01  0.81156E+01  0.38179E+01  0.22212E+01  0.65589E+01  0.11060E+02
  0.69913E+01 -0.33232E+01 -0.43219E+01 -0.25719E+01 -0.51375E+01 -0.71159E+01
 -0.21910E+01  0.14136E-01 -0.24056E+00  0.41273E+00  0.42957E+01  0.24529E+00
  0.10747E+01  0.54209E+01  0.32350E+01  0.34165E+01  0.18953E+01 -0.50760E+01
 -0.52470E+01  0.42468E+00  0.26382E+01  0.26062E+01 -0.29100E+01 -0.89987E+01
 -0.85778E+01 -0.34222E+01  0.24863E+01  0.56667E+01  0.45817E+01 -0.13410E+01
 -0.78570E+01 -0.12323E+02 -0.72737E+01 -0.45736E+01 -0.33414E+01  0.61930E+01
  0.40071E+01 -0.50568E+01 -0.93964E+01 -0.55910E+01 -0.64695E+00  0.29025E+01
  0.57831E+01  0.61537E+01 -0.26940E-01  0.46571E+01 -0.12256E+01 -0.59780E+01
  0.87426E+00  0.56003E+01  0.26198E+01 -0.86374E+01 -0.79166E+01 -0.74390E+01
 -0.30968E+01  0.43607E+00  0.28093E+01 -0.30002E+01 -0.54772E+01  0.28959E+01
  0.90312E+01  0.68834E+01  0.14954E+02  0.19771E+02  0.97383E+01  0.24465E+01
  0.15003E+01  0.11167E+02  0.11335E+02  0.14475E+02  0.15142E+02  0.67955E+01
  0.21461E+01  0.79688E+01  0.14310E+02  0.10137E+02  0.14406E+02  0.16008E+02
  0.10815E+02  0.50634E+01  0.23074E+01  0.32030E+01 -0.10899E+01 -0.38372E+01
 -0.91026E+01 -0.99730E+01 -0.11674E+02 -0.13339E+02 -0.10366E+02 -0.14424E+02
 -0.10612E+02 -0.46686E+01 -0.60212E+01 -0.10169E+02 -0.13180E+02 -0.12884E+02
 -0.12382E+02 -0.70108E+01 -0.68849E+01 -0.53330E+01 -0.82185E+01 -0.11347E+02
 -0.14827E+01 -0.40220E+01 -0.83145E+01 -0.45460E+01  0.17577E+01  0.70989E+01
  0.99088E+01  0.93282E+01  0.32162E+01  0.51549E+00  0.54500E+01  0.40599E+01
  0.64838E+01  0.11341E+02  0.11643E+02  0.13007E+02  0.10272E+02  0.92080E+01
  0.50852E+01  0.22693E+01  0.31547E+01  0.13748E+01  0.58148E+01  0.96966E+01
  0.13507E+02  0.12918E+02  0.42687E+01  0.23455E+00  0.30911E+01  0.72103E+01
  0.28596E+01 -0.44923E+00  0.25099E+01  0.19718E+01  0.42643E+01  0.42206E+01
  0.17218E+01  0.33750E+01  0.41366E+01  0.56950E+01  0.95777E+01  0.60507E+01
 -0.19332E+01 -0.30087E+01 -0.94836E+01 -0.88900E+01 -0.88593E+01 -0.57490E+01
 -0.14524E+00 -0.14593E+01 -0.36542E+01 -0.69960E+01 -0.61524E+01 -0.67912E+01
 -0.27831E+01 -0.30823E+01 -0.46207E+01 -0.44898E+01 -0.73246E+01 -0.86889E+01
 -0.79663E+01 -0.80225E+01 -0.91731E+01 -0.94928E+01 -0.99637E+01 -0.95225E+01
 -0.10420E+02 -0.11568E+02 -0.86077E+01 -0.10388E+02 -0.71261E+01 -0.49508E+01
 -0.97227E+01 -0.11232E+02 -0.10740E+02 -0.59704E+01 -0.70557E+01 -0.62937E+01
 -0.60600E+01 -0.33205E+01 -0.44353E+01 -0.29644E+01 -0.50020E-03  0.27283E+01
  0.41386E+01  0.26737E+01 -0.62395E+00  0.10356E+01 -0.22168E+00  0.14735E+01
  0.88639E+01  0.47529E+01  0.63937E+01  0.91666E+01  0.58712E+01  0.31210E+01
  0.80346E+01  0.86755E+01  0.10442E+02  0.72617E+01  0.68843E+00  0.63342E+01
  0.11789E+02  0.12493E+02  0.12169E+02  0.13809E+02  0.13104E+02  0.64298E+01
  0.73952E+01  0.62766E+01  0.10599E+02  0.14594E+02  0.12075E+02  0.14525E+02
  0.12175E+02  0.58493E+01  0.30464E+01 -0.69890E+01 -0.13067E+02  0.45147E+01
  0.11972E+02  0.94295E+01  0.11055E+02  0.13248E+02  0.38750E+01 -0.13599E+02
 -0.13768E+02 -0.53099E+01 -0.12567E+02 -0.85148E+01 -0.56159E+01 -0.75319E+01
 -0.94353E+01 -0.14295E+02 -0.75969E+01 -0.64030E+01 -0.88601E+01 -0.13110E+02
 -0.79589E+01 -0.48737E+01 -0.45417E+01 -0.58517E+01 -0.83151E+01 -0.28581E+01
  0.34503E+01 -0.16720E+01 -0.39467E+01  0.21849E+00 -0.43838E+01 -0.32446E+01
  0.57247E+00  0.86026E+00  0.13264E+01 -0.13266E+00  0.23507E+01  0.24329E+01
  0.29346E+01  0.54557E+01  0.58358E+01 -0.30362E+01  0.35048E+01  0.10970E+02
  0.48518E+01  0.12011E+02  0.73417E+01  0.51633E+01  0.47483E+00 -0.92583E-02
  0.16016E+01 -0.39006E+01 -0.29252E+01 -0.27257E+01 -0.18237E+01 -0.26223E+01
 -0.21985E+01  0.14828E+00  0.34776E+00 -0.18685E+01 -0.57268E+01 -0.75701E+01
 -0.44242E+01 -0.43086E+01 -0.53717E+01  0.37212E+00  0.33660E+00 -0.21146E+01
 -0.38068E+01 -0.34984E+01 -0.38226E+00  0.65789E+00  0.69360E+00  0.22999E+01
  0.30004E+01  0.78807E+00 -0.96499E+00 -0.54884E+01  0.43996E+00 -0.34668E+01
 -0.10305E+02 -0.55492E+01 -0.58555E+01 -0.61488E+01 -0.74055E+01 -0.48555E+01
 -0.49877E+01 -0.95509E+01 -0.33985E+01 -0.43770E+00  0.16213E+01  0.36323E+01
  0.12015E+01  0.52196E+00  0.58252E+00  0.42163E+01  0.53548E+01  0.79255E+01
  0.68180E+01  0.29382E+01  0.52656E+01  0.67017E+01  0.56235E+01 -0.74331E+00
  0.85850E+00  0.22044E+01  0.37411E+01  0.95096E+01  0.10006E+02  0.54385E+01
 -0.23002E+00 -0.41498E+01 -0.36176E+01 -0.82272E+00  0.35617E+01  0.64404E+01
 -0.63328E+00 -0.14558E+01 -0.10788E+01 -0.71234E+00 -0.46594E+01 -0.34217E+00
 -0.16974E+01 -0.28457E+00  0.22124E+01  0.79185E-02  0.54419E+00 -0.39272E+01
  0.22839E+00 -0.25696E+01  0.30708E+01  0.66078E+01  0.67498E+01  0.53358E+01
  0.98811E+00  0.56590E+00  0.99935E+00  0.86548E-01 -0.32001E+01 -0.32742E+01
 -0.24592E+01 -0.15791E+01 -0.22739E+01 -0.38997E+01 -0.71927E+01 -0.85146E+01
 -0.62043E+01 -0.96451E-01 -0.61281E+01 -0.77624E+01 -0.58280E+01 -0.55159E+01
 -0.82260E+01 -0.10441E+02 -0.12225E+02 -0.13043E+02 -0.83484E+01 -0.74664E+01
  0.10090E+00 -0.21331E+01  0.19657E+01  0.33489E+01  0.11674E+01 -0.89521E-01
 -0.23907E+01  0.57658E+01  0.61949E+01  0.66514E+01  0.65729E+01  0.40852E+01
  0.97242E+00  0.31735E+00  0.17908E+01  0.23917E+01  0.52369E+01  0.77458E+01
  0.59647E+01  0.61175E+01  0.66658E+01  0.29282E+01  0.28390E+01  0.19620E+01
  0.17788E+01  0.49781E+01  0.74245E+01  0.66395E+01  0.65632E+01  0.77474E+01
  0.80002E+01  0.10656E+02  0.70279E+01  0.27683E+00 -0.18731E+00  0.88741E-01
 -0.94998E+00 -0.10640E+01 -0.13311E+01 -0.27263E+01 -0.64911E+01 -0.58564E+01
 -0.48041E+00  0.18109E+01 -0.24216E+01 -0.41753E+01 -0.26389E+01 -0.32792E+01
 -0.17512E+01 -0.12443E+01 -0.59821E+01 -0.50455E+01  0.12282E+01  0.52749E+00
  0.22523E+01  0.14340E+01  0.15441E+01  0.62408E+01  0.64459E+01  0.37548E+01
  0.13091E+01 -0.34454E+01 -0.83047E+01 -0.71058E+01 -0.11719E+01  0.14887E+01
 -0.33349E+01 -0.27189E+01  0.29600E+00  0.15201E+01  0.18027E+01  0.15170E+01
  0.21246E+01 -0.47121E+01 -0.73527E+01 -0.38742E+01 -0.14003E+01  0.28813E+01
  0.19792E+01 -0.12869E+00 -0.45202E+01 -0.60134E+01 -0.23947E+01 -0.31521E+01
 -0.14917E+01 -0.10957E+01 -0.36691E+01 -0.42839E+01 -0.80860E+01 -0.73566E+01
 -0.33391E+01 -0.10076E+01  0.79344E+00  0.86444E+00  0.63978E+00  0.43764E+01
  0.54875E+01  0.29981E+01  0.39457E+01  0.23266E+01 -0.10057E+01 -0.22012E+01
 -0.27928E+01  0.12794E+01  0.18119E+01  0.17781E+01  0.43133E+01  0.13479E+01
 -0.14055E+01  0.26772E+01  0.21729E+00  0.24023E+01  0.72505E+01  0.16577E+01
  0.31213E+01  0.46122E+01  0.24334E+01  0.15233E+01  0.64554E+01  0.90724E+01
  0.88627E+01  0.90158E+01  0.79547E+01  0.19742E+01 -0.18361E+01  0.51029E+01
  0.76676E+01  0.41238E+01  0.70093E+01  0.66907E+01  0.38997E+01  0.48245E+01
  0.41704E+01  0.41726E+01  0.54582E+01  0.53200E+01  0.84360E+01  0.73900E+01
  0.27349E+01 -0.18574E+01 -0.26205E+01  0.60110E+01  0.83679E+01  0.28909E+01
 -0.30181E+01 -0.59368E+01 -0.73583E+01 -0.89327E+01 -0.76933E+01 -0.50382E+01
 -0.65939E+01 -0.47001E+01 -0.72602E+01 -0.98456E+01 -0.69426E+01 -0.74209E+01
 -0.49102E+01 -0.14121E+01 -0.23950E+00 -0.37265E+01 -0.65549E+01 -0.23040E+01
 -0.49039E+01 -0.52180E+01 -0.14892E+01 -0.73289E+01 -0.10835E+02 -0.94041E+01
 -0.70928E+01 -0.53183E+01 -0.25939E+01 -0.33043E+01 -0.19197E+00  0.89895E+00
 -0.26697E+01  0.55812E+00 -0.89467E+00 -0.28570E+01  0.11739E+01 -0.13860E+01
  0.72194E+00  0.19764E+01  0.25494E+01  0.62616E+01  0.75643E+01  0.51533E+01
  0.18951E+01 -0.99195E+00 -0.13164E+01  0.10830E+01 -0.23618E+01 -0.18035E+01
 -0.32750E+01 -0.13725E+01 -0.12650E+01  0.16143E+00  0.34460E+01  0.53463E+01
  0.63451E+01  0.57920E+01  0.36390E+01  0.38707E+00  0.20653E+01  0.12690E+01
  0.16596E+01  0.95815E-01  0.37409E+01  0.28377E+01 -0.14479E+01  0.16394E+01
  0.98989E+00 -0.72913E+00  0.17774E+01  0.50087E+00  0.38210E+01  0.23306E+01
  0.13666E+01  0.51942E+01  0.51926E+01  0.46920E+01  0.35183E+01  0.29086E+01
 -0.13645E+01 -0.22698E+01 -0.31122E+01 -0.12055E+01 -0.36941E+01 -0.70885E+01
 -0.96108E+01 -0.10766E+02 -0.10230E+02 -0.94853E+01 -0.73604E+01 -0.91737E+01
 -0.88670E+01 -0.62642E+01 -0.34893E+01 -0.29917E+01 -0.35721E+01 -0.25608E+01
 -0.25519E+01  0.71790E+00  0.21570E+01  0.16060E+01  0.48191E+01  0.43855E+01
  0.26560E+01 -0.16182E+00 -0.15083E+00  0.12777E+01  0.27042E+01  0.28850E+01
 -0.56406E+00 -0.10878E+01  0.55748E+01  0.61730E+01  0.61021E+01  0.22588E+01
 -0.16727E+01  0.18382E+01  0.18617E+01  0.50915E+01  0.37499E+01  0.44612E+01
  0.88315E+01  0.40888E+01  0.41018E+01  0.36451E+01  0.43332E+01  0.85759E+01
  0.96229E+01  0.99732E+01  0.69309E+01  0.23242E+01 -0.12895E+00 -0.74721E+00
 -0.19946E+01  0.73185E+00  0.32402E+01  0.59897E+01  0.42160E+01  0.51872E+01
  0.16017E+01 -0.28626E+01 -0.44440E+00  0.11139E+01  0.37313E+01 -0.24252E+01
 -0.52265E+01 -0.38779E+01 -0.17744E+01 -0.78022E+00 -0.10106E+01 -0.38665E+01
 -0.66259E+01 -0.56904E+01 -0.57301E+01 -0.45514E+01 -0.54864E+01 -0.62894E+01
 -0.40790E+01 -0.18098E+01 -0.14134E+01 -0.13985E+01 -0.27237E+01 -0.60494E+01
 -0.12703E+01  0.10785E+01 -0.21885E+01  0.99484E+00 -0.42182E+01 -0.25489E+01
 -0.16471E+01 -0.42494E+01 -0.10472E+01 -0.29974E+01 -0.44883E+01 -0.27771E+01
  0.44953E+01  0.67307E+01  0.63659E+01  0.55291E+01  0.14044E+01 -0.68639E+00
  0.76473E+00  0.28281E+01  0.32769E+01  0.14462E+01  0.37067E+01  0.32306E+01
  0.32662E+01  0.55770E+01  0.22218E+01 -0.14313E+01 -0.14356E+01 -0.72896E+00
 -0.47114E+00 -0.26156E+00  0.86231E+00  0.17219E+01  0.11682E+01  0.85560E+00
 -0.33448E+01 -0.30325E+01 -0.42805E+01 -0.37207E+01 -0.64533E+01 -0.92592E+01
 -0.10600E+02 -0.11271E+02 -0.45835E+01 -0.38791E+01 -0.32376E+01 -0.39760E+01
 -0.33953E+01 -0.42470E+01 -0.42178E+01 -0.57636E+01 -0.67683E+01 -0.44807E+01
 -0.17695E+01 -0.35271E+01 -0.49408E+01 -0.58804E+01 -0.22299E+01  0.15947E+01
  0.34881E+01  0.66503E+01  0.35504E+01  0.44392E+01  0.50492E+01  0.70451E+01
  0.40042E+01  0.46288E+01  0.54673E+01  0.28079E+01  0.28769E+01  0.72278E+01
  0.67787E+01  0.45382E+00 -0.10732E+01  0.79083E+00 -0.40065E+00 -0.10741E+01
 -0.78298E+00 -0.69106E+00 -0.31188E+00  0.40914E+00  0.19186E+01 -0.40730E+00
 -0.15694E+01 -0.21928E+00  0.64226E+00 -0.10860E+01  0.19542E+01  0.38390E+01
  0.13936E+01  0.15182E+00  0.37415E+01  0.63939E+01  0.50661E+01  0.37656E+01
  0.49018E+01  0.43521E+01  0.23114E+01  0.75501E+00  0.13398E+01 -0.29196E+01
 -0.54868E+01 -0.28805E+01 -0.52861E+01 -0.44162E+01 -0.12836E+01 -0.26408E+01
 -0.17163E+01 -0.24024E+01 -0.11592E+01  0.55366E+00 -0.24642E+01 -0.24478E+01
 -0.41173E+01 -0.18990E+01  0.35422E+01  0.50666E+01  0.33194E+01 -0.42695E+01
 -0.95000E+01 -0.99931E+01 -0.30440E+01  0.34438E+01  0.72789E+01  0.69703E+01
  0.56166E+00 -0.39199E+01 -0.45535E+01 -0.14586E+01 -0.13372E+01  0.45824E+01
  0.53559E+01 -0.46980E+00 -0.15647E+01 -0.29993E+01  0.86111E+00  0.10181E+01
  0.19783E+01 -0.66411E+00 -0.40008E+00 -0.26735E+01 -0.13420E+01  0.15390E+01
  0.40019E+00 -0.50840E-01 -0.48295E+00  0.29832E+01 -0.10286E+01 -0.14334E+01
 -0.56116E+00  0.38863E+00 -0.10647E+01  0.12796E+01 -0.34358E+00 -0.10399E+01
 -0.15475E+01 -0.77174E+00  0.40869E+01 -0.21071E-01  0.71905E+00 -0.18101E+01
 -0.18960E+01  0.22791E+01  0.33255E+01  0.25431E+01 -0.43876E+00 -0.17474E+01
 -0.52682E+01 -0.32132E+01  0.26997E+00  0.32938E+01  0.19077E+01 -0.66941E+00
 -0.96085E+00  0.80066E+00 -0.54770E+00 -0.20050E+01 -0.29046E+01 -0.78198E+01
 -0.70921E+01 -0.61211E+01  0.14693E+00  0.25459E+01  0.18016E+01  0.31078E+00
  0.22234E+01  0.47168E+01  0.22971E+01 -0.43310E+00  0.25952E+01  0.31762E+01
  0.59424E+01  0.11389E+02  0.83982E+01  0.72995E+01  0.25081E+01  0.23993E+01
  0.38045E+01  0.30959E+01  0.67806E+01  0.68857E+01  0.26919E+01  0.28221E+01
  0.42554E+00 -0.94985E+00  0.14452E+01  0.33915E+01  0.36770E+01  0.14375E+00
 -0.29427E+01 -0.52470E+01 -0.59618E+01 -0.26105E+01 -0.88438E+00 -0.80638E+00
  0.34047E+01  0.41253E+00 -0.14157E+01 -0.27259E+00 -0.73143E+00  0.14963E+00
 -0.17925E+00 -0.48068E-02 -0.50565E+00 -0.83460E+00 -0.12515E+01 -0.10897E+01
  0.12905E+00 -0.15964E+01 -0.62722E+00 -0.23296E+01 -0.45416E+01  0.14835E+01
  0.14734E+01  0.27844E+01  0.15014E+01  0.23930E+01  0.30898E+00  0.13599E+01
  0.35308E+01 -0.15457E+01  0.59368E+00 -0.39062E+01 -0.23179E+00  0.26624E+01
 -0.11579E+01  0.19104E+01  0.47040E+01  0.38635E+01  0.35997E+01  0.27298E+01
  0.16628E+01  0.23803E+01  0.87716E+00  0.24315E+01 -0.52495E+00 -0.33165E+00
  0.89965E+00 -0.93903E+00 -0.17529E+00  0.31844E+01  0.21510E+01 -0.12060E+01
  0.36972E+01  0.40268E+01  0.33980E+01  0.20416E+01 -0.20494E+01  0.25203E+01
  0.16819E+01  0.25000E+01  0.34125E+01 -0.72040E+00 -0.13286E+00  0.17358E+00
 -0.98365E+00 -0.56189E+00  0.50699E-01 -0.26122E+01 -0.27986E+01  0.79175E+00
 -0.81223E+00 -0.63288E-01 -0.19776E+01 -0.74232E+00 -0.24089E+00 -0.31471E+01
 -0.25555E+01 -0.43839E+01 -0.42601E+01 -0.90537E+01 -0.90660E+01 -0.41967E+01
 -0.23951E+01 -0.18875E+01  0.22909E-01 -0.29989E+00 -0.27679E+01 -0.24679E+01
 -0.61206E+00  0.26488E+01 -0.12389E+01 -0.14674E+01 -0.25977E+01 -0.65757E+01
 -0.57956E+01 -0.79114E+01 -0.27444E+01  0.24582E+01  0.15585E+01 -0.52163E+00
 -0.29815E+01 -0.52185E+00 -0.11740E+01 -0.22005E+00 -0.93939E+00  0.40870E+01
  0.49529E+01 -0.24148E+00 -0.36996E+01 -0.45449E+01 -0.38488E+01 -0.19240E+01
 -0.26758E+00  0.24457E+01  0.54462E+01 -0.39831E+00 -0.86833E+00 -0.32508E+01
 -0.84643E-01 -0.16976E+01 -0.34656E+01 -0.15829E+01  0.55154E+00  0.31628E+00
  0.20166E+01  0.23202E+01  0.15376E+01  0.53181E+01  0.35814E+01 -0.18064E+01
  0.57537E+00  0.29969E+01 -0.11220E+01  0.43862E+01  0.49875E+01  0.68974E+01
  0.30299E+01  0.18576E+00  0.32762E+01  0.68719E+01  0.25074E+01  0.83552E+00
  0.71107E+00 -0.12775E+01 -0.47235E+01 -0.91280E+01 -0.55407E+01 -0.26329E+01
 -0.63520E+00 -0.30140E+01 -0.37669E+00  0.62196E+01  0.70094E+01  0.23526E+00
 -0.79627E+01 -0.95968E+01 -0.31036E+01  0.51286E+00 -0.29536E+00  0.89060E+00
 -0.52817E+01 -0.55489E+01 -0.31090E+01  0.94768E+00  0.74831E+01  0.23340E+01
  0.16683E+01 -0.19711E+01  0.15217E+00 -0.27238E+01 -0.44297E+01  0.22942E+01
  0.42479E+00 -0.34663E+01 -0.77690E+00  0.49176E+01  0.30521E+01  0.32774E+01
 -0.74155E+00 -0.66436E+01 -0.36587E+01  0.26566E+00  0.23049E+01 -0.31150E+01
 -0.93317E+01  0.13597E+01  0.98723E+01  0.12563E+02  0.82951E+01  0.10780E+01
 -0.70053E+01 -0.55574E+01 -0.28871E+01 -0.18399E+01  0.40787E+01  0.11164E+01
  0.53636E+01  0.44941E+01  0.17017E+01 -0.16087E+01 -0.22223E+01  0.32138E+01
  0.85121E+00  0.23619E+01  0.47445E-01 -0.31895E+01 -0.31825E+01  0.95811E-01
  0.66270E+00  0.51457E+00 -0.30257E+00 -0.34159E+01 -0.29476E+01 -0.36640E+01
 -0.27197E+01 -0.35830E+01  0.10626E+01  0.19545E+01  0.14645E+01 -0.18941E+01
 -0.12958E+01  0.62457E+01  0.31408E+01  0.64601E+00 -0.41680E+01 -0.23124E+00
  0.69843E+00 -0.52128E+00 -0.11203E+01 -0.21471E+01 -0.13559E+01  0.82569E+00
  0.61256E+01  0.49146E-01 -0.50579E+00 -0.17695E+01 -0.14081E+01  0.17235E+01
  0.23449E+01 -0.92355E+00 -0.59849E+01 -0.84858E+01 -0.76295E+01 -0.15138E+01
  0.68455E+00 -0.54874E-01 -0.27738E+01 -0.75122E+01 -0.38185E+01 -0.31529E+01
 -0.28795E+01 -0.12451E+01 -0.10512E+01  0.25503E+01  0.26812E+01  0.10087E+01
  0.25510E+01  0.32166E+01  0.17750E+01 -0.81593E+00 -0.21843E+01 -0.84219E+01
 -0.95763E+01  0.17738E+01  0.99699E+01  0.35395E+01 -0.63237E+01 -0.72913E+01
  0.87753E+00 -0.14657E+01 -0.94477E+01 -0.10187E+01  0.14812E+02  0.35534E+02
  0.32587E+02  0.23641E+02 -0.83246E+01 -0.36058E+02 -0.36556E+02 -0.19843E+02
  0.99731E+01  0.16976E+02  0.18506E+02  0.14253E+02  0.48792E+00 -0.13470E+02
 -0.98073E+01  0.73141E+01  0.14253E+02  0.32369E+01  0.56438E+01  0.21321E+02
  0.98454E+01 -0.11102E+02 -0.30788E+01  0.42311E+01 -0.45849E+01 -0.27372E+01
  0.72017E+01  0.77891E+01 -0.36417E+01 -0.12445E+02 -0.74604E+01 -0.71015E+00
  0.89844E+01  0.10052E+02  0.27694E+01 -0.35727E+00 -0.38636E+00  0.45900E+01
  0.36886E+01  0.85807E+00 -0.19707E+01  0.25029E+01  0.79305E+01 -0.40324E+01
 -0.48727E+01 -0.85693E+01 -0.11876E+02 -0.69321E+01  0.13243E+01  0.49804E+01
  0.38716E+01  0.10002E+02 -0.27780E+01 -0.11977E+02 -0.88720E+01 -0.79563E+01
 -0.11701E+02 -0.57441E+01 -0.80441E+00 -0.82832E+01 -0.16113E+01  0.62307E+01
 -0.26570E+01 -0.13837E+02 -0.85991E+01 -0.19918E+01 -0.62201E+01  0.11359E+02
  0.16496E+02  0.69147E+01  0.40415E+01  0.61845E+01 -0.36873E+00 -0.92538E+01
 -0.19332E+01 -0.79347E+01 -0.27005E+01  0.21500E+01  0.74767E+01  0.17630E+02
  0.12940E+02  0.21765E+01 -0.38939E+01 -0.49901E+01  0.19307E+01  0.94008E+01
  0.98276E+01  0.85885E+01  0.54168E+01  0.59420E+01  0.31938E+01 -0.29493E+01
 -0.88282E+01 -0.11408E+02  0.42624E+00  0.80667E+01  0.45579E+01  0.17516E+01
 -0.29669E+01 -0.14840E-01  0.30881E+01  0.67197E+00 -0.14987E+01 -0.33337E+01
 -0.85051E+01 -0.15641E+01  0.59135E+01  0.13427E+01 -0.23221E+00  0.21167E+01
  0.37656E+00 -0.12035E+02 -0.99962E+01 -0.52398E+01  0.70471E+01  0.34240E+01
 -0.10584E+01  0.37174E+01  0.10468E+01  0.21114E+00 -0.78256E+01 -0.38526E+01
 -0.37738E+01 -0.22268E+01 -0.17116E+01 -0.41866E+01 -0.50573E+01 -0.11389E+02
 -0.38900E+01 -0.80979E+00 -0.67950E+01 -0.57506E+01 -0.34920E+01 -0.16380E+01
  0.15329E+01  0.62997E+01  0.14875E+01 -0.12067E+01 -0.86432E+00 -0.83426E+00
  0.17353E+01  0.24407E+01  0.31127E+01  0.54393E+01  0.45220E+01 -0.15098E+01
  0.18698E+01 -0.94716E+00  0.12248E+01  0.73458E+01  0.81166E+01  0.76341E+01
  0.28843E+01  0.34881E+01  0.32931E+01  0.46416E+01  0.57888E+01  0.33734E+01
 -0.22021E+01 -0.72195E+01 -0.34046E+01 -0.81578E+01 -0.51855E+01  0.21402E+01
 -0.25749E+01  0.32622E+01  0.84178E+01 -0.68808E+00 -0.61432E+01 -0.28764E+01
 -0.48082E+01 -0.44373E+01 -0.61613E+01 -0.75328E+00  0.13920E+01  0.18220E+01
  0.42463E+01  0.39886E+01 -0.55961E-01 -0.24040E+01  0.12077E+01 -0.44400E+00
