 -0.92392E+00 -0.14775E+01 -0.52594E+01 -0.20215E+02 -0.43705E+02 -0.38304E+02
  0.36794E+02  0.67573E+02  0.61588E+02 -0.24736E+02 -0.15369E+03 -0.22263E+03
 -0.17950E+03  0.76595E+02  0.12409E+03  0.12572E+03  0.28275E+01 -0.20440E+03
 -0.18328E+03 -0.73988E+02  0.72633E+02  0.14486E+03  0.11602E+03  0.37666E+02
 -0.42590E+02 -0.94343E+02  0.30500E+02  0.11578E+03 -0.10445E+03 -0.98441E+02
  0.12537E+02 -0.13807E+03 -0.58570E+02  0.12030E+03  0.97989E+02 -0.19655E+03
 -0.21688E+03 -0.78038E+02 -0.12089E+03 -0.74814E+02 -0.76865E+02 -0.13807E+03
 -0.22685E+03  0.19572E+02  0.12276E+03  0.53302E+02  0.46990E+02  0.16947E+03
  0.27557E+03  0.18278E+03  0.88979E+02  0.80709E+01  0.13481E+03  0.10002E+03
 -0.10490E+03 -0.80783E+02  0.94115E+02 -0.11646E+02 -0.37958E+02  0.49868E+02
  0.32540E+02  0.32946E+02  0.83683E+02  0.19450E+02 -0.35913E+03 -0.32990E+03
 -0.15882E+03 -0.21207E+03 -0.15763E+03  0.11958E+03  0.62148E+02 -0.84892E+02
 -0.49130E+02 -0.13969E+02  0.11398E+01  0.51199E+02  0.15505E+03  0.81515E+02
  0.12079E+03  0.14884E+03  0.13534E+03  0.35180E+02 -0.64024E+02  0.92592E+02
  0.22482E+03  0.26952E+03  0.10815E+03 -0.23487E+03 -0.27786E+03 -0.17233E+03
 -0.10647E+03  0.93812E+01  0.25182E+02  0.15705E+03  0.26816E+03  0.29964E+03
  0.39628E+03  0.44949E+03  0.44785E+03  0.45021E+03  0.40302E+03  0.34699E+03
  0.42291E+03  0.44237E+03  0.39237E+03  0.38806E+03  0.30991E+03  0.16961E+03
  0.14736E+03  0.41860E+02  0.91854E+02  0.20909E+03  0.20733E+03  0.49066E+02
 -0.16553E+03 -0.28645E+03 -0.68288E+03 -0.36038E+03 -0.49907E+02 -0.40268E+03
 -0.35304E+03 -0.43580E+03 -0.58854E+03 -0.54552E+03 -0.41061E+03 -0.18970E+03
 -0.36911E+02 -0.91571E+02 -0.35624E+03 -0.16582E+03 -0.50424E+02 -0.26992E+03
 -0.41299E+03 -0.29065E+03 -0.49682E+03 -0.65335E+03 -0.22008E+03  0.29403E+03
  0.83174E+03  0.96761E+03  0.22944E+03 -0.48496E+03 -0.53926E+03 -0.54698E+03
 -0.20252E+02  0.35164E+03  0.16381E+03 -0.16351E+03 -0.46990E+03 -0.61282E+03
 -0.46774E+03  0.44979E+02  0.35666E+03  0.37439E+03  0.42844E+03  0.44128E+03
  0.55549E+03  0.46841E+03 -0.44125E+02 -0.28649E+02  0.44216E+02 -0.27190E+03
 -0.33947E+03 -0.36801E+03 -0.45968E+03 -0.68870E+03 -0.62108E+03 -0.45750E+02
  0.40002E+03  0.61090E+03  0.66389E+03  0.74102E+03  0.69062E+03  0.35645E+03
  0.51793E+02 -0.23957E+02  0.26163E+02  0.16795E+03 -0.43310E+01 -0.34796E+03
 -0.10571E+03  0.22587E+03  0.21528E+03  0.72505E+02 -0.85489E+02 -0.16135E+03
 -0.16355E+03 -0.41189E+02  0.21962E+03  0.36227E+03  0.37277E+03  0.26765E+03
 -0.17714E+03 -0.52699E+03 -0.55552E+03 -0.60512E+03 -0.47221E+03  0.18582E+03
  0.45442E+03  0.45912E+03  0.58780E+03  0.63111E+03  0.56487E+03  0.49248E+02
 -0.52146E+03 -0.83321E+03 -0.75331E+03 -0.46914E+03 -0.16244E+03  0.16439E+02
 -0.28648E+02  0.15211E+03  0.42474E+03  0.46520E+03  0.85151E+02 -0.42837E+03
 -0.57344E+03 -0.62964E+03 -0.49060E+03 -0.16208E+03  0.55925E+02  0.25496E+03
  0.49649E+03  0.56718E+03  0.42459E+03  0.93487E+02 -0.32454E+03 -0.20510E+03
  0.20159E+02  0.30165E+02 -0.35143E+02  0.49328E+02  0.30268E+03  0.37714E+03
  0.51306E+03  0.60319E+03  0.54115E+03  0.15309E+03 -0.42407E+03 -0.53826E+03
 -0.30814E+03 -0.10520E+03  0.39407E+02  0.14006E+03  0.10515E+03 -0.41599E+02
 -0.19845E+03 -0.32743E+03 -0.27599E+03 -0.18624E+03 -0.19030E+03  0.56264E+02
  0.29684E+03  0.10728E+03 -0.14854E+03 -0.21273E+03 -0.68067E+01  0.22886E+03
  0.26961E+03  0.19898E+03 -0.46758E+02 -0.94809E+02 -0.92646E+02 -0.20565E+03
 -0.18598E+03 -0.19973E+03 -0.23644E+03 -0.30553E+03 -0.33265E+03 -0.23380E+03
 -0.11335E+03 -0.75109E+02 -0.88643E+02 -0.29550E+02 -0.42437E+00  0.90014E+01
  0.10545E+03  0.12527E+03  0.61158E+02  0.13372E+02 -0.68751E+02 -0.80808E+02
  0.40828E+02  0.26806E+01 -0.12530E+02  0.74232E+02  0.77598E+02  0.14045E+03
  0.18098E+03  0.19618E+03  0.26956E+03  0.34934E+03  0.38737E+03  0.34721E+03
  0.29986E+03  0.27501E+03  0.22679E+03  0.24081E+03  0.15023E+03 -0.46632E+02
 -0.25466E+03 -0.49283E+03 -0.55442E+03 -0.37711E+03 -0.10380E+03  0.12902E+03
  0.16015E+03 -0.19694E+03 -0.65000E+03 -0.70465E+03 -0.61718E+03 -0.35596E+03
  0.37232E+03  0.62729E+03  0.54753E+03  0.54635E+03  0.30471E+03  0.10372E+03
  0.19925E+03  0.24442E+03  0.10479E+02 -0.19200E+03 -0.26062E+03 -0.28474E+03
 -0.18238E+03  0.57719E+02  0.10076E+03  0.30606E+02 -0.63262E+02 -0.16035E+03
 -0.47746E+02  0.95093E+02 -0.17340E+02 -0.19411E+03 -0.25006E+03 -0.27296E+03
 -0.12702E+03  0.19398E+03  0.26850E+03  0.27996E+03  0.26969E+03  0.21099E+03
  0.25352E+03  0.20234E+03  0.38144E+02 -0.60739E+02 -0.95513E+02 -0.11845E+03
 -0.10246E+03 -0.94733E+02 -0.14147E+03 -0.17733E+03 -0.10794E+03  0.32504E+02
  0.19029E+03  0.21249E+03  0.68897E+02 -0.77291E+02 -0.17258E+03 -0.16314E+03
 -0.56322E+01  0.11136E+03  0.12175E+03  0.83092E+02  0.73258E+02  0.19199E+02
 -0.37116E+01  0.98260E+02  0.14742E+03  0.96312E+02 -0.22811E+02 -0.84232E+02
 -0.49024E+02  0.13265E+02 -0.33680E+02 -0.15064E+03 -0.15922E+03 -0.11079E+03
 -0.73995E+02  0.40281E+02  0.85469E+02  0.16661E+02 -0.28720E+02  0.22302E+01
  0.40988E+02  0.32376E+02  0.48264E+02  0.17299E+02 -0.38533E+02 -0.11343E+02
  0.11644E+02 -0.38944E+02 -0.54359E+02 -0.76235E+02 -0.13402E+03 -0.20353E+03
 -0.20862E+03 -0.24855E+03 -0.18130E+03  0.16109E+02  0.62204E+02  0.45665E+02
  0.29748E+02  0.48027E+02  0.10593E+03  0.16919E+03  0.22131E+03  0.23486E+03
  0.17558E+03  0.14778E+03  0.16201E+03  0.13095E+03  0.56653E+02  0.13291E+02
  0.24814E+02  0.21908E+02  0.56138E+00 -0.58527E+02 -0.13354E+03 -0.19254E+03
 -0.20968E+03 -0.14777E+03 -0.13837E+03 -0.14009E+03 -0.77495E+02 -0.25102E+02
 -0.44107E+02 -0.54244E+02  0.51774E+01  0.50860E+02  0.73003E+02  0.12536E+03
  0.17598E+03  0.14786E+03  0.12680E+03  0.15813E+03  0.12791E+03  0.27659E+02
 -0.18850E+02 -0.18081E+02  0.16075E+02  0.64417E+02  0.81520E+02  0.65107E+02
  0.28671E+02  0.41726E+02  0.47056E+02 -0.43214E+02 -0.14282E+03 -0.21459E+03
 -0.25225E+03 -0.20540E+03 -0.13629E+03 -0.84004E+02 -0.68174E+02 -0.57905E+02
 -0.98591E+02 -0.90652E+02  0.11250E+01 -0.19222E+02 -0.10151E+02  0.18843E+02
  0.61772E+02  0.11288E+03  0.10002E+03  0.91167E+02  0.11593E+03  0.78315E+02
  0.46011E+01 -0.18523E+02  0.17516E+02  0.78000E+02  0.88581E+02  0.87003E+02
  0.97104E+02  0.13215E+03  0.13641E+03  0.76904E+02  0.41334E+02  0.69973E+02
  0.86943E+02  0.77254E+02  0.72407E+01 -0.72425E+02 -0.13381E+03 -0.18598E+03
 -0.12538E+03 -0.71880E+02 -0.10012E+03 -0.13184E+03 -0.15427E+03 -0.17111E+03
 -0.14867E+03 -0.13703E+03 -0.12097E+03 -0.11016E+03 -0.62109E+02  0.32282E+02
  0.70612E+02  0.68976E+02  0.62931E+02  0.75571E+02  0.83154E+02  0.13071E+03
  0.16304E+03  0.12992E+03  0.35498E+02  0.33601E+02  0.63963E+02  0.53585E+02
  0.44845E+02  0.36458E+02  0.45999E+02  0.38781E+02  0.52102E+02  0.38523E+02
 -0.39485E+02 -0.97155E+02 -0.51208E+02 -0.29598E+02 -0.50909E+02 -0.40989E+02
 -0.37409E+02 -0.38677E+02  0.18655E+02  0.33381E+02 -0.59298E+01 -0.26832E+02
 -0.72623E+02 -0.80112E+02 -0.25145E+02 -0.26926E+01 -0.13952E+02  0.13009E+02
 -0.44470E+01 -0.77547E+02 -0.84342E+02 -0.77463E+02 -0.41838E+02 -0.43951E+01
  0.26663E+02  0.74167E+02  0.44724E+02  0.44778E+02  0.10173E+03  0.11293E+03
  0.26827E+02  0.25378E+01  0.25165E+02 -0.20823E+02 -0.59531E+01  0.13646E+02
 -0.56243E+01  0.19035E+02  0.55149E+02  0.55151E+02  0.16870E+02  0.16853E+02
  0.64864E+02  0.58019E+02 -0.35867E+02 -0.59747E+02 -0.22993E+02  0.15776E+02
  0.32546E+02  0.16836E+02  0.94494E+01 -0.19081E+02 -0.31276E+02 -0.26029E+02
 -0.78279E+01  0.14197E+02 -0.10983E+02 -0.52768E+02 -0.87567E+02 -0.82681E+02
 -0.67428E+02 -0.10189E+03 -0.10040E+03 -0.76272E+02 -0.21733E+02  0.19665E+02
  0.16723E+01  0.10042E+02  0.29262E+02  0.33309E+02  0.33884E+02  0.34632E+02
  0.40958E+02  0.14396E+02  0.40008E+01  0.27157E+02  0.29703E+02 -0.11866E+02
 -0.52755E+02  0.14449E+02  0.93998E+02  0.76621E+02  0.13145E+02 -0.11480E+02
  0.17277E+02  0.14798E+02 -0.16165E+02 -0.30992E+02 -0.30796E+02 -0.32646E+02
 -0.37890E+02 -0.23279E+02 -0.11208E+01  0.28977E+01  0.27360E+00  0.94395E+00
 -0.20044E+02 -0.27331E+02  0.15276E+02  0.51683E+02  0.48663E+02  0.28800E+02
  0.18072E+02  0.68469E+01 -0.46245E+01  0.10284E+02  0.27317E+02  0.14072E+02
  0.32872E+02  0.53472E+02  0.29015E+02 -0.79224E+01 -0.35273E+02 -0.50729E+02
 -0.53721E+02 -0.48578E+02 -0.39883E+02 -0.44507E+02 -0.35910E+02 -0.75391E+01
  0.55077E+01 -0.44159E+01  0.19757E+01  0.22680E+02  0.20577E+01 -0.25803E+00
  0.11937E+02  0.24483E+02  0.10156E+02 -0.25811E+02 -0.13269E+02  0.95290E+01
  0.21991E+02 -0.94583E+01 -0.41923E+02  0.67168E+01  0.28566E+02  0.35270E+02
  0.38205E+02  0.21181E+02  0.94377E+01  0.91267E+01  0.25252E+02  0.19614E+02
  0.23400E+02  0.35687E+02  0.45572E+02  0.28190E+02  0.18367E+02  0.37023E+02
  0.25921E+02  0.23151E+02 -0.10677E+01 -0.10201E+02  0.24208E+02  0.29989E+02
  0.14933E+02 -0.11979E+02 -0.31474E+02 -0.24236E+02 -0.11267E+02 -0.35361E+02
 -0.22178E+02 -0.68845E+01 -0.35452E+02 -0.31196E+02 -0.40656E+02 -0.50170E+02
 -0.31564E+02 -0.15971E+02 -0.35000E+02 -0.68644E+02 -0.62643E+02 -0.37042E+02
 -0.20818E+02 -0.49143E+01 -0.23277E+02 -0.32602E+02 -0.23277E+02 -0.26972E+02
 -0.26735E+02 -0.29534E+02 -0.21257E+02 -0.24898E+01 -0.17047E+02 -0.24785E+02
 -0.44838E+01  0.14807E+02  0.23164E+02  0.14672E+02  0.34701E+02  0.56729E+02
  0.65781E+02  0.83459E+02  0.93299E+02  0.74718E+02  0.73299E+01 -0.34442E+02
 -0.27760E+02 -0.15177E+02  0.26398E+02  0.32878E+02  0.39198E+02  0.63382E+02
  0.36187E+02  0.13290E+02  0.12007E+02  0.19134E+02  0.31106E-01 -0.13742E+02
 -0.83982E+01 -0.32795E+02 -0.46458E+02 -0.44840E+02 -0.47123E+02 -0.30844E+02
  0.20437E+02  0.55175E+02  0.64067E+02  0.53918E+02  0.69209E+02  0.72992E+02
  0.31566E+02  0.75201E+01  0.51255E+01  0.11276E+02  0.59581E+01  0.56964E+01
  0.10557E+01  0.16625E+02 -0.11631E+02 -0.77599E+02 -0.10128E+03 -0.76313E+02
 -0.56822E+02 -0.45113E+02 -0.30321E+02 -0.42628E+02 -0.44047E+02 -0.43460E+02
 -0.18182E+02  0.16517E+02  0.35868E+02  0.52984E+02  0.33371E+02  0.23696E+02
  0.47785E+02  0.37955E+02  0.10029E+02 -0.19255E+01  0.18642E+02  0.29184E+02
  0.20436E+02  0.27652E+02  0.35042E+02  0.47072E+01 -0.28901E+02 -0.28169E+02
 -0.12381E+01  0.15957E+02  0.12447E+02  0.32145E+01 -0.38887E+02 -0.50382E+02
 -0.30903E+02 -0.23576E+02 -0.26067E+02 -0.13057E+02  0.72620E+01  0.23533E+01
 -0.12212E+02  0.65754E+01  0.25973E+02  0.27153E+01 -0.43424E+01  0.36331E+02
  0.54640E+02  0.42631E+02  0.34153E+02  0.21723E+02  0.60316E+01  0.12891E+02
  0.84814E+01  0.70117E+01  0.18709E+02 -0.20103E+01 -0.18277E+02 -0.28063E+02
 -0.44422E+02 -0.60826E+02 -0.56185E+02 -0.54478E+02 -0.55320E+02 -0.59124E+02
 -0.60040E+02 -0.59033E+02 -0.54049E+02 -0.43497E+02 -0.54052E+02 -0.46005E+02
 -0.17431E+02  0.83724E+01  0.15218E+02 -0.41205E+01 -0.18275E+02 -0.97084E+01
 -0.20902E+01 -0.35242E+01  0.98909E+01  0.25136E+02  0.49554E+02  0.58263E+02
  0.42511E+02  0.13743E+02  0.14468E+01  0.34407E+02  0.68228E+02  0.90473E+02
  0.10542E+03  0.97037E+02  0.72452E+02  0.30458E+02  0.31447E+01  0.25014E+02
  0.22130E+02 -0.80357E+01 -0.22530E+02 -0.39371E+02 -0.25599E+02 -0.13961E+02
 -0.19425E+02 -0.47207E+01 -0.12851E+02 -0.22671E+02 -0.40665E+02 -0.50460E+02
 -0.28101E+02 -0.18931E+02 -0.21894E+02 -0.17603E+02 -0.75879E+01 -0.87115E+01
 -0.17442E+02 -0.24407E+02 -0.16162E+02  0.87803E+01  0.14366E+02  0.26609E+01
  0.46696E-01 -0.13085E+02 -0.25788E+02 -0.23775E+02 -0.29430E+02 -0.48018E+02
 -0.54779E+02 -0.34235E+02  0.49650E+01  0.28626E+02  0.35596E+02  0.29993E+02
 -0.11386E+00 -0.14499E+02  0.88720E+01  0.25640E+02  0.45392E+02  0.78476E+02
  0.81064E+02  0.70359E+02  0.55042E+02  0.34362E+02  0.19543E+02  0.27725E+02
  0.42230E+02  0.50871E+02  0.40036E+02  0.20876E+02  0.10964E+02 -0.91777E+01
 -0.20841E+02 -0.64266E+01  0.50901E+01  0.16336E+02  0.17423E+02 -0.65773E+01
 -0.13489E+02 -0.27105E+02 -0.49350E+02 -0.42812E+02 -0.36682E+02 -0.43132E+02
 -0.52858E+02 -0.69295E+02 -0.57170E+02 -0.32345E+02 -0.34479E+02 -0.43661E+02
 -0.45033E+02 -0.32940E+02 -0.20358E+02 -0.27607E+02 -0.32379E+02 -0.24042E+02
 -0.17068E+02 -0.73399E+00  0.13731E+02  0.16834E+02  0.13817E+02 -0.25062E+01
  0.11489E+02  0.42250E+02  0.62056E+02  0.65142E+02  0.61259E+02  0.61890E+02
  0.48744E+02  0.26517E+02  0.93806E+01  0.31420E+01 -0.17029E+02 -0.26071E+02
 -0.12890E+02 -0.62842E+01  0.33561E+00  0.19829E+02  0.36446E+02  0.23369E+02
  0.16912E+02  0.22511E+02  0.20843E+02  0.80285E+01  0.44718E+01  0.16452E+02
  0.24328E+02  0.29067E+02 -0.36044E+01 -0.28706E+02 -0.28121E+02 -0.14124E+02
 -0.36069E+01 -0.18811E+02 -0.40833E+02 -0.51780E+02 -0.43526E+02 -0.33069E+02
 -0.32014E+02 -0.30146E+02 -0.16495E+02 -0.14366E+02 -0.81388E+01  0.50033E+01
  0.18112E+01 -0.82464E+01 -0.74914E+01 -0.72055E+00 -0.20881E+01 -0.10522E+01
  0.44187E+01  0.41139E+01  0.75568E+01  0.75148E+01  0.95365E+01  0.14347E+02
  0.13493E+01  0.22235E+01 -0.57664E+01 -0.13335E+02 -0.32456E+01 -0.13654E+01
  0.83206E+01  0.50048E+01  0.43938E+00 -0.23331E+01 -0.12969E+02 -0.21621E+02
 -0.21509E+02 -0.11605E+02 -0.58971E+01 -0.10450E+01  0.22556E+02  0.36065E+02
  0.22853E+02  0.85457E+01  0.71068E+01  0.94112E+01  0.11533E+02 -0.99049E+01
 -0.17201E+02 -0.48506E+00  0.36996E+01  0.13153E+02  0.26049E+02  0.36487E+02
  0.30987E+02  0.29080E+02  0.29424E+02  0.19954E+02  0.11400E+02  0.19397E+02
  0.28257E+02  0.19501E+02  0.11527E+02  0.13690E+02  0.53274E+01 -0.10793E+01
 -0.40258E+01 -0.10552E+02 -0.13832E+02 -0.93045E+01  0.27506E+01  0.22869E+01
 -0.66277E+01 -0.14651E+02 -0.11323E+02 -0.51958E+01 -0.82182E+01 -0.73167E+01
 -0.15864E+02 -0.24607E+02 -0.12336E+02 -0.37262E+01  0.79268E+01  0.16797E+02
  0.50664E+01 -0.37314E+01 -0.99472E+01 -0.23827E+02 -0.40983E+02 -0.42025E+02
 -0.27607E+02 -0.17951E+02 -0.11871E+02 -0.79024E+01 -0.27201E+02 -0.23977E+02
 -0.26944E+01  0.54000E+01  0.12976E+00 -0.17513E+02 -0.11721E+02 -0.17792E+02
 -0.22636E+02 -0.38158E+01  0.17598E+02  0.12609E+02 -0.32759E+01  0.76867E-01
  0.12285E+02  0.16093E+02  0.25276E+02  0.22545E+02  0.15834E+02  0.15146E+02
 -0.62748E+01 -0.96072E+01 -0.40164E+00  0.12635E+02  0.16567E+02  0.28792E+02
  0.26250E+02  0.71232E+01  0.36041E+01 -0.10587E+02 -0.12449E+02 -0.67182E+01
 -0.13081E+01  0.12962E+02  0.12569E+02  0.69113E+01 -0.37417E+01 -0.12212E+02
 -0.74098E+01 -0.54581E+01 -0.10168E+02 -0.24707E+02 -0.30558E+02 -0.16300E+02
 -0.30811E+01  0.50361E+01  0.29347E+01  0.19593E+01  0.35151E+01 -0.50304E+01
  0.16235E+02  0.31046E+02  0.27416E+02  0.30496E+02  0.29162E+02  0.19035E+02
  0.83359E+01  0.34375E+01  0.62303E+01  0.15032E+02  0.57523E+01 -0.36700E+00
 -0.55996E+01 -0.60825E+01 -0.67098E+01  0.94892E+00  0.29154E+01 -0.23427E+02
 -0.41694E+02 -0.26202E+02  0.76978E+01  0.64918E+01 -0.40963E+00 -0.45325E+01
 -0.39165E+01 -0.28261E+01 -0.32201E+01 -0.85177E+01 -0.12578E+02 -0.13193E+02
 -0.16629E+02 -0.23455E+02 -0.42684E+02 -0.38051E+02 -0.14055E+02  0.81374E+01
  0.15303E+02  0.14265E+02  0.19865E+02  0.28255E+02  0.24788E+02  0.14700E+02
  0.19793E+01  0.85718E+01  0.17501E+02  0.11570E+02  0.14185E+02  0.14923E+02
  0.54051E+01 -0.31784E+01  0.35864E+01  0.35171E+01  0.55173E+01  0.30428E+01
 -0.51105E+01 -0.76397E+01 -0.13331E+02 -0.97707E+01 -0.47609E+01 -0.10018E+02
 -0.21260E+02 -0.22732E+02 -0.13873E+01  0.22628E+02  0.23827E+02  0.12706E+02
 -0.14850E+00  0.18123E+01  0.25604E+01 -0.41627E+01 -0.43346E+01  0.20824E+01
  0.20481E+02  0.28202E+02  0.25744E+02  0.27241E+02  0.25995E+02  0.18864E+02
  0.19681E+02  0.26881E+02  0.27973E+02  0.12340E+02 -0.64412E+01 -0.17777E+01
 -0.42251E+01 -0.11431E+02  0.70861E+01  0.13561E+02 -0.66490E+00  0.26297E+01
 -0.11077E+02 -0.37323E+02 -0.40879E+02 -0.26808E+02 -0.24357E+02 -0.28608E+02
 -0.21312E+02 -0.27955E+02 -0.31724E+02 -0.22267E+02 -0.14835E+02 -0.21099E+02
 -0.20243E+02 -0.20477E+01  0.54207E+00 -0.13455E+02 -0.26188E+02 -0.13546E+02
  0.44944E+01  0.63314E+01  0.83949E+01  0.53877E+01 -0.11200E+02 -0.19147E+02
 -0.15484E+02 -0.21720E+02 -0.11458E+02  0.28731E+02  0.68480E+02  0.73553E+02
  0.61895E+02  0.11285E+02 -0.57246E+02 -0.97878E+02 -0.11097E+03 -0.10317E+03
 -0.36111E+02  0.29408E+02  0.33740E+02  0.99455E+02  0.10453E+03  0.63778E+02
  0.44381E+02 -0.20043E+02 -0.42167E+02 -0.28130E+02 -0.17196E+02  0.19055E+02
  0.26240E+02  0.11613E+02  0.31258E+02  0.20949E+02  0.30389E+02  0.32125E+02
  0.17285E+02  0.10971E+02 -0.16116E+02 -0.39614E+01  0.17885E+02  0.79351E+01
  0.19519E+02  0.24975E+02  0.24120E+01 -0.19170E+01  0.45189E+01 -0.42654E+01
 -0.72203E+01 -0.13995E+02 -0.12292E+02  0.27106E+02  0.34991E+02  0.83608E+01
 -0.21727E+02 -0.34010E+02 -0.42086E+02 -0.41464E+02 -0.24660E+02 -0.19300E+02
  0.13447E+01  0.27547E+02  0.14575E+02 -0.12311E+02 -0.34757E+02 -0.38217E+02
 -0.29831E+02 -0.12554E+02  0.30732E+01  0.49794E+01  0.19220E+02  0.18857E+02
  0.54350E+01  0.28116E+01 -0.32550E+01 -0.11974E+02 -0.12920E+02 -0.12681E+02
 -0.10450E+02 -0.23382E+02 -0.32585E+02 -0.37055E+02 -0.39295E+02 -0.23601E+02
 -0.13821E+02 -0.54157E+01  0.34966E+01  0.10182E+02  0.19276E+02  0.45225E+02
  0.54217E+02  0.21194E+02  0.32187E+01  0.94175E+01  0.15247E+02  0.11937E+02
  0.40623E+01  0.19046E+01  0.67738E+01 -0.19262E+01 -0.53083E+01  0.66155E+01
  0.10115E+02  0.19913E+02  0.27940E+02  0.26691E+02  0.35188E+02  0.28281E+02
  0.10897E+02 -0.10344E+02 -0.13210E+02 -0.20459E+02 -0.33865E+02 -0.25972E+02
 -0.49953E+01  0.45721E+00 -0.14976E+02 -0.17654E+02 -0.18101E+02 -0.13208E+02
 -0.12285E+02 -0.12842E+02 -0.80314E+01  0.23971E+01  0.96840E+01  0.73447E+00
  0.30434E+01  0.13955E+02  0.10031E+02 -0.13931E+00 -0.80359E+01  0.34811E+01
  0.36430E+01 -0.34384E+01 -0.15634E+01 -0.19657E+01  0.85717E+01 -0.32106E+00
 -0.96692E+01  0.61636E+01  0.84056E+01  0.67740E+01  0.10556E+02  0.17619E+02
  0.21435E+02  0.27814E+02  0.33226E+02  0.33819E+02  0.23658E+02  0.15650E+02
  0.86124E+01  0.81177E+00 -0.55355E+01 -0.19164E+02 -0.20531E+02 -0.11381E+02
  0.64567E+01  0.78891E+01  0.53290E+01  0.78517E+00  0.69696E+01  0.15947E+02
  0.12257E+02  0.86840E+01 -0.19642E+01 -0.54469E+01 -0.16913E+02 -0.14350E+02
 -0.10432E+02 -0.17761E+02 -0.18367E+02 -0.21000E+02 -0.19281E+02 -0.24818E+02
 -0.24474E+02 -0.14771E+02 -0.99054E+01 -0.25926E+01  0.16396E+01 -0.10856E+02
 -0.15779E+02 -0.56463E+01 -0.10433E+02 -0.10684E+02 -0.14467E+01  0.86882E+01
  0.64847E+01 -0.39517E+01 -0.73694E+01 -0.62575E+01  0.12942E+01  0.49569E+00
 -0.46774E+01 -0.14287E+01 -0.74404E+01 -0.33278E+01  0.57630E+01  0.89486E+01
  0.13290E+02  0.11611E+02  0.23696E+01  0.86343E-01  0.56561E+01  0.38535E+01
  0.62146E+01  0.56913E+01  0.70210E+01 -0.52997E+00  0.75166E+00  0.34316E+00
  0.95353E+00  0.63309E+01  0.96379E+01  0.13245E+02  0.16374E+02  0.26340E+02
  0.95641E+01  0.18894E+01  0.41444E+01 -0.11703E+02 -0.17939E+01  0.11787E+02
  0.45419E+01 -0.89248E+01 -0.76996E+01 -0.56023E+01  0.15026E+01  0.22500E+02
  0.17669E+02 -0.29945E+01 -0.52211E+01 -0.20585E+01 -0.96555E+01 -0.10198E+01
 -0.32108E+01 -0.38146E+01 -0.89245E+01 -0.10635E+02 -0.97292E+01 -0.14919E+02
 -0.64659E+01  0.33844E+01  0.21263E+01 -0.57078E+01 -0.26501E+01 -0.81691E+01
 -0.32194E+01 -0.17959E+00 -0.79987E+01 -0.64002E+01 -0.24764E+01 -0.10962E+02
 -0.99206E+01 -0.31175E+01 -0.54598E+01 -0.84876E+01  0.32267E+01  0.13412E+02
  0.16130E+02  0.24783E+02  0.15336E+02  0.15432E+02  0.14176E+02  0.13281E+02
  0.10362E+02 -0.36873E+01 -0.12848E+00  0.56322E+01  0.10124E+02  0.11150E+02
  0.43514E+01 -0.11550E+02 -0.11787E+02 -0.54410E+01 -0.10656E+02 -0.13921E+02
 -0.13298E+02 -0.78500E+01 -0.17077E+01 -0.10701E+01 -0.39114E+01  0.22182E+00
 -0.16822E+01 -0.45044E+00 -0.85093E+01 -0.49952E+01  0.25626E+01  0.58944E+00
 -0.22540E+01  0.41565E+01  0.91623E+01  0.38358E+01  0.64068E+01  0.45363E+01
  0.57589E+01 -0.13455E+01 -0.83347E+01 -0.39738E+00 -0.31027E+01 -0.23456E+02
 -0.11409E+02  0.44275E+01  0.19432E+02  0.20258E+02  0.97370E+01 -0.30544E+01
 -0.29621E+02 -0.52624E+02 -0.89518E+01  0.92985E+00 -0.16505E+02  0.24399E+02
  0.12811E+02  0.15343E+00 -0.72451E+01 -0.29981E+00  0.57332E+01 -0.13825E+02
 -0.36345E+02 -0.22646E+02 -0.10038E+02 -0.13335E+02 -0.48824E+01 -0.24417E+01
 -0.93534E+01 -0.15575E+02 -0.17731E+01  0.38216E+01 -0.72780E+01 -0.38140E+01
  0.57000E+01  0.56034E+01  0.14075E+02  0.20527E+02  0.16830E+02  0.24904E+02
  0.32004E+02  0.29405E+02  0.20780E+02  0.11667E+02  0.87787E+01  0.12710E+02
  0.23870E+02  0.22064E+02  0.12602E+02  0.30106E+01 -0.72858E+01 -0.33773E+01
  0.80826E+01  0.77740E+01  0.55973E+01  0.13362E+02  0.10216E+02  0.89763E+01
  0.12977E+02  0.19888E+01 -0.11589E+02 -0.16679E+02 -0.11920E+02  0.60146E+00
  0.26778E+00 -0.47045E+01 -0.12757E+02 -0.12290E+02 -0.47580E+01 -0.56559E+01
 -0.66795E+01 -0.15284E+02 -0.85486E+01 -0.64874E+01 -0.11804E+02 -0.12471E+02
 -0.11676E+02 -0.19197E+02 -0.23157E+02 -0.15056E+02 -0.16505E+02 -0.13025E+02
 -0.49938E+01 -0.69779E+01 -0.11793E+02 -0.12273E+02 -0.72662E+01 -0.30876E+01
  0.14773E+01  0.54653E+01  0.20282E+02  0.22246E+02  0.14456E+02  0.15594E+02
  0.16504E+02  0.12139E+02  0.15941E+02  0.22999E+02  0.11771E+02  0.95437E+01
  0.15115E+02  0.24830E+02  0.21837E+02  0.15224E+02  0.21236E+02  0.19514E+02
  0.96576E+01  0.98188E+01  0.51629E+01  0.31417E+00 -0.92980E+00 -0.43883E+01
 -0.56763E+01 -0.69728E+01 -0.54808E+00 -0.66550E+01 -0.17873E+02 -0.22295E+02
 -0.18892E+02 -0.14282E+02 -0.65213E+01 -0.71485E+01 -0.80152E+01 -0.56816E+01
 -0.51831E+01 -0.13176E+02 -0.19811E+02 -0.16664E+02 -0.16384E+02 -0.80171E+01
 -0.48406E+01 -0.47280E+01 -0.92854E+01 -0.12547E+02 -0.10618E+02 -0.63218E+01
 -0.63203E+01 -0.72707E+01 -0.98429E+00  0.67089E+01  0.72952E+01  0.24153E+01
 -0.36144E+01 -0.28034E+01 -0.43200E+01 -0.40375E+01  0.33371E+01  0.90799E+01
  0.13957E+02  0.12728E+02  0.14006E+02  0.67271E+01 -0.38234E+01 -0.35744E+01
  0.43580E+01  0.11739E+02  0.11099E+02  0.12084E+02  0.17527E+02  0.10789E+02
  0.59608E+01  0.33747E+01 -0.26401E+01 -0.32551E+01 -0.16256E+00  0.67192E+01
  0.12408E+02  0.13986E+02  0.32029E+01 -0.13882E+02 -0.15355E+02 -0.19795E+02
 -0.15532E+02 -0.54983E+01  0.11864E+01  0.58825E+00  0.35066E+00 -0.27031E+01
 -0.83003E+01 -0.21927E+01  0.35569E+01  0.55653E+01  0.58038E+01  0.20140E+01
 -0.12956E+01 -0.66728E+01 -0.63820E+01 -0.28113E+01 -0.35831E+00  0.39169E+01
  0.76255E+00  0.78928E+00 -0.18807E+01 -0.15747E+00  0.40590E+01  0.61094E+01
  0.44691E+01  0.11427E+01  0.39358E+00 -0.26979E+01 -0.12053E+01 -0.28331E+01
  0.74600E+00  0.52100E+01 -0.40616E+00 -0.14214E+02 -0.19731E+02 -0.19091E+01
  0.42347E+01 -0.46067E+01 -0.13094E+02 -0.16355E+02 -0.20755E+02 -0.62882E+01
  0.72307E+01 -0.27095E+01 -0.13954E+02 -0.53817E+01  0.56313E+01  0.29801E+01
  0.39254E+01  0.86199E+01  0.42751E+01  0.14477E+01  0.68536E+01  0.61780E+01
  0.88195E+01  0.12743E+02  0.14156E+02  0.12681E+02  0.13505E+02  0.10279E+02
  0.88423E+01  0.89364E+01  0.46687E+01  0.38633E+01  0.52344E+01  0.26867E+01
  0.48924E+01  0.12496E+02  0.86768E+01  0.49055E+01  0.21205E+01  0.99023E+00
  0.30956E+01 -0.21579E+01 -0.67422E+01 -0.59821E+00  0.17544E+01 -0.80413E+00
  0.25886E+01 -0.29414E+01 -0.93773E+01 -0.74587E+01 -0.62846E+01 -0.99650E+01
 -0.11898E+02 -0.98288E+01 -0.15347E+02 -0.17356E+02 -0.10497E+02 -0.15330E+02
 -0.14567E+02 -0.61752E+01 -0.19182E+01 -0.42920E+01 -0.97106E+01 -0.11162E+02
 -0.86919E+01 -0.77337E+01 -0.60687E+01 -0.11406E+02 -0.16948E+02 -0.75978E+01
 -0.52035E+00  0.62925E+01  0.53512E+01  0.29606E+01  0.25537E+01  0.69785E+01
  0.11879E+02  0.12026E+02  0.12221E+02  0.85700E+01  0.16700E+02  0.15779E+02
  0.12152E+02  0.19114E+02  0.26409E+02  0.34652E+02  0.35871E+02  0.35318E+02
  0.28419E+02  0.19026E+02  0.69977E+01  0.73905E+01  0.73942E+01  0.67591E+01
  0.81768E+01  0.54823E+01  0.26201E+01 -0.25762E+01 -0.31883E+01 -0.35635E+01
 -0.48992E+01 -0.11758E+02 -0.13545E+02 -0.17588E+02 -0.21194E+02 -0.24853E+02
 -0.24425E+02 -0.20716E+02 -0.21573E+02 -0.19994E+02 -0.21371E+02 -0.21107E+02
 -0.20578E+02 -0.14387E+02 -0.75864E+01 -0.77650E+01 -0.12493E+02 -0.13011E+02
 -0.11430E+02 -0.59186E+01 -0.59992E+00 -0.35271E+01 -0.23482E+01 -0.32853E+01
 -0.22428E+01  0.22577E+01  0.13647E+01  0.32208E+01  0.10869E+02  0.11873E+02
  0.86363E+01  0.69486E+01  0.54412E+01  0.11248E+02  0.11408E+02  0.34354E+01
  0.78182E+01  0.41051E+01  0.50953E+01  0.93356E+01  0.93782E+01  0.13711E+02
  0.99344E+01  0.88551E+01  0.73831E+01  0.96339E+01  0.12383E+02  0.10610E+02
  0.26937E+01 -0.11997E+01  0.44102E+01  0.59330E+01  0.36183E+00 -0.48712E+00
 -0.42193E+01 -0.91681E+01 -0.21025E+01  0.31002E+01 -0.27619E+01 -0.73171E+00
  0.60652E+01  0.38467E+00 -0.76317E+01 -0.13260E+02 -0.38581E+01 -0.53467E+01
 -0.18377E+02 -0.16575E+02 -0.16503E+01  0.17288E+02  0.10964E+02 -0.15022E+01
  0.41746E+01 -0.26389E+00 -0.76011E+01 -0.57886E+01 -0.14095E+01 -0.67084E+00
 -0.45205E+01 -0.58913E+01  0.54454E+01  0.46009E+01 -0.11193E+02 -0.73922E+00
  0.78336E+01 -0.12184E+01 -0.49506E+01  0.10242E+01  0.12617E+01 -0.33764E+01
  0.13717E+01 -0.75588E+01 -0.36517E+01  0.32564E+01 -0.14887E+01  0.56857E+01
  0.55058E+01  0.58271E+01  0.60541E+01  0.45029E+01  0.45075E+01  0.15072E+01
  0.19376E+01  0.61740E+01 -0.28321E+01 -0.76945E+01 -0.29989E+01 -0.19079E+01
 -0.73596E+01 -0.85849E+00  0.13333E+01 -0.33907E+01 -0.93163E+01 -0.91879E+01
  0.71871E+00 -0.22417E+01 -0.16940E+01  0.63208E+00  0.44533E+01  0.35918E+01
  0.18560E+01  0.62035E+01 -0.60496E+00 -0.25820E+01 -0.44269E+01 -0.80146E+01
 -0.22430E+01  0.62402E+00 -0.67776E+00  0.67943E+00 -0.10376E+01 -0.60972E+01
 -0.41613E+01 -0.21246E+01  0.37516E+01  0.51108E+01  0.55076E+01 -0.31861E+01
 -0.30683E+01  0.58633E+01  0.68702E+01  0.98757E+01  0.45811E+01 -0.71844E-01
 -0.78744E+01 -0.22079E+01  0.81223E+01  0.82776E+01  0.96980E+01  0.53701E+01
 -0.54144E+01 -0.11852E+02 -0.66257E+01 -0.40335E+01 -0.53878E+01 -0.20577E+00
  0.37600E+01 -0.14990E+01 -0.36270E+01  0.20792E+01  0.26017E+01  0.51645E+01
  0.49510E+01  0.42589E+00  0.54380E+01  0.72649E+01  0.31573E+00 -0.39451E+01
 -0.42803E+01 -0.64106E+01 -0.46970E+01 -0.25474E+01 -0.39667E+01 -0.38868E+01
 -0.18419E+01 -0.19361E+01 -0.19987E+01 -0.45589E+01 -0.29461E+01  0.57085E+00
 -0.34363E+01 -0.26728E+01 -0.33352E+01 -0.40374E+01 -0.33494E+01  0.49905E+01
  0.38583E+01 -0.12152E+00  0.42299E+01  0.19465E+01 -0.11862E+01 -0.51075E+00
  0.56755E+01  0.27735E+01  0.39689E+01  0.44828E+01  0.19372E+01  0.36192E+01
  0.55045E+01  0.51084E+01  0.60710E+01  0.41776E+01 -0.19686E+01 -0.64106E+00
  0.55225E+00  0.23810E+01  0.24335E+01 -0.17205E+01  0.15004E+00  0.74667E-01
 -0.30372E+01  0.27024E+01  0.22747E+01  0.48604E+01  0.89605E+01  0.90336E+01
  0.48900E+01  0.25246E+01  0.35567E+01  0.96879E+01  0.81216E+01  0.48399E+01
  0.68929E+01 -0.22436E+01 -0.33990E+01 -0.59195E+01  0.27746E+01  0.15730E+01
 -0.14822E+01  0.25776E+01 -0.65842E+01 -0.76915E+01 -0.65317E+01 -0.69427E+01
 -0.87210E+01 -0.37888E+01 -0.66680E+01 -0.12827E+02 -0.14981E+02 -0.17335E+02
 -0.16243E+02 -0.14048E+02 -0.10810E+02 -0.11099E+02 -0.12990E+02 -0.93629E+01
 -0.62992E+01 -0.43239E+01 -0.18054E+01 -0.59743E+01 -0.57437E+01 -0.74780E+01
 -0.23718E+01  0.15056E+01 -0.16485E+01 -0.17680E+01 -0.34939E+01  0.20169E+01
  0.23041E+01  0.13059E+01  0.32288E+01  0.54034E+01  0.39206E+01 -0.95078E+00
  0.20143E+01  0.57071E+01  0.67219E+01  0.77745E+01  0.87705E+01  0.99216E+01
  0.45973E+01 -0.46490E+00  0.16425E+01  0.50458E+01  0.12662E+02  0.16973E+02
  0.11582E+02  0.15910E+02  0.14465E+02  0.10325E+02  0.91175E+01  0.60704E+01
  0.45689E+01  0.82979E+00 -0.10052E+01  0.85694E+00  0.65564E+01 -0.68094E-01
 -0.30418E+01 -0.37129E+01 -0.23248E+01  0.71989E+00  0.45767E+00  0.75536E+00
  0.95233E+00  0.16148E+01  0.58937E+00 -0.45085E+01 -0.63666E+01 -0.17533E+01
  0.18003E+00 -0.26741E+01 -0.91330E+01 -0.82688E+01 -0.71201E+01 -0.72020E+01
 -0.50380E+01 -0.27461E+01 -0.43420E+01 -0.52921E+01 -0.52991E+00  0.31188E+01
 -0.20735E+01 -0.35709E+01  0.41123E+00  0.27272E+00  0.33344E+00  0.23381E+01
 -0.52677E-01 -0.21835E+00  0.40887E+01  0.27507E+01  0.23963E+01  0.66404E+01
  0.52438E+01  0.93473E-01  0.21904E+01  0.33185E+01  0.39035E+01  0.38037E+00
 -0.69545E+00  0.23640E+01 -0.18070E+01 -0.56866E+01 -0.39252E+01 -0.32186E+01
  0.64403E+00 -0.88480E+00 -0.73603E+00  0.57667E+00 -0.25144E+01 -0.31101E+01
 -0.36134E+01 -0.28984E+01 -0.46096E+01 -0.76210E+01 -0.58281E+01 -0.28735E+01
 -0.33790E+01 -0.11395E+01  0.62615E+00  0.60932E+00 -0.25342E+01  0.14605E+01
  0.61578E+01  0.28759E+01  0.67070E+01  0.55956E+01  0.63963E+01  0.48888E+01
  0.16216E+01  0.25435E+00  0.61921E+00  0.21919E+01  0.66539E+01  0.14115E+02
  0.77404E+01  0.26363E+01  0.58991E+01  0.14062E+02  0.90948E+01  0.24222E+01
 -0.14448E+01  0.22942E+01  0.12310E+01 -0.95037E+01 -0.76747E+01 -0.71469E+01
 -0.78743E+01 -0.10399E+02 -0.32253E+01  0.62268E+00 -0.40474E+01 -0.15708E+01
 -0.15079E+01  0.13604E+00  0.62760E+01 -0.60840E+00 -0.82121E+01  0.34365E+00
  0.31955E+01  0.37785E+01  0.45690E+01 -0.41817E+01 -0.98898E+01 -0.70924E+01
 -0.81660E+01 -0.36596E+01  0.54136E-01 -0.82661E+00  0.40719E+01  0.18009E+01
 -0.48271E+00  0.91854E-01 -0.11516E+01 -0.19527E+01  0.12284E+01 -0.36529E+00
 -0.12544E+01 -0.13669E+00  0.20589E+01  0.67604E+01 -0.16717E+01 -0.23092E+01
  0.34576E+01  0.12285E+01  0.28495E+01  0.33192E+01  0.41035E+01  0.54581E+01
  0.60663E+01  0.64815E+01  0.67101E+01  0.21114E+01 -0.10760E+01  0.39568E+01
  0.60584E+00 -0.48170E+01 -0.33449E+01 -0.75241E+01 -0.62366E+01 -0.95217E+00
 -0.15058E+01 -0.85988E+00 -0.21411E+01 -0.17657E+01  0.26988E+01 -0.23025E+01
 -0.34055E+01 -0.35418E+01 -0.34433E+01 -0.54458E+01 -0.73918E+01 -0.53891E+01
 -0.42232E+01 -0.18033E+01 -0.25414E+01 -0.15704E+00 -0.83582E-01 -0.15242E+01
 -0.46007E+01  0.40158E-01 -0.13810E+00 -0.32047E+00 -0.26208E+01 -0.44934E+01
 -0.29416E+01 -0.34512E+01  0.28965E+01  0.32592E+01  0.40247E+01  0.33998E+01
  0.33160E+01  0.18166E+01 -0.19663E+01 -0.41576E+01 -0.24507E+01 -0.68285E+00
 -0.15655E+00  0.79977E+00  0.11081E+01  0.20245E+01 -0.11378E+01 -0.93225E+00
  0.59232E+00  0.85236E+00 -0.46662E+00 -0.29725E+01 -0.23727E+01 -0.53357E+01
 -0.40628E+01  0.17040E+01  0.39372E+01  0.71708E+01  0.66467E+01  0.88212E+01
  0.10432E+02  0.71395E+01  0.75003E+01  0.70641E+01  0.72068E+01  0.43570E+01
  0.48332E+01  0.97659E+00 -0.40205E+01 -0.12335E+01 -0.73858E+00 -0.54353E+00
 -0.10531E+01  0.31158E+01  0.23441E+01 -0.37728E+01 -0.29549E+01  0.41183E+01
  0.45125E+01  0.88268E+00  0.14678E+01 -0.20949E+01 -0.14701E+01 -0.16545E+01
 -0.59365E+01 -0.65174E+01 -0.86584E+01 -0.40701E+01  0.25391E+00 -0.21744E+01
 -0.63725E+01 -0.84318E+01 -0.56867E+01  0.12376E+01 -0.22854E+01 -0.69805E+01
 -0.34869E+01 -0.32873E+00 -0.12073E+01 -0.11926E+01 -0.89060E+00 -0.36419E+01
 -0.11611E+01 -0.22305E+01 -0.36144E+01 -0.19368E+01 -0.72128E+01 -0.85468E+00
 -0.28006E+01 -0.28027E+01  0.38175E+01 -0.28412E+00  0.48550E+00  0.19912E+01
  0.53129E+01  0.51158E+01  0.32327E+01  0.34320E+01  0.73387E+01  0.71018E+01
  0.63553E+01  0.69048E+01  0.93960E+01  0.59549E+01  0.53384E+01  0.32729E+01
  0.31535E+01  0.29941E+01 -0.29236E+01 -0.23070E+01 -0.26341E+01 -0.28207E+01
 -0.17784E+01  0.45755E+01  0.49446E+01  0.49866E+01  0.20047E+01 -0.36719E+01
 -0.13463E+01 -0.19186E+01 -0.10442E+01 -0.15076E+01 -0.35631E+00  0.16568E+01
 -0.38564E+01 -0.51354E+01 -0.19960E+01 -0.16017E+01 -0.19623E+01 -0.17442E+01
 -0.19979E+01 -0.19433E+01 -0.19182E+01 -0.19622E+01 -0.19264E+01 -0.58223E+00
  0.40836E+01  0.34965E+01 -0.89881E+00 -0.35577E+01 -0.21715E+00 -0.38491E+01
 -0.74412E+01 -0.82131E+01 -0.74832E+01  0.97623E+00  0.78546E+00  0.15781E+01
 -0.28633E+01 -0.28633E+01  0.13014E+01  0.38136E+01  0.54178E+01  0.54284E+01
  0.52312E+01  0.35956E+01  0.52397E+01  0.36523E+01  0.41724E+01  0.37383E+01
  0.43066E+01  0.29227E+01 -0.13264E+00  0.17966E+01  0.27613E+01  0.46717E+01
  0.51498E+01  0.41642E+01  0.51939E+01  0.46360E+01  0.76809E+01 -0.84754E+00
 -0.35778E+01 -0.39846E+01 -0.60900E+01 -0.47213E+00  0.12034E+01  0.22100E+01
 -0.97326E+00 -0.60145E+01 -0.60585E+01 -0.14828E+01 -0.45633E+01 -0.81681E+01
 -0.63940E+01 -0.31038E+01 -0.38357E+01 -0.14346E+01  0.35940E+01  0.35374E+01
  0.22309E+01  0.13859E+01 -0.42229E-01  0.28286E+01 -0.16024E+01 -0.13760E+01
 -0.29235E+01  0.41014E+01  0.11552E+02  0.10451E+00 -0.65577E+01 -0.12444E+02
 -0.13844E+01  0.42101E+00  0.29626E+01  0.28032E+01  0.14129E+01 -0.82374E-01
 -0.11616E+02 -0.11245E+02 -0.90051E+01  0.14188E+00  0.30860E+01  0.54074E+01
  0.36772E+01  0.54597E+01  0.67430E+00 -0.13514E+01  0.54575E+01  0.47969E+01
  0.37986E+01 -0.35031E+01 -0.22577E+01 -0.31091E+01  0.28694E+01  0.41737E+01
  0.68215E+00 -0.23313E+01 -0.32247E+01 -0.28117E+01 -0.26419E+01 -0.20904E+01
 -0.58944E+01 -0.40135E+01 -0.58919E+00 -0.14071E+01 -0.26864E+01 -0.22083E+01
 -0.13863E+01  0.38477E+01  0.53637E+01 -0.17724E+01  0.43738E+01  0.33084E+01
 -0.22298E+01  0.40338E+01  0.47404E+01  0.44278E+01 -0.16745E+01 -0.81068E+00
 -0.10225E+01  0.61299E+00  0.43979E+01  0.57106E+01  0.36114E+01 -0.20653E+01
 -0.16313E+01  0.22656E+00  0.89961E+00  0.10106E+01  0.13355E+01  0.84478E+00
  0.53641E+00  0.95360E+00  0.39123E+01  0.14461E+01 -0.41970E+01 -0.46060E+01
 -0.37296E+01 -0.57030E+01 -0.28218E+01 -0.32120E+01  0.15146E+01  0.44942E+01
  0.97766E+01  0.54463E+01  0.22333E+01  0.65627E+00 -0.41523E+01  0.29145E+01
  0.43404E+01  0.40424E+01  0.33063E+01  0.28228E+00 -0.34212E+01  0.32817E+00
 -0.18843E+01 -0.48747E+01  0.17054E+00  0.34082E+01  0.41882E+01  0.21686E+01
 -0.24575E+01 -0.66893E+00 -0.65846E+00 -0.22104E+01 -0.29507E+01 -0.29571E+01
 -0.49116E+01 -0.34921E+01 -0.22802E+01 -0.31840E+01 -0.26662E+01 -0.35638E+01
 -0.30418E+01 -0.35221E+01 -0.27820E+01 -0.28974E+01 -0.20901E+01 -0.26459E+01
 -0.27656E+01 -0.24364E+01 -0.13377E+01 -0.15894E+01 -0.66468E+00  0.21431E+01
  0.15789E+01  0.35689E+01 -0.57905E+00  0.65181E+00 -0.57035E-01  0.21426E+01
  0.54076E+01  0.60219E+01  0.67097E+01  0.30190E+01  0.53969E+01  0.29475E+01
 -0.14981E+01  0.89031E+00  0.44426E+01  0.27964E+01  0.40420E+01  0.26559E+01
  0.28285E-01  0.48010E+01  0.38385E+01  0.40964E+01 -0.22364E+01  0.32186E+00
  0.57846E+01  0.72451E+00 -0.24126E+01 -0.59188E+01 -0.48807E+01 -0.36497E+01
 -0.52141E+01 -0.69314E+01 -0.17896E+01 -0.28359E+01 -0.43478E+01 -0.52180E+01
 -0.58596E+01 -0.57840E+01 -0.69352E+01 -0.46598E+01 -0.25376E+01  0.80517E+00
 -0.25751E+01  0.27414E-01  0.21078E+01 -0.42376E+01 -0.43863E+01  0.28590E+00
  0.17519E+01  0.35449E+01 -0.37965E+01 -0.80808E+00  0.10564E+01 -0.39385E+01
 -0.28772E+01 -0.19501E+01  0.45320E+01  0.25610E+01  0.41394E+00 -0.22742E+01
 -0.33749E+01 -0.25819E+01  0.17905E+01  0.27135E+01 -0.36246E+00  0.13902E+00
  0.83765E+00  0.50035E+00 -0.36724E+01  0.11280E+01  0.50686E+01  0.59267E+01
  0.65142E+01  0.61559E+01  0.85175E+01  0.10458E+02  0.53896E+01  0.22236E+01
  0.42645E+01  0.25139E+01  0.29358E+01  0.31649E+01  0.36246E+01  0.27627E+00
  0.33750E+00  0.23909E+01 -0.32222E+01 -0.34838E+01 -0.51566E+01 -0.71886E+00
  0.13312E+00 -0.27392E+01 -0.53464E+00 -0.46504E+01 -0.30981E+01 -0.37475E+01
  0.37059E+01  0.34923E+00 -0.18499E+01  0.37917E+01  0.23916E+01  0.56373E+00
  0.13886E+01  0.38281E+01  0.60574E+00  0.53733E+00 -0.10641E+01 -0.48148E+01
 -0.43150E+01  0.38516E+00  0.44668E+01  0.91334E+01  0.21785E+01 -0.56529E+01
 -0.56897E+01 -0.77272E+01 -0.52938E+01 -0.19482E+01 -0.67179E+01 -0.53016E+01
 -0.62883E+01 -0.39094E+01 -0.38476E+01  0.15026E+00  0.11850E+01  0.94066E+00
  0.32966E+01 -0.25446E+01  0.14911E+01  0.29267E+00 -0.16754E+01 -0.51175E+01
 -0.47873E+01 -0.11553E+02 -0.35268E+01  0.32371E+01  0.20744E+01  0.32414E+01
 -0.73032E+01 -0.71070E+01 -0.42497E+01  0.17552E+01  0.21191E+01  0.29403E+01
  0.72925E+00 -0.33986E+01  0.10085E+01  0.38428E+01 -0.88049E+00  0.12786E+01
  0.17728E+01 -0.46533E+01  0.36291E+01  0.11238E+02  0.48459E+01  0.11397E+01
  0.56077E+01  0.10418E+01 -0.35367E+01  0.43201E+01  0.54727E+01 -0.17605E+01
  0.24140E+00  0.18177E+01 -0.47496E+00  0.65638E+01  0.78594E+01  0.13412E+01
 -0.85595E+01 -0.81239E+01 -0.41968E+01 -0.39227E+01  0.77817E+00  0.18113E+01
  0.15361E+01  0.97977E+00  0.33781E+01  0.42688E+01  0.69083E+01  0.69707E+01
  0.45439E+01  0.32264E+01  0.45008E+01  0.61737E+01  0.62549E+01  0.37568E+01
 -0.54495E+01 -0.15182E+01  0.41641E+01  0.57551E+01  0.30852E+01 -0.29128E+01
 -0.54590E+01 -0.53925E+01 -0.58564E+01 -0.70963E+01 -0.41191E+01 -0.41993E+01
 -0.39587E+01  0.44875E+01  0.12051E+01 -0.31487E+01 -0.30445E+01  0.46744E+00
  0.17960E+00 -0.19683E+01 -0.31642E+01 -0.32024E+01 -0.35281E+01 -0.32099E+01
  0.12876E+01 -0.44168E+01 -0.19954E+01 -0.22330E+01  0.15200E+01  0.30397E+01
  0.41212E+01  0.18033E+01 -0.21439E+01  0.29005E+00 -0.35236E+00  0.55018E+01
  0.34922E+01  0.51040E+01  0.28323E+01 -0.30562E+00  0.53870E+01 -0.31255E+01
 -0.38434E+01 -0.37205E+01 -0.99106E+00  0.37201E+01  0.50948E+01  0.55217E+01
  0.33672E+01  0.57380E+01  0.52170E+01  0.70027E+01  0.69786E+01  0.33561E+01
  0.41835E+01  0.58935E+01  0.38990E+00  0.97687E+01  0.16985E+02 -0.68460E+01
 -0.21993E+02 -0.97736E+01  0.29433E+01 -0.44792E+01 -0.10505E+02 -0.12740E+02
 -0.10162E+02 -0.74734E+01  0.21300E+01  0.23702E+02  0.47590E+02  0.39618E+02
  0.36359E+01  0.25174E+00 -0.11629E+02 -0.32666E+02 -0.26764E+02 -0.70190E+01
  0.65764E+01  0.10416E+02  0.77679E+01 -0.91611E+01 -0.12025E+02 -0.26432E+01
 -0.10910E+02 -0.15794E+02  0.43501E+01  0.84559E+01 -0.32538E+01  0.17257E+02
  0.18275E+02 -0.31056E+01 -0.45886E+01  0.79195E+00  0.31380E+01  0.96361E+01
  0.36612E+01 -0.17726E+02 -0.15654E+02 -0.16945E+01 -0.56963E+01  0.29907E+01
  0.51330E+01  0.13612E+02  0.17060E+02 -0.17776E+01  0.65790E+00  0.17828E+01
 -0.53988E+00 -0.12345E+02 -0.13234E+02  0.21883E+01  0.13890E+02 -0.10682E+02
 -0.15370E+02  0.55159E+01 -0.51785E+01 -0.15014E+02 -0.26681E+01  0.13250E+02
 -0.76403E+00  0.26518E+01  0.26391E+01 -0.70200E+01 -0.37490E+01 -0.77173E+00
  0.23397E+01  0.39979E+01  0.36910E+01 -0.10949E+02 -0.11801E+02  0.10379E+01
  0.26807E+01 -0.43305E+01  0.57297E+01  0.87355E+01 -0.98961E+00 -0.40715E+01
 -0.24899E+01 -0.59642E+01 -0.81468E+01 -0.30089E+01  0.17074E+01  0.74634E+01
  0.71996E+01  0.68008E+01  0.45862E+01 -0.13528E+01  0.17566E+01  0.56279E+00
 -0.56368E+01 -0.86903E+01 -0.65818E+01  0.45375E+01  0.42596E+01  0.13751E+01
  0.16862E+01  0.71619E+01  0.10814E+02  0.82660E+01  0.10250E+02  0.15124E+01
 -0.12481E+02 -0.17138E+02 -0.95660E+01 -0.10525E+02 -0.11481E+02  0.10206E+01
  0.24522E+01  0.65889E+01  0.11002E+02  0.14313E+02  0.22578E+01 -0.28412E+01
  0.94247E+00 -0.99301E+01 -0.48460E+01 -0.87003E+00 -0.78884E+01 -0.14452E+02
 -0.13416E+01  0.26740E+01  0.12646E+01  0.61606E+01 -0.27988E+00  0.27474E+01
  0.77269E+01  0.34753E+01 -0.68661E+01 -0.10392E+02 -0.57973E+01 -0.82902E+01
  0.52946E+01  0.13718E+02  0.87698E+01  0.94324E+01 -0.30024E+00 -0.30896E+01
 -0.47929E+01 -0.46531E+01 -0.61071E+01  0.15984E+01 -0.43481E+00 -0.18117E+01
  0.50293E+01  0.31655E+01  0.39732E+01  0.18009E+01  0.13836E+01 -0.48321E+01
 -0.29955E+01 -0.10434E+02 -0.86732E+01 -0.73847E+01 -0.74397E+01  0.65754E+00
  0.28392E+01  0.39239E+01  0.52413E+01  0.51408E+01  0.27252E+01  0.42874E+01
  0.58724E+01  0.80653E+01 -0.37774E+00 -0.72246E+00  0.14658E+01  0.57552E+00
 -0.37834E+01 -0.14489E+01  0.31721E+00 -0.78589E+01 -0.84713E+01 -0.58443E+00
  0.64904E+01  0.65360E+01  0.74684E+01  0.48421E+01  0.27985E+01 -0.55279E+01
 -0.65045E+01  0.19153E+01  0.10997E+01 -0.19661E+01  0.26891E+01  0.63752E+01
