  0.45156E-01  0.85142E-01  0.72012E-01  0.77131E-01  0.74854E-01  0.76268E-01
  0.74904E-01  0.76367E-01  0.75116E-01  0.76438E-01  0.75483E-01  0.76601E-01
  0.75802E-01  0.76650E-01  0.75795E-01  0.76247E-01  0.75003E-01  0.74720E-01
  0.72803E-01  0.71502E-01  0.68483E-01  0.65810E-01  0.61363E-01  0.56985E-01
  0.50622E-01  0.43996E-01  0.35242E-01  0.25866E-01  0.13774E-01  0.55131E-03
 -0.15564E-01 -0.33418E-01 -0.54412E-01 -0.77591E-01 -0.10438E+00 -0.13374E+00
 -0.16723E+00 -0.20329E+00 -0.24379E+00 -0.28672E+00 -0.33264E+00 -0.38339E+00
 -0.43896E+00 -0.49436E+00 -0.55533E+00 -0.61858E+00 -0.68091E+00 -0.74686E+00
 -0.81643E+00 -0.88515E+00 -0.95460E+00 -0.10213E+01 -0.10914E+01 -0.11671E+01
 -0.12378E+01 -0.13037E+01 -0.13710E+01 -0.14356E+01 -0.14975E+01 -0.15536E+01
 -0.16019E+01 -0.16441E+01 -0.16693E+01 -0.16730E+01 -0.16806E+01 -0.16910E+01
 -0.16947E+01 -0.16963E+01 -0.16965E+01 -0.16877E+01 -0.16833E+01 -0.16846E+01
 -0.16605E+01 -0.16140E+01 -0.15619E+01 -0.15001E+01 -0.14334E+01 -0.13693E+01
 -0.12956E+01 -0.12078E+01 -0.11371E+01 -0.10767E+01 -0.10085E+01 -0.93450E+00
 -0.85280E+00 -0.75568E+00 -0.65994E+00 -0.57130E+00 -0.46382E+00 -0.34489E+00
 -0.23230E+00 -0.12862E+00 -0.14141E-01  0.10513E+00  0.19279E+00  0.30437E+00
  0.45751E+00  0.60302E+00  0.74845E+00  0.90259E+00  0.10569E+01  0.11929E+01
  0.13008E+01  0.14115E+01  0.15232E+01  0.16285E+01  0.17405E+01  0.18596E+01
  0.20020E+01  0.21702E+01  0.23252E+01  0.24618E+01  0.25836E+01  0.26861E+01
  0.27493E+01  0.27890E+01  0.28501E+01  0.29078E+01  0.29592E+01  0.30290E+01
  0.31060E+01  0.31829E+01  0.32340E+01  0.32472E+01  0.32472E+01  0.32284E+01
  0.31841E+01  0.31321E+01  0.30778E+01  0.30451E+01  0.30423E+01  0.30348E+01
  0.30189E+01  0.30005E+01  0.29641E+01  0.29094E+01  0.28229E+01  0.27076E+01
  0.26038E+01  0.25178E+01  0.24393E+01  0.23769E+01  0.23315E+01  0.22907E+01
  0.22617E+01  0.22483E+01  0.22103E+01  0.21660E+01  0.21387E+01  0.20934E+01
  0.20412E+01  0.19908E+01  0.19157E+01  0.18437E+01  0.18014E+01  0.17675E+01
  0.17311E+01  0.16935E+01  0.16498E+01  0.16007E+01  0.15422E+01  0.14702E+01
  0.13844E+01  0.12775E+01  0.11642E+01  0.10512E+01  0.90450E+00  0.74815E+00
  0.60539E+00  0.45028E+00  0.28340E+00  0.10189E+00 -0.77534E-01 -0.23301E+00
 -0.39394E+00 -0.58236E+00 -0.80005E+00 -0.10438E+01 -0.13048E+01 -0.15550E+01
 -0.17760E+01 -0.19616E+01 -0.21055E+01 -0.21672E+01 -0.21046E+01 -0.20604E+01
 -0.21063E+01 -0.21749E+01 -0.24059E+01 -0.27554E+01 -0.29881E+01 -0.31997E+01
 -0.34114E+01 -0.32550E+01 -0.25818E+01 -0.21714E+01 -0.25093E+01 -0.25560E+01
 -0.22503E+01 -0.29815E+01 -0.41931E+01 -0.43342E+01 -0.34016E+01 -0.19655E+01
 -0.14286E+01 -0.30631E+01 -0.45429E+01 -0.36511E+01 -0.40345E+01 -0.73283E+01
 -0.69880E+01 -0.81550E+00  0.36000E+01  0.20358E+01 -0.45347E+00 -0.81600E+00
 -0.25004E+01 -0.48642E+01 -0.35446E+01  0.23755E+01  0.77676E+01  0.45594E+01
 -0.37155E+01 -0.61565E+01 -0.58877E+01 -0.11934E+02 -0.16272E+02 -0.11738E+02
 -0.77750E+01 -0.29635E+01  0.85386E+01  0.13330E+02  0.54264E-01 -0.10559E+02
  0.14485E+01  0.91131E+01 -0.52510E+01 -0.18552E+02 -0.26069E+02 -0.37714E+02
 -0.38026E+02 -0.17798E+02  0.85066E+00  0.68626E+01  0.17034E+01 -0.97338E+01
  0.68155E+01  0.47172E+02  0.57898E+02  0.40219E+02  0.24908E+02  0.13579E+02
  0.21970E+01  0.40663E+01  0.24402E+02  0.36100E+02  0.29244E+02  0.16042E+02
 -0.16486E+01 -0.98163E+01  0.39882E+01  0.18840E+02  0.17145E+02  0.10221E+02
  0.42106E+01 -0.28207E+01 -0.50002E+01 -0.16195E+01  0.77071E+01  0.22043E+02
  0.15224E+02 -0.32702E+02 -0.74112E+02 -0.54982E+02 -0.80433E+01  0.50312E+01
 -0.23513E+02 -0.46077E+02 -0.28702E+02  0.14474E+01  0.19996E+02  0.24150E+02
  0.16506E+02  0.15555E+02  0.11324E+02 -0.69754E+01 -0.22287E+02 -0.32650E+02
 -0.34373E+02 -0.34459E+02 -0.30667E+02  0.86481E+00  0.39162E+02  0.58249E+02
  0.36846E+02 -0.60472E+01 -0.74409E+01  0.53319E+01 -0.94402E+00 -0.91040E+01
 -0.13509E+02  0.44717E+01  0.33281E+02  0.42257E+02  0.31665E+02  0.25431E+02
  0.36385E+02  0.34043E+02  0.17209E+02  0.29868E+01 -0.22604E+02 -0.45002E+02
 -0.49118E+02 -0.44156E+02 -0.32803E+02 -0.34117E+02 -0.54943E+02 -0.62433E+02
 -0.48191E+02 -0.39306E+02 -0.30756E+02 -0.24423E+01  0.15771E+02 -0.11762E+02
 -0.52559E+02 -0.39066E+02  0.19483E+02  0.44867E+02  0.22589E+02  0.12631E+02
  0.41114E+02  0.56402E+02  0.19307E+02 -0.84216E+01  0.34988E+02  0.10202E+03
  0.10683E+03  0.41419E+02 -0.28284E+01  0.15445E+02  0.21575E+02 -0.14952E+02
 -0.43044E+02 -0.23100E+02  0.27611E+02  0.30971E+02 -0.38890E+02 -0.85279E+02
 -0.52419E+02 -0.20783E+02 -0.60796E+02 -0.12509E+03 -0.12449E+03 -0.60628E+02
 -0.22303E+02 -0.43512E+02 -0.63754E+02 -0.43006E+02 -0.19170E+02 -0.33453E+02
 -0.83523E+02 -0.15444E+03 -0.22486E+03 -0.26888E+03 -0.29122E+03 -0.31193E+03
 -0.32496E+03 -0.32962E+03 -0.33718E+03 -0.30232E+03 -0.17824E+03 -0.21601E+02
  0.10035E+03  0.22640E+03  0.39528E+03  0.53662E+03  0.59558E+03  0.61045E+03
  0.62533E+03  0.66119E+03  0.72986E+03  0.77953E+03  0.69957E+03  0.47678E+03
  0.23487E+03  0.75611E+02 -0.17473E+02 -0.98478E+02 -0.15487E+03 -0.17214E+03
 -0.18278E+03 -0.19135E+03 -0.17763E+03 -0.13814E+03 -0.87391E+02 -0.69487E+02
 -0.11342E+03 -0.18068E+03 -0.23610E+03 -0.28581E+03 -0.32971E+03 -0.36441E+03
 -0.39184E+03 -0.41726E+03 -0.45885E+03 -0.52941E+03 -0.61388E+03 -0.67543E+03
 -0.68676E+03 -0.65505E+03 -0.60877E+03 -0.57055E+03 -0.53447E+03 -0.46086E+03
 -0.32309E+03 -0.14279E+03  0.43946E+02  0.21048E+03  0.34259E+03  0.45423E+03
  0.55845E+03  0.65175E+03  0.74184E+03  0.83893E+03  0.95216E+03  0.10829E+04
  0.12012E+04  0.12580E+04  0.12126E+04  0.10784E+04  0.91826E+03  0.75936E+03
  0.59204E+03  0.43083E+03  0.28952E+03  0.13800E+03 -0.48295E+02 -0.23930E+03
 -0.40207E+03 -0.52952E+03 -0.60133E+03 -0.60872E+03 -0.57842E+03 -0.51547E+03
 -0.39871E+03 -0.24845E+03 -0.12635E+03 -0.54659E+02  0.11598E+01  0.57625E+02
  0.99257E+02  0.13366E+03  0.17309E+03  0.19720E+03  0.18924E+03  0.13591E+03
  0.33740E+02 -0.57095E+02 -0.96902E+02 -0.12669E+03 -0.14239E+03 -0.99201E+02
 -0.29628E+02  0.65945E+01 -0.48960E+01 -0.55726E+02 -0.11511E+03 -0.15223E+03
 -0.18477E+03 -0.24303E+03 -0.32185E+03 -0.39886E+03 -0.45555E+03 -0.47579E+03
 -0.45555E+03 -0.41531E+03 -0.37656E+03 -0.33663E+03 -0.29013E+03 -0.25214E+03
 -0.24035E+03 -0.24247E+03 -0.23357E+03 -0.23052E+03 -0.25658E+03 -0.28539E+03
 -0.28216E+03 -0.24445E+03 -0.21267E+03 -0.22262E+03 -0.22672E+03 -0.18214E+03
 -0.14468E+03 -0.11540E+03 -0.11636E+02  0.13035E+03  0.19528E+03  0.17073E+03
  0.12833E+03  0.11329E+03  0.10052E+03  0.77591E+02  0.80504E+02  0.75993E+02
 -0.67162E+00 -0.10811E+03 -0.16194E+03 -0.13050E+03 -0.41471E+02  0.55219E+02
  0.14416E+03  0.23831E+03  0.35290E+03  0.48590E+03  0.60732E+03  0.69289E+03
  0.74883E+03  0.80082E+03  0.86800E+03  0.91773E+03  0.85950E+03  0.64562E+03
  0.33170E+03  0.11703E+02 -0.19041E+03 -0.22784E+03 -0.26928E+03 -0.37600E+03
 -0.37970E+03 -0.27467E+03 -0.17796E+03 -0.78858E+02  0.45376E+02  0.13836E+03
  0.16514E+03  0.13533E+03  0.47611E+02 -0.84853E+02 -0.22101E+03 -0.33267E+03
 -0.42853E+03 -0.52287E+03 -0.59289E+03 -0.64250E+03 -0.69940E+03 -0.73375E+03
 -0.71198E+03 -0.64862E+03 -0.56299E+03 -0.46731E+03 -0.35828E+03 -0.19691E+03
  0.20335E+02  0.20892E+03  0.28590E+03  0.26714E+03  0.24536E+03  0.28616E+03
  0.37372E+03  0.43528E+03  0.40513E+03  0.28777E+03  0.15375E+03  0.82088E+02
  0.76665E+02  0.77372E+02  0.77167E+02  0.98173E+02  0.12174E+03  0.13956E+03
  0.16388E+03  0.16491E+03  0.92058E+02 -0.25682E+02 -0.10041E+03 -0.11013E+03
 -0.12597E+03 -0.20559E+03 -0.30759E+03 -0.34860E+03 -0.28247E+03 -0.12718E+03
  0.53868E+02  0.21682E+03  0.35530E+03  0.47078E+03  0.54821E+03  0.54171E+03
  0.44502E+03  0.34179E+03  0.28192E+03  0.23092E+03  0.17183E+03  0.10587E+03
  0.33835E+02  0.19360E+02  0.10674E+03  0.22255E+03  0.26766E+03  0.20628E+03
  0.93784E+02  0.56583E+00 -0.95042E+02 -0.22842E+03 -0.36710E+03 -0.45721E+03
 -0.48754E+03 -0.48779E+03 -0.47538E+03 -0.45828E+03 -0.44246E+03 -0.42583E+03
 -0.40382E+03 -0.34463E+03 -0.22190E+03 -0.67580E+02  0.78139E+02  0.20703E+03
  0.31297E+03  0.36523E+03  0.32960E+03  0.23426E+03  0.14695E+03  0.71448E+02
 -0.66624E+01 -0.45194E+02 -0.21361E+02  0.37994E+02  0.10633E+03  0.17229E+03
  0.22582E+03  0.25903E+03  0.28542E+03  0.31612E+03  0.35027E+03  0.38319E+03
  0.38380E+03  0.34530E+03  0.29691E+03  0.24790E+03  0.21259E+03  0.20323E+03
  0.18916E+03  0.13730E+03  0.52934E+02 -0.42306E+02 -0.13173E+03 -0.20313E+03
 -0.24493E+03 -0.24238E+03 -0.19950E+03 -0.15480E+03 -0.13697E+03 -0.13054E+03
 -0.11795E+03 -0.11420E+03 -0.12992E+03 -0.15222E+03 -0.17381E+03 -0.19101E+03
 -0.19989E+03 -0.20824E+03 -0.21819E+03 -0.21573E+03 -0.18562E+03 -0.11836E+03
 -0.11452E+02  0.11746E+03  0.22560E+03  0.26679E+03  0.23485E+03  0.17073E+03
  0.10701E+03  0.51204E+02  0.66702E+01 -0.30819E+02 -0.68493E+02 -0.10827E+03
 -0.13654E+03 -0.13093E+03 -0.10106E+03 -0.84513E+02 -0.92079E+02 -0.10948E+03
 -0.13744E+03 -0.17374E+03 -0.18600E+03 -0.14767E+03 -0.73031E+02  0.14211E+02
  0.10354E+03  0.17898E+03  0.22726E+03  0.24923E+03  0.23519E+03  0.16970E+03
  0.72673E+02 -0.13341E+02 -0.72476E+02 -0.11442E+03 -0.14442E+03 -0.15800E+03
 -0.15192E+03 -0.12385E+03 -0.72114E+02 -0.94739E+01  0.46633E+02  0.92049E+02
  0.12589E+03  0.14924E+03  0.17387E+03  0.20002E+03  0.20139E+03  0.16854E+03
  0.12784E+03  0.89767E+02  0.37705E+02 -0.31383E+02 -0.10708E+03 -0.17936E+03
 -0.23197E+03 -0.25309E+03 -0.24003E+03 -0.19168E+03 -0.12467E+03 -0.70493E+02
 -0.45662E+02 -0.38179E+02 -0.17119E+02  0.29633E+02  0.76631E+02  0.10309E+03
  0.12144E+03  0.14128E+03  0.13812E+03  0.88558E+02  0.10067E+02 -0.64040E+02
 -0.12006E+03 -0.16047E+03 -0.19229E+03 -0.21994E+03 -0.23286E+03 -0.21881E+03
 -0.18459E+03 -0.13279E+03 -0.69312E+02 -0.22104E+02  0.14110E+01  0.16789E+02
  0.31147E+02  0.36678E+02  0.19839E+02 -0.12685E+02 -0.44344E+02 -0.69958E+02
 -0.87509E+02 -0.10059E+03 -0.10995E+03 -0.10370E+03 -0.80144E+02 -0.53148E+02
 -0.25980E+02  0.11000E+02  0.50196E+02  0.76567E+02  0.10138E+03  0.12674E+03
  0.13303E+03  0.12183E+03  0.97751E+02  0.61628E+02  0.27799E+02  0.61526E+00
 -0.22712E+02 -0.35044E+02 -0.35235E+02 -0.39414E+02 -0.56276E+02 -0.67831E+02
 -0.62415E+02 -0.54074E+02 -0.52850E+02 -0.54082E+02 -0.53008E+02 -0.46266E+02
 -0.28751E+02 -0.86692E+01  0.77851E+01  0.37830E+02  0.73108E+02  0.86547E+02
  0.93120E+02  0.10438E+03  0.10272E+03  0.96767E+02  0.10378E+03  0.11563E+03
  0.12459E+03  0.12881E+03  0.12543E+03  0.12324E+03  0.12558E+03  0.11638E+03
  0.93462E+02  0.73425E+02  0.59815E+02  0.41034E+02  0.11009E+02 -0.22897E+02
 -0.49480E+02 -0.63899E+02 -0.71535E+02 -0.73587E+02 -0.59867E+02 -0.34262E+02
 -0.99396E+01  0.21117E+02  0.64377E+02  0.97424E+02  0.11193E+03  0.11958E+03
  0.11227E+03  0.87036E+02  0.64669E+02  0.48557E+02  0.24235E+02 -0.26912E+01
 -0.18438E+02 -0.36429E+02 -0.68884E+02 -0.94741E+02 -0.96046E+02 -0.79063E+02
 -0.51288E+02 -0.18887E+02  0.57706E+01  0.20506E+02  0.36168E+02  0.56448E+02
  0.75255E+02  0.86685E+02  0.87235E+02  0.73531E+02  0.48482E+02  0.27405E+02
  0.17624E+02  0.63292E+01 -0.13710E+02 -0.28686E+02 -0.25621E+02 -0.16454E+02
 -0.21949E+02 -0.37836E+02 -0.42414E+02 -0.35310E+02 -0.32855E+02 -0.32882E+02
 -0.28861E+02 -0.27227E+02 -0.25559E+02 -0.12794E+02  0.89293E+01  0.26264E+02
  0.34309E+02  0.39551E+02  0.48554E+02  0.58125E+02  0.51362E+02  0.17468E+02
 -0.29925E+02 -0.71977E+02 -0.10449E+03 -0.12489E+03 -0.12451E+03 -0.10720E+03
 -0.88610E+02 -0.72038E+02 -0.48780E+02 -0.17767E+02  0.11904E+02  0.32106E+02
  0.41369E+02  0.51030E+02  0.73561E+02  0.93666E+02  0.86930E+02  0.61074E+02
  0.40839E+02  0.30425E+02  0.15656E+02 -0.63244E+01 -0.16966E+02 -0.29741E+01
  0.25193E+02  0.48393E+02  0.59006E+02  0.64735E+02  0.73062E+02  0.83757E+02
  0.94302E+02  0.96249E+02  0.81793E+02  0.55966E+02  0.26232E+02 -0.80892E+01
 -0.46520E+02 -0.85710E+02 -0.12678E+03 -0.16432E+03 -0.18514E+03 -0.19071E+03
 -0.19434E+03 -0.19450E+03 -0.17585E+03 -0.13712E+03 -0.94535E+02 -0.56725E+02
 -0.19971E+02  0.15983E+02  0.44360E+02  0.60218E+02  0.65580E+02  0.62352E+02
  0.51636E+02  0.40304E+02  0.30773E+02  0.17601E+02  0.76501E+01  0.13612E+02
  0.25708E+02  0.29112E+02  0.32369E+02  0.46080E+02  0.59380E+02  0.57713E+02
  0.45488E+02  0.39672E+02  0.41276E+02  0.28044E+02 -0.11519E+02 -0.59707E+02
 -0.95973E+02 -0.11886E+03 -0.13125E+03 -0.12802E+03 -0.10809E+03 -0.75293E+02
 -0.33185E+02  0.81996E+01  0.38988E+02  0.62947E+02  0.87977E+02  0.11005E+03
  0.11855E+03  0.10983E+03  0.88673E+02  0.59886E+02  0.25358E+02 -0.96350E+01
 -0.39825E+02 -0.61902E+02 -0.72125E+02 -0.76387E+02 -0.83781E+02 -0.87671E+02
 -0.77338E+02 -0.58143E+02 -0.41678E+02 -0.31112E+02 -0.26688E+02 -0.29003E+02
 -0.30555E+02 -0.21968E+02 -0.90720E+01 -0.10437E+01  0.77965E+01  0.21111E+02
  0.33596E+02  0.47824E+02  0.65677E+02  0.81109E+02  0.91517E+02  0.87357E+02
  0.62222E+02  0.38907E+02  0.32832E+02  0.29100E+02  0.19940E+02  0.11411E+02
  0.95975E+01  0.19955E+02  0.33412E+02  0.31650E+02  0.15437E+02 -0.42216E+01
 -0.23123E+02 -0.34159E+02 -0.35199E+02 -0.35152E+02 -0.33196E+02 -0.22947E+02
 -0.11556E+02 -0.53387E+01  0.39463E+01  0.16111E+02  0.17938E+02  0.11085E+02
  0.55378E+01  0.14322E+01 -0.43300E+01 -0.16029E+02 -0.31516E+02 -0.39994E+02
 -0.40519E+02 -0.35674E+02 -0.20953E+02 -0.33185E+01  0.71460E+01  0.15694E+02
  0.22337E+02  0.21649E+02  0.22111E+02  0.28001E+02  0.28979E+02  0.22915E+02
  0.19336E+02  0.20028E+02  0.16715E+02  0.71093E+01  0.39812E+00  0.46529E+00
  0.27586E-01 -0.25880E+01 -0.37436E+01 -0.48486E+01 -0.57064E+01 -0.17183E+01
  0.80221E+01  0.18468E+02  0.25209E+02  0.29751E+02  0.31327E+02  0.21924E+02
 -0.10115E+00 -0.24726E+02 -0.41636E+02 -0.44042E+02 -0.29438E+02 -0.42653E+01
  0.21729E+02  0.42825E+02  0.58348E+02  0.70414E+02  0.75097E+02  0.64276E+02
  0.39891E+02  0.98981E+01 -0.26271E+02 -0.69888E+02 -0.11181E+03 -0.14329E+03
 -0.16282E+03 -0.17056E+03 -0.16780E+03 -0.15514E+03 -0.12917E+03 -0.90869E+02
 -0.47719E+02 -0.23031E+01  0.43610E+02  0.82538E+02  0.11310E+03  0.13648E+03
  0.14360E+03  0.12949E+03  0.10441E+03  0.81329E+02  0.61601E+02  0.33043E+02
 -0.76049E+01 -0.44477E+02 -0.67950E+02 -0.79409E+02 -0.72232E+02 -0.43870E+02
 -0.93466E+01  0.21134E+02  0.48382E+02  0.70554E+02  0.88844E+02  0.10579E+03
  0.11399E+03  0.10616E+03  0.83825E+02  0.51068E+02  0.14747E+02 -0.15875E+02
 -0.37928E+02 -0.52853E+02 -0.57542E+02 -0.51351E+02 -0.41757E+02 -0.30062E+02
 -0.11199E+02  0.88095E+01  0.18781E+02  0.20305E+02  0.21146E+02  0.18285E+02
  0.45248E+01 -0.15203E+02 -0.28897E+02 -0.32135E+02 -0.29932E+02 -0.25298E+02
 -0.13832E+02  0.62136E+01  0.29305E+02  0.49305E+02  0.60755E+02  0.55632E+02
  0.32057E+02  0.69522E+01 -0.31606E+01 -0.10218E+02 -0.29798E+02 -0.51050E+02
 -0.57585E+02 -0.48095E+02 -0.29469E+02 -0.97701E+01  0.16943E+01  0.17473E+01
 -0.27556E+01 -0.81070E+01 -0.15823E+02 -0.20295E+02 -0.14554E+02 -0.26121E+01
  0.74027E+01  0.10772E+02  0.86677E+01  0.11146E+02  0.22656E+02  0.32355E+02
  0.31815E+02  0.23696E+02  0.12955E+02  0.50294E+01  0.24090E+01 -0.11271E+01
 -0.10365E+02 -0.21940E+02 -0.32854E+02 -0.41108E+02 -0.43540E+02 -0.41497E+02
 -0.38933E+02 -0.34578E+02 -0.24473E+02 -0.89690E+01  0.10238E+02  0.29905E+02
  0.39788E+02  0.35210E+02  0.27779E+02  0.29674E+02  0.38192E+02  0.42076E+02
  0.36474E+02  0.25060E+02  0.10284E+02 -0.65294E+01 -0.20569E+02 -0.29744E+02
 -0.35382E+02 -0.37606E+02 -0.36358E+02 -0.30370E+02 -0.21719E+02 -0.18828E+02
 -0.21184E+02 -0.19963E+02 -0.17633E+02 -0.19556E+02 -0.19702E+02 -0.13911E+02
 -0.95387E+01 -0.11369E+02 -0.12669E+02 -0.11457E+02 -0.12022E+02 -0.85003E+01
  0.25123E+01  0.11285E+02  0.13045E+02  0.12119E+02  0.93289E+01  0.24621E+01
 -0.34210E+01 -0.13923E+01  0.45733E+01  0.76732E+01  0.90458E+01  0.99305E+01
  0.89961E+01  0.92768E+01  0.10743E+02  0.90197E+01  0.72883E+01  0.73412E+01
  0.52694E+01  0.34561E+01  0.30475E+01  0.14903E+01  0.29698E+01  0.10646E+02
  0.19246E+02  0.23388E+02  0.22485E+02  0.17404E+02  0.78338E+01 -0.66071E+01
 -0.23200E+02 -0.36474E+02 -0.43376E+02 -0.43928E+02 -0.37032E+02 -0.23689E+02
 -0.86866E+01  0.69284E+01  0.23818E+02  0.38501E+02  0.47508E+02  0.48322E+02
  0.40804E+02  0.30709E+02  0.21703E+02  0.11376E+02 -0.33869E+00 -0.96994E+01
 -0.15439E+02 -0.18731E+02 -0.19758E+02 -0.17415E+02 -0.99588E+01  0.35164E+00
  0.71214E+01  0.10329E+02  0.14408E+02  0.17239E+02  0.15554E+02  0.11330E+02
  0.51640E+01 -0.24911E+01 -0.58858E+01 -0.28815E+01  0.14174E+01  0.34782E+01
  0.29216E+01  0.17496E+01  0.32340E+01  0.69980E+01  0.97992E+01  0.89348E+01
  0.39535E+01 -0.29416E+01 -0.10580E+02 -0.19718E+02 -0.28323E+02 -0.33834E+02
 -0.37822E+02 -0.40473E+02 -0.37926E+02 -0.27999E+02 -0.14354E+02 -0.31982E+01
  0.45019E+01  0.11620E+02  0.17859E+02  0.20454E+02  0.18538E+02  0.13726E+02
  0.83800E+01  0.35854E+01 -0.26441E+01 -0.11507E+02 -0.17242E+02 -0.13132E+02
 -0.15547E+01  0.10948E+02  0.19899E+02  0.21545E+02  0.17672E+02  0.14135E+02
  0.10615E+02  0.39343E+01 -0.40862E+01 -0.91862E+01 -0.10417E+02 -0.99525E+01
 -0.67504E+01  0.91485E+00  0.79283E+01  0.98057E+01  0.93936E+01  0.86435E+01
  0.54542E+01  0.11619E+01 -0.11505E+01 -0.29698E+01 -0.53806E+01 -0.56115E+01
 -0.15940E+01  0.39167E+01  0.66341E+01  0.66705E+01  0.38967E+01 -0.26037E+01
 -0.85538E+01 -0.96339E+01 -0.67935E+01 -0.37363E+01 -0.23621E+01 -0.26040E+01
 -0.46533E+01 -0.81266E+01 -0.13413E+02 -0.20845E+02 -0.27802E+02 -0.32377E+02
 -0.34209E+02 -0.30454E+02 -0.19408E+02 -0.43544E+01  0.11190E+02  0.25312E+02
  0.35314E+02  0.41803E+02  0.49855E+02  0.58998E+02  0.61962E+02  0.55055E+02
  0.41938E+02  0.28706E+02  0.16666E+02  0.40468E+01 -0.79922E+01 -0.18389E+02
 -0.27229E+02 -0.32315E+02 -0.31462E+02 -0.25624E+02 -0.17182E+02 -0.81469E+01
  0.59944E+00  0.85375E+01  0.12832E+02  0.11427E+02  0.54642E+01 -0.40983E+01
 -0.13371E+02 -0.16574E+02 -0.15604E+02 -0.14724E+02 -0.13234E+02 -0.11448E+02
 -0.99718E+01 -0.64445E+01 -0.52998E+00  0.49307E+01  0.72327E+01  0.54738E+01
  0.78134E+00 -0.42872E+01 -0.75972E+01 -0.10192E+02 -0.12833E+02 -0.12090E+02
 -0.61545E+01  0.21596E+01  0.10126E+02  0.16872E+02  0.20424E+02  0.17738E+02
  0.87466E+01 -0.28059E+01 -0.12041E+02 -0.15932E+02 -0.14188E+02 -0.77454E+01
  0.17699E+01  0.11974E+02  0.21233E+02  0.28698E+02  0.32626E+02  0.32420E+02
  0.29054E+02  0.20999E+02  0.80923E+01 -0.43466E+01 -0.13423E+02 -0.20599E+02
 -0.25372E+02 -0.26953E+02 -0.25563E+02 -0.20314E+02 -0.12381E+02 -0.65209E+01
 -0.60603E+01 -0.78735E+01 -0.62433E+01 -0.41683E+00  0.54808E+01  0.69960E+01
  0.39814E+01  0.26424E+00 -0.13155E+01 -0.89075E+00 -0.13725E+01 -0.43113E+01
 -0.69718E+01 -0.73367E+01 -0.66104E+01 -0.60688E+01 -0.56044E+01 -0.54779E+01
 -0.63283E+01 -0.74329E+01 -0.74578E+01 -0.38870E+01  0.53514E+01  0.16527E+02
  0.22925E+02  0.22480E+02  0.19676E+02  0.19721E+02  0.21429E+02  0.20242E+02
  0.14246E+02  0.46881E+01 -0.43669E+01 -0.10491E+02 -0.15454E+02 -0.19585E+02
 -0.21070E+02 -0.19086E+02 -0.14485E+02 -0.97414E+01 -0.53991E+01 -0.93904E+00
  0.20286E+01  0.27765E+01  0.17413E+01 -0.10551E+01 -0.46855E+01 -0.81471E+01
 -0.11728E+02 -0.14494E+02 -0.13810E+02 -0.90076E+01 -0.21049E+01  0.36788E+01
  0.62325E+01  0.74669E+01  0.10018E+02  0.11902E+02  0.10912E+02  0.77111E+01
  0.25230E+01 -0.16052E+01 -0.12639E+01 -0.95508E+00 -0.36691E+01 -0.44181E+01
 -0.28618E+01 -0.28131E+01 -0.29723E+01 -0.19443E+01 -0.18507E+01 -0.34020E+01
 -0.55604E+01 -0.75765E+01 -0.77809E+01 -0.39237E+01  0.31231E+01  0.77507E+01
  0.68943E+01  0.48750E+01  0.50165E+01  0.52889E+01  0.39841E+01  0.21256E+01
  0.10225E+01  0.21001E+01  0.72705E+01  0.14069E+02  0.16906E+02  0.15520E+02
  0.12580E+02  0.80991E+01  0.30200E+01 -0.37407E+00 -0.31255E+01 -0.59961E+01
 -0.54230E+01 -0.20476E+01 -0.21688E+01 -0.57932E+01 -0.55024E+01  0.15127E+01
  0.83020E+01  0.92157E+01  0.66023E+01  0.35989E+01  0.16614E+01  0.13060E+01
  0.43141E-01 -0.38451E+01 -0.73874E+01 -0.80638E+01 -0.72277E+01 -0.57833E+01
 -0.26137E+01  0.62409E+00  0.84991E-01 -0.28742E+01 -0.43684E+01 -0.50185E+01
 -0.64850E+01 -0.85533E+01 -0.11132E+02 -0.12785E+02 -0.10991E+02 -0.63105E+01
 -0.13074E+01  0.36475E+01  0.85819E+01  0.11302E+02  0.10257E+02  0.63886E+01
  0.20008E+01 -0.95705E+00 -0.25130E+01 -0.23462E+01  0.69120E+00  0.45286E+01
  0.69096E+01  0.84804E+01  0.87632E+01  0.83699E+01  0.10769E+02  0.15339E+02
  0.18000E+02  0.18091E+02  0.17209E+02  0.15398E+02  0.12666E+02  0.95090E+01
  0.46680E+01 -0.13644E+01 -0.46485E+01 -0.51766E+01 -0.70743E+01 -0.11174E+02
 -0.15498E+02 -0.18249E+02 -0.18147E+02 -0.15546E+02 -0.11657E+02 -0.67313E+01
 -0.78273E-01  0.71466E+01  0.11311E+02  0.11609E+02  0.97357E+01  0.59661E+01
  0.22434E+01  0.51322E+00 -0.13915E+01 -0.43253E+01 -0.59107E+01 -0.54609E+01
 -0.42885E+01 -0.26195E+01  0.51555E+00  0.45603E+01  0.77526E+01  0.91693E+01
  0.77417E+01  0.35020E+01 -0.18085E+01 -0.75724E+01 -0.12100E+02 -0.13630E+02
 -0.13437E+02 -0.11375E+02 -0.71984E+01 -0.33343E+01 -0.57063E+00  0.95693E+00
 -0.18448E+00 -0.34768E+01 -0.58066E+01 -0.55215E+01 -0.47791E+01 -0.54077E+01
 -0.60286E+01 -0.52879E+01 -0.43611E+01 -0.41607E+01 -0.33742E+01 -0.18274E+01
 -0.95346E+00 -0.18356E+00  0.20884E+01  0.41037E+01  0.33962E+01  0.17215E+01
  0.56071E-01 -0.29182E+01 -0.40964E+01 -0.11044E+01  0.19898E+01  0.30408E+01
  0.39971E+01  0.49364E+01  0.38616E+01  0.42313E+00 -0.32726E+01 -0.54076E+01
 -0.56479E+01 -0.51043E+01 -0.56826E+01 -0.68276E+01 -0.65410E+01 -0.59556E+01
 -0.69521E+01 -0.82337E+01 -0.77355E+01 -0.57533E+01 -0.43017E+01 -0.42290E+01
 -0.46066E+01 -0.39004E+01 -0.15831E+01  0.17806E+01  0.64227E+01  0.11066E+02
  0.12938E+02  0.12246E+02  0.10701E+02  0.93992E+01  0.93088E+01  0.95539E+01
  0.84948E+01  0.67006E+01  0.64902E+01  0.87000E+01  0.11041E+02  0.12026E+02
  0.12621E+02  0.12953E+02  0.12507E+02  0.10842E+02  0.73451E+01  0.24848E+01
 -0.25949E+01 -0.68803E+01 -0.97308E+01 -0.11002E+02 -0.11158E+02 -0.11112E+02
 -0.10831E+02 -0.88443E+01 -0.45937E+01 -0.45135E+00  0.12791E+01  0.87751E+00
 -0.85631E+00 -0.23977E+01 -0.15443E+01  0.12289E+00 -0.37986E+00 -0.15136E+01
 -0.10537E+01  0.65499E+00  0.27272E+01  0.31953E+01  0.96796E+00 -0.23397E+01
 -0.52399E+01 -0.69600E+01 -0.67595E+01 -0.51018E+01 -0.31751E+01 -0.81950E-01
  0.56071E+01  0.10805E+02  0.11831E+02  0.10656E+02  0.10051E+02  0.91442E+01
  0.64595E+01  0.25517E+01 -0.10109E+01 -0.42485E+01 -0.73683E+01 -0.88322E+01
 -0.77652E+01 -0.47076E+01 -0.57898E+00  0.39902E+01  0.81550E+01  0.10680E+02
  0.11648E+02  0.11403E+02  0.91895E+01  0.53251E+01  0.16410E+01 -0.10363E+01
 -0.31539E+01 -0.49789E+01 -0.57833E+01 -0.50029E+01 -0.39085E+01 -0.42330E+01
 -0.55595E+01 -0.62973E+01 -0.63807E+01 -0.63988E+01 -0.68890E+01 -0.80083E+01
 -0.91662E+01 -0.10105E+02 -0.10625E+02 -0.10745E+02 -0.92957E+01 -0.51209E+01
 -0.16087E+00  0.43028E+01  0.82667E+01  0.10899E+02  0.12439E+02  0.13524E+02
  0.13690E+02  0.11814E+02  0.73807E+01  0.29952E+01  0.15834E+01  0.17712E+01
  0.16393E+01  0.15505E+01  0.15457E+01  0.17446E+01  0.20188E+01  0.20484E+00
 -0.37533E+01 -0.70221E+01 -0.92276E+01 -0.11499E+02 -0.13307E+02 -0.12813E+02
 -0.91710E+01 -0.48466E+01 -0.27935E+01 -0.22616E+01 -0.12483E+01 -0.20717E+00
 -0.16157E+00 -0.13325E+01 -0.30737E+01 -0.35845E+01 -0.25150E+01 -0.17248E+01
 -0.21279E+01 -0.20795E+01 -0.87413E+00 -0.35242E+00 -0.11799E+01 -0.25068E+01
 -0.34381E+01 -0.32115E+01 -0.19473E+01 -0.13685E-03  0.20869E+01  0.36770E+01
  0.46243E+01  0.43059E+01  0.32526E+01  0.39036E+01  0.67573E+01  0.10028E+02
  0.11945E+02  0.10871E+02  0.72129E+01  0.42141E+01  0.29085E+01  0.41012E+00
 -0.40832E+01 -0.79686E+01 -0.10594E+02 -0.12983E+02 -0.14999E+02 -0.17009E+02
 -0.18804E+02 -0.17931E+02 -0.13607E+02 -0.74910E+01 -0.43565E+00  0.63976E+01
  0.11041E+02  0.13865E+02  0.16151E+02  0.17035E+02  0.15304E+02  0.10927E+02
  0.47701E+01 -0.55727E+00 -0.31944E+01 -0.48048E+01 -0.64084E+01 -0.68603E+01
 -0.57967E+01 -0.30469E+01  0.66727E+00  0.29551E+01  0.31969E+01  0.32717E+01
  0.49975E+01  0.86493E+01  0.12733E+02  0.15696E+02  0.16782E+02  0.15331E+02
  0.11567E+02  0.67022E+01  0.20043E+01 -0.14736E+01 -0.35725E+01 -0.44129E+01
 -0.29601E+01  0.60574E+00  0.32300E+01  0.29118E+01  0.11158E+01 -0.32138E+00
 -0.17724E+01 -0.38875E+01 -0.57373E+01 -0.67705E+01 -0.69466E+01 -0.59900E+01
 -0.47360E+01 -0.33149E+01 -0.12845E+01 -0.59501E+00 -0.26224E+01 -0.54949E+01
 -0.68483E+01 -0.51237E+01 -0.10361E+01  0.17805E+01  0.22216E+01  0.31147E+01
  0.55023E+01  0.70783E+01  0.59100E+01  0.30508E+01  0.91181E+00  0.25739E+00
  0.14938E+00 -0.45534E+00 -0.13596E+01 -0.84760E+00  0.19111E+01  0.49192E+01
  0.64676E+01  0.73756E+01  0.79359E+01  0.74249E+01  0.57271E+01  0.28618E+01
  0.18767E+00 -0.45057E-01  0.19558E+01  0.38953E+01  0.46081E+01  0.50094E+01
  0.59573E+01  0.60794E+01  0.29787E+01 -0.33123E+01 -0.95985E+01 -0.12636E+02
 -0.12509E+02 -0.11249E+02 -0.93580E+01 -0.65741E+01 -0.35501E+01 -0.87505E+00
  0.13550E+01  0.22307E+01  0.10290E+01 -0.15642E+01 -0.49821E+01 -0.81421E+01
 -0.95448E+01 -0.10087E+02 -0.11049E+02 -0.11330E+02 -0.97638E+01 -0.65875E+01
 -0.25014E+01  0.14204E+01  0.39097E+01  0.46569E+01  0.41099E+01  0.24542E+01
  0.48312E+00 -0.89945E+00 -0.21071E+01 -0.32028E+01 -0.38122E+01 -0.41320E+01
 -0.37514E+01 -0.22495E+01 -0.20379E+00  0.14424E+01  0.25285E+01  0.39945E+01
  0.59664E+01  0.74937E+01  0.83668E+01  0.89030E+01  0.89187E+01  0.80578E+01
  0.64955E+01  0.45304E+01  0.26774E+01  0.16394E+01  0.11791E+01  0.20027E+01
  0.52320E+01  0.88551E+01  0.10370E+02  0.97207E+01  0.76859E+01  0.49969E+01
  0.20140E+01 -0.17356E+01 -0.65028E+01 -0.11059E+02 -0.13755E+02 -0.14515E+02
 -0.14356E+02 -0.13656E+02 -0.11906E+02 -0.87512E+01 -0.47007E+01 -0.46638E+00
  0.35004E+01  0.64965E+01  0.74527E+01  0.58776E+01  0.27058E+01 -0.17699E+00
 -0.13694E+01 -0.10766E+01 -0.37328E+00  0.48783E+00  0.21922E+01  0.41430E+01
  0.40651E+01  0.21017E+01 -0.26156E+00 -0.25954E+01 -0.24631E+01 -0.92108E+00
 -0.12255E+01 -0.98384E+00 -0.15279E+01 -0.41714E+01 -0.33192E+01 -0.12798E-01
 -0.52523E+00 -0.63361E+01 -0.85261E+01  0.16020E+01  0.10947E+02  0.67295E+01
 -0.27309E+01 -0.57254E+01  0.14434E+01  0.95817E+01  0.76010E+01 -0.38630E+00
 -0.19497E+01  0.40092E+01  0.48073E+01 -0.29669E+01 -0.88223E+01 -0.75952E+01
 -0.37848E+01 -0.34744E+01 -0.52517E+01 -0.27156E+01  0.25210E+01  0.38918E+01
  0.71531E+00 -0.19339E+01 -0.47348E+00  0.20242E+01  0.10694E+01 -0.19689E+01
 -0.27405E+01  0.20471E+00  0.43571E+01  0.61537E+01  0.58245E+01  0.66212E+01
  0.80636E+01  0.66693E+01  0.33873E+01  0.17166E+01  0.18555E+01  0.22065E+01
  0.13973E+01  0.34337E+00  0.17290E+01  0.40670E+01  0.40726E+01  0.33687E+01
  0.27732E+01 -0.69855E-01 -0.34675E+01 -0.56664E+01 -0.74673E+01 -0.82341E+01
 -0.88876E+01 -0.99700E+01 -0.87034E+01 -0.47882E+01 -0.55941E+00  0.21858E+01
  0.11772E+01 -0.20525E+01 -0.20507E+01  0.47617E+00  0.30031E+00 -0.21958E+01
 -0.36792E+01 -0.30499E+01  0.28277E+00  0.46797E+01  0.69890E+01  0.70647E+01
  0.57402E+01  0.25986E+01 -0.21293E+01 -0.61651E+01 -0.67265E+01 -0.44810E+01
 -0.25613E+01 -0.74196E+00  0.39751E+01  0.10606E+02  0.14158E+02  0.12031E+02
  0.54087E+01 -0.94158E+00 -0.13343E+01  0.50226E+00 -0.42690E+01 -0.12430E+02
 -0.14461E+02 -0.10464E+02 -0.66762E+01 -0.51651E+01 -0.28334E+01  0.80256E+00
  0.23373E+01  0.35931E+01  0.85550E+01  0.13653E+02  0.12963E+02  0.75079E+01
  0.32173E+01  0.35836E+01  0.58447E+01  0.27549E+01 -0.80690E+01 -0.18790E+02
 -0.20877E+02 -0.15362E+02 -0.93962E+01 -0.56373E+01 -0.10777E+01  0.48258E+01
  0.95979E+01  0.12277E+02  0.11737E+02  0.66282E+01 -0.12637E+01 -0.85242E+01
 -0.13083E+02 -0.14837E+02 -0.13925E+02 -0.92181E+01 -0.13576E+01  0.75910E+01
  0.17207E+02  0.24341E+02  0.22558E+02  0.92575E+01 -0.11493E+02 -0.30327E+02
 -0.37878E+02 -0.32150E+02 -0.17892E+02  0.93049E-01  0.17501E+02  0.29585E+02
  0.35070E+02  0.34923E+02  0.28441E+02  0.15496E+02  0.46604E-01 -0.11727E+02
 -0.16751E+02 -0.15638E+02 -0.10779E+02 -0.55791E+01 -0.17128E+01  0.25949E-01
 -0.13211E+01 -0.35066E+01 -0.31340E+01 -0.39343E+00  0.26305E+01  0.48527E+01
  0.56277E+01  0.42888E+01  0.82562E+00 -0.31462E+01 -0.52133E+01 -0.46443E+01
 -0.22340E+01  0.10963E+01  0.51978E+01  0.92361E+01  0.10654E+02  0.90141E+01
  0.59526E+01  0.15300E+01 -0.39520E+01 -0.77143E+01 -0.78678E+01 -0.56545E+01
 -0.29950E+01 -0.16493E+01 -0.26888E+01 -0.46208E+01 -0.57516E+01 -0.65586E+01
 -0.72848E+01 -0.67047E+01 -0.39074E+01  0.79203E+00  0.59910E+01  0.99363E+01
  0.11964E+02  0.12035E+02  0.99699E+01  0.68382E+01  0.45106E+01  0.33511E+01
  0.29186E+01  0.32432E+01  0.40995E+01  0.54472E+01  0.71276E+01  0.75720E+01
  0.55192E+01  0.20569E+01 -0.96322E+00 -0.32238E+01 -0.48970E+01 -0.53181E+01
 -0.43955E+01 -0.29808E+01 -0.15825E+01 -0.69739E+00 -0.10296E+01 -0.21552E+01
 -0.30790E+01 -0.33275E+01 -0.27324E+01 -0.17823E+01 -0.85475E+00  0.45412E+00
  0.23215E+01  0.39612E+01  0.38935E+01  0.17910E+01 -0.14957E+01 -0.53841E+01
 -0.86455E+01 -0.10100E+02 -0.98984E+01 -0.82593E+01 -0.55989E+01 -0.24805E+01
  0.88572E+00  0.39121E+01  0.63053E+01  0.78403E+01  0.77416E+01  0.60378E+01
  0.35984E+01  0.11765E+01 -0.62586E+00 -0.15400E+01 -0.15067E+01 -0.66482E+00
  0.54631E+00  0.20133E+01  0.33453E+01  0.35905E+01  0.22919E+01 -0.21646E+00
 -0.32654E+01 -0.66909E+01 -0.10195E+02 -0.12111E+02 -0.10955E+02 -0.80269E+01
 -0.60245E+01 -0.49918E+01 -0.31122E+01 -0.38997E+00  0.20201E+01  0.39177E+01
  0.52069E+01  0.56053E+01  0.54361E+01  0.49019E+01  0.40702E+01  0.30278E+01
  0.13124E+01 -0.10153E+01 -0.28754E+01 -0.38010E+01 -0.40500E+01 -0.35919E+01
 -0.27602E+01 -0.20072E+01 -0.73645E+00  0.11765E+01  0.27260E+01  0.36010E+01
  0.39854E+01  0.40056E+01  0.41211E+01  0.45424E+01  0.50609E+01  0.53229E+01
  0.50479E+01  0.43203E+01  0.29095E+01  0.76417E+00 -0.10728E+01 -0.19711E+01
 -0.21654E+01 -0.17670E+01 -0.93580E+00  0.38105E-01  0.94964E+00  0.10633E+01
  0.36839E-01 -0.11503E+01 -0.18897E+01 -0.21688E+01 -0.22255E+01 -0.27738E+01
 -0.35813E+01 -0.29140E+01 -0.33384E+00  0.24702E+01  0.46396E+01  0.61740E+01
  0.69085E+01  0.66351E+01  0.47236E+01  0.17201E+01 -0.58272E+00 -0.17519E+01
 -0.23004E+01 -0.22960E+01 -0.21016E+01 -0.19436E+01 -0.13367E+01 -0.57424E+00
 -0.32810E+00 -0.25993E+00 -0.91656E-01 -0.21164E+00 -0.49822E+00 -0.34682E+00
  0.33317E+00  0.11128E+01  0.10009E+01 -0.32615E+00 -0.14529E+01 -0.15381E+01
 -0.10181E+01 -0.37926E+00 -0.26382E+00 -0.51292E+00 -0.34578E+00 -0.31811E+00
 -0.12697E+01 -0.25892E+01 -0.36906E+01 -0.46144E+01 -0.50905E+01 -0.51396E+01
 -0.50170E+01 -0.44793E+01 -0.34465E+01 -0.25891E+01 -0.23014E+01 -0.19107E+01
 -0.12520E+01 -0.12266E+01 -0.21264E+01 -0.32714E+01 -0.35790E+01 -0.21908E+01
  0.21220E+00  0.20306E+01  0.31725E+01  0.43288E+01  0.50485E+01  0.49239E+01
  0.43762E+01  0.36106E+01  0.27576E+01  0.20014E+01  0.70838E+00 -0.15097E+01
 -0.35569E+01 -0.42793E+01 -0.37713E+01 -0.27100E+01 -0.13686E+01  0.24162E+00
  0.17377E+01  0.21958E+01  0.11439E+01 -0.31389E+00 -0.10446E+01 -0.16224E+01
 -0.25632E+01 -0.32442E+01 -0.31574E+01 -0.21219E+01 -0.53938E+00  0.55204E+00
  0.84870E+00  0.64987E+00  0.67953E-01 -0.91162E+00 -0.24892E+01 -0.43564E+01
 -0.53530E+01 -0.47523E+01 -0.29125E+01 -0.49330E+00  0.18576E+01  0.38742E+01
  0.60123E+01  0.82122E+01  0.93513E+01  0.87897E+01  0.70916E+01  0.52004E+01
  0.37494E+01  0.24226E+01  0.56851E+00 -0.12715E+01 -0.21060E+01 -0.19497E+01
 -0.13089E+01 -0.71580E+00 -0.69473E+00 -0.89951E+00 -0.66341E+00 -0.23052E+00
  0.17466E-01  0.17218E-01 -0.10901E+00  0.11176E+00  0.10216E+01  0.29567E+01
  0.59188E+01  0.87298E+01  0.10243E+02  0.10592E+02  0.10123E+02  0.82091E+01
  0.45227E+01 -0.77642E-01 -0.44818E+01 -0.75404E+01 -0.86251E+01 -0.85463E+01
 -0.85896E+01 -0.84100E+01 -0.68237E+01 -0.45643E+01 -0.30045E+01 -0.19146E+01
 -0.69749E+00  0.77049E+00  0.21849E+01  0.27444E+01  0.23559E+01  0.19912E+01
  0.21620E+01  0.19207E+01  0.56584E+00 -0.96405E+00 -0.17436E+01 -0.17563E+01
 -0.15868E+01 -0.19126E+01 -0.23536E+01 -0.21027E+01 -0.13575E+01 -0.60670E+00
  0.28596E+00  0.13831E+01  0.21635E+01  0.22727E+01  0.18664E+01  0.10486E+01
 -0.11515E+00 -0.13684E+01 -0.22619E+01 -0.20691E+01 -0.10137E+01 -0.34592E+00
 -0.19587E+00 -0.18408E-02  0.14941E+00 -0.70500E-01 -0.10695E+01 -0.27119E+01
 -0.42467E+01 -0.53326E+01 -0.57274E+01 -0.51558E+01 -0.40359E+01 -0.30822E+01
 -0.27398E+01 -0.30271E+01 -0.33726E+01 -0.28898E+01 -0.12690E+01  0.64050E+00
  0.17823E+01  0.20913E+01  0.22121E+01  0.23259E+01  0.22455E+01  0.22933E+01
  0.26799E+01  0.31123E+01  0.36163E+01  0.41123E+01  0.39911E+01  0.33973E+01
  0.32381E+01  0.35994E+01  0.37724E+01  0.34637E+01  0.31735E+01  0.32122E+01
  0.28981E+01  0.19469E+01  0.10477E+01  0.68065E+00  0.10680E+01  0.18260E+01
  0.18930E+01  0.13499E+01  0.10024E+01  0.79187E+00  0.56730E+00  0.67504E+00
  0.13957E+01  0.25214E+01  0.35368E+01  0.42853E+01  0.46663E+01  0.43789E+01
  0.36969E+01  0.27806E+01  0.13990E+01 -0.15224E+00 -0.13178E+01 -0.20861E+01
 -0.30646E+01 -0.42656E+01 -0.48387E+01 -0.46301E+01 -0.43899E+01 -0.42489E+01
 -0.34642E+01 -0.18387E+01  0.55291E-02  0.15369E+01  0.21951E+01  0.14463E+01
 -0.32195E+00 -0.20682E+01 -0.32991E+01 -0.39054E+01 -0.34484E+01 -0.19575E+01
 -0.29924E+00  0.86953E+00  0.15021E+01  0.17994E+01  0.22097E+01  0.28685E+01
  0.33096E+01  0.34159E+01  0.30576E+01  0.18635E+01  0.28416E+00 -0.91935E+00
 -0.18971E+01 -0.33588E+01 -0.51786E+01 -0.63742E+01 -0.67075E+01 -0.66383E+01
 -0.61428E+01 -0.46948E+01 -0.21403E+01  0.83837E+00  0.32646E+01  0.42484E+01
  0.38457E+01  0.28934E+01  0.17293E+01  0.78533E+00  0.68620E+00  0.11608E+01
  0.14738E+01  0.14996E+01  0.15762E+01  0.15943E+01  0.10581E+01 -0.12742E+00
 -0.14408E+01 -0.22833E+01 -0.25948E+01 -0.27188E+01 -0.30881E+01 -0.34700E+01
 -0.29911E+01 -0.16898E+01 -0.74172E+00 -0.58569E+00 -0.20312E+00  0.69302E+00
  0.12944E+01  0.16720E+01  0.21840E+01  0.26500E+01  0.28453E+01  0.23060E+01
  0.88345E+00 -0.66525E+00 -0.17852E+01 -0.26528E+01 -0.30370E+01 -0.25406E+01
 -0.15090E+01 -0.18895E+00  0.12701E+01  0.20532E+01  0.17817E+01  0.11109E+01
  0.18975E+00 -0.10009E+01 -0.16039E+01 -0.14269E+01 -0.96719E+00 -0.42804E+00
  0.25230E+00  0.14171E+01  0.28190E+01  0.37249E+01  0.38692E+01  0.34421E+01
  0.28879E+01  0.23874E+01  0.19788E+01  0.18590E+01  0.15471E+01  0.38400E+00
 -0.11061E+01 -0.22275E+01 -0.30578E+01 -0.37110E+01 -0.43044E+01 -0.47664E+01
 -0.47603E+01 -0.45845E+01 -0.47899E+01 -0.51129E+01 -0.47477E+01 -0.34930E+01
 -0.20898E+01 -0.11036E+01 -0.35467E+00  0.38996E+00  0.96231E+00  0.13100E+01
  0.18410E+01  0.24650E+01  0.25738E+01  0.24985E+01  0.30335E+01  0.37880E+01
  0.38973E+01  0.31528E+01  0.16875E+01  0.18013E+00 -0.53400E+00 -0.76229E+00
 -0.82271E+00  0.88034E-01  0.20914E+01  0.40195E+01  0.48014E+01  0.41207E+01
  0.25112E+01  0.84695E+00 -0.43508E+00 -0.13536E+01 -0.17553E+01 -0.13379E+01
 -0.42702E+00  0.43869E+00  0.94031E+00  0.80284E+00  0.20803E+00 -0.49640E+00
 -0.11492E+01 -0.13443E+01 -0.94705E+00 -0.43190E+00 -0.41435E-01  0.10055E+00
 -0.18759E+00 -0.75533E+00 -0.15873E+01 -0.26977E+01 -0.38710E+01 -0.49686E+01
 -0.57469E+01 -0.59662E+01 -0.55675E+01 -0.44274E+01 -0.26555E+01 -0.92596E+00
  0.43692E+00  0.19629E+01  0.35773E+01  0.43213E+01  0.41132E+01  0.37501E+01
  0.34691E+01  0.32465E+01  0.32881E+01  0.35390E+01  0.38172E+01  0.39856E+01
  0.39259E+01  0.36983E+01  0.33704E+01  0.27725E+01  0.16039E+01  0.91716E-01
 -0.10440E+01 -0.15903E+01 -0.18379E+01 -0.20917E+01 -0.23436E+01 -0.22138E+01
 -0.17056E+01 -0.14053E+01 -0.16653E+01 -0.20602E+01 -0.18584E+01 -0.12047E+01
 -0.89553E+00 -0.97353E+00 -0.10190E+01 -0.10187E+01 -0.94798E+00 -0.58895E+00
 -0.17892E-01  0.50494E+00  0.74522E+00  0.45177E+00 -0.24699E+00 -0.10528E+01
 -0.19234E+01 -0.27042E+01 -0.31244E+01 -0.30271E+01 -0.27607E+01 -0.29474E+01
 -0.32837E+01 -0.29907E+01 -0.20473E+01 -0.82456E+00  0.38148E+00  0.12983E+01
  0.19698E+01  0.25077E+01  0.27413E+01  0.26314E+01  0.22070E+01  0.15025E+01
  0.93832E+00  0.88948E+00  0.11436E+01  0.13421E+01  0.16238E+01  0.21464E+01
  0.25318E+01  0.26886E+01  0.27565E+01  0.24258E+01  0.18282E+01  0.16630E+01
  0.17970E+01  0.14239E+01  0.49038E+00 -0.41100E+00 -0.11132E+01 -0.18449E+01
 -0.26801E+01 -0.36457E+01 -0.45633E+01 -0.50708E+01 -0.50595E+01 -0.44785E+01
 -0.32924E+01 -0.15808E+01  0.26147E+00  0.16004E+01  0.22913E+01  0.24808E+01
  0.23211E+01  0.20112E+01  0.15075E+01  0.73773E+00  0.21929E-02 -0.28410E+00
 -0.13634E-02  0.79810E+00  0.18373E+01  0.25027E+01  0.24853E+01  0.21143E+01
  0.16922E+01  0.13189E+01  0.10501E+01  0.83679E+00  0.68943E+00  0.52736E+00
  0.26587E+00  0.18187E+00  0.44293E+00  0.77837E+00  0.94744E+00  0.94205E+00
  0.91063E+00  0.89113E+00  0.51085E+00 -0.42759E+00 -0.11923E+01 -0.95262E+00
 -0.17679E-01  0.85975E+00  0.13575E+01  0.13096E+01  0.89402E+00  0.52487E+00
  0.91033E-01 -0.49474E+00 -0.74774E+00 -0.37291E+00  0.38346E+00  0.10333E+01
  0.12582E+01  0.10970E+01  0.61714E+00 -0.52115E-01 -0.60077E+00 -0.95128E+00
 -0.12344E+01 -0.16007E+01 -0.20602E+01 -0.22666E+01 -0.18193E+01 -0.91543E+00
 -0.20977E+00  0.30975E+00  0.10146E+01  0.15317E+01  0.14089E+01  0.93564E+00
  0.36578E+00 -0.28214E+00 -0.75236E+00 -0.80129E+00 -0.15469E+00  0.11081E+01
  0.22012E+01  0.25660E+01  0.22826E+01  0.14657E+01  0.30383E+00 -0.88591E+00
 -0.20872E+01 -0.30160E+01 -0.31439E+01 -0.25933E+01 -0.15680E+01  0.16504E-01
  0.18873E+01  0.34942E+01  0.44104E+01  0.44717E+01  0.37865E+01  0.24929E+01
  0.79733E+00 -0.87815E+00 -0.21516E+01 -0.27329E+01 -0.23634E+01 -0.11644E+01
  0.14793E+00  0.94745E+00  0.12968E+01  0.13622E+01  0.11585E+01  0.81940E+00
  0.44187E+00  0.20548E+00  0.39831E+00  0.86039E+00  0.10357E+01  0.69615E+00
  0.16956E+00 -0.29133E+00 -0.94582E+00 -0.19941E+01 -0.28784E+01 -0.30125E+01
 -0.28330E+01 -0.27882E+01 -0.26663E+01 -0.23474E+01 -0.19151E+01 -0.16174E+01
 -0.15144E+01 -0.11618E+01 -0.33121E+00  0.70642E+00  0.14743E+01  0.17645E+01
  0.21108E+01  0.26510E+01  0.26822E+01  0.21249E+01  0.14699E+01  0.88619E+00
  0.34585E+00 -0.22338E+00 -0.89577E+00 -0.14941E+01 -0.17382E+01 -0.16220E+01
 -0.13581E+01 -0.10742E+01 -0.78748E+00 -0.63731E+00 -0.64057E+00 -0.83304E+00
 -0.13073E+01 -0.15175E+01 -0.11787E+01 -0.80518E+00 -0.62422E+00 -0.69396E+00
 -0.10528E+01 -0.13826E+01 -0.14625E+01 -0.15098E+01 -0.17574E+01 -0.21014E+01
 -0.25527E+01 -0.28933E+01 -0.25771E+01 -0.19076E+01 -0.14034E+01 -0.84014E+00
 -0.31866E+00 -0.20993E+00 -0.24325E+00 -0.25421E+00 -0.26686E+00 -0.92420E-01
  0.32514E-02 -0.33217E+00 -0.83164E+00 -0.12292E+01 -0.16638E+01 -0.20656E+01
 -0.20262E+01 -0.15042E+01 -0.10545E+01 -0.11268E+01 -0.15164E+01 -0.18134E+01
 -0.18926E+01 -0.17765E+01 -0.13236E+01 -0.31683E+00  0.10046E+01  0.20514E+01
  0.25628E+01  0.26977E+01  0.26521E+01  0.24545E+01  0.21576E+01  0.20962E+01
  0.23439E+01  0.25159E+01  0.23752E+01  0.19007E+01  0.16332E+01  0.17547E+01
  0.13786E+01  0.57990E+00  0.11816E+00 -0.33417E+00 -0.11993E+01 -0.18962E+01
 -0.19347E+01 -0.14325E+01 -0.48649E+00  0.55011E+00  0.12098E+01  0.14807E+01
  0.15640E+01  0.13583E+01  0.66165E+00 -0.20067E+00 -0.93364E+00 -0.17299E+01
 -0.23345E+01 -0.21003E+01 -0.10722E+01  0.11444E+00  0.11843E+01  0.21587E+01
  0.27925E+01  0.29124E+01  0.25262E+01  0.18879E+01  0.14851E+01  0.13160E+01
  0.11655E+01  0.11486E+01  0.11366E+01  0.10741E+01  0.13003E+01  0.15481E+01
