  0.26945E+00  0.50796E+00  0.43020E+00  0.46075E+00  0.44768E+00  0.45615E+00
  0.44860E+00  0.45706E+00  0.45008E+00  0.45792E+00  0.45257E+00  0.45941E+00
  0.45542E+00  0.46150E+00  0.45835E+00  0.46380E+00  0.46108E+00  0.46574E+00
  0.46306E+00  0.46673E+00  0.46361E+00  0.46608E+00  0.46221E+00  0.46316E+00
  0.45800E+00  0.45699E+00  0.45014E+00  0.44675E+00  0.43722E+00  0.43051E+00
  0.41772E+00  0.40681E+00  0.38978E+00  0.37414E+00  0.35216E+00  0.33106E+00
  0.30349E+00  0.27649E+00  0.24294E+00  0.20962E+00  0.17014E+00  0.12942E+00
  0.82095E-01  0.33566E-01 -0.24367E-01 -0.82696E-01 -0.14317E+00 -0.20212E+00
 -0.26920E+00 -0.33759E+00 -0.40952E+00 -0.48018E+00 -0.55542E+00 -0.63148E+00
 -0.71131E+00 -0.79127E+00 -0.87705E+00 -0.96348E+00 -0.10537E+01 -0.11413E+01
 -0.12281E+01 -0.13084E+01 -0.13836E+01 -0.14491E+01 -0.15128E+01 -0.15726E+01
 -0.16329E+01 -0.16922E+01 -0.17544E+01 -0.18139E+01 -0.18725E+01 -0.19232E+01
 -0.19630E+01 -0.19862E+01 -0.19969E+01 -0.19933E+01 -0.19849E+01 -0.19739E+01
 -0.19659E+01 -0.19597E+01 -0.19617E+01 -0.19661E+01 -0.19705E+01 -0.19670E+01
 -0.19540E+01 -0.19247E+01 -0.18828E+01 -0.18286E+01 -0.17667E+01 -0.17009E+01
 -0.16405E+01 -0.15863E+01 -0.15389E+01 -0.14928E+01 -0.14480E+01 -0.13894E+01
 -0.13121E+01 -0.12150E+01 -0.11006E+01 -0.97166E+00 -0.83951E+00 -0.71285E+00
 -0.60232E+00 -0.50543E+00 -0.42204E+00 -0.34278E+00 -0.25816E+00 -0.15563E+00
 -0.30334E-01  0.12042E+00  0.28362E+00  0.44923E+00  0.60132E+00  0.73108E+00
  0.82838E+00  0.89965E+00  0.95636E+00  0.10102E+01  0.10788E+01  0.11616E+01
  0.12476E+01  0.13771E+01  0.15323E+01  0.16509E+01  0.17283E+01  0.17721E+01
  0.17757E+01  0.17551E+01  0.17256E+01  0.17094E+01  0.17187E+01  0.17557E+01
  0.18185E+01  0.18803E+01  0.19149E+01  0.19393E+01  0.19350E+01  0.18886E+01
  0.18182E+01  0.17349E+01  0.16696E+01  0.16466E+01  0.16360E+01  0.16578E+01
  0.17221E+01  0.17787E+01  0.18107E+01  0.18273E+01  0.17994E+01  0.17280E+01
  0.16387E+01  0.15396E+01  0.14616E+01  0.14223E+01  0.14139E+01  0.14377E+01
  0.14723E+01  0.15139E+01  0.15459E+01  0.15224E+01  0.14401E+01  0.13184E+01
  0.11629E+01  0.99163E+00  0.82037E+00  0.66041E+00  0.50967E+00  0.36537E+00
  0.21586E+00  0.45955E-01 -0.15912E+00 -0.40742E+00 -0.69613E+00 -0.10302E+01
 -0.14062E+01 -0.17860E+01 -0.21415E+01 -0.24858E+01 -0.28527E+01 -0.31903E+01
 -0.34948E+01 -0.38211E+01 -0.41322E+01 -0.44246E+01 -0.47342E+01 -0.49812E+01
 -0.51789E+01 -0.54856E+01 -0.58097E+01 -0.61027E+01 -0.65699E+01 -0.69634E+01
 -0.70695E+01 -0.72196E+01 -0.73074E+01 -0.68748E+01 -0.63814E+01 -0.67552E+01
 -0.75148E+01 -0.76961E+01 -0.82135E+01 -0.90164E+01 -0.85522E+01 -0.78338E+01
 -0.67659E+01 -0.38789E+01 -0.31232E+01 -0.69168E+01 -0.94075E+01 -0.84444E+01
 -0.97818E+01 -0.12253E+02 -0.74556E+01  0.20576E+01  0.66770E+01  0.66817E+01
  0.61156E+01  0.39104E+01 -0.74501E+00 -0.51861E+01 -0.69289E+01 -0.41028E+01
  0.17612E+01  0.14384E+01 -0.27416E+01  0.39688E+01  0.12578E+02  0.64549E+01
 -0.57795E+01 -0.15640E+02 -0.19293E+02 -0.84744E+01 -0.39123E+00 -0.12531E+02
 -0.15183E+02  0.17979E+02  0.54823E+02  0.49232E+02  0.14730E+02 -0.24296E+01
 -0.76050E+01 -0.24412E+02 -0.25913E+02  0.15998E+01  0.17393E+02  0.59994E+01
 -0.22486E+01  0.18274E+02  0.63690E+02  0.91484E+02  0.70533E+02  0.37035E+02
  0.24417E+02  0.12732E+02 -0.19919E+01  0.35193E+01  0.16868E+02  0.12510E+02
  0.87353E+01  0.15297E+02  0.70637E+01 -0.19092E+01  0.10717E+02  0.19111E+02
  0.17307E+02  0.21599E+02  0.17117E+02  0.44823E+01  0.52153E+01  0.52969E+01
 -0.80983E+01 -0.13079E+02 -0.10601E+02 -0.24638E+02 -0.33064E+02 -0.16419E+00
  0.43160E+02  0.51349E+02  0.37882E+02  0.32697E+02  0.36210E+02  0.36283E+02
  0.23506E+02 -0.12486E+02 -0.44966E+02 -0.18789E+02  0.41326E+02  0.58992E+02
  0.33436E+02  0.39612E+01 -0.22372E+02 -0.33315E+02 -0.15012E+02  0.13685E+02
  0.29297E+02  0.23917E+02  0.74253E+01  0.17465E+02  0.64175E+02  0.90703E+02
  0.70786E+02  0.28751E+02 -0.16815E+02 -0.31898E+02 -0.10423E+02 -0.52517E+01
 -0.26305E+02 -0.26436E+02  0.61584E+01  0.38936E+02  0.48139E+02  0.30015E+02
 -0.75222E+01 -0.35651E+02 -0.39596E+02 -0.37991E+02 -0.45306E+02 -0.76448E+02
 -0.13427E+03 -0.17121E+03 -0.15961E+03 -0.13364E+03 -0.93179E+02 -0.16931E+02
  0.41445E+02  0.31963E+02  0.12848E+01  0.10673E+02  0.29356E+02 -0.35401E+01
 -0.58816E+02 -0.73192E+02 -0.49852E+02 -0.30169E+02 -0.39169E+02 -0.57147E+02
 -0.38846E+02  0.14364E+02  0.45887E+02  0.28620E+02  0.13223E+02  0.34435E+02
  0.47043E+02  0.19239E+02 -0.18123E+02 -0.24173E+02  0.77143E+00  0.56208E+01
 -0.38006E+02 -0.80307E+02 -0.77145E+02 -0.62666E+02 -0.84506E+02 -0.12633E+03
 -0.14247E+03 -0.14118E+03 -0.16716E+03 -0.21475E+03 -0.24526E+03 -0.25516E+03
 -0.26138E+03 -0.27095E+03 -0.28486E+03 -0.29665E+03 -0.29681E+03 -0.28384E+03
 -0.26130E+03 -0.22843E+03 -0.17133E+03 -0.89131E+02 -0.23200E+02  0.19844E+02
  0.12917E+03  0.32564E+03  0.47240E+03  0.51617E+03  0.56192E+03  0.65579E+03
  0.75192E+03  0.79926E+03  0.76454E+03  0.67301E+03  0.57273E+03  0.47665E+03
  0.40024E+03  0.34376E+03  0.27452E+03  0.19192E+03  0.12145E+03  0.59680E+02
 -0.90157E+01 -0.95694E+02 -0.22001E+03 -0.36532E+03 -0.47387E+03 -0.53949E+03
 -0.59874E+03 -0.64985E+03 -0.68413E+03 -0.71159E+03 -0.73116E+03 -0.74403E+03
 -0.75447E+03 -0.75086E+03 -0.71133E+03 -0.61711E+03 -0.47514E+03 -0.32511E+03
 -0.19884E+03 -0.91146E+02  0.17939E+02  0.14358E+03  0.29525E+03  0.45678E+03
  0.59089E+03  0.68801E+03  0.76279E+03  0.81901E+03  0.85908E+03  0.88794E+03
  0.90271E+03  0.90275E+03  0.88931E+03  0.85007E+03  0.77021E+03  0.65350E+03
  0.52484E+03  0.41025E+03  0.30854E+03  0.20411E+03  0.10573E+03  0.39386E+02
  0.89169E+01 -0.15521E+02 -0.89201E+02 -0.23485E+03 -0.34778E+03 -0.33088E+03
 -0.28009E+03 -0.28920E+03 -0.30204E+03 -0.27982E+03 -0.24871E+03 -0.23058E+03
 -0.24169E+03 -0.27629E+03 -0.29671E+03 -0.28321E+03 -0.24472E+03 -0.18199E+03
 -0.12094E+03 -0.11995E+03 -0.16726E+03 -0.19007E+03 -0.16743E+03 -0.11841E+03
 -0.58652E+02 -0.32990E+02 -0.67840E+02 -0.10678E+03 -0.12116E+03 -0.15045E+03
 -0.17183E+03 -0.13693E+03 -0.78565E+02 -0.41425E+02 -0.29038E+02 -0.40234E+02
 -0.47199E+02  0.78770E+01  0.11807E+03  0.21079E+03  0.24383E+03  0.21717E+03
  0.14262E+03  0.43013E+02 -0.51379E+02 -0.12329E+03 -0.18325E+03 -0.25533E+03
 -0.32924E+03 -0.35815E+03 -0.34248E+03 -0.31784E+03 -0.26033E+03 -0.14736E+03
 -0.35037E+02  0.31014E+02  0.62791E+02  0.80942E+02  0.10776E+03  0.13969E+03
  0.12053E+03  0.32866E+02 -0.66568E+02 -0.15034E+03 -0.22433E+03 -0.26390E+03
 -0.27316E+03 -0.29971E+03 -0.33827E+03 -0.35331E+03 -0.35444E+03 -0.33759E+03
 -0.26842E+03 -0.16667E+03 -0.73104E+02  0.10834E+02  0.87970E+02  0.15679E+03
  0.22760E+03  0.29694E+03  0.33714E+03  0.34008E+03  0.33445E+03  0.34474E+03
  0.36352E+03  0.36188E+03  0.32023E+03  0.26485E+03  0.25211E+03  0.27422E+03
  0.25969E+03  0.19583E+03  0.13800E+03  0.88462E+02 -0.22118E+02 -0.14024E+03
 -0.13338E+03 -0.47136E+02  0.17890E+02  0.44850E+02  0.27678E+02 -0.39026E+00
  0.88460E+01  0.46578E+02  0.90323E+02  0.11785E+03  0.78567E+02 -0.24346E+02
 -0.13435E+03 -0.25086E+03 -0.34630E+03 -0.35447E+03 -0.31039E+03 -0.27652E+03
 -0.24098E+03 -0.18895E+03 -0.12770E+03 -0.60783E+02 -0.11759E+02 -0.91228E+00
  0.19690E+02  0.98840E+02  0.18538E+03  0.20812E+03  0.18135E+03  0.17870E+03
  0.20517E+03  0.15961E+03  0.14835E+02 -0.13557E+03 -0.24947E+03 -0.34553E+03
 -0.39458E+03 -0.35876E+03 -0.25253E+03 -0.10487E+03  0.52643E+02  0.17630E+03
  0.24865E+03  0.29999E+03  0.34885E+03  0.35592E+03  0.28991E+03  0.18769E+03
  0.91249E+02  0.11278E+02 -0.43035E+02 -0.10391E+03 -0.21854E+03 -0.35497E+03
 -0.42183E+03 -0.37237E+03 -0.25684E+03 -0.14484E+03 -0.49533E+02  0.62933E+02
  0.21950E+03  0.39497E+03  0.54433E+03  0.64185E+03  0.67629E+03  0.64790E+03
  0.56088E+03  0.42054E+03  0.24844E+03  0.80978E+02 -0.63802E+02 -0.18851E+03
 -0.27367E+03 -0.30119E+03 -0.29623E+03 -0.28198E+03 -0.25163E+03 -0.19568E+03
 -0.11552E+03 -0.34182E+02  0.33495E+02  0.10205E+03  0.18178E+03  0.27602E+03
  0.35746E+03  0.35949E+03  0.27130E+03  0.16619E+03  0.90902E+02  0.18922E+02
 -0.56031E+02 -0.90538E+02 -0.73136E+02 -0.35157E+02  0.62933E+01  0.50830E+02
  0.76888E+02  0.60709E+02  0.23323E+02  0.14339E+02  0.46871E+02  0.76189E+02
  0.63894E+02  0.23688E+02 -0.19997E+02 -0.60556E+02 -0.80674E+02 -0.67946E+02
 -0.54178E+02 -0.63251E+02 -0.76070E+02 -0.96336E+02 -0.14846E+03 -0.20306E+03
 -0.21871E+03 -0.21041E+03 -0.20270E+03 -0.20832E+03 -0.24434E+03 -0.29581E+03
 -0.32053E+03 -0.30019E+03 -0.25206E+03 -0.20449E+03 -0.16921E+03 -0.14661E+03
 -0.13701E+03 -0.12503E+03 -0.82412E+02  0.95451E+00  0.94947E+02  0.16065E+03
  0.19561E+03  0.21735E+03  0.23058E+03  0.23323E+03  0.22797E+03  0.20223E+03
  0.12955E+03  0.22864E+02 -0.62077E+02 -0.93932E+02 -0.94729E+02 -0.10319E+03
 -0.12424E+03 -0.11069E+03 -0.34382E+02  0.46728E+02  0.70100E+02  0.57133E+02
  0.59850E+02  0.70491E+02  0.50231E+02  0.72605E+01 -0.25497E+02 -0.35403E+02
 -0.31956E+02 -0.34842E+02 -0.46741E+02 -0.53911E+02 -0.57227E+02 -0.71700E+02
 -0.10153E+03 -0.13669E+03 -0.16060E+03 -0.15898E+03 -0.13508E+03 -0.94480E+02
 -0.38831E+02  0.96623E+01  0.27503E+02  0.17859E+02  0.24607E+01  0.44688E+01
  0.30865E+02  0.66814E+02  0.91934E+02  0.10414E+03  0.11133E+03  0.11512E+03
  0.12093E+03  0.12435E+03  0.10822E+03  0.81495E+02  0.63223E+02  0.40881E+02
 -0.39569E+01 -0.60126E+02 -0.10218E+03 -0.11609E+03 -0.99368E+02 -0.58580E+02
 -0.12976E+02  0.13004E+02  0.11554E+02  0.23121E+01  0.86295E+01  0.35263E+02
  0.66686E+02  0.78020E+02  0.66536E+02  0.54521E+02  0.56374E+02  0.71683E+02
  0.89034E+02  0.94790E+02  0.87589E+02  0.77499E+02  0.80049E+02  0.97195E+02
  0.11355E+03  0.12074E+03  0.12570E+03  0.13713E+03  0.14847E+03  0.13921E+03
  0.10674E+03  0.75888E+02  0.54579E+02  0.28565E+02 -0.44714E+01 -0.39177E+02
 -0.68949E+02 -0.95289E+02 -0.12682E+03 -0.15387E+03 -0.16282E+03 -0.16046E+03
 -0.15760E+03 -0.14690E+03 -0.11483E+03 -0.71338E+02 -0.34530E+02 -0.13966E+01
  0.30616E+02  0.47144E+02  0.45925E+02  0.41275E+02  0.25985E+02 -0.12921E+02
 -0.50278E+02 -0.69899E+02 -0.93847E+02 -0.12338E+03 -0.14457E+03 -0.16305E+03
 -0.18564E+03 -0.20165E+03 -0.19132E+03 -0.15481E+03 -0.10586E+03 -0.46473E+02
  0.16836E+02  0.63806E+02  0.93663E+02  0.12708E+03  0.16566E+03  0.19605E+03
  0.21372E+03  0.22056E+03  0.21828E+03  0.19040E+03  0.12985E+03  0.70770E+02
  0.30198E+02 -0.24876E+01 -0.24616E+02 -0.42017E+02 -0.66941E+02 -0.90932E+02
 -0.10354E+03 -0.10445E+03 -0.94211E+02 -0.76516E+02 -0.61254E+02 -0.61382E+02
 -0.77828E+02 -0.90794E+02 -0.87772E+02 -0.80506E+02 -0.81447E+02 -0.87159E+02
 -0.89490E+02 -0.86686E+02 -0.74341E+02 -0.46194E+02 -0.12962E+02  0.73638E+01
  0.15110E+02  0.15274E+02  0.54370E+01 -0.34011E+01 -0.11469E+01 -0.14912E+01
 -0.57622E+01 -0.16645E+01 -0.47178E+01 -0.25518E+02 -0.40585E+02 -0.37123E+02
 -0.27393E+02 -0.12577E+02  0.18663E+02  0.55675E+02  0.75216E+02  0.79060E+02
  0.85307E+02  0.10291E+03  0.13102E+03  0.16232E+03  0.18709E+03  0.20215E+03
  0.21401E+03  0.22586E+03  0.22726E+03  0.20787E+03  0.17048E+03  0.12253E+03
  0.64416E+02 -0.64375E+00 -0.60648E+02 -0.10729E+03 -0.13913E+03 -0.15639E+03
 -0.15756E+03 -0.14489E+03 -0.13101E+03 -0.12146E+03 -0.10104E+03 -0.61285E+02
 -0.18489E+02  0.15011E+02  0.42605E+02  0.61471E+02  0.68152E+02  0.74404E+02
  0.88840E+02  0.10227E+03  0.10060E+03  0.77734E+02  0.41924E+02  0.10351E+02
 -0.12415E+02 -0.34006E+02 -0.51656E+02 -0.55481E+02 -0.45241E+02 -0.30442E+02
 -0.20914E+02 -0.15305E+02 -0.50389E+01  0.10538E+02  0.26874E+02  0.42320E+02
  0.56599E+02  0.69574E+02  0.77166E+02  0.75318E+02  0.70047E+02  0.66648E+02
  0.59743E+02  0.44743E+02  0.28450E+02  0.23596E+02  0.28548E+02  0.25340E+02
  0.10096E+02  0.46924E+01  0.23297E+02  0.44290E+02  0.38856E+02  0.11382E+02
 -0.15034E+02 -0.31731E+02 -0.47525E+02 -0.75363E+02 -0.11693E+03 -0.15747E+03
 -0.18260E+03 -0.18976E+03 -0.17876E+03 -0.15298E+03 -0.12650E+03 -0.10779E+03
 -0.92476E+02 -0.82046E+02 -0.87830E+02 -0.10674E+03 -0.11369E+03 -0.96816E+02
 -0.72034E+02 -0.49603E+02 -0.22975E+02  0.89640E+01  0.42409E+02  0.78918E+02
  0.11584E+03  0.14154E+03  0.14895E+03  0.14495E+03  0.13314E+03  0.10591E+03
  0.71353E+02  0.48930E+02  0.36272E+02  0.21102E+02  0.60486E+01 -0.23348E+01
 -0.93691E+01 -0.27450E+02 -0.60253E+02 -0.94247E+02 -0.10955E+03 -0.10352E+03
 -0.91608E+02 -0.80228E+02 -0.61721E+02 -0.32482E+02  0.26318E+01  0.33554E+02
  0.52150E+02  0.65016E+02  0.84307E+02  0.10544E+03  0.11293E+03  0.99576E+02
  0.69047E+02  0.32606E+02  0.36190E+01 -0.16169E+02 -0.38128E+02 -0.68226E+02
 -0.94493E+02 -0.10352E+03 -0.10273E+03 -0.10494E+03 -0.10635E+03 -0.10026E+03
 -0.93442E+02 -0.94012E+02 -0.94828E+02 -0.83627E+02 -0.60275E+02 -0.33954E+02
 -0.13084E+02  0.23341E+01  0.18962E+02  0.36600E+02  0.46590E+02  0.48569E+02
  0.51599E+02  0.54893E+02  0.51040E+02  0.41549E+02  0.30226E+02  0.23142E+02
  0.29344E+02  0.41877E+02  0.49121E+02  0.57522E+02  0.70050E+02  0.75064E+02
  0.64055E+02  0.37161E+02  0.90029E+01 -0.74810E+00  0.42634E+01  0.46366E+01
 -0.22889E+01 -0.70810E+01 -0.79104E+01 -0.26036E+01  0.10858E+02  0.24074E+02
  0.31165E+02  0.37535E+02  0.43144E+02  0.38547E+02  0.25384E+02  0.15383E+02
  0.77703E+01 -0.52400E+01 -0.16917E+02 -0.15806E+02 -0.75378E+01 -0.71489E+01
 -0.12100E+02 -0.81289E+01  0.96731E+00  0.97064E+01  0.25047E+02  0.38797E+02
  0.40223E+02  0.38612E+02  0.35767E+02  0.20635E+02 -0.19396E+01 -0.19552E+02
 -0.33585E+02 -0.45323E+02 -0.47396E+02 -0.39229E+02 -0.29872E+02 -0.24365E+02
 -0.17258E+02 -0.28871E+01  0.15286E+02  0.31750E+02  0.46096E+02  0.58613E+02
  0.66312E+02  0.66130E+02  0.60823E+02  0.57648E+02  0.58538E+02  0.59601E+02
  0.60798E+02  0.64096E+02  0.65559E+02  0.58989E+02  0.43884E+02  0.26115E+02
  0.12669E+02  0.37357E+01 -0.96506E+01 -0.32286E+02 -0.55716E+02 -0.72024E+02
 -0.84664E+02 -0.98528E+02 -0.10861E+03 -0.10591E+03 -0.91486E+02 -0.73577E+02
 -0.53324E+02 -0.28815E+02 -0.56852E+01  0.10253E+02  0.17493E+02  0.16450E+02
  0.15341E+02  0.21215E+02  0.29777E+02  0.37854E+02  0.46266E+02  0.51556E+02
  0.48310E+02  0.34447E+02  0.11386E+02 -0.18595E+02 -0.49378E+02 -0.69241E+02
 -0.71953E+02 -0.65786E+02 -0.61658E+02 -0.56352E+02 -0.39392E+02 -0.87229E+01
  0.28149E+02  0.60432E+02  0.81617E+02  0.91558E+02  0.90195E+02  0.77477E+02
  0.55069E+02  0.24573E+02 -0.88494E+01 -0.38579E+02 -0.63601E+02 -0.84744E+02
 -0.96132E+02 -0.91100E+02 -0.75315E+02 -0.58618E+02 -0.40328E+02 -0.20241E+02
 -0.54355E+01  0.84100E+01  0.30301E+02  0.51271E+02  0.58734E+02  0.53194E+02
  0.39105E+02  0.18691E+02 -0.44795E+01 -0.24239E+02 -0.35300E+02 -0.35991E+02
 -0.29280E+02 -0.20302E+02 -0.10908E+02  0.49076E+00  0.14006E+02  0.24207E+02
  0.23396E+02  0.87696E+01 -0.11881E+02 -0.21931E+02 -0.16524E+02 -0.14191E+02
 -0.27811E+02 -0.43452E+02 -0.50038E+02 -0.55183E+02 -0.60352E+02 -0.58631E+02
 -0.49614E+02 -0.36339E+02 -0.20881E+02 -0.51124E+01  0.87284E+01  0.18634E+02
  0.25766E+02  0.33193E+02  0.40363E+02  0.43257E+02  0.40441E+02  0.35431E+02
  0.31617E+02  0.27427E+02  0.20504E+02  0.11827E+02  0.28908E+01 -0.47842E+01
 -0.98382E+01 -0.13053E+02 -0.15587E+02 -0.18340E+02 -0.20517E+02 -0.16955E+02
 -0.45665E+01  0.11667E+02  0.24061E+02  0.29628E+02  0.31317E+02  0.32549E+02
  0.33136E+02  0.33548E+02  0.34409E+02  0.30918E+02  0.21266E+02  0.13265E+02
  0.10979E+02  0.81049E+01  0.20003E+01 -0.28241E+01 -0.49151E+01 -0.49469E+01
 -0.32534E+01 -0.18279E+01 -0.13181E+01  0.74457E+00  0.67896E+01  0.16720E+02
  0.25816E+02  0.26505E+02  0.20263E+02  0.16167E+02  0.11384E+02 -0.15800E+01
 -0.14028E+02 -0.15780E+02 -0.13411E+02 -0.14413E+02 -0.13578E+02 -0.62966E+01
  0.19468E+01  0.63390E+01  0.88340E+01  0.10616E+02  0.11428E+02  0.15117E+02
  0.22125E+02  0.24536E+02  0.17768E+02  0.51812E+01 -0.77777E+01 -0.17353E+02
 -0.21574E+02 -0.19716E+02 -0.15001E+02 -0.13069E+02 -0.16435E+02 -0.22029E+02
 -0.23582E+02 -0.17399E+02 -0.49779E+01  0.87001E+01  0.17333E+02  0.16958E+02
  0.11032E+02  0.57672E+01 -0.12797E+00 -0.93979E+01 -0.16754E+02 -0.16947E+02
 -0.11600E+02 -0.60104E+01 -0.42009E+01 -0.27146E+01  0.39265E+01  0.12877E+02
  0.18125E+02  0.17696E+02  0.14114E+02  0.12047E+02  0.12729E+02  0.12829E+02
  0.77506E+01 -0.26410E+01 -0.13372E+02 -0.22326E+02 -0.30005E+02 -0.34687E+02
 -0.34166E+02 -0.28166E+02 -0.19317E+02 -0.11099E+02 -0.38954E+01  0.47811E+01
  0.16827E+02  0.27713E+02  0.29908E+02  0.25811E+02  0.23624E+02  0.23663E+02
  0.22408E+02  0.20450E+02  0.17189E+02  0.10012E+02  0.14633E+01 -0.23322E+01
 -0.20053E+00  0.18858E+01 -0.19375E+00 -0.28820E+01 -0.25333E+01 -0.21241E+01
 -0.51692E+01 -0.97989E+01 -0.12816E+02 -0.13500E+02 -0.14307E+02 -0.17655E+02
 -0.21700E+02 -0.24332E+02 -0.27060E+02 -0.29976E+02 -0.28203E+02 -0.18346E+02
 -0.50258E+01  0.38191E+01  0.59567E+01  0.63155E+01  0.91073E+01  0.11969E+02
  0.11556E+02  0.88102E+01  0.76510E+01  0.10157E+02  0.11649E+02  0.77673E+01
  0.29526E+01  0.19079E+01  0.24579E+01  0.26085E+01  0.28680E+01  0.12761E+01
 -0.32935E+01 -0.65084E+01 -0.64249E+01 -0.71268E+01 -0.91599E+01 -0.78737E+01
 -0.20554E+01  0.38762E+01  0.55680E+01  0.13970E+01 -0.72772E+01 -0.14968E+02
 -0.15953E+02 -0.11097E+02 -0.69191E+01 -0.60066E+01 -0.57875E+01 -0.58380E+01
 -0.75718E+01 -0.10990E+02 -0.14581E+02 -0.16261E+02 -0.15567E+02 -0.13807E+02
 -0.12019E+02 -0.10908E+02 -0.11389E+02 -0.12819E+02 -0.11810E+02 -0.59250E+01
  0.29848E+01  0.11259E+02  0.17225E+02  0.21282E+02  0.24176E+02  0.25696E+02
  0.24577E+02  0.21563E+02  0.18790E+02  0.16324E+02  0.15082E+02  0.16989E+02
  0.20889E+02  0.23815E+02  0.22831E+02  0.17296E+02  0.10472E+02  0.41352E+01
 -0.28984E+01 -0.10314E+02 -0.16748E+02 -0.21013E+02 -0.21972E+02 -0.19732E+02
 -0.14945E+02 -0.80773E+01 -0.16674E+01  0.12417E+01  0.12353E+01  0.51809E+00
 -0.61660E+00 -0.33076E+01 -0.65482E+01 -0.71312E+01 -0.50095E+01 -0.30165E+01
 -0.33494E+01 -0.71478E+01 -0.12284E+02 -0.15381E+02 -0.16568E+02 -0.15324E+02
 -0.88924E+01  0.90021E+00  0.87484E+01  0.12583E+02  0.13993E+02  0.16695E+02
  0.22330E+02  0.26852E+02  0.26313E+02  0.21498E+02  0.15632E+02  0.11281E+02
  0.82705E+01  0.51116E+01  0.20515E+01 -0.10670E+01 -0.67936E+01 -0.14258E+02
 -0.17965E+02 -0.16637E+02 -0.15055E+02 -0.15179E+02 -0.13415E+02 -0.74008E+01
  0.87650E+00  0.88914E+01  0.15315E+02  0.18150E+02  0.16705E+02  0.11606E+02
  0.25810E+01 -0.75289E+01 -0.12848E+02 -0.12186E+02 -0.95675E+01 -0.71565E+01
 -0.33298E+01  0.23518E+01  0.60457E+01  0.45078E+01  0.44271E+00 -0.21595E+01
 -0.39531E+01 -0.67395E+01 -0.96214E+01 -0.11231E+02 -0.10360E+02 -0.57579E+01
  0.12309E+01  0.74202E+01  0.10738E+02  0.98112E+01  0.46110E+01 -0.92327E+00
 -0.35545E+01 -0.64535E+01 -0.12094E+02 -0.16296E+02 -0.15974E+02 -0.12855E+02
 -0.75887E+01  0.77520E+00  0.11593E+02  0.23076E+02  0.32565E+02  0.37426E+02
  0.38319E+02  0.37704E+02  0.34576E+02  0.26183E+02  0.14338E+02  0.34380E+01
 -0.57326E+01 -0.13463E+02 -0.17538E+02 -0.17102E+02 -0.15004E+02 -0.13126E+02
 -0.10063E+02 -0.56303E+01 -0.15693E+01  0.13330E+01  0.28713E+01  0.40268E+01
  0.54599E+01  0.44740E+01  0.39684E+00 -0.34491E+01 -0.60632E+01 -0.80768E+01
 -0.89322E+01 -0.79195E+01 -0.37475E+01  0.38216E+01  0.11476E+02  0.15890E+02
  0.17016E+02  0.13742E+02  0.49726E+01 -0.24723E+01 -0.20862E+01 -0.84707E-01
 -0.31627E+01 -0.74486E+01 -0.97101E+01 -0.10392E+02 -0.81372E+01 -0.61035E+01
 -0.95539E+01 -0.14521E+02 -0.14867E+02 -0.12433E+02 -0.10391E+02 -0.70353E+01
 -0.11185E+01  0.52903E+01  0.10520E+02  0.13461E+02  0.13205E+02  0.11535E+02
  0.99235E+01  0.67111E+01  0.13598E+01 -0.46260E+01 -0.10710E+02 -0.16971E+02
 -0.22992E+02 -0.27572E+02 -0.28824E+02 -0.25740E+02 -0.18412E+02 -0.84759E+01
  0.13287E+00  0.55630E+01  0.93152E+01  0.10941E+02  0.92946E+01  0.57166E+01
  0.18769E+01 -0.28525E+00  0.21314E+01  0.96331E+01  0.16025E+02  0.14165E+02
  0.72897E+01  0.22319E+01 -0.23299E+01 -0.90152E+01 -0.15115E+02 -0.17637E+02
 -0.16475E+02 -0.12738E+02 -0.84574E+01 -0.55398E+01 -0.33929E+01 -0.56696E+00
  0.24537E+01  0.47287E+01  0.73388E+01  0.10489E+02  0.12324E+02  0.13136E+02
  0.15025E+02  0.18267E+02  0.21030E+02  0.21788E+02  0.19857E+02  0.14657E+02
  0.69618E+01 -0.10910E+01 -0.68415E+01 -0.90244E+01 -0.87159E+01 -0.62796E+01
 -0.23767E+01 -0.63032E-01 -0.10404E+01 -0.50847E+01 -0.11358E+02 -0.16465E+02
 -0.17073E+02 -0.13929E+02 -0.95353E+01 -0.54847E+01 -0.32304E+01 -0.29344E+01
 -0.16292E+01  0.28680E+01  0.83615E+01  0.12368E+02  0.14582E+02  0.14592E+02
  0.13833E+02  0.14086E+02  0.12362E+02  0.73772E+01  0.39093E+01  0.39198E+01
  0.41875E+01  0.28977E+01  0.24889E+00 -0.37369E+01 -0.76555E+01 -0.87869E+01
 -0.66214E+01 -0.42425E+01 -0.37280E+01 -0.29279E+01 -0.22217E+00  0.24578E+01
  0.28606E+01  0.12437E+01  0.17562E+00  0.10921E+01  0.19881E+01  0.84266E+00
 -0.28695E+00  0.20491E+01  0.61598E+01  0.78789E+01  0.76129E+01  0.68678E+01
  0.39765E+01 -0.18300E+01 -0.78338E+01 -0.11097E+02 -0.11785E+02 -0.11131E+02
 -0.87835E+01 -0.57271E+01 -0.42505E+01 -0.39566E+01 -0.38601E+01 -0.52817E+01
 -0.81274E+01 -0.90228E+01 -0.66856E+01 -0.35876E+01 -0.71029E+00  0.22902E+01
  0.32154E+01  0.33036E+00 -0.38889E+01 -0.58741E+01 -0.57288E+01 -0.65652E+01
 -0.89285E+01 -0.93601E+01 -0.69542E+01 -0.44665E+01 -0.17859E+01  0.23235E+01
  0.59286E+01  0.77692E+01  0.87893E+01  0.88366E+01  0.74307E+01  0.59848E+01
  0.54593E+01  0.49309E+01  0.54447E+01  0.83931E+01  0.10852E+02  0.10968E+02
  0.10334E+02  0.85508E+01  0.58687E+01  0.47876E+01  0.46178E+01  0.41062E+01
  0.42627E+01  0.46052E+01  0.35014E+01  0.10935E+01 -0.85270E+00 -0.13061E+01
 -0.13525E+01 -0.27822E+01 -0.47183E+01 -0.43478E+01 -0.24516E+01 -0.16895E+01
 -0.13274E+01  0.63293E-01  0.15784E+01  0.20828E+01  0.17582E+01  0.18779E+01
  0.29052E+01  0.29477E+01  0.36162E+00 -0.42825E+01 -0.96688E+01 -0.14686E+02
 -0.18756E+02 -0.21828E+02 -0.22898E+02 -0.20770E+02 -0.16978E+02 -0.14019E+02
 -0.12082E+02 -0.10377E+02 -0.82707E+01 -0.49616E+01 -0.80038E+00  0.33088E+01
  0.73514E+01  0.10439E+02  0.11642E+02  0.12928E+02  0.15857E+02  0.17821E+02
  0.17058E+02  0.16219E+02  0.15896E+02  0.13986E+02  0.12695E+02  0.13778E+02
  0.13684E+02  0.11301E+02  0.89238E+01  0.61017E+01  0.14755E+01 -0.37882E+01
 -0.81714E+01 -0.10647E+02 -0.10255E+02 -0.82523E+01 -0.69528E+01 -0.65557E+01
 -0.61985E+01 -0.57215E+01 -0.57448E+01 -0.77109E+01 -0.11620E+02 -0.14147E+02
 -0.12777E+02 -0.93273E+01 -0.67795E+01 -0.49561E+01 -0.21379E+01  0.11864E+01
  0.32899E+01  0.34848E+01  0.22729E+01 -0.35808E+00 -0.46783E+01 -0.87017E+01
 -0.10247E+02 -0.97608E+01 -0.85037E+01 -0.69018E+01 -0.47585E+01 -0.16662E+01
  0.21817E+01  0.61004E+01  0.96175E+01  0.11935E+02  0.12076E+02  0.10008E+02
  0.67300E+01  0.33100E+01  0.61087E+00 -0.89612E+00 -0.16075E+01 -0.22437E+01
 -0.28251E+01 -0.26384E+01 -0.15582E+01  0.24814E-01  0.17284E+01  0.28017E+01
  0.27326E+01  0.20463E+01  0.17879E+01  0.22738E+01  0.24305E+01  0.13390E+01
  0.43000E+00  0.10863E+01  0.26109E+01  0.45409E+01  0.59458E+01  0.59331E+01
  0.65793E+01  0.80481E+01  0.68538E+01  0.45152E+01  0.54601E+01  0.85988E+01
  0.10956E+02  0.11655E+02  0.11000E+02  0.10246E+02  0.91405E+01  0.56670E+01
  0.26820E+00 -0.47413E+01 -0.88226E+01 -0.12415E+02 -0.15289E+02 -0.15840E+02
 -0.12311E+02 -0.57087E+01  0.14635E+01  0.77585E+01  0.12016E+02  0.13305E+02
  0.12297E+02  0.98786E+01  0.63689E+01  0.25222E+01 -0.10543E+01 -0.32762E+01
 -0.37264E+01 -0.48362E+01 -0.73159E+01 -0.83977E+01 -0.72935E+01 -0.61487E+01
 -0.63012E+01 -0.64774E+01 -0.52320E+01 -0.42288E+01 -0.49861E+01 -0.48313E+01
 -0.17296E+01  0.19102E+01  0.34737E+01  0.23320E+01 -0.13804E+01 -0.53886E+01
 -0.70474E+01 -0.79145E+01 -0.96055E+01 -0.95693E+01 -0.67322E+01 -0.26057E+01
  0.26891E+01  0.80188E+01  0.10579E+02  0.10181E+02  0.86544E+01  0.67075E+01
  0.44445E+01  0.19926E+01  0.21929E-01  0.34296E+00  0.24892E+01  0.30077E+01
  0.62367E+00 -0.25988E+01 -0.47912E+01 -0.51431E+01 -0.32969E+01 -0.37357E+00
  0.17761E+01  0.22151E+01  0.13589E+01  0.10149E+01  0.21670E+01  0.35076E+01
  0.41254E+01  0.49389E+01  0.57493E+01  0.47648E+01  0.20372E+01 -0.10698E+01
 -0.43363E+01 -0.71069E+01 -0.73301E+01 -0.48206E+01 -0.25119E+01 -0.20177E+01
 -0.16003E+01 -0.42122E-01  0.11949E+01  0.28871E+00 -0.20540E+01 -0.36195E+01
 -0.41123E+01 -0.41936E+01 -0.31439E+01 -0.79628E+00  0.13465E+01  0.21925E+01
  0.20964E+01  0.14537E+01  0.13987E+00 -0.11064E+01 -0.12966E+01 -0.13772E+01
 -0.27143E+01 -0.45077E+01 -0.55064E+01 -0.57543E+01 -0.53179E+01 -0.39773E+01
 -0.23910E+01 -0.10352E+01  0.82095E+00  0.31390E+01  0.43635E+01  0.33750E+01
  0.10981E+01 -0.61916E+00 -0.77031E+00  0.30304E+00  0.84026E+00  0.59298E+00
  0.15438E+01  0.28385E+01  0.18622E+01 -0.97544E-02 -0.26212E+00  0.68236E+00
  0.14368E+01  0.92176E+00 -0.56302E+00 -0.97849E+00 -0.19063E+00 -0.75087E+00
 -0.29464E+01 -0.37986E+01 -0.24957E+01 -0.12648E+01 -0.71305E+00  0.26212E+00
  0.19290E+01  0.39663E+01  0.58038E+01  0.70456E+01  0.81654E+01  0.92763E+01
  0.93525E+01  0.80861E+01  0.64036E+01  0.43817E+01  0.17874E+01 -0.53705E+00
 -0.22509E+01 -0.32495E+01 -0.25570E+01 -0.79515E+00 -0.57453E+00 -0.21459E+01
 -0.26996E+01 -0.12085E+01  0.50092E+00  0.12765E+01  0.13036E+01  0.76141E+00
  0.25944E+00  0.40283E+00  0.50169E+00 -0.25104E-01 -0.35568E+00 -0.37611E+00
 -0.14064E+01 -0.32692E+01 -0.44903E+01 -0.52712E+01 -0.58197E+01 -0.48102E+01
 -0.22488E+01  0.26892E+00  0.20385E+01  0.30530E+01  0.30998E+01  0.21703E+01
  0.58209E+00 -0.70795E+00 -0.82081E+00  0.71701E-01  0.19088E+01  0.42858E+01
  0.55030E+01  0.48954E+01  0.33590E+01  0.12956E+01 -0.13315E+01 -0.42778E+01
 -0.72439E+01 -0.97495E+01 -0.11182E+02 -0.11583E+02 -0.11739E+02 -0.11854E+02
 -0.10964E+02 -0.86462E+01 -0.61947E+01 -0.42300E+01 -0.16746E+01  0.16909E+01
  0.48154E+01  0.68234E+01  0.76680E+01  0.79609E+01  0.80695E+01  0.79321E+01
  0.75369E+01  0.69725E+01  0.61902E+01  0.48507E+01  0.27000E+01  0.23469E+00
 -0.13436E+01 -0.20152E+01 -0.31285E+01 -0.43380E+01 -0.43659E+01 -0.31186E+01
 -0.12507E+01 -0.10948E+01 -0.32453E+01 -0.39174E+01 -0.21466E+01 -0.17844E+01
 -0.12577E+01  0.45030E+01  0.71151E+01 -0.23928E+01 -0.90290E+01  0.12470E+01
  0.11430E+02  0.40176E+01 -0.72819E+01 -0.61826E+01  0.27173E+01  0.83179E+01
  0.51819E+01 -0.28864E+00  0.78602E+00  0.49950E+01  0.50190E+01  0.12105E+01
 -0.10651E+01  0.64523E+00  0.37120E+01  0.38685E+01  0.97192E+00  0.15889E+00
  0.27712E+01  0.44939E+01  0.40239E+01  0.32788E+01  0.27542E+01  0.13278E+01
 -0.23637E+01 -0.65986E+01 -0.75399E+01 -0.49825E+01 -0.22051E+01 -0.15624E+01
 -0.25238E+01 -0.18792E+01  0.13903E+01  0.33827E+01  0.23474E+01  0.83162E+00
  0.89821E+00  0.28525E+01  0.49079E+01  0.48306E+01  0.30381E+01  0.12237E+01
 -0.14587E+00 -0.84023E+00 -0.66864E+00 -0.78157E+00 -0.20647E+01 -0.40150E+01
 -0.46826E+01 -0.19234E+01  0.20795E+01  0.19424E+01 -0.18279E+01 -0.26623E+01
  0.10358E+01  0.39596E+01  0.29555E+01  0.12142E+01  0.33298E+01  0.79784E+01
  0.96696E+01  0.76421E+01  0.57235E+01  0.48033E+01  0.25020E+01 -0.43246E+00
 -0.45431E+00  0.18612E+01  0.23892E+01  0.81738E-01 -0.27192E+01 -0.46322E+01
 -0.64583E+01 -0.92411E+01 -0.12778E+02 -0.15263E+02 -0.14566E+02 -0.10551E+02
 -0.63980E+01 -0.66260E+01 -0.91682E+01 -0.50364E+01  0.44574E+01  0.58837E+01
 -0.12554E+01 -0.25213E+01  0.59302E+01  0.14410E+02  0.17039E+02  0.15433E+02
  0.10472E+02  0.16630E+01 -0.82897E+01 -0.15776E+02 -0.19363E+02 -0.20621E+02
 -0.22213E+02 -0.22243E+02 -0.16904E+02 -0.66174E+01  0.56631E+01  0.15997E+02
  0.19748E+02  0.16768E+02  0.12835E+02  0.11311E+02  0.10208E+02  0.82196E+01
  0.64506E+01  0.56875E+01  0.51817E+01  0.40196E+01  0.18822E+01 -0.45743E+00
 -0.42766E+00  0.28482E+01  0.68507E+01  0.91851E+01  0.92494E+01  0.67703E+01
  0.67459E+00 -0.92079E+01 -0.20339E+02 -0.28098E+02 -0.27861E+02 -0.18302E+02
 -0.42137E+01  0.69614E+01  0.12088E+02  0.12067E+02  0.96636E+01  0.74409E+01
  0.37413E+01 -0.29734E+01 -0.93656E+01 -0.12292E+02 -0.11293E+02 -0.66151E+01
 -0.40730E+00  0.46443E+01  0.79038E+01  0.83552E+01  0.61519E+01  0.35813E+01
 -0.37661E-01 -0.44752E+01 -0.51775E+01 -0.11978E+01  0.26040E+01  0.20823E+01
 -0.23235E+01 -0.76022E+01 -0.10302E+02 -0.82763E+01 -0.28455E+01  0.35000E+01
  0.94103E+01  0.13938E+02  0.15863E+02  0.13609E+02  0.69441E+01 -0.12685E+01
 -0.72304E+01 -0.94295E+01 -0.77295E+01 -0.25249E+01  0.40536E+01  0.87478E+01
  0.91013E+01  0.59625E+01  0.23105E+01 -0.12448E+01 -0.51169E+01 -0.76613E+01
 -0.79943E+01 -0.79592E+01 -0.83524E+01 -0.72816E+01 -0.41012E+01 -0.54489E+00
  0.12946E+01  0.81099E+00  0.20662E+00  0.87745E+00  0.83934E+00 -0.60500E+00
 -0.13818E+01 -0.95587E+00 -0.75660E+00 -0.11746E+01 -0.91577E+00  0.11738E+01
  0.39660E+01  0.49877E+01  0.33654E+01  0.30257E+00 -0.23238E+01 -0.34820E+01
 -0.35138E+01 -0.30265E+01 -0.23683E+01 -0.13398E+01  0.91216E+00  0.39411E+01
  0.55831E+01  0.47293E+01  0.28321E+01  0.20033E+01  0.21230E+01  0.17535E+01
  0.10159E+01  0.88134E+00  0.14995E+01  0.26187E+01  0.40937E+01  0.54091E+01
  0.55320E+01  0.41989E+01  0.23922E+01  0.76254E+00 -0.86649E+00 -0.25738E+01
 -0.38800E+01 -0.37808E+01 -0.20342E+01  0.28836E+00  0.24194E+01  0.41257E+01
  0.50429E+01  0.55194E+01  0.60253E+01  0.58590E+01  0.49645E+01  0.45904E+01
  0.48772E+01  0.49129E+01  0.46305E+01  0.40601E+01  0.27448E+01  0.98435E+00
 -0.58789E+00 -0.22398E+01 -0.43841E+01 -0.64841E+01 -0.77365E+01 -0.74700E+01
 -0.51322E+01 -0.16578E+01  0.93232E+00  0.22791E+01  0.36673E+01  0.55020E+01
  0.70355E+01  0.74919E+01  0.63600E+01  0.38693E+01  0.13533E+01 -0.87609E-01
 -0.12263E+01 -0.34089E+01 -0.61602E+01 -0.75093E+01 -0.69227E+01 -0.64062E+01
 -0.71775E+01 -0.81833E+01 -0.84278E+01 -0.78811E+01 -0.70986E+01 -0.67500E+01
 -0.64816E+01 -0.52133E+01 -0.30414E+01 -0.15086E+01 -0.12707E+01 -0.53973E+00
  0.19833E+01  0.44147E+01  0.51235E+01  0.50075E+01  0.46127E+01  0.36049E+01
  0.25090E+01  0.20206E+01  0.17020E+01  0.11122E+01  0.11469E+01  0.23964E+01
  0.33911E+01  0.23639E+01 -0.20131E+00 -0.23516E+01 -0.32182E+01 -0.32319E+01
 -0.25710E+01 -0.14914E+01 -0.10278E+01 -0.11861E+01 -0.91217E+00 -0.59630E+00
 -0.17254E+01 -0.41183E+01 -0.58680E+01 -0.62703E+01 -0.61605E+01 -0.55007E+01
 -0.37192E+01 -0.13259E+01  0.89058E+00  0.25146E+01  0.33704E+01  0.35698E+01
  0.32149E+01  0.24203E+01  0.14901E+01  0.10679E+01  0.14186E+01  0.14504E+01
  0.55881E+00 -0.25557E+00 -0.44132E+00 -0.42790E+00 -0.73500E+00 -0.12890E+01
 -0.13319E+01 -0.55217E+00  0.45006E+00  0.10072E+01  0.10651E+01  0.10964E+01
  0.15776E+01  0.21082E+01  0.18588E+01  0.98995E+00  0.25625E+00  0.30474E-01
  0.31968E+00  0.69841E+00  0.54072E+00 -0.19149E+00 -0.13012E+01 -0.27016E+01
 -0.40411E+01 -0.50495E+01 -0.55972E+01 -0.52466E+01 -0.37243E+01 -0.18093E+01
 -0.67787E+00 -0.38536E-01  0.10813E+01  0.22333E+01  0.29114E+01  0.35787E+01
  0.41674E+01  0.43855E+01  0.45005E+01  0.44370E+01  0.36294E+01  0.23215E+01
  0.15679E+01  0.15164E+01  0.16126E+01  0.18251E+01  0.20474E+01  0.21437E+01
  0.23575E+01  0.24991E+01  0.24082E+01  0.23508E+01  0.20238E+01  0.11055E+01
 -0.18944E+00 -0.17886E+01 -0.34866E+01 -0.47714E+01 -0.50804E+01 -0.39344E+01
 -0.19553E+01 -0.35503E+00  0.84187E+00  0.19339E+01  0.25751E+01  0.26534E+01
  0.22743E+01  0.13793E+01  0.26707E+00 -0.59578E+00 -0.76623E+00  0.27641E+00
  0.20425E+01  0.32692E+01  0.36586E+01  0.34120E+01  0.22946E+01  0.61455E+00
 -0.76219E+00 -0.14887E+01 -0.18755E+01 -0.27697E+01 -0.44430E+01 -0.57101E+01
 -0.58347E+01 -0.54055E+01 -0.47705E+01 -0.40744E+01 -0.36358E+01 -0.30444E+01
 -0.18582E+01 -0.66995E+00  0.60747E-01  0.75547E+00  0.14045E+01  0.16624E+01
  0.17527E+01  0.17722E+01  0.18465E+01  0.20735E+01  0.19460E+01  0.16382E+01
  0.20776E+01  0.29745E+01  0.32244E+01  0.27424E+01  0.17922E+01  0.25123E+00
 -0.10957E+01 -0.13970E+01 -0.13213E+01 -0.91974E+00  0.55253E+00  0.20325E+01
  0.22483E+01  0.17433E+01  0.11376E+01  0.62996E+00  0.53415E+00  0.46287E+00
 -0.10578E+00 -0.59295E+00 -0.37977E+00 -0.16198E+00 -0.48042E+00 -0.52917E+00
 -0.51690E-01 -0.20549E+00 -0.16140E+01 -0.33422E+01 -0.39326E+01 -0.30244E+01
 -0.19479E+01 -0.15783E+01 -0.86006E+00  0.65613E+00  0.15146E+01  0.13311E+01
  0.14046E+01  0.21207E+01  0.28891E+01  0.33420E+01  0.36463E+01  0.42366E+01
  0.48219E+01  0.46614E+01  0.37286E+01  0.24082E+01  0.12343E+01  0.92716E+00
  0.12931E+01  0.12394E+01  0.48239E+00 -0.37449E+00 -0.10615E+01 -0.15155E+01
 -0.17303E+01 -0.21225E+01 -0.29006E+01 -0.37445E+01 -0.44767E+01 -0.51278E+01
 -0.52496E+01 -0.40879E+01 -0.20065E+01 -0.16596E+00  0.12084E+01  0.21115E+01
  0.18778E+01  0.82215E+00  0.40800E+00  0.93289E+00  0.12404E+01  0.73377E+00
 -0.19417E+00 -0.11510E+01 -0.18136E+01 -0.19007E+01 -0.16121E+01 -0.11961E+01
 -0.55685E+00  0.26730E-01 -0.51788E-01 -0.58638E+00 -0.10716E+01 -0.16365E+01
 -0.19133E+01 -0.13553E+01 -0.85838E+00 -0.86983E+00 -0.15703E+00  0.11927E+01
  0.18789E+01  0.21412E+01  0.26473E+01  0.31762E+01  0.35110E+01  0.33621E+01
  0.24997E+01  0.13336E+01  0.15480E+00 -0.11147E+01 -0.23268E+01 -0.34350E+01
 -0.44650E+01 -0.48511E+01 -0.44483E+01 -0.37728E+01 -0.25981E+01 -0.85454E+00
  0.40765E+00  0.79571E+00  0.91877E+00  0.71935E+00  0.15295E+00  0.74098E-01
  0.47534E+00  0.17606E-01 -0.15630E+01 -0.29950E+01 -0.40116E+01 -0.51166E+01
 -0.56185E+01 -0.46873E+01 -0.26905E+01 -0.49045E+00  0.13675E+01  0.25714E+01
  0.31550E+01  0.34446E+01  0.32864E+01  0.25462E+01  0.15945E+01  0.44444E+00
 -0.94334E+00 -0.18617E+01 -0.18918E+01 -0.16898E+01 -0.16862E+01 -0.11189E+01
  0.47475E+00  0.16491E+01  0.12998E+01  0.38056E+00 -0.42320E+00 -0.10588E+01
 -0.10633E+01 -0.53478E+00 -0.43415E-01  0.36444E+00  0.66054E+00  0.63807E+00
  0.55124E+00  0.57621E+00  0.58462E+00  0.82164E+00  0.13139E+01  0.17253E+01
  0.19841E+01  0.20927E+01  0.22984E+01  0.27076E+01  0.29799E+01  0.29417E+01
  0.22580E+01  0.89755E+00 -0.19877E-01  0.20689E+00  0.10359E+01  0.20059E+01
  0.28664E+01  0.31299E+01  0.25798E+01  0.17664E+01  0.14718E+01  0.16780E+01
  0.19611E+01  0.21821E+01  0.21205E+01  0.17313E+01  0.13087E+01  0.78270E+00
 -0.36912E-01 -0.69694E+00 -0.83697E+00 -0.83755E+00 -0.82226E+00 -0.62983E+00
 -0.31234E+00  0.11565E+00  0.99277E-01 -0.73163E+00 -0.11290E+01 -0.19768E+00
  0.80602E+00  0.61656E+00 -0.41435E-01  0.14750E+00  0.84195E+00  0.90941E+00
  0.66857E+00  0.94745E+00  0.13070E+01  0.11399E+01  0.82777E+00  0.85495E+00
  0.89327E+00  0.50494E+00  0.16306E+00  0.11398E+00 -0.33390E+00 -0.10539E+01
 -0.11924E+01 -0.10749E+01 -0.14657E+01 -0.18275E+01 -0.13782E+01 -0.41373E+00
  0.57219E+00  0.13070E+01  0.15370E+01  0.14116E+01  0.11659E+01  0.62619E+00
 -0.38573E+00 -0.15460E+01 -0.22189E+01 -0.22840E+01 -0.23307E+01 -0.25820E+01
 -0.25284E+01 -0.19681E+01 -0.10470E+01  0.28199E+00  0.15111E+01  0.19263E+01
  0.18820E+01  0.17328E+01  0.12880E+01  0.96655E+00  0.95035E+00  0.54292E+00
 -0.46485E+00 -0.17694E+01 -0.31423E+01 -0.43167E+01 -0.52808E+01 -0.58340E+01
 -0.53820E+01 -0.41646E+01 -0.29766E+01 -0.18379E+01 -0.67226E+00  0.10027E+00
  0.49285E+00  0.56728E+00 -0.33890E+00 -0.22565E+01 -0.41022E+01 -0.53165E+01
 -0.59972E+01 -0.57713E+01 -0.41021E+01 -0.14028E+01  0.10795E+01  0.29254E+01
  0.46091E+01  0.57163E+01  0.57050E+01  0.52355E+01  0.47388E+01  0.39910E+01
  0.31922E+01  0.24762E+01  0.17342E+01  0.13850E+01  0.15881E+01  0.16120E+01
  0.11956E+01  0.10689E+01  0.13420E+01  0.12232E+01  0.35426E+00 -0.98351E+00
 -0.25157E+01 -0.42701E+01 -0.61851E+01 -0.77593E+01 -0.83478E+01 -0.77780E+01
 -0.66530E+01 -0.53923E+01 -0.36716E+01 -0.17547E+01 -0.37880E+00  0.58393E+00
  0.14804E+01  0.22811E+01  0.30347E+01  0.36317E+01  0.35340E+01  0.26192E+01
  0.17145E+01  0.13988E+01  0.13393E+01  0.13890E+01  0.20511E+01  0.33163E+01
  0.43561E+01  0.47777E+01  0.48330E+01  0.46323E+01  0.41177E+01  0.33290E+01
  0.23081E+01  0.10480E+01 -0.31905E+00 -0.14169E+01 -0.18236E+01 -0.12459E+01
  0.16730E+00  0.17167E+01  0.29284E+01  0.37709E+01  0.42962E+01  0.45072E+01
  0.41426E+01  0.31202E+01  0.17743E+01  0.34719E+00 -0.92715E+00 -0.17657E+01
 -0.21625E+01 -0.22446E+01 -0.22956E+01 -0.25930E+01 -0.28939E+01 -0.29834E+01
 -0.30809E+01 -0.31776E+01 -0.30554E+01 -0.26425E+01 -0.21891E+01 -0.22957E+01
 -0.27683E+01 -0.26404E+01 -0.19800E+01 -0.16388E+01 -0.16580E+01 -0.15949E+01
 -0.13498E+01 -0.98811E+00 -0.60437E+00 -0.19912E+00  0.23603E+00  0.38841E+00
 -0.26659E-01 -0.84174E+00 -0.16616E+01 -0.23150E+01 -0.28814E+01 -0.34559E+01
 -0.39662E+01 -0.41550E+01 -0.38179E+01 -0.29616E+01 -0.18516E+01 -0.80333E+00
  0.11913E+00  0.95510E+00  0.16654E+01  0.22458E+01  0.26280E+01  0.26038E+01
  0.22998E+01  0.22415E+01  0.25672E+01  0.28332E+01  0.28714E+01  0.29380E+01
  0.30541E+01  0.30683E+01  0.28038E+01  0.21212E+01  0.13815E+01  0.11053E+01
  0.12325E+01  0.14317E+01  0.16607E+01  0.21610E+01  0.27398E+01  0.26597E+01
  0.20957E+01  0.19296E+01  0.18753E+01  0.13130E+01  0.79611E+00  0.72907E+00
  0.68062E+00  0.61364E+00  0.68669E+00  0.71485E+00  0.75340E+00  0.97986E+00
  0.12211E+01  0.12892E+01  0.14274E+01  0.17417E+01  0.18479E+01  0.14926E+01
  0.74806E+00 -0.20719E-01 -0.40864E+00 -0.45990E+00 -0.48571E+00 -0.52254E+00
 -0.35590E+00  0.18180E-01  0.30655E+00  0.68269E+00  0.16201E+01  0.26290E+01
  0.30747E+01  0.30227E+01  0.24662E+01  0.16495E+01  0.89502E+00  0.31021E-01
 -0.75802E+00 -0.11597E+01 -0.14020E+01 -0.14725E+01 -0.10983E+01 -0.37376E+00
  0.40043E+00  0.87504E+00  0.99447E+00  0.10074E+01  0.81896E+00  0.28304E+00
 -0.27860E+00 -0.65520E+00 -0.10967E+01 -0.15039E+01 -0.15963E+01 -0.17936E+01
 -0.24309E+01 -0.31910E+01 -0.38281E+01 -0.43619E+01 -0.48122E+01 -0.51354E+01
 -0.51274E+01 -0.47409E+01 -0.44104E+01 -0.43710E+01 -0.41802E+01 -0.34323E+01
 -0.23180E+01 -0.11237E+01 -0.45403E-01  0.59596E+00  0.77604E+00  0.56482E+00
 -0.17659E+00 -0.12174E+01 -0.20594E+01 -0.24942E+01 -0.28916E+01 -0.36641E+01
 -0.40728E+01 -0.32443E+01 -0.18970E+01 -0.86882E+00  0.24275E+00  0.15997E+01
  0.25517E+01  0.26860E+01  0.23076E+01  0.19445E+01  0.16219E+01  0.13036E+01
  0.12846E+01  0.14357E+01  0.14375E+01  0.14602E+01  0.15401E+01  0.15680E+01
  0.17137E+01  0.17903E+01  0.16787E+01  0.17889E+01  0.19140E+01  0.14794E+01
  0.45934E+00 -0.86072E+00 -0.20039E+01 -0.26807E+01 -0.30169E+01 -0.30665E+01
 -0.28573E+01 -0.26030E+01 -0.25109E+01 -0.24151E+01 -0.19060E+01 -0.95487E+00
  0.15401E+00  0.95561E+00  0.86642E+00  0.70427E-01 -0.42039E+00 -0.18441E+00
  0.40050E+00  0.95233E+00  0.11082E+01  0.84846E+00  0.59954E+00  0.47924E+00
  0.51866E+00  0.11832E+01  0.22787E+01  0.28398E+01  0.29670E+01  0.30678E+01
  0.25678E+01  0.15798E+01  0.84533E+00  0.36081E+00  0.30284E+00  0.10323E+01
  0.21544E+01  0.31562E+01  0.38545E+01  0.41968E+01  0.42393E+01  0.40759E+01
  0.38761E+01  0.36402E+01  0.27510E+01  0.99422E+00 -0.74376E+00 -0.19559E+01
 -0.28557E+01 -0.34887E+01 -0.37020E+01 -0.34524E+01 -0.31205E+01 -0.30733E+01
 -0.28299E+01 -0.16749E+01 -0.23616E-01  0.11278E+01  0.16448E+01  0.20296E+01
  0.25245E+01  0.26862E+01  0.20637E+01  0.12919E+01  0.94042E+00  0.21814E+00
 -0.11937E+01 -0.20489E+01 -0.17754E+01 -0.11764E+01 -0.82775E+00 -0.53314E+00
  0.96309E-01  0.84274E+00  0.11996E+01  0.13084E+01  0.15691E+01  0.18841E+01
  0.20500E+01  0.19644E+01  0.15508E+01  0.10068E+01  0.36253E+00 -0.46110E+00
 -0.12175E+01 -0.18275E+01 -0.21536E+01 -0.20016E+01 -0.19398E+01 -0.22399E+01
 -0.21927E+01 -0.17007E+01 -0.12660E+01 -0.81770E+00 -0.45738E+00 -0.57014E+00
