  0.16549E+00  0.31203E+00  0.26546E+00  0.28626E+00  0.28133E+00  0.29009E+00
  0.28957E+00  0.29829E+00  0.29640E+00  0.30051E+00  0.29187E+00  0.28355E+00
  0.25969E+00  0.23124E+00  0.18603E+00  0.13554E+00  0.72287E-01  0.88738E-02
 -0.64602E-01 -0.15282E+00 -0.28139E+00 -0.45175E+00 -0.66282E+00 -0.89125E+00
 -0.11317E+01 -0.13651E+01 -0.15769E+01 -0.17329E+01 -0.18290E+01 -0.18845E+01
 -0.19267E+01 -0.19609E+01 -0.19942E+01 -0.20216E+01 -0.20528E+01 -0.20847E+01
 -0.21082E+01 -0.21128E+01 -0.21110E+01 -0.21137E+01 -0.21316E+01 -0.21480E+01
 -0.21550E+01 -0.21642E+01 -0.21956E+01 -0.22415E+01 -0.22902E+01 -0.23286E+01
 -0.23559E+01 -0.23734E+01 -0.23899E+01 -0.24047E+01 -0.24204E+01 -0.24339E+01
 -0.24480E+01 -0.24621E+01 -0.24793E+01 -0.24955E+01 -0.25194E+01 -0.25693E+01
 -0.26578E+01 -0.27704E+01 -0.28866E+01 -0.29928E+01 -0.31014E+01 -0.32214E+01
 -0.33327E+01 -0.33804E+01 -0.33341E+01 -0.32250E+01 -0.31101E+01 -0.30107E+01
 -0.29174E+01 -0.28151E+01 -0.27164E+01 -0.26422E+01 -0.26080E+01 -0.26003E+01
 -0.25972E+01 -0.25876E+01 -0.25751E+01 -0.25606E+01 -0.25476E+01 -0.25338E+01
 -0.25186E+01 -0.24995E+01 -0.24793E+01 -0.24604E+01 -0.24495E+01 -0.24446E+01
 -0.24415E+01 -0.24363E+01 -0.24310E+01 -0.24252E+01 -0.24192E+01 -0.24096E+01
 -0.23986E+01 -0.23937E+01 -0.24162E+01 -0.24447E+01 -0.24104E+01 -0.23321E+01
 -0.22910E+01 -0.22851E+01 -0.22848E+01 -0.22808E+01 -0.22712E+01 -0.22458E+01
 -0.21977E+01 -0.21334E+01 -0.20676E+01 -0.20027E+01 -0.19381E+01 -0.18706E+01
 -0.18041E+01 -0.17479E+01 -0.17107E+01 -0.16850E+01 -0.16610E+01 -0.16348E+01
 -0.16079E+01 -0.15789E+01 -0.15468E+01 -0.15139E+01 -0.14988E+01 -0.15153E+01
 -0.15578E+01 -0.16041E+01 -0.16429E+01 -0.16877E+01 -0.17554E+01 -0.18220E+01
 -0.18283E+01 -0.17381E+01 -0.15868E+01 -0.14296E+01 -0.12897E+01 -0.11544E+01
 -0.10100E+01 -0.86656E+00 -0.74840E+00 -0.66906E+00 -0.61843E+00 -0.57318E+00
 -0.52446E+00 -0.47157E+00 -0.41613E+00 -0.36168E+00 -0.32357E+00 -0.31141E+00
 -0.31120E+00 -0.30130E+00 -0.28489E+00 -0.27619E+00 -0.27938E+00 -0.28185E+00
 -0.25307E+00 -0.17055E+00 -0.56708E-01  0.57560E-01  0.15861E+00  0.25060E+00
  0.34825E+00  0.45467E+00  0.54836E+00  0.61554E+00  0.66645E+00  0.71651E+00
  0.76933E+00  0.82520E+00  0.88396E+00  0.94661E+00  0.10104E+01  0.10747E+01
  0.11378E+01  0.12008E+01  0.12645E+01  0.13284E+01  0.13890E+01  0.14421E+01
  0.14765E+01  0.14845E+01  0.14785E+01  0.14789E+01  0.14832E+01  0.14798E+01
  0.14690E+01  0.14643E+01  0.14931E+01  0.15754E+01  0.16885E+01  0.18030E+01
  0.19077E+01  0.20066E+01  0.21133E+01  0.22302E+01  0.23344E+01  0.24110E+01
  0.24709E+01  0.25302E+01  0.25918E+01  0.26539E+01  0.27113E+01  0.27550E+01
  0.27667E+01  0.27385E+01  0.26840E+01  0.26233E+01  0.25661E+01  0.25040E+01
  0.24292E+01  0.23566E+01  0.23153E+01  0.23227E+01  0.23614E+01  0.24055E+01
  0.24450E+01  0.24829E+01  0.25236E+01  0.25766E+01  0.26508E+01  0.27395E+01
  0.28308E+01  0.29266E+01  0.30259E+01  0.31244E+01  0.32175E+01  0.32982E+01
  0.33666E+01  0.34369E+01  0.35152E+01  0.35954E+01  0.36683E+01  0.37321E+01
  0.37988E+01  0.38823E+01  0.39847E+01  0.41009E+01  0.42279E+01  0.43598E+01
  0.44898E+01  0.46282E+01  0.47803E+01  0.49222E+01  0.50007E+01  0.49855E+01
  0.49070E+01  0.48151E+01  0.47325E+01  0.46660E+01  0.46249E+01  0.45922E+01
  0.44766E+01  0.42102E+01  0.38490E+01  0.34870E+01  0.31551E+01  0.28082E+01
  0.23804E+01  0.19349E+01  0.17128E+01  0.18743E+01  0.22891E+01  0.27456E+01
  0.31369E+01  0.34194E+01  0.36031E+01  0.38314E+01  0.44401E+01  0.56711E+01
  0.73664E+01  0.91710E+01  0.10572E+02  0.10964E+02  0.10361E+02  0.93982E+01
  0.84867E+01  0.76454E+01  0.68167E+01  0.59780E+01  0.52098E+01  0.46710E+01
  0.43760E+01  0.41706E+01  0.38977E+01  0.34288E+01  0.26796E+01  0.16758E+01
  0.68540E+00  0.33354E+00  0.10814E+01  0.26969E+01  0.46778E+01  0.63807E+01
  0.66477E+01  0.48984E+01  0.22243E+01 -0.16094E+00 -0.21863E+01 -0.33967E+01
 -0.23399E+01  0.12016E+01  0.56105E+01  0.94693E+01  0.11930E+02  0.12118E+02
  0.10233E+02  0.80082E+01  0.73835E+01  0.86225E+01  0.94934E+01  0.80432E+01
  0.49465E+01  0.16285E+01 -0.13642E+01 -0.34297E+01 -0.36528E+01 -0.21543E+01
 -0.81533E-01  0.18735E+01  0.38275E+01  0.61091E+01  0.85524E+01  0.93113E+01
  0.55150E+01 -0.28662E+01 -0.12333E+02 -0.19020E+02 -0.19468E+02 -0.12589E+02
 -0.28708E+01  0.38102E+01  0.63739E+01  0.69994E+01  0.69082E+01  0.62996E+01
  0.51513E+01  0.27906E+01 -0.10313E+01 -0.40480E+01 -0.27999E+01  0.28937E+01
  0.94305E+01  0.12994E+02  0.12273E+02  0.89341E+01  0.57135E+01  0.50134E+01
  0.76947E+01  0.11588E+02  0.13521E+02  0.12610E+02  0.11016E+02  0.13064E+02
  0.21251E+02  0.31548E+02  0.36736E+02  0.33084E+02  0.20518E+02  0.19283E+01
 -0.15204E+02 -0.22874E+02 -0.20719E+02 -0.14695E+02 -0.92794E+01 -0.65067E+01
 -0.71073E+01 -0.91755E+01 -0.90647E+01 -0.47682E+01  0.19166E+01  0.61162E+01
  0.37431E+01 -0.23485E+01 -0.45780E+01 -0.12430E+01  0.20540E+01 -0.49780E+00
 -0.95664E+01 -0.18103E+02 -0.16329E+02 -0.24024E+01  0.15361E+02  0.26984E+02
  0.28370E+02  0.21134E+02  0.11107E+02  0.55600E+01  0.58725E+01  0.73298E+01
  0.59192E+01  0.22210E+01  0.18737E+00  0.18201E+01  0.53015E+01  0.75030E+01
  0.58096E+01  0.42306E+00 -0.52035E+01 -0.75037E+01 -0.55405E+01 -0.12195E+01
  0.23856E+01  0.36128E+01  0.31798E+01  0.19456E+01 -0.24311E+00 -0.26984E+01
 -0.38132E+01 -0.34574E+01 -0.29754E+01 -0.27856E+01 -0.14283E+01  0.24077E+01
  0.71373E+01  0.93076E+01  0.68935E+01 -0.16914E+00 -0.10190E+02 -0.19021E+02
 -0.22423E+02 -0.20581E+02 -0.17253E+02 -0.14784E+02 -0.12591E+02 -0.78934E+01
 -0.10113E+00  0.47814E+01  0.21562E+01 -0.46450E+01 -0.97364E+01 -0.90966E+01
 -0.25775E+01  0.77083E+01  0.20640E+02  0.33885E+02  0.42366E+02  0.41025E+02
  0.26411E+02 -0.13725E+01 -0.32801E+02 -0.51132E+02 -0.48592E+02 -0.32791E+02
 -0.13747E+02  0.45525E+01  0.19126E+02  0.24713E+02  0.18223E+02  0.43289E+01
 -0.57608E+01 -0.45431E+01  0.31075E+01  0.63349E+01  0.18693E+01 -0.39539E+01
 -0.25277E+01  0.67429E+01  0.13201E+02  0.82806E+01 -0.51442E+01 -0.17981E+02
 -0.22835E+02 -0.18236E+02 -0.77300E+01  0.34960E+01  0.10404E+02  0.93909E+01
  0.17517E+01 -0.74045E+01 -0.14962E+02 -0.19604E+02 -0.19224E+02 -0.13600E+02
 -0.55380E+01  0.12014E+01  0.32432E+01  0.58896E+00 -0.27895E+01 -0.36621E+01
 -0.34662E+01 -0.57608E+01 -0.88646E+01 -0.65094E+01  0.19994E+01  0.99790E+01
  0.12739E+02  0.11873E+02  0.99046E+01  0.62771E+01 -0.19227E+00 -0.74706E+01
 -0.10020E+02 -0.45643E+01  0.46406E+01  0.94001E+01  0.44335E+01 -0.90422E+01
 -0.24939E+02 -0.35878E+02 -0.36396E+02 -0.27311E+02 -0.14104E+02 -0.23410E+01
  0.21044E+01 -0.30734E+01 -0.10627E+02 -0.10853E+02 -0.42623E+01  0.63619E+00
 -0.74669E+00 -0.63265E+01 -0.95408E+01 -0.19360E+01  0.17924E+02  0.38508E+02
  0.41027E+02  0.16071E+02 -0.22533E+02 -0.47977E+02 -0.46144E+02 -0.25624E+02
 -0.44010E+01  0.51315E+01  0.22273E+00 -0.12682E+02 -0.22853E+02 -0.24646E+02
 -0.17827E+02 -0.12176E+01  0.21931E+02  0.36976E+02  0.29586E+02  0.52840E+01
 -0.12417E+02 -0.71824E+01  0.16441E+02  0.42216E+02  0.52901E+02  0.39609E+02
  0.11608E+02 -0.78665E+01 -0.21529E+01  0.22198E+02  0.42017E+02  0.36825E+02
  0.21319E+01 -0.45268E+02 -0.77967E+02 -0.82488E+02 -0.66778E+02 -0.44698E+02
 -0.26121E+02 -0.17332E+02 -0.19049E+02 -0.28047E+02 -0.42597E+02 -0.60123E+02
 -0.71016E+02 -0.66200E+02 -0.48445E+02 -0.25246E+02 -0.12205E+01  0.17414E+02
  0.24124E+02  0.19470E+02  0.11383E+02  0.82576E+01  0.11678E+02  0.17983E+02
  0.24535E+02  0.30442E+02  0.35072E+02  0.38496E+02  0.42583E+02  0.48911E+02
  0.50671E+02  0.29008E+02 -0.28638E+02 -0.10015E+03 -0.13531E+03 -0.11120E+03
 -0.61090E+02 -0.28233E+02 -0.25049E+02 -0.42823E+02 -0.67468E+02 -0.87328E+02
 -0.10043E+03 -0.10790E+03 -0.10273E+03 -0.81156E+02 -0.53619E+02 -0.29445E+02
 -0.69332E+01  0.13245E+02  0.17103E+02 -0.14451E+02 -0.71365E+02 -0.10085E+03
 -0.76521E+02 -0.33145E+02 -0.29373E+01  0.85716E+01  0.52658E+01  0.11611E+01
  0.54143E+01  0.10013E+02  0.72104E+01 -0.75303E+00 -0.93854E+01 -0.15787E+02
 -0.19071E+02 -0.20004E+02 -0.19560E+02 -0.19380E+02 -0.22823E+02 -0.30759E+02
 -0.37133E+02 -0.35146E+02 -0.25243E+02 -0.13970E+02 -0.78686E+01 -0.75957E+01
 -0.10274E+02 -0.16578E+02 -0.27044E+02 -0.33234E+02 -0.27006E+02 -0.17405E+02
 -0.21509E+02 -0.41666E+02 -0.63531E+02 -0.70438E+02 -0.56942E+02 -0.31992E+02
 -0.63214E+01  0.17954E+02  0.42667E+02  0.68581E+02  0.95503E+02  0.11592E+03
  0.11624E+03  0.92607E+02  0.54179E+02  0.18144E+02  0.51691E+01  0.25788E+02
  0.73473E+02  0.13065E+03  0.16846E+03  0.14912E+03  0.50100E+02 -0.91068E+02
 -0.18036E+03 -0.19092E+03 -0.17901E+03 -0.14596E+03 -0.82168E+02 -0.33023E+02
 -0.23016E+02 -0.52928E+02 -0.11665E+03 -0.18403E+03 -0.21834E+03 -0.20587E+03
 -0.16774E+03 -0.13746E+03 -0.12823E+03 -0.12072E+03 -0.89492E+02 -0.35064E+02
  0.27173E+02  0.84958E+02  0.13105E+03  0.16754E+03  0.19977E+03  0.22350E+03
  0.22882E+03  0.21309E+03  0.18097E+03  0.13401E+03  0.85023E+02  0.74828E+02
  0.12657E+03  0.20058E+03  0.23868E+03  0.22738E+03  0.18650E+03  0.13937E+03
  0.12603E+03  0.17335E+03  0.21505E+03  0.13499E+03 -0.27523E+02 -0.90771E+02
 -0.49604E+02 -0.42267E+02 -0.75507E+02 -0.89078E+02 -0.78878E+02 -0.73827E+02
 -0.99177E+02 -0.14577E+03 -0.17802E+03 -0.17953E+03 -0.16638E+03 -0.15484E+03
 -0.14148E+03 -0.11865E+03 -0.95118E+02 -0.87948E+02 -0.98001E+02 -0.10837E+03
 -0.10159E+03 -0.72271E+02 -0.28162E+02  0.16994E+02  0.51508E+02  0.74219E+02
  0.96349E+02  0.12484E+03  0.14482E+03  0.13050E+03  0.68052E+02 -0.26778E+02
 -0.82364E+02 -0.41790E+02  0.33298E+02  0.71807E+02  0.87335E+02  0.90213E+02
  0.70003E+02  0.43643E+02  0.39669E+02  0.62812E+02  0.93168E+02  0.10924E+03
  0.10411E+03  0.89180E+02  0.85220E+02  0.93368E+02  0.91187E+02  0.70739E+02
  0.53592E+02  0.66829E+02  0.99061E+02  0.10610E+03  0.86688E+02  0.80433E+02
  0.95113E+02  0.10967E+03  0.11402E+03  0.11168E+03  0.10749E+03  0.10369E+03
  0.10346E+03  0.10916E+03  0.11626E+03  0.11774E+03  0.11548E+03  0.11191E+03
  0.10985E+03  0.12008E+03  0.13216E+03  0.12887E+03  0.12280E+03  0.12606E+03
  0.13422E+03  0.12649E+03  0.99582E+02  0.95657E+02  0.11289E+03  0.10122E+03
  0.65329E+02  0.40948E+02  0.33163E+02  0.30130E+02  0.28836E+02  0.34577E+02
  0.36741E+02  0.21701E+02  0.10110E+01 -0.17247E+02 -0.38127E+02 -0.55748E+02
 -0.70477E+02 -0.90008E+02 -0.10836E+03 -0.12097E+03 -0.13469E+03 -0.15088E+03
 -0.15983E+03 -0.16250E+03 -0.16533E+03 -0.15652E+03 -0.11822E+03 -0.53735E+02
  0.50544E+01  0.36728E+02  0.49143E+02  0.53078E+02  0.59452E+02  0.78350E+02
  0.10337E+03  0.11813E+03  0.11591E+03  0.10647E+03  0.11038E+03  0.13820E+03
  0.17824E+03  0.21307E+03  0.23658E+03  0.25284E+03  0.26618E+03  0.27842E+03
  0.29011E+03  0.29378E+03  0.27871E+03  0.25084E+03  0.22456E+03  0.20575E+03
  0.19746E+03  0.19167E+03  0.17934E+03  0.17407E+03  0.18748E+03  0.20912E+03
  0.22588E+03  0.21459E+03  0.13547E+03  0.43913E+01 -0.88812E+02 -0.10033E+03
 -0.69706E+02 -0.14043E+02  0.29741E+02 -0.26863E+02 -0.12101E+03 -0.13692E+03
 -0.13749E+03 -0.17878E+03 -0.21269E+03 -0.22564E+03 -0.24051E+03 -0.25484E+03
 -0.25995E+03 -0.26333E+03 -0.26542E+03 -0.27313E+03 -0.26941E+03 -0.24189E+03
 -0.24115E+03 -0.26807E+03 -0.28176E+03 -0.29534E+03 -0.29923E+03 -0.28237E+03
 -0.30008E+03 -0.33011E+03 -0.31801E+03 -0.29329E+03 -0.24430E+03 -0.19341E+03
 -0.20242E+03 -0.21443E+03 -0.19569E+03 -0.18568E+03 -0.18392E+03 -0.17833E+03
 -0.16530E+03 -0.15493E+03 -0.15756E+03 -0.15174E+03 -0.12694E+03 -0.10156E+03
 -0.82251E+02 -0.60571E+02 -0.35695E+02 -0.18427E+02 -0.18865E+02 -0.17946E+02
  0.52963E+01  0.25163E+02  0.28802E+02  0.42478E+02  0.62465E+02  0.61793E+02
  0.29225E+02 -0.24494E+02 -0.65688E+02 -0.76078E+02 -0.70562E+02 -0.79224E+02
 -0.11937E+03 -0.16530E+03 -0.18460E+03 -0.17303E+03 -0.15882E+03 -0.16605E+03
 -0.16461E+03 -0.13733E+03 -0.11293E+03 -0.99964E+02 -0.86423E+02 -0.71977E+02
 -0.62933E+02 -0.65903E+02 -0.72026E+02 -0.60536E+02 -0.41847E+02 -0.34295E+02
 -0.22239E+02  0.15966E+02  0.80780E+02  0.14400E+03  0.17578E+03  0.18081E+03
  0.17998E+03  0.18703E+03  0.21626E+03  0.26667E+03  0.28584E+03  0.23291E+03
  0.13930E+03  0.57134E+02  0.96422E+01 -0.34811E+01 -0.69395E+01 -0.26279E+02
 -0.46325E+02 -0.58101E+02 -0.63800E+02 -0.52228E+02 -0.41844E+02 -0.49956E+02
 -0.63323E+02 -0.76319E+02 -0.82617E+02 -0.66231E+02 -0.39345E+02 -0.40630E+02
 -0.75349E+02 -0.10525E+03 -0.12025E+03 -0.14150E+03 -0.16470E+03 -0.16879E+03
 -0.15568E+03 -0.17781E+03 -0.22804E+03 -0.18082E+03 -0.66892E+02 -0.25569E+02
 -0.37130E+02 -0.82342E+02 -0.14809E+03 -0.14737E+03 -0.10742E+03 -0.11043E+03
 -0.13130E+03 -0.11282E+03 -0.45453E+02  0.34791E+01 -0.45394E+01 -0.23122E+02
 -0.23653E+02  0.11872E+02  0.83304E+02  0.12783E+03  0.14529E+03  0.19612E+03
  0.29214E+03  0.37195E+03  0.34522E+03  0.27984E+03  0.27361E+03  0.28346E+03
  0.27470E+03  0.26023E+03  0.27101E+03  0.30468E+03  0.30820E+03  0.27154E+03
  0.24169E+03  0.23232E+03  0.22111E+03  0.21607E+03  0.23661E+03  0.26878E+03
  0.27388E+03  0.23842E+03  0.19804E+03  0.19875E+03  0.26819E+03  0.35353E+03
  0.29013E+03  0.84095E+02 -0.27199E+02  0.14426E+01  0.24947E+02  0.65762E+01
 -0.80114E+01 -0.96166E+01 -0.17091E+02 -0.28440E+02 -0.35404E+02 -0.46176E+02
 -0.63490E+02 -0.81864E+02 -0.10610E+03 -0.13174E+03 -0.13178E+03 -0.10962E+03
 -0.11398E+03 -0.15545E+03 -0.19005E+03 -0.18898E+03 -0.16374E+03 -0.14719E+03
 -0.16198E+03 -0.19352E+03 -0.21561E+03 -0.23262E+03 -0.24599E+03 -0.22972E+03
 -0.20598E+03 -0.21807E+03 -0.25264E+03 -0.27794E+03 -0.27485E+03 -0.26750E+03
 -0.29653E+03 -0.35186E+03 -0.38707E+03 -0.37120E+03 -0.31299E+03 -0.25764E+03
 -0.23954E+03 -0.25196E+03 -0.25972E+03 -0.24099E+03 -0.20831E+03 -0.18200E+03
 -0.16147E+03 -0.14811E+03 -0.13184E+03 -0.82265E+02 -0.28765E+02  0.20718E+02
  0.85051E+02  0.12565E+03  0.13750E+03  0.15220E+03  0.18023E+03  0.21601E+03
  0.23844E+03  0.27126E+03  0.31477E+03  0.33588E+03  0.33984E+03  0.35035E+03
  0.35922E+03  0.34838E+03  0.33845E+03  0.33797E+03  0.36406E+03  0.40532E+03
  0.40995E+03  0.38630E+03  0.36523E+03  0.33418E+03  0.30771E+03  0.30271E+03
  0.30703E+03  0.34601E+03  0.34999E+03  0.25043E+03  0.12808E+03  0.49409E+02
  0.35857E+02  0.31076E+02  0.66823E+01 -0.12169E+02 -0.41542E+02 -0.48175E+02
 -0.31982E+02 -0.27634E+02 -0.26113E+02 -0.33545E+02 -0.41632E+02 -0.38208E+02
 -0.41021E+02 -0.51880E+02 -0.59760E+02 -0.55555E+02 -0.44060E+02 -0.40796E+02
 -0.46125E+02 -0.57289E+02 -0.75210E+02 -0.86810E+02 -0.75545E+02 -0.45043E+02
 -0.18661E+02 -0.88814E+01 -0.10621E+02 -0.15054E+02 -0.13930E+02 -0.37054E+01
  0.10479E+02  0.20669E+02  0.29274E+02  0.42150E+02  0.56844E+02  0.70385E+02
  0.83141E+02  0.96746E+02  0.11267E+03  0.12920E+03  0.14369E+03  0.15185E+03
  0.14793E+03  0.13330E+03  0.11021E+03  0.81678E+02  0.63279E+02  0.62169E+02
  0.73595E+02  0.99539E+02  0.12705E+03  0.13891E+03  0.13432E+03  0.11018E+03
  0.73364E+02  0.40071E+02  0.18922E+02  0.13892E+02  0.16486E+02  0.14041E+02
  0.37838E+01 -0.12867E+02 -0.32469E+02 -0.49241E+02 -0.59770E+02 -0.67076E+02
 -0.78595E+02 -0.95983E+02 -0.11343E+03 -0.12417E+03 -0.12849E+03 -0.13443E+03
 -0.14624E+03 -0.16361E+03 -0.18654E+03 -0.20659E+03 -0.21149E+03 -0.20835E+03
 -0.21486E+03 -0.23056E+03 -0.24515E+03 -0.25420E+03 -0.24772E+03 -0.22205E+03
 -0.20297E+03 -0.20792E+03 -0.22195E+03 -0.23310E+03 -0.24179E+03 -0.24712E+03
 -0.24646E+03 -0.24380E+03 -0.24414E+03 -0.24379E+03 -0.24147E+03 -0.23818E+03
 -0.23122E+03 -0.22188E+03 -0.21565E+03 -0.21465E+03 -0.21484E+03 -0.20741E+03
 -0.18755E+03 -0.16101E+03 -0.13545E+03 -0.11296E+03 -0.92236E+02 -0.71020E+02
 -0.47684E+02 -0.20842E+02  0.97587E+01  0.39368E+02  0.64291E+02  0.89524E+02
  0.11993E+03  0.15227E+03  0.17910E+03  0.19588E+03  0.20617E+03  0.21775E+03
  0.23201E+03  0.24198E+03  0.24341E+03  0.23905E+03  0.23129E+03  0.21938E+03
  0.21249E+03  0.23530E+03  0.28752E+03  0.31347E+03  0.24449E+03  0.99113E+02
 -0.68419E+01 -0.29312E+02 -0.25604E+02 -0.24975E+02 -0.29373E+02 -0.41521E+02
 -0.55571E+02 -0.69749E+02 -0.84690E+02 -0.95975E+02 -0.10195E+03 -0.11037E+03
 -0.12440E+03 -0.13413E+03 -0.13900E+03 -0.14591E+03 -0.15218E+03 -0.15560E+03
 -0.15628E+03 -0.14849E+03 -0.13419E+03 -0.13550E+03 -0.16163E+03 -0.16642E+03
 -0.99658E+02 -0.10897E+02  0.27082E+02  0.38202E+02  0.66134E+02  0.10963E+03
  0.14868E+03  0.17164E+03  0.18889E+03  0.20981E+03  0.22961E+03  0.24531E+03
  0.25774E+03  0.26300E+03  0.25226E+03  0.22574E+03  0.19905E+03  0.17762E+03
  0.15513E+03  0.14734E+03  0.16494E+03  0.17412E+03  0.13644E+03  0.71198E+02
  0.26580E+02 -0.37619E+01 -0.48244E+02 -0.93620E+02 -0.12294E+03 -0.14370E+03
 -0.15714E+03 -0.13783E+03 -0.83120E+02 -0.48649E+02 -0.55776E+02 -0.59418E+02
 -0.47744E+02 -0.50014E+02 -0.67946E+02 -0.76898E+02 -0.59015E+02 -0.32711E+02
 -0.15457E+02  0.59328E+01  0.25711E+02  0.28857E+02  0.19919E+02  0.35645E+02
  0.11816E+03  0.20580E+03  0.21475E+03  0.20311E+03  0.23127E+03  0.27062E+03
  0.26727E+03  0.22017E+03  0.19297E+03  0.20186E+03  0.20853E+03  0.20567E+03
  0.20050E+03  0.19011E+03  0.17004E+03  0.12958E+03  0.74112E+02  0.19120E+02
 -0.30158E+02 -0.72302E+02 -0.10680E+03 -0.13459E+03 -0.15031E+03 -0.15186E+03
 -0.14615E+03 -0.14383E+03 -0.14467E+03 -0.13531E+03 -0.11116E+03 -0.82456E+02
 -0.55975E+02 -0.34832E+02 -0.24706E+02 -0.23632E+02 -0.24699E+02 -0.26842E+02
 -0.31077E+02 -0.36377E+02 -0.37863E+02 -0.26086E+02  0.51632E+01  0.50634E+02
  0.97288E+02  0.13305E+03  0.14946E+03  0.14222E+03  0.11787E+03  0.94948E+02
  0.89889E+02  0.10248E+03  0.11562E+03  0.11119E+03  0.85049E+02  0.47313E+02
  0.14156E+02 -0.58830E+01 -0.19877E+02 -0.41132E+02 -0.68992E+02 -0.85706E+02
 -0.80507E+02 -0.65877E+02 -0.62818E+02 -0.76187E+02 -0.93972E+02 -0.10492E+03
 -0.10433E+03 -0.92354E+02 -0.84103E+02 -0.97112E+02 -0.10843E+03 -0.86035E+02
 -0.50072E+02 -0.32028E+02 -0.27602E+02 -0.21900E+02 -0.14644E+02 -0.12452E+02
 -0.15794E+02 -0.21785E+02 -0.30239E+02 -0.40500E+02 -0.49763E+02 -0.56982E+02
 -0.64027E+02 -0.72826E+02 -0.81566E+02 -0.86768E+02 -0.88836E+02 -0.90798E+02
 -0.92053E+02 -0.90368E+02 -0.86711E+02 -0.82582E+02 -0.77413E+02 -0.70641E+02
 -0.63112E+02 -0.57364E+02 -0.54963E+02 -0.53949E+02 -0.51666E+02 -0.47663E+02
 -0.43147E+02 -0.40068E+02 -0.39445E+02 -0.39738E+02 -0.38487E+02 -0.35470E+02
 -0.32314E+02 -0.29833E+02 -0.27084E+02 -0.22381E+02 -0.15079E+02 -0.65280E+01
  0.78744E+00  0.56494E+01  0.93616E+01  0.13320E+02  0.17323E+02  0.20713E+02
  0.23267E+02  0.24852E+02  0.24859E+02  0.22797E+02  0.19381E+02  0.15782E+02
  0.12548E+02  0.96598E+01  0.68165E+01  0.31806E+01 -0.22592E+01 -0.94596E+01
 -0.17623E+02 -0.26481E+02 -0.35812E+02 -0.44186E+02 -0.49699E+02 -0.52592E+02
 -0.54340E+02 -0.54281E+02 -0.50855E+02 -0.44525E+02 -0.36452E+02 -0.27373E+02
 -0.18750E+02 -0.12545E+02 -0.89519E+01 -0.63555E+01 -0.34464E+01  0.31837E-01
  0.37123E+01  0.72189E+01  0.10549E+02  0.13902E+02  0.17568E+02  0.21811E+02
  0.26598E+02  0.31123E+02  0.33563E+02  0.32894E+02  0.30683E+02  0.28890E+02
  0.27358E+02  0.24085E+02  0.17724E+02  0.98592E+01  0.32201E+01 -0.17211E+01
 -0.63067E+01 -0.11440E+02 -0.17225E+02 -0.23322E+02 -0.28603E+02 -0.31551E+02
 -0.32017E+02 -0.31456E+02 -0.31055E+02 -0.30915E+02 -0.30369E+02 -0.28699E+02
 -0.26025E+02 -0.23080E+02 -0.20276E+02 -0.17783E+02 -0.16044E+02 -0.15457E+02
 -0.15809E+02 -0.16736E+02 -0.18060E+02 -0.19505E+02 -0.20907E+02 -0.22666E+02
 -0.25394E+02 -0.28988E+02 -0.32770E+02 -0.36366E+02 -0.39845E+02 -0.42935E+02
 -0.44248E+02 -0.42716E+02 -0.39193E+02 -0.34975E+02 -0.30254E+02 -0.24637E+02
 -0.17420E+02 -0.82186E+01  0.21776E+01  0.12569E+02  0.22378E+02  0.31588E+02
  0.40092E+02  0.46623E+02  0.49285E+02  0.48240E+02  0.45707E+02  0.43189E+02
  0.40875E+02  0.38620E+02  0.36556E+02  0.35124E+02  0.34715E+02  0.35491E+02
  0.37369E+02  0.40107E+02  0.43259E+02  0.45917E+02  0.47391E+02  0.48038E+02
  0.48423E+02  0.47934E+02  0.45319E+02  0.40522E+02  0.34798E+02  0.29061E+02
  0.23469E+02  0.17938E+02  0.12441E+02  0.70381E+01  0.17299E+01 -0.35639E+01
 -0.88410E+01 -0.13853E+02 -0.18211E+02 -0.21905E+02 -0.25324E+02 -0.28975E+02
 -0.33426E+02 -0.38943E+02 -0.45007E+02 -0.49828E+02 -0.51147E+02 -0.49123E+02
 -0.46279E+02 -0.44261E+02 -0.43033E+02 -0.41097E+02 -0.36265E+02 -0.27923E+02
 -0.16573E+02 -0.25843E+01  0.12742E+02  0.27878E+02  0.42402E+02  0.55504E+02
  0.65461E+02  0.71760E+02  0.74719E+02  0.74476E+02  0.72456E+02  0.70582E+02
  0.69532E+02  0.68666E+02  0.66519E+02  0.62232E+02  0.56666E+02  0.51256E+02
  0.46610E+02  0.42576E+02  0.38738E+02  0.34720E+02  0.30322E+02  0.25565E+02
  0.20651E+02  0.15964E+02  0.12229E+02  0.98344E+01  0.82498E+01  0.72485E+01
  0.75455E+01  0.93062E+01  0.11747E+02  0.14200E+02  0.16068E+02  0.16192E+02
  0.13837E+02  0.97905E+01  0.52283E+01  0.59675E+00 -0.39874E+01 -0.77004E+01
 -0.92030E+01 -0.84238E+01 -0.61236E+01 -0.22500E+01  0.29055E+01  0.78050E+01
  0.11399E+02  0.13977E+02  0.15978E+02  0.17415E+02  0.18445E+02  0.19631E+02
  0.21476E+02  0.23813E+02  0.26208E+02  0.28693E+02  0.31468E+02  0.34139E+02
  0.35342E+02  0.33917E+02  0.29612E+02  0.22131E+02  0.12212E+02  0.18937E+01
 -0.78595E+01 -0.17249E+02 -0.25874E+02 -0.32739E+02 -0.37886E+02 -0.42204E+02
 -0.45465E+02 -0.46567E+02 -0.45622E+02 -0.43990E+02 -0.42368E+02 -0.40212E+02
 -0.36941E+02 -0.32878E+02 -0.28636E+02 -0.24453E+02 -0.20338E+02 -0.16177E+02
 -0.11330E+02 -0.48338E+01  0.32371E+01  0.11669E+02  0.19653E+02  0.27256E+02
  0.34826E+02  0.42401E+02  0.48908E+02  0.52534E+02  0.53235E+02  0.52887E+02
  0.52926E+02  0.53483E+02  0.53320E+02  0.49963E+02  0.42091E+02  0.31251E+02
  0.19772E+02  0.89456E+01 -0.13336E+01 -0.10669E+02 -0.16915E+02 -0.19638E+02
 -0.20884E+02 -0.22130E+02 -0.23650E+02 -0.25753E+02 -0.29490E+02 -0.35591E+02
 -0.43307E+02 -0.51699E+02 -0.60297E+02 -0.67098E+02 -0.68490E+02 -0.62807E+02
 -0.51172E+02 -0.35881E+02 -0.20034E+02 -0.74740E+01 -0.29691E+00  0.33475E+01
  0.61441E+01  0.87067E+01  0.10574E+02  0.10978E+02  0.95714E+01  0.71545E+01
  0.44484E+01  0.17037E+01  0.17959E+00  0.10939E+01  0.29479E+01  0.29394E+01
  0.60877E+00 -0.17077E+01 -0.14595E+01  0.14778E+01  0.52891E+01  0.85913E+01
  0.11370E+02  0.14114E+02  0.17013E+02  0.19629E+02  0.21340E+02  0.22104E+02
  0.22387E+02  0.21715E+02  0.18066E+02  0.11123E+02  0.53244E+01  0.37759E+01
  0.27393E+01 -0.11668E+01 -0.58337E+01 -0.97970E+01 -0.16087E+02 -0.27060E+02
 -0.39081E+02 -0.45460E+02 -0.42729E+02 -0.32532E+02 -0.18767E+02 -0.52961E+01
  0.33801E+01  0.31751E+01 -0.46102E+01 -0.13909E+02 -0.20435E+02 -0.24261E+02
 -0.27407E+02 -0.31141E+02 -0.35129E+02 -0.38346E+02 -0.40227E+02 -0.41394E+02
 -0.42525E+02 -0.42603E+02 -0.39683E+02 -0.33201E+02 -0.24798E+02 -0.16693E+02
 -0.10053E+02 -0.47934E+01 -0.14347E+01 -0.17706E+01 -0.49301E+01 -0.65584E+01
 -0.37378E+01  0.36366E+01  0.14746E+02  0.27306E+02  0.38110E+02  0.46340E+02
  0.53541E+02  0.60767E+02  0.68055E+02  0.75278E+02  0.81692E+02  0.84725E+02
  0.82456E+02  0.76318E+02  0.67635E+02  0.56017E+02  0.42709E+02  0.31042E+02
  0.23193E+02  0.18413E+02  0.14269E+02  0.83827E+01  0.26086E+00 -0.87441E+01
 -0.17665E+02 -0.27009E+02 -0.37641E+02 -0.49715E+02 -0.62513E+02 -0.73389E+02
 -0.78060E+02 -0.74887E+02 -0.66312E+02 -0.55421E+02 -0.43522E+02 -0.31664E+02
 -0.23440E+02 -0.21425E+02 -0.21948E+02 -0.20591E+02 -0.17190E+02 -0.12028E+02
 -0.47517E+01  0.36346E+01  0.11766E+02  0.19757E+02  0.29088E+02  0.40145E+02
  0.49561E+02  0.52614E+02  0.51003E+02  0.52243E+02  0.56573E+02  0.58712E+02
  0.61159E+02  0.65798E+02  0.67760E+02  0.65988E+02  0.63690E+02  0.62654E+02
  0.63022E+02  0.64448E+02  0.65329E+02  0.63329E+02  0.58175E+02  0.51524E+02
  0.44785E+02  0.38895E+02  0.33875E+02  0.28807E+02  0.22254E+02  0.12645E+02
  0.12671E+01 -0.79356E+01 -0.13651E+02 -0.17736E+02 -0.21598E+02 -0.25538E+02
 -0.29583E+02 -0.33412E+02 -0.36314E+02 -0.37882E+02 -0.38623E+02 -0.39554E+02
 -0.41318E+02 -0.43346E+02 -0.43625E+02 -0.40890E+02 -0.36535E+02 -0.32255E+02
 -0.27257E+02 -0.19725E+02 -0.10733E+02 -0.38781E+01 -0.68985E+00  0.16980E-01
 -0.17323E+00 -0.17676E+00  0.24892E+00  0.80966E+00  0.13372E+01  0.18208E+01
  0.21171E+01  0.19700E+01  0.13407E+01  0.13580E+00 -0.20598E+01 -0.52304E+01
 -0.89300E+01 -0.13007E+02 -0.16938E+02 -0.19512E+02 -0.20413E+02 -0.20630E+02
 -0.21052E+02 -0.21894E+02 -0.22457E+02 -0.20830E+02 -0.15766E+02 -0.86112E+01
 -0.14560E+01  0.45608E+01  0.81359E+01  0.83749E+01  0.65280E+01  0.45438E+01
  0.31692E+01  0.22153E+01  0.17253E+01  0.22952E+01  0.40354E+01  0.63618E+01
  0.88523E+01  0.10996E+02  0.11580E+02  0.98566E+01  0.66676E+01  0.27743E+01
 -0.22399E+01 -0.84757E+01 -0.15209E+02 -0.21967E+02 -0.28822E+02 -0.35804E+02
 -0.42151E+02 -0.46595E+02 -0.49043E+02 -0.50627E+02 -0.52078E+02 -0.53535E+02
 -0.55094E+02 -0.56721E+02 -0.57819E+02 -0.57479E+02 -0.55691E+02 -0.53349E+02
 -0.51059E+02 -0.48916E+02 -0.46904E+02 -0.44915E+02 -0.42409E+02 -0.38653E+02
 -0.33753E+02 -0.28553E+02 -0.23634E+02 -0.19182E+02 -0.15231E+02 -0.11604E+02
 -0.80172E+01 -0.45213E+01 -0.15910E+01  0.57445E+00  0.23894E+01  0.36853E+01
  0.34406E+01  0.15361E+01 -0.98451E+00 -0.34192E+01 -0.58061E+01 -0.83767E+01
 -0.10915E+02 -0.12472E+02 -0.12398E+02 -0.11297E+02 -0.10101E+02 -0.90849E+01
 -0.80695E+01 -0.68830E+01 -0.58513E+01 -0.60585E+01 -0.83248E+01 -0.12284E+02
 -0.17200E+02 -0.22465E+02 -0.26760E+02 -0.28262E+02 -0.26720E+02 -0.23683E+02
 -0.20418E+02 -0.17350E+02 -0.14638E+02 -0.12225E+02 -0.99511E+01 -0.78857E+01
 -0.61533E+01 -0.44965E+01 -0.23101E+01  0.62434E+00  0.37724E+01  0.66107E+01
  0.90212E+01  0.11048E+02  0.12862E+02  0.14698E+02  0.16746E+02  0.19064E+02
  0.21507E+02  0.23917E+02  0.26399E+02  0.29235E+02  0.32644E+02  0.36148E+02
  0.37917E+02  0.36538E+02  0.33185E+02  0.30406E+02  0.29917E+02  0.31473E+02
  0.33606E+02  0.35671E+02  0.38316E+02  0.42204E+02  0.47142E+02  0.52670E+02
  0.58385E+02  0.62645E+02  0.62800E+02  0.58172E+02  0.50295E+02  0.40903E+02
  0.32037E+02  0.25768E+02  0.22118E+02  0.18928E+02  0.14303E+02  0.82402E+01
  0.23283E+01 -0.18470E+01 -0.42822E+01 -0.60917E+01 -0.79736E+01 -0.10074E+02
 -0.12486E+02 -0.15101E+02 -0.16983E+02 -0.16864E+02 -0.14909E+02 -0.12410E+02
 -0.99249E+01 -0.73051E+01 -0.44936E+01 -0.14743E+01  0.19071E+01  0.53366E+01
  0.74034E+01  0.71835E+01  0.57665E+01  0.44873E+01  0.35023E+01  0.24042E+01
  0.90665E+00 -0.36668E+00 -0.59469E-01  0.20474E+01  0.48261E+01  0.75038E+01
  0.10136E+02  0.13016E+02  0.16105E+02  0.18319E+02  0.18065E+02  0.15573E+02
  0.13118E+02  0.12221E+02  0.12439E+02  0.12827E+02  0.13036E+02  0.13137E+02
  0.13284E+02  0.13583E+02  0.14046E+02  0.14549E+02  0.14885E+02  0.15167E+02
  0.16564E+02  0.20658E+02  0.26684E+02  0.31212E+02  0.32080E+02  0.30066E+02
  0.26424E+02  0.21834E+02  0.16896E+02  0.11945E+02  0.73652E+01  0.37479E+01
  0.11630E+01 -0.83862E+00 -0.26127E+01 -0.43855E+01 -0.61087E+01 -0.72273E+01
 -0.72549E+01 -0.64863E+01 -0.54935E+01 -0.43890E+01 -0.30625E+01 -0.15981E+01
 -0.10146E+00  0.15044E+01  0.32179E+01  0.48085E+01  0.60838E+01  0.70752E+01
  0.80547E+01  0.92935E+01  0.10425E+02  0.99596E+01  0.67882E+01  0.18816E+01
 -0.30695E+01 -0.74352E+01 -0.11535E+02 -0.15884E+02 -0.20615E+02 -0.25484E+02
 -0.29930E+02 -0.33261E+02 -0.35451E+02 -0.37178E+02 -0.39012E+02 -0.41243E+02
 -0.43752E+02 -0.45058E+02 -0.42907E+02 -0.37114E+02 -0.29361E+02 -0.20681E+02
 -0.11422E+02 -0.18922E+01  0.71304E+01  0.13885E+02  0.17384E+02  0.18814E+02
  0.19417E+02  0.19008E+02  0.17502E+02  0.15624E+02  0.14041E+02  0.12585E+02
  0.10031E+02  0.55317E+01 -0.67873E-01 -0.56781E+01 -0.10895E+02 -0.14924E+02
 -0.16832E+02 -0.16919E+02 -0.16345E+02 -0.15849E+02 -0.15629E+02 -0.15853E+02
 -0.16667E+02 -0.17744E+02 -0.18108E+02 -0.17064E+02 -0.14865E+02 -0.11833E+02
 -0.80282E+01 -0.38665E+01 -0.27931E+00  0.17501E+01  0.22295E+01  0.17996E+01
  0.55365E+00 -0.13181E+01 -0.29062E+01 -0.35971E+01 -0.36840E+01 -0.36692E+01
 -0.36720E+01 -0.36105E+01 -0.34719E+01 -0.33736E+01 -0.33927E+01 -0.34553E+01
 -0.34156E+01 -0.33493E+01 -0.35922E+01 -0.42605E+01 -0.51065E+01 -0.59359E+01
 -0.67224E+01 -0.74614E+01 -0.81459E+01 -0.89018E+01 -0.99985E+01 -0.11503E+02
 -0.13033E+02 -0.13937E+02 -0.13669E+02 -0.12256E+02 -0.10436E+02 -0.89567E+01
 -0.78069E+01 -0.63527E+01 -0.42011E+01 -0.16497E+01  0.87398E+00  0.32427E+01
  0.55545E+01  0.79335E+01  0.10239E+02  0.11939E+02  0.12722E+02  0.12970E+02
  0.13181E+02  0.13480E+02  0.13813E+02  0.14121E+02  0.14391E+02  0.14620E+02
  0.14810E+02  0.14975E+02  0.15124E+02  0.15249E+02  0.15385E+02  0.15583E+02
  0.15710E+02  0.15345E+02  0.14238E+02  0.12749E+02  0.11354E+02  0.10008E+02
  0.83463E+01  0.62975E+01  0.41087E+01  0.19431E+01 -0.20858E+00 -0.23447E+01
 -0.42822E+01 -0.57304E+01 -0.65082E+01 -0.66447E+01 -0.63625E+01 -0.59453E+01
 -0.55430E+01 -0.51583E+01 -0.47475E+01 -0.43685E+01 -0.42117E+01 -0.43838E+01
 -0.47223E+01 -0.45677E+01 -0.29892E+01 -0.52120E-02  0.33120E+01  0.61865E+01
  0.86852E+01  0.11097E+02  0.13099E+02  0.13929E+02  0.13601E+02  0.12943E+02
  0.12396E+02  0.11591E+02  0.10086E+02  0.80484E+01  0.58978E+01  0.38631E+01
  0.21008E+01  0.66608E+00 -0.60034E+00 -0.18526E+01 -0.31502E+01 -0.46125E+01
 -0.63300E+01 -0.80687E+01 -0.92313E+01 -0.94932E+01 -0.92521E+01 -0.90404E+01
 -0.88147E+01 -0.79734E+01 -0.61318E+01 -0.36841E+01 -0.10512E+01  0.18590E+01
  0.51358E+01  0.83924E+01  0.10793E+02  0.11863E+02  0.12141E+02  0.12332E+02
  0.12484E+02  0.12298E+02  0.11741E+02  0.11045E+02  0.10375E+02  0.97675E+01
  0.92306E+01  0.86986E+01  0.78788E+01  0.64129E+01  0.43834E+01  0.20800E+01
 -0.52578E+00 -0.34922E+01 -0.66788E+01 -0.98594E+01 -0.12470E+02 -0.13843E+02
 -0.14134E+02 -0.14145E+02 -0.14157E+02 -0.13658E+02 -0.12238E+02 -0.10288E+02
 -0.84068E+01 -0.67267E+01 -0.51294E+01 -0.36048E+01 -0.22062E+01 -0.89874E+00
  0.38324E+00  0.16355E+01  0.28030E+01  0.38788E+01  0.49606E+01  0.60739E+01
  0.68824E+01  0.68700E+01  0.60605E+01  0.50294E+01  0.41782E+01  0.35150E+01
  0.28702E+01  0.20605E+01  0.10656E+01  0.15566E-01 -0.10154E+01 -0.20732E+01
 -0.32159E+01 -0.44199E+01 -0.56176E+01 -0.66854E+01 -0.73353E+01 -0.73838E+01
 -0.70588E+01 -0.66807E+01 -0.63638E+01 -0.61127E+01 -0.58718E+01 -0.54874E+01
 -0.48571E+01 -0.40802E+01 -0.33042E+01 -0.25690E+01 -0.18457E+01 -0.11058E+01
 -0.35263E+00  0.35490E+00  0.97429E+00  0.15560E+01  0.21924E+01  0.28727E+01
  0.32894E+01  0.29690E+01  0.19046E+01  0.57240E+00 -0.70991E+00 -0.19453E+01
 -0.31762E+01 -0.42409E+01 -0.48488E+01 -0.49895E+01 -0.49501E+01 -0.49500E+01
 -0.50316E+01 -0.51140E+01 -0.50157E+01 -0.46557E+01 -0.41586E+01 -0.36084E+01
 -0.29669E+01 -0.22630E+01 -0.15595E+01 -0.88134E+00 -0.27711E+00  0.20508E+00
  0.57423E+00  0.82647E+00  0.94708E+00  0.99729E+00  0.11950E+01  0.17952E+01
  0.27484E+01  0.36367E+01  0.40756E+01  0.40811E+01  0.39576E+01  0.39101E+01
  0.39615E+01  0.40496E+01  0.39930E+01  0.35520E+01  0.27449E+01  0.19071E+01
  0.14280E+01  0.14437E+01  0.17370E+01  0.20433E+01  0.22975E+01  0.25379E+01
  0.27904E+01  0.30048E+01  0.30560E+01  0.28789E+01  0.25606E+01  0.21903E+01
  0.17816E+01  0.13454E+01  0.90637E+00  0.48493E+00  0.11837E+00 -0.17374E+00
 -0.42033E+00 -0.65766E+00 -0.88259E+00 -0.10706E+01 -0.12114E+01 -0.13259E+01
 -0.14338E+01 -0.15369E+01 -0.16243E+01 -0.16750E+01 -0.16383E+01 -0.14869E+01
 -0.12691E+01 -0.10526E+01 -0.86064E+00 -0.67472E+00 -0.43749E+00 -0.11961E+00
  0.23311E+00  0.56554E+00  0.87370E+00  0.11682E+01  0.14130E+01  0.15001E+01
  0.13827E+01  0.11633E+01  0.93946E+00  0.68832E+00  0.37551E+00  0.48362E-01
 -0.20788E+00 -0.36460E+00 -0.46077E+00 -0.54022E+00 -0.60374E+00 -0.63567E+00
 -0.63667E+00 -0.62588E+00 -0.61554E+00 -0.61020E+00 -0.60425E+00 -0.57769E+00
 -0.50835E+00 -0.40867E+00 -0.30862E+00 -0.22062E+00 -0.14216E+00 -0.77089E-01
 -0.30180E-01  0.10592E-03  0.22224E-01  0.39763E-01  0.55103E-01  0.68214E-01
  0.79225E-01  0.83342E-01  0.77371E-01  0.63716E-01  0.50625E-01  0.40906E-01
  0.34468E-01  0.28244E-01  0.22246E-01  0.16782E-01  0.13859E-01  0.12415E-01
  0.12161E-01  0.11436E-01  0.11082E-01  0.10416E-01  0.10196E-01  0.95367E-02
  0.93805E-02  0.90213E-02  0.91748E-02  0.86804E-02  0.78715E-02  0.60592E-02
  0.47970E-02  0.37611E-02  0.36856E-02  0.34996E-02  0.37831E-02  0.36344E-02
  0.38608E-02  0.36168E-02  0.37839E-02  0.34986E-02  0.35738E-02  0.32544E-02
  0.32667E-02  0.28901E-02  0.29285E-02  0.25486E-02  0.26018E-02  0.22214E-02
  0.23144E-02  0.19481E-02  0.20442E-02  0.17039E-02  0.17925E-02  0.14515E-02
  0.15710E-02  0.12349E-02  0.13738E-02  0.10537E-02  0.11865E-02  0.89916E-03
  0.10252E-02  0.72556E-03  0.87901E-03  0.58867E-03  0.73526E-03  0.45226E-03
  0.59630E-03  0.31197E-03  0.45693E-03  0.21184E-03  0.39189E-03  0.16008E-03
  0.31843E-03  0.49186E-04  0.20711E-03 -0.34302E-04  0.15339E-03 -0.70435E-04
  0.12836E-03 -0.94922E-04  0.11908E-03 -0.11867E-03      0.0	 	0.0            
