  0.21996E+00  0.41847E+00  0.35912E+00  0.39298E+00  0.39161E+00  0.41258E+00
  0.42088E+00  0.44695E+00  0.46069E+00  0.49122E+00  0.51178E+00  0.54870E+00
  0.58128E+00  0.63512E+00  0.69576E+00  0.78881E+00  0.89864E+00  0.10339E+01
  0.11664E+01  0.13044E+01  0.14219E+01  0.15117E+01  0.15336E+01  0.15058E+01
  0.14643E+01  0.14490E+01  0.14330E+01  0.14116E+01  0.13638E+01  0.13137E+01
  0.12677E+01  0.12362E+01  0.12014E+01  0.11707E+01  0.11277E+01  0.10826E+01
  0.10390E+01  0.10188E+01  0.10064E+01  0.97151E+00  0.84542E+00  0.63894E+00
  0.41274E+00  0.22726E+00  0.57699E-01 -0.12778E+00 -0.33750E+00 -0.50721E+00
 -0.59333E+00 -0.59970E+00 -0.58294E+00 -0.56144E+00 -0.54773E+00 -0.52722E+00
 -0.50756E+00 -0.49964E+00 -0.53811E+00 -0.61511E+00 -0.71220E+00 -0.80066E+00
 -0.88636E+00 -0.96485E+00 -0.10402E+01 -0.10945E+01 -0.11242E+01 -0.11198E+01
 -0.11010E+01 -0.10781E+01 -0.10692E+01 -0.10646E+01 -0.10672E+01 -0.10723E+01
 -0.10824E+01 -0.10812E+01 -0.10757E+01 -0.10658E+01 -0.10642E+01 -0.10592E+01
 -0.10498E+01 -0.10300E+01 -0.10124E+01 -0.99299E+00 -0.98472E+00 -0.98196E+00
 -0.97857E+00 -0.95742E+00 -0.93282E+00 -0.92942E+00 -0.99511E+00 -0.11201E+01
 -0.12646E+01 -0.13984E+01 -0.15304E+01 -0.16533E+01 -0.17814E+01 -0.19197E+01
 -0.20775E+01 -0.22358E+01 -0.23380E+01 -0.23063E+01 -0.22448E+01 -0.23157E+01
 -0.25090E+01 -0.27174E+01 -0.29210E+01 -0.31313E+01 -0.33417E+01 -0.34409E+01
 -0.33479E+01 -0.31276E+01 -0.29018E+01 -0.26939E+01 -0.24901E+01 -0.22654E+01
 -0.20486E+01 -0.19205E+01 -0.19502E+01 -0.20755E+01 -0.22120E+01 -0.23293E+01
 -0.24446E+01 -0.25653E+01 -0.26940E+01 -0.27760E+01 -0.27771E+01 -0.27221E+01
 -0.26679E+01 -0.26158E+01 -0.25591E+01 -0.25085E+01 -0.25113E+01 -0.25628E+01
 -0.26329E+01 -0.26981E+01 -0.27715E+01 -0.28513E+01 -0.29373E+01 -0.30114E+01
 -0.30638E+01 -0.30874E+01 -0.31025E+01 -0.31110E+01 -0.31199E+01 -0.31246E+01
 -0.31311E+01 -0.31341E+01 -0.31402E+01 -0.31427E+01 -0.31462E+01 -0.31434E+01
 -0.31419E+01 -0.31385E+01 -0.31389E+01 -0.31349E+01 -0.31317E+01 -0.31247E+01
 -0.31234E+01 -0.31240E+01 -0.31298E+01 -0.31308E+01 -0.31311E+01 -0.31254E+01
 -0.31215E+01 -0.31141E+01 -0.31064E+01 -0.30908E+01 -0.30754E+01 -0.30584E+01
 -0.30466E+01 -0.30249E+01 -0.29821E+01 -0.29124E+01 -0.28384E+01 -0.27678E+01
 -0.27096E+01 -0.26467E+01 -0.25732E+01 -0.25045E+01 -0.24847E+01 -0.25071E+01
 -0.25366E+01 -0.25448E+01 -0.25513E+01 -0.25659E+01 -0.25908E+01 -0.25956E+01
 -0.25520E+01 -0.24563E+01 -0.23509E+01 -0.22554E+01 -0.21788E+01 -0.21034E+01
 -0.20204E+01 -0.19259E+01 -0.18337E+01 -0.17421E+01 -0.16594E+01 -0.15789E+01
 -0.14948E+01 -0.13937E+01 -0.12871E+01 -0.11908E+01 -0.11425E+01 -0.11356E+01
 -0.11403E+01 -0.11280E+01 -0.11002E+01 -0.10629E+01 -0.10359E+01 -0.10117E+01
 -0.98896E+00 -0.96089E+00 -0.93132E+00 -0.89604E+00 -0.87066E+00 -0.85383E+00
 -0.84485E+00 -0.82519E+00 -0.78468E+00 -0.71927E+00 -0.65252E+00 -0.58739E+00
 -0.52701E+00 -0.46245E+00 -0.39640E+00 -0.32619E+00 -0.27167E+00 -0.23737E+00
 -0.21814E+00 -0.19537E+00 -0.17197E+00 -0.14149E+00 -0.10621E+00 -0.62931E-01
 -0.14070E-01  0.56005E-01  0.13605E+00  0.21800E+00  0.29281E+00  0.36932E+00
  0.44590E+00  0.52340E+00  0.58018E+00  0.61335E+00  0.63753E+00  0.67982E+00
  0.73476E+00  0.79027E+00  0.82944E+00  0.91309E+00  0.11403E+01  0.15228E+01
  0.19543E+01  0.23842E+01  0.28171E+01  0.32780E+01  0.37653E+01  0.41587E+01
  0.42433E+01  0.40205E+01  0.36647E+01  0.32899E+01  0.29021E+01  0.24877E+01
  0.20521E+01  0.17386E+01  0.17362E+01  0.20349E+01  0.23974E+01  0.26589E+01
  0.28330E+01  0.30172E+01  0.32663E+01  0.35793E+01  0.38363E+01  0.39366E+01
  0.39123E+01  0.39056E+01  0.40900E+01  0.45405E+01  0.51050E+01  0.56229E+01
  0.60844E+01  0.65735E+01  0.71251E+01  0.76438E+01  0.77830E+01  0.72799E+01
  0.62851E+01  0.51115E+01  0.41291E+01  0.38295E+01  0.42362E+01  0.49084E+01
  0.56424E+01  0.65866E+01  0.78432E+01  0.92614E+01  0.99058E+01  0.82888E+01
  0.42815E+01  0.14798E+00 -0.15011E+01 -0.43204E+00  0.17022E+01  0.38897E+01
  0.61045E+01  0.84660E+01  0.10802E+02  0.12381E+02  0.12370E+02  0.10960E+02
  0.90508E+01  0.72261E+01  0.58978E+01  0.55081E+01  0.58251E+01  0.62355E+01
  0.67791E+01  0.80431E+01  0.10039E+02  0.11659E+02  0.11592E+02  0.10039E+02
  0.84279E+01  0.74393E+01  0.66417E+01  0.55997E+01  0.43275E+01  0.30351E+01
  0.19415E+01  0.12831E+01  0.11806E+01  0.16565E+01  0.25752E+01  0.35456E+01
  0.42744E+01  0.49074E+01  0.56605E+01  0.65463E+01  0.74744E+01  0.84077E+01
  0.94054E+01  0.10695E+02  0.12490E+02  0.14761E+02  0.17132E+02  0.18554E+02
  0.17804E+02  0.15164E+02  0.12059E+02  0.91672E+01  0.63493E+01  0.40299E+01
  0.34401E+01  0.51619E+01  0.86798E+01  0.13541E+02  0.18960E+02  0.22498E+02
  0.21741E+02  0.17131E+02  0.10979E+02  0.54405E+01  0.18277E+01  0.59818E-01
 -0.90326E+00 -0.16307E+01 -0.19035E+01 -0.15749E+01 -0.99457E+00  0.99422E-01
  0.33814E+01  0.92779E+01  0.13664E+02  0.12362E+02  0.70747E+01  0.28602E+01
  0.30816E+01  0.69509E+01  0.11053E+02  0.13123E+02  0.12388E+02  0.93685E+01
  0.72132E+01  0.99068E+01  0.17885E+02  0.27985E+02  0.36002E+02  0.38475E+02
  0.35852E+02  0.31604E+02  0.27514E+02  0.23467E+02  0.19242E+02  0.14967E+02
  0.11072E+02  0.79150E+01  0.56933E+01  0.46381E+01  0.44949E+01  0.46209E+01
  0.46931E+01  0.45322E+01  0.39942E+01  0.35643E+01  0.39447E+01  0.47059E+01
  0.39392E+01  0.39562E+00 -0.50163E+01 -0.10890E+02 -0.16329E+02 -0.19812E+02
 -0.20190E+02 -0.18278E+02 -0.15017E+02 -0.99875E+01 -0.32599E+01  0.38198E+01
  0.10115E+02  0.15750E+02  0.21602E+02  0.27901E+02  0.32585E+02  0.32297E+02
  0.26932E+02  0.20236E+02  0.14752E+02  0.10124E+02  0.51581E+01 -0.54271E+00
 -0.57323E+01 -0.85608E+01 -0.78214E+01 -0.30794E+01  0.47928E+01  0.14241E+02
  0.22862E+02  0.27490E+02  0.27173E+02  0.23005E+02  0.15646E+02  0.60366E+01
 -0.45261E+01 -0.15121E+02 -0.24065E+02 -0.29133E+02 -0.30434E+02 -0.30087E+02
 -0.27559E+02 -0.20650E+02 -0.11777E+02 -0.46200E+01  0.11495E+01  0.59338E+01
  0.81252E+01  0.79041E+01  0.86500E+01  0.12921E+02  0.19576E+02  0.25434E+02
  0.27251E+02  0.23790E+02  0.17009E+02  0.95828E+01  0.31636E+01 -0.62812E+00
 -0.11602E+01 -0.33383E+00 -0.13577E+01 -0.60342E+01 -0.13254E+02 -0.19732E+02
 -0.21923E+02 -0.18783E+02 -0.13990E+02 -0.12933E+02 -0.16961E+02 -0.22648E+02
 -0.25143E+02 -0.22085E+02 -0.15871E+02 -0.10185E+02 -0.58264E+01 -0.13340E+01
  0.44053E+01  0.10378E+02  0.13427E+02  0.11678E+02  0.69775E+01  0.16642E+01
 -0.40024E+01 -0.95118E+01 -0.12824E+02 -0.12865E+02 -0.10593E+02 -0.74249E+01
 -0.46719E+01 -0.30300E+01 -0.18611E+01 -0.19022E+00  0.18204E+01  0.32548E+01
  0.36930E+01  0.38089E+01  0.37684E+01  0.15428E+01 -0.50936E+01 -0.14578E+02
 -0.22039E+02 -0.24568E+02 -0.23432E+02 -0.20803E+02 -0.17455E+02 -0.12201E+02
 -0.24968E+01  0.11877E+02  0.25604E+02  0.31320E+02  0.28453E+02  0.24514E+02
  0.24687E+02  0.25944E+02  0.24887E+02  0.24545E+02  0.27537E+02  0.29891E+02
  0.27811E+02  0.23868E+02  0.21489E+02  0.20243E+02  0.19585E+02  0.19028E+02
  0.14920E+02  0.63725E+01 -0.68376E+00 -0.18731E+01  0.18555E+01  0.85256E+01
  0.15391E+02  0.17902E+02  0.12320E+02  0.81955E+00 -0.69742E+01 -0.21701E+01
  0.11796E+02  0.23695E+02  0.28539E+02  0.28125E+02  0.24891E+02  0.22072E+02
  0.26240E+02  0.41031E+02  0.59328E+02  0.72611E+02  0.81393E+02  0.89458E+02
  0.96596E+02  0.99447E+02  0.95507E+02  0.86234E+02  0.73719E+02  0.55504E+02
  0.30913E+02  0.65372E+01 -0.13599E+02 -0.33028E+02 -0.54277E+02 -0.73710E+02
 -0.87295E+02 -0.96699E+02 -0.10564E+03 -0.11523E+03 -0.12547E+03 -0.13702E+03
 -0.14992E+03 -0.16002E+03 -0.15835E+03 -0.13961E+03 -0.11210E+03 -0.93760E+02
 -0.92239E+02 -0.95734E+02 -0.91041E+02 -0.76696E+02 -0.56475E+02 -0.35330E+02
 -0.18427E+02 -0.77507E+01 -0.22338E+01  0.10889E+01  0.55798E+01  0.11532E+02
  0.15707E+02  0.14332E+02  0.38203E+01 -0.17522E+02 -0.39216E+02 -0.42480E+02
 -0.33313E+02 -0.37353E+02 -0.50091E+02 -0.47554E+02 -0.32331E+02 -0.22602E+02
 -0.25622E+02 -0.40029E+02 -0.61348E+02 -0.83656E+02 -0.10323E+03 -0.11956E+03
 -0.13392E+03 -0.14658E+03 -0.15587E+03 -0.16034E+03 -0.16006E+03 -0.15612E+03
 -0.15002E+03 -0.14177E+03 -0.12905E+03 -0.10893E+03 -0.80308E+02 -0.45929E+02
 -0.11467E+02  0.15331E+02  0.27418E+02  0.23217E+02  0.60627E+01 -0.17390E+02
 -0.39238E+02 -0.56736E+02 -0.74613E+02 -0.97415E+02 -0.12378E+03 -0.14989E+03
 -0.17398E+03 -0.19431E+03 -0.20372E+03 -0.19649E+03 -0.18317E+03 -0.18021E+03
 -0.18914E+03 -0.20291E+03 -0.21537E+03 -0.22045E+03 -0.21700E+03 -0.20923E+03
 -0.19946E+03 -0.18600E+03 -0.16900E+03 -0.15402E+03 -0.14356E+03 -0.12887E+03
 -0.10756E+03 -0.99796E+02 -0.12051E+03 -0.14381E+03 -0.13112E+03 -0.94431E+02
 -0.72686E+02 -0.71341E+02 -0.77256E+02 -0.83480E+02 -0.83599E+02 -0.69807E+02
 -0.39302E+02  0.37179E+01  0.49509E+02  0.80710E+02  0.84103E+02  0.67830E+02
  0.49803E+02  0.38325E+02  0.33565E+02  0.31043E+02  0.23009E+02  0.70782E+01
 -0.13223E+02 -0.32605E+02 -0.40147E+02 -0.25228E+02  0.62898E+01  0.33223E+02
  0.40985E+02  0.34238E+02  0.23328E+02  0.12233E+02  0.12941E+01 -0.10054E+02
 -0.20536E+02 -0.31579E+02 -0.41903E+02 -0.35974E+02 -0.33957E+02 -0.82640E+02
 -0.14513E+03 -0.15534E+03 -0.13302E+03 -0.12245E+03 -0.12459E+03 -0.12139E+03
 -0.10802E+03 -0.96063E+02 -0.95136E+02 -0.10126E+03 -0.10745E+03 -0.11535E+03
 -0.12981E+03 -0.14486E+03 -0.14431E+03 -0.12177E+03 -0.86484E+02 -0.51482E+02
 -0.27330E+02 -0.16319E+02 -0.13248E+02 -0.88945E+01  0.15791E+02  0.77455E+02
  0.16333E+03  0.23789E+03  0.27609E+03  0.27878E+03  0.26064E+03  0.23833E+03
  0.23817E+03  0.27144E+03  0.29774E+03  0.28322E+03  0.25165E+03  0.23429E+03
  0.23524E+03  0.24469E+03  0.25204E+03  0.25403E+03  0.25517E+03  0.26029E+03
  0.26348E+03  0.25416E+03  0.23977E+03  0.23193E+03  0.22639E+03  0.22123E+03
  0.21456E+03  0.21013E+03  0.21888E+03  0.22215E+03  0.21720E+03  0.22791E+03
  0.23983E+03  0.23841E+03  0.23662E+03  0.24214E+03  0.24832E+03  0.25290E+03
  0.26130E+03  0.27175E+03  0.28218E+03  0.28671E+03  0.28360E+03  0.27712E+03
  0.26609E+03  0.26640E+03  0.27242E+03  0.26785E+03  0.29189E+03  0.35785E+03
  0.38797E+03  0.32396E+03  0.26949E+03  0.31984E+03  0.38300E+03  0.37703E+03
  0.33199E+03  0.29686E+03  0.28943E+03  0.29843E+03  0.32251E+03  0.35695E+03
  0.37129E+03  0.36513E+03  0.35858E+03  0.35227E+03  0.34713E+03  0.33333E+03
  0.30678E+03  0.28763E+03  0.27709E+03  0.25781E+03  0.23131E+03  0.21324E+03
  0.20750E+03  0.21638E+03  0.23732E+03  0.23383E+03  0.17893E+03  0.97502E+02
  0.30704E+02 -0.89589E+00 -0.48330E+01  0.27528E+01  0.15856E+02  0.32349E+02
  0.48939E+02  0.66026E+02  0.85889E+02  0.10719E+03  0.12566E+03  0.13819E+03
  0.14497E+03  0.14896E+03  0.15152E+03  0.15051E+03  0.14416E+03  0.13258E+03
  0.11541E+03  0.88721E+02  0.48182E+02  0.44266E+01 -0.22097E+02 -0.27782E+02
 -0.27358E+02 -0.39485E+02 -0.72221E+02 -0.10903E+03 -0.12983E+03 -0.13683E+03
 -0.14870E+03 -0.18410E+03 -0.23666E+03 -0.27613E+03 -0.27829E+03 -0.25287E+03
 -0.23931E+03 -0.26082E+03 -0.29880E+03 -0.32110E+03 -0.33025E+03 -0.33767E+03
 -0.33906E+03 -0.34046E+03 -0.33750E+03 -0.33110E+03 -0.34457E+03 -0.36830E+03
 -0.37136E+03 -0.35890E+03 -0.34959E+03 -0.34565E+03 -0.35936E+03 -0.39083E+03
 -0.39943E+03 -0.37899E+03 -0.35301E+03 -0.33813E+03 -0.34807E+03 -0.35901E+03
 -0.37382E+03 -0.39770E+03 -0.39101E+03 -0.36939E+03 -0.33693E+03 -0.29660E+03
 -0.30180E+03 -0.30837E+03 -0.27783E+03 -0.25695E+03 -0.25192E+03 -0.25709E+03
 -0.27066E+03 -0.28261E+03 -0.29301E+03 -0.29229E+03 -0.27417E+03 -0.25365E+03
 -0.24623E+03 -0.24093E+03 -0.21203E+03 -0.17146E+03 -0.15862E+03 -0.16737E+03
 -0.15748E+03 -0.12555E+03 -0.91401E+02 -0.42031E+02  0.30006E+02  0.85172E+02
  0.10021E+03  0.10545E+03  0.13475E+03  0.18337E+03  0.21941E+03  0.22074E+03
  0.18954E+03  0.16218E+03  0.18161E+03  0.23047E+03  0.26767E+03  0.27976E+03
  0.27922E+03  0.30815E+03  0.34561E+03  0.33561E+03  0.31222E+03  0.30708E+03
  0.31080E+03  0.33114E+03  0.34767E+03  0.33539E+03  0.33350E+03  0.35978E+03
  0.37694E+03  0.39086E+03  0.40060E+03  0.36946E+03  0.30662E+03  0.25014E+03
  0.21920E+03  0.20022E+03  0.18534E+03  0.19270E+03  0.17559E+03  0.84669E+02
 -0.20961E+02 -0.75693E+02 -0.82476E+02 -0.71642E+02 -0.83034E+02 -0.11334E+03
 -0.11266E+03 -0.10114E+03 -0.11312E+03 -0.12115E+03 -0.12467E+03 -0.13367E+03
 -0.14300E+03 -0.16208E+03 -0.17683E+03 -0.16405E+03 -0.15058E+03 -0.18140E+03
 -0.23882E+03 -0.25191E+03 -0.23109E+03 -0.23871E+03 -0.27135E+03 -0.31899E+03
 -0.35954E+03 -0.38286E+03 -0.42974E+03 -0.41881E+03 -0.31735E+03 -0.28272E+03
 -0.31017E+03 -0.33327E+03 -0.40665E+03 -0.44067E+03 -0.38844E+03 -0.39849E+03
 -0.45114E+03 -0.44707E+03 -0.38956E+03 -0.35149E+03 -0.37344E+03 -0.39052E+03
 -0.38315E+03 -0.35630E+03 -0.30239E+03 -0.27849E+03 -0.29175E+03 -0.26246E+03
 -0.19166E+03 -0.13168E+03 -0.55359E+02  0.23313E+02  0.64403E+02  0.82505E+02
  0.81508E+02  0.86918E+02  0.13269E+03  0.17315E+03  0.14129E+03  0.99780E+02
  0.10800E+03  0.10961E+03  0.10285E+03  0.11617E+03  0.14233E+03  0.16765E+03
  0.16337E+03  0.13354E+03  0.10033E+03  0.74562E+02  0.96916E+02  0.18520E+03
  0.21767E+03  0.82641E+02 -0.95655E+02 -0.16729E+03 -0.17593E+03 -0.18306E+03
 -0.17388E+03 -0.15307E+03 -0.14662E+03 -0.15098E+03 -0.15846E+03 -0.17878E+03
 -0.20414E+03 -0.21934E+03 -0.23405E+03 -0.25934E+03 -0.27492E+03 -0.25413E+03
 -0.24250E+03 -0.29404E+03 -0.33682E+03 -0.31735E+03 -0.29274E+03 -0.28830E+03
 -0.30611E+03 -0.33433E+03 -0.33378E+03 -0.31488E+03 -0.29217E+03 -0.25633E+03
 -0.22797E+03 -0.22658E+03 -0.23911E+03 -0.23741E+03 -0.19639E+03 -0.13674E+03
 -0.10754E+03 -0.96160E+02 -0.67387E+02 -0.70713E+01  0.80907E+02  0.15868E+03
  0.19623E+03  0.20325E+03  0.20832E+03  0.23341E+03  0.28246E+03  0.33118E+03
  0.35570E+03  0.37236E+03  0.38046E+03  0.36859E+03  0.37076E+03  0.37644E+03
  0.36770E+03  0.38069E+03  0.41442E+03  0.44025E+03  0.43892E+03  0.42272E+03
  0.44150E+03  0.45911E+03  0.45035E+03  0.43956E+03  0.41853E+03  0.38551E+03
  0.36975E+03  0.39028E+03  0.41271E+03  0.41607E+03  0.39769E+03  0.37429E+03
  0.38517E+03  0.41933E+03  0.44992E+03  0.43795E+03  0.41565E+03  0.43177E+03
  0.43730E+03  0.42947E+03  0.32896E+03  0.92532E+02 -0.10962E+03 -0.18702E+03
 -0.17625E+03 -0.16909E+03 -0.19281E+03 -0.20487E+03 -0.21169E+03 -0.19646E+03
 -0.18076E+03 -0.20184E+03 -0.21575E+03 -0.19703E+03 -0.17529E+03 -0.16398E+03
 -0.14574E+03 -0.12695E+03 -0.12382E+03 -0.11503E+03 -0.91998E+02 -0.75549E+02
 -0.55454E+02 -0.14220E+01  0.82446E+02  0.16126E+03  0.20690E+03  0.22690E+03
  0.24546E+03  0.27084E+03  0.29467E+03  0.30785E+03  0.30861E+03  0.30739E+03
  0.31636E+03  0.33233E+03  0.35197E+03  0.37639E+03  0.39744E+03  0.40670E+03
  0.40421E+03  0.39529E+03  0.38402E+03  0.36958E+03  0.35227E+03  0.33404E+03
  0.31457E+03  0.29478E+03  0.27270E+03  0.26012E+03  0.28588E+03  0.33825E+03
  0.37562E+03  0.39372E+03  0.39882E+03  0.37302E+03  0.30131E+03  0.20642E+03
  0.14206E+03  0.11975E+03  0.10479E+03  0.76186E+02  0.30640E+02 -0.25117E+02
 -0.77659E+02 -0.11959E+03 -0.15180E+03 -0.17682E+03 -0.19599E+03 -0.21133E+03
 -0.22549E+03 -0.24155E+03 -0.26113E+03 -0.27593E+03 -0.27714E+03 -0.27429E+03
 -0.27992E+03 -0.29463E+03 -0.31588E+03 -0.33506E+03 -0.34220E+03 -0.34167E+03
 -0.34011E+03 -0.34775E+03 -0.38604E+03 -0.44199E+03 -0.46376E+03 -0.43829E+03
 -0.40584E+03 -0.39197E+03 -0.38868E+03 -0.38617E+03 -0.38115E+03 -0.36746E+03
 -0.34474E+03 -0.33218E+03 -0.33899E+03 -0.34502E+03 -0.33956E+03 -0.32959E+03
 -0.31579E+03 -0.29300E+03 -0.25855E+03 -0.21648E+03 -0.17476E+03 -0.13978E+03
 -0.11370E+03 -0.92195E+02 -0.68029E+02 -0.38839E+02 -0.74423E+01  0.23140E+02
  0.50803E+02  0.73776E+02  0.91639E+02  0.10702E+03  0.12561E+03  0.15136E+03
  0.18026E+03  0.20582E+03  0.22771E+03  0.24481E+03  0.25046E+03  0.24162E+03
  0.22210E+03  0.19770E+03  0.17475E+03  0.15666E+03  0.14093E+03  0.12467E+03
  0.10927E+03  0.96245E+02  0.89251E+02  0.10312E+03  0.11403E+03  0.52576E+02
 -0.63852E+02 -0.14817E+03 -0.18494E+03 -0.20730E+03 -0.23224E+03 -0.26357E+03
 -0.29795E+03 -0.32777E+03 -0.34483E+03 -0.34086E+03 -0.31663E+03 -0.29201E+03
 -0.28441E+03 -0.28902E+03 -0.29909E+03 -0.30942E+03 -0.30722E+03 -0.28698E+03
 -0.26034E+03 -0.23858E+03 -0.22109E+03 -0.23426E+03 -0.30245E+03 -0.34404E+03
 -0.23461E+03 -0.26920E+02  0.10083E+03  0.11596E+03  0.10846E+03  0.12825E+03
  0.16712E+03  0.19811E+03  0.21238E+03  0.22396E+03  0.24561E+03  0.27406E+03
  0.29844E+03  0.31228E+03  0.31627E+03  0.31005E+03  0.28795E+03  0.26005E+03
  0.24761E+03  0.25581E+03  0.28080E+03  0.31731E+03  0.33734E+03  0.31212E+03
  0.26039E+03  0.21051E+03  0.15540E+03  0.70994E+02 -0.37291E+02 -0.14233E+03
 -0.22003E+03 -0.24959E+03 -0.24947E+03 -0.24894E+03 -0.24735E+03 -0.24641E+03
 -0.24933E+03 -0.25877E+03 -0.28313E+03 -0.30292E+03 -0.30561E+03 -0.30517E+03
 -0.29362E+03 -0.26673E+03 -0.24951E+03 -0.26687E+03 -0.31244E+03 -0.33942E+03
 -0.30542E+03 -0.20245E+03 -0.79637E+02 -0.23900E+02 -0.28015E+02 -0.22429E+02
  0.27337E+02  0.10526E+03  0.16932E+03  0.20707E+03  0.23258E+03  0.25111E+03
  0.26781E+03  0.28721E+03  0.30351E+03  0.31488E+03  0.31475E+03  0.29932E+03
  0.27729E+03  0.25466E+03  0.23447E+03  0.22602E+03  0.22995E+03  0.23816E+03
  0.24761E+03  0.26094E+03  0.27473E+03  0.27895E+03  0.27337E+03  0.26960E+03
  0.27099E+03  0.26931E+03  0.25997E+03  0.24975E+03  0.24165E+03  0.22134E+03
  0.18204E+03  0.14196E+03  0.11671E+03  0.10126E+03  0.84396E+02  0.63926E+02
  0.46424E+02  0.36653E+02  0.30071E+02  0.17329E+02 -0.64275E+01 -0.36975E+02
 -0.68149E+02 -0.10441E+03 -0.15049E+03 -0.19011E+03 -0.20764E+03 -0.21702E+03
 -0.24076E+03 -0.28569E+03 -0.33421E+03 -0.33740E+03 -0.26507E+03 -0.16083E+03
 -0.87389E+02 -0.52785E+02 -0.33076E+02 -0.20901E+02 -0.20762E+02 -0.25783E+02
 -0.21041E+02  0.81769E+01  0.59892E+02  0.94274E+02  0.88639E+02  0.85014E+02
  0.10237E+03  0.11543E+03  0.12902E+03  0.14899E+03  0.15587E+03  0.14420E+03
  0.12573E+03  0.11108E+03  0.10540E+03  0.10703E+03  0.11035E+03  0.11221E+03
  0.11244E+03  0.11163E+03  0.10949E+03  0.10428E+03  0.94856E+02  0.83632E+02
  0.73155E+02  0.63244E+02  0.53215E+02  0.42914E+02  0.32527E+02  0.23050E+02
  0.15549E+02  0.10648E+02  0.82010E+01  0.73044E+01  0.69756E+01  0.66348E+01
  0.58018E+01  0.39987E+01  0.77992E+00 -0.42865E+01 -0.11473E+02 -0.20441E+02
 -0.29909E+02 -0.37527E+02 -0.41475E+02 -0.41106E+02 -0.35630E+02 -0.25157E+02
 -0.11332E+02  0.46750E+01  0.21976E+02  0.37977E+02  0.48624E+02  0.51256E+02
  0.45487E+02  0.33319E+02  0.18307E+02  0.26559E+01 -0.13316E+02 -0.29543E+02
 -0.45717E+02 -0.61117E+02 -0.74515E+02 -0.84837E+02 -0.91560E+02 -0.94441E+02
 -0.94572E+02 -0.93512E+02 -0.90726E+02 -0.85329E+02 -0.78946E+02 -0.73750E+02
 -0.70380E+02 -0.68515E+02 -0.67424E+02 -0.66273E+02 -0.64411E+02 -0.61449E+02
 -0.57513E+02 -0.53163E+02 -0.48674E+02 -0.43923E+02 -0.38977E+02 -0.34000E+02
 -0.29155E+02 -0.24786E+02 -0.21288E+02 -0.18834E+02 -0.17401E+02 -0.16433E+02
 -0.14544E+02 -0.10514E+02 -0.44187E+01  0.30865E+01  0.11370E+02  0.19757E+02
  0.27979E+02  0.36385E+02  0.44449E+02  0.50111E+02  0.51241E+02  0.46871E+02
  0.37950E+02  0.26372E+02  0.13127E+02 -0.11908E+01 -0.15830E+02 -0.29541E+02
 -0.40699E+02 -0.49139E+02 -0.55928E+02 -0.60902E+02 -0.63467E+02 -0.64478E+02
 -0.65268E+02 -0.66362E+02 -0.67742E+02 -0.69293E+02 -0.71303E+02 -0.74759E+02
 -0.80309E+02 -0.87079E+02 -0.93773E+02 -0.99909E+02 -0.10558E+03 -0.11094E+03
 -0.11560E+03 -0.11815E+03 -0.11698E+03 -0.11122E+03 -0.10125E+03 -0.89243E+02
 -0.77506E+02 -0.66761E+02 -0.56675E+02 -0.46867E+02 -0.37343E+02 -0.28311E+02
 -0.19787E+02 -0.11298E+02 -0.24186E+01  0.56916E+01  0.10322E+02  0.96195E+01
  0.34330E+01 -0.64863E+01 -0.17281E+02 -0.27602E+02 -0.37785E+02 -0.48278E+02
 -0.59386E+02 -0.71443E+02 -0.84399E+02 -0.96707E+02 -0.10606E+03 -0.11191E+03
 -0.11487E+03 -0.11472E+03 -0.11102E+03 -0.10400E+03 -0.95119E+02 -0.86028E+02
 -0.77386E+02 -0.68979E+02 -0.60495E+02 -0.51871E+02 -0.43297E+02 -0.34886E+02
 -0.26685E+02 -0.18710E+02 -0.10833E+02 -0.29242E+01  0.47839E+01  0.12074E+02
  0.19168E+02  0.26357E+02  0.33681E+02  0.41137E+02  0.48731E+02  0.56166E+02
  0.62517E+02  0.67171E+02  0.70755E+02  0.74161E+02  0.77348E+02  0.79035E+02
  0.77490E+02  0.72467E+02  0.64569E+02  0.53878E+02  0.41180E+02  0.28049E+02
  0.15896E+02  0.53109E+01 -0.43532E+01 -0.13964E+02 -0.23771E+02 -0.33547E+02
 -0.42962E+02 -0.52009E+02 -0.60911E+02 -0.69717E+02 -0.78116E+02 -0.84953E+02
 -0.89482E+02 -0.91904E+02 -0.90996E+02 -0.85172E+02 -0.74967E+02 -0.61196E+02
 -0.44676E+02 -0.27024E+02 -0.93465E+01  0.73129E+01  0.21537E+02  0.33455E+02
  0.44673E+02  0.56022E+02  0.66959E+02  0.76896E+02  0.85858E+02  0.93630E+02
  0.99904E+02  0.10528E+03  0.11011E+03  0.11323E+03  0.11375E+03  0.11277E+03
  0.11101E+03  0.10752E+03  0.10207E+03  0.95947E+02  0.90047E+02  0.84245E+02
  0.77990E+02  0.71243E+02  0.65392E+02  0.62488E+02  0.62700E+02  0.64456E+02
  0.66517E+02  0.67621E+02  0.66269E+02  0.62602E+02  0.58259E+02  0.54263E+02
  0.50148E+02  0.44312E+02  0.35723E+02  0.25353E+02  0.14662E+02  0.43021E+01
 -0.52955E+01 -0.13872E+02 -0.21725E+02 -0.29173E+02 -0.36438E+02 -0.43812E+02
 -0.51373E+02 -0.58744E+02 -0.64790E+02 -0.67964E+02 -0.67766E+02 -0.64095E+02
 -0.56971E+02 -0.47868E+02 -0.38152E+02 -0.27856E+02 -0.17082E+02 -0.62424E+01
  0.44236E+01  0.14900E+02  0.25322E+02  0.36118E+02  0.47833E+02  0.60447E+02
  0.73306E+02  0.85956E+02  0.98076E+02  0.10868E+03  0.11693E+03  0.12305E+03
  0.12734E+03  0.13015E+03  0.13183E+03  0.13212E+03  0.13123E+03  0.13020E+03
  0.12937E+03  0.12717E+03  0.12118E+03  0.11172E+03  0.10151E+03  0.91835E+02
  0.81955E+02  0.71004E+02  0.59148E+02  0.46863E+02  0.34331E+02  0.22213E+02
  0.11183E+02  0.59396E+00 -0.11280E+02 -0.25330E+02 -0.40609E+02 -0.55811E+02
 -0.70741E+02 -0.85808E+02 -0.10138E+03 -0.11774E+03 -0.13414E+03 -0.14742E+03
 -0.15526E+03 -0.15903E+03 -0.15936E+03 -0.15503E+03 -0.14694E+03 -0.13759E+03
 -0.12903E+03 -0.12307E+03 -0.11870E+03 -0.10909E+03 -0.87883E+02 -0.56942E+02
 -0.23339E+02  0.58411E+01  0.27434E+02  0.44366E+02  0.60952E+02  0.78671E+02
  0.96880E+02  0.11429E+03  0.13026E+03  0.14529E+03  0.15927E+03  0.17084E+03
  0.17989E+03  0.18796E+03  0.19636E+03  0.20540E+03  0.21418E+03  0.22026E+03
  0.22212E+03  0.22120E+03  0.21891E+03  0.21248E+03  0.19636E+03  0.16836E+03
  0.13374E+03  0.10152E+03  0.75847E+02  0.53046E+02  0.27388E+02 -0.30752E+01
 -0.36302E+02 -0.70549E+02 -0.10711E+03 -0.14782E+03 -0.19185E+03 -0.23474E+03
 -0.26901E+03 -0.28835E+03 -0.29356E+03 -0.29217E+03 -0.29061E+03 -0.29030E+03
 -0.29105E+03 -0.29304E+03 -0.29478E+03 -0.29124E+03 -0.27832E+03 -0.25927E+03
 -0.24003E+03 -0.21799E+03 -0.18825E+03 -0.15826E+03 -0.13740E+03 -0.12234E+03
 -0.10554E+03 -0.84603E+02 -0.59970E+02 -0.32622E+02 -0.37762E+01  0.26073E+02
  0.55843E+02  0.82451E+02  0.10378E+03  0.12160E+03  0.13884E+03  0.15673E+03
  0.17525E+03  0.19328E+03  0.20830E+03  0.21882E+03  0.22654E+03  0.23284E+03
  0.23645E+03  0.23692E+03  0.23437E+03  0.22742E+03  0.21601E+03  0.20261E+03
  0.18911E+03  0.17596E+03  0.16231E+03  0.14561E+03  0.12409E+03  0.99466E+02
  0.74434E+02  0.49947E+02  0.25721E+02  0.10465E+01 -0.24437E+02 -0.50277E+02
 -0.75990E+02 -0.10173E+03 -0.12729E+03 -0.15091E+03 -0.17106E+03 -0.18745E+03
 -0.19743E+03 -0.19624E+03 -0.18651E+03 -0.17862E+03 -0.17732E+03 -0.17835E+03
 -0.17716E+03 -0.17417E+03 -0.17260E+03 -0.17241E+03 -0.16787E+03 -0.15417E+03
 -0.13099E+03 -0.96897E+02 -0.55188E+02 -0.19326E+02 -0.51404E+00 -0.19261E+01
 -0.10219E+02 -0.34994E+01  0.13723E+02  0.25741E+02  0.36907E+02  0.53263E+02
  0.69029E+02  0.79929E+02  0.88156E+02  0.96887E+02  0.10699E+03  0.11572E+03
  0.11788E+03  0.10998E+03  0.91749E+02  0.67182E+02  0.43965E+02  0.26604E+02
  0.12908E+02 -0.98550E+00 -0.16062E+02 -0.30413E+02 -0.41716E+02 -0.50224E+02
 -0.57832E+02 -0.63599E+02 -0.64146E+02 -0.59173E+02 -0.51345E+02 -0.41843E+02
 -0.31252E+02 -0.21655E+02 -0.14676E+02 -0.98804E+01 -0.65273E+01 -0.45008E+01
 -0.34726E+01 -0.33722E+01 -0.45205E+01 -0.67015E+01 -0.10640E+02 -0.18306E+02
 -0.28801E+02 -0.38245E+02 -0.45057E+02 -0.50738E+02 -0.56699E+02 -0.63012E+02
 -0.68328E+02 -0.70852E+02 -0.70500E+02 -0.67005E+02 -0.57945E+02 -0.43130E+02
 -0.26570E+02 -0.12932E+02 -0.41956E+01  0.14184E+01  0.64673E+01  0.11794E+02
  0.17255E+02  0.22670E+02  0.27926E+02  0.32873E+02  0.37440E+02  0.41893E+02
  0.46552E+02  0.51411E+02  0.55775E+02  0.58564E+02  0.59719E+02  0.59953E+02
  0.58826E+02  0.55609E+02  0.50960E+02  0.45946E+02  0.40952E+02  0.35992E+02
  0.31003E+02  0.26010E+02  0.21135E+02  0.16453E+02  0.11897E+02  0.74762E+01
  0.33071E+01 -0.61844E+00 -0.44461E+01 -0.82591E+01 -0.12096E+02 -0.15985E+02
 -0.19870E+02 -0.23344E+02 -0.25914E+02 -0.27127E+02 -0.26452E+02 -0.24132E+02
 -0.21334E+02 -0.18714E+02 -0.15713E+02 -0.11279E+02 -0.53465E+01  0.11377E+01
  0.74974E+01  0.13700E+02  0.19935E+02  0.26361E+02  0.32587E+02  0.37339E+02
  0.39680E+02  0.39813E+02  0.37977E+02  0.34619E+02  0.30785E+02  0.27079E+02
  0.23436E+02  0.19677E+02  0.15855E+02  0.12644E+02  0.10988E+02  0.10914E+02
  0.11567E+02  0.12341E+02  0.13087E+02  0.13820E+02  0.14385E+02  0.14467E+02
  0.14013E+02  0.13237E+02  0.12280E+02  0.11237E+02  0.10167E+02  0.90637E+01
  0.78914E+01  0.65642E+01  0.49687E+01  0.32609E+01  0.17632E+01  0.56526E+00
 -0.55297E+00 -0.19092E+01 -0.35645E+01 -0.43516E+01 -0.22670E+01  0.27980E+01
  0.90797E+01  0.15966E+02  0.23961E+02  0.32953E+02  0.41935E+02  0.49374E+02
  0.54511E+02  0.58412E+02  0.62243E+02  0.65234E+02  0.65523E+02  0.62549E+02
  0.56612E+02  0.47936E+02  0.37695E+02  0.27283E+02  0.17038E+02  0.67642E+01
 -0.37088E+01 -0.14127E+02 -0.23555E+02 -0.31230E+02 -0.36994E+02 -0.40488E+02
 -0.41786E+02 -0.41617E+02 -0.40322E+02 -0.38240E+02 -0.36071E+02 -0.34131E+02
 -0.32349E+02 -0.30671E+02 -0.29097E+02 -0.27340E+02 -0.24874E+02 -0.21659E+02
 -0.18204E+02 -0.14655E+02 -0.10626E+02 -0.58244E+01 -0.47374E+00  0.43417E+01
  0.70152E+01  0.72613E+01  0.63795E+01  0.56097E+01  0.55153E+01  0.61254E+01
  0.69652E+01  0.75811E+01  0.79453E+01  0.82810E+01  0.87000E+01  0.90251E+01
  0.87494E+01  0.76216E+01  0.58528E+01  0.29446E+01 -0.23163E+01 -0.97884E+01
 -0.17914E+02 -0.25642E+02 -0.33061E+02 -0.40505E+02 -0.47228E+02 -0.51556E+02
 -0.52559E+02 -0.49618E+02 -0.42481E+02 -0.32770E+02 -0.22487E+02 -0.12765E+02
 -0.51501E+01 -0.69705E+00  0.16186E+01  0.34267E+01  0.54268E+01  0.78956E+01
  0.10993E+02  0.14625E+02  0.18429E+02  0.21327E+02  0.21806E+02  0.19862E+02
  0.16940E+02  0.13993E+02  0.11144E+02  0.83111E+01  0.54152E+01  0.25766E+01
  0.30129E-01 -0.18094E+01 -0.18866E+01  0.67791E+00  0.53846E+01  0.11275E+02
  0.17623E+02  0.23296E+02  0.26474E+02  0.26406E+02  0.24411E+02  0.21494E+02
  0.17536E+02  0.12865E+02  0.80702E+01  0.33430E+01 -0.13763E+01 -0.61899E+01
 -0.11117E+02 -0.16104E+02 -0.21210E+02 -0.26558E+02 -0.32016E+02 -0.36425E+02
 -0.38099E+02 -0.37131E+02 -0.34952E+02 -0.31367E+02 -0.25410E+02 -0.17836E+02
 -0.10494E+02 -0.54196E+01 -0.44900E+01 -0.75255E+01 -0.12937E+02 -0.19905E+02
 -0.27897E+02 -0.36131E+02 -0.43348E+02 -0.47926E+02 -0.49876E+02 -0.50491E+02
 -0.49625E+02 -0.46493E+02 -0.41843E+02 -0.36859E+02 -0.31773E+02 -0.26387E+02
 -0.20799E+02 -0.15286E+02 -0.99490E+01 -0.46662E+01  0.68517E+00  0.60365E+01
  0.10964E+02  0.15008E+02  0.18125E+02  0.20685E+02  0.23051E+02  0.25454E+02
  0.28022E+02  0.30318E+02  0.30882E+02  0.28791E+02  0.24638E+02  0.18983E+02
  0.12202E+02  0.51070E+01 -0.19134E+01 -0.88602E+01 -0.15130E+02 -0.19622E+02
 -0.22078E+02 -0.22348E+02 -0.19409E+02 -0.13542E+02 -0.68151E+01 -0.45114E+00
  0.60073E+01  0.13244E+02  0.21028E+02  0.28592E+02  0.34905E+02  0.38368E+02
  0.37844E+02  0.33790E+02  0.27255E+02  0.19549E+02  0.13081E+02  0.10392E+02
  0.11321E+02  0.13434E+02  0.15237E+02  0.16840E+02  0.18634E+02  0.20743E+02
  0.23042E+02  0.25344E+02  0.27546E+02  0.29774E+02  0.32214E+02  0.34358E+02
  0.34435E+02  0.31297E+02  0.26037E+02  0.19996E+02  0.13357E+02  0.63036E+01
 -0.27337E+00 -0.52746E+01 -0.86515E+01 -0.11382E+02 -0.14181E+02 -0.17144E+02
 -0.20179E+02 -0.23131E+02 -0.25781E+02 -0.27981E+02 -0.30025E+02 -0.32144E+02
 -0.32832E+02 -0.29311E+02 -0.21196E+02 -0.10903E+02 -0.12525E+01  0.56974E+01
  0.99599E+01  0.12881E+02  0.14894E+02  0.16058E+02  0.16689E+02  0.16853E+02
  0.16571E+02  0.16067E+02  0.15549E+02  0.15418E+02  0.16160E+02  0.17707E+02
  0.19520E+02  0.21279E+02  0.22948E+02  0.24561E+02  0.26161E+02  0.27932E+02
  0.30100E+02  0.32593E+02  0.35060E+02  0.37438E+02  0.40075E+02  0.43292E+02
  0.45997E+02  0.44759E+02  0.37387E+02  0.26586E+02  0.16346E+02  0.77603E+01
  0.49643E-01 -0.74322E+01 -0.14929E+02 -0.22578E+02 -0.30471E+02 -0.38076E+02
 -0.43784E+02 -0.46567E+02 -0.47201E+02 -0.46026E+02 -0.42647E+02 -0.37836E+02
 -0.32803E+02 -0.27961E+02 -0.23303E+02 -0.18761E+02 -0.14211E+02 -0.95430E+01
 -0.50024E+01 -0.14197E+01  0.56017E+00  0.13051E+01  0.14762E+01  0.14310E+01
  0.13598E+01  0.13273E+01  0.13378E+01  0.14192E+01  0.15819E+01  0.20892E+01
  0.34065E+01  0.55681E+01  0.80879E+01  0.10605E+02  0.13057E+02  0.15499E+02
  0.17906E+02  0.20086E+02  0.21822E+02  0.23210E+02  0.24293E+02  0.24443E+02
  0.23137E+02  0.20841E+02  0.18107E+02  0.15025E+02  0.11728E+02  0.84265E+01
  0.51514E+01  0.18214E+01 -0.16201E+01 -0.50529E+01 -0.82972E+01 -0.11347E+02
 -0.14392E+02 -0.17284E+02 -0.19217E+02 -0.19657E+02 -0.19217E+02 -0.18747E+02
 -0.18320E+02 -0.17323E+02 -0.15359E+02 -0.12808E+02 -0.10224E+02 -0.77207E+01
 -0.51957E+01 -0.27555E+01 -0.93076E+00 -0.62364E-01  0.22239E+00  0.48684E+00
  0.90314E+00  0.13467E+01  0.16609E+01  0.20832E+01  0.34097E+01  0.61201E+01
  0.96295E+01  0.13191E+02  0.16610E+02  0.19893E+02  0.22881E+02  0.25114E+02
  0.26021E+02  0.25772E+02  0.24971E+02  0.23511E+02  0.21021E+02  0.17878E+02
  0.14680E+02  0.11581E+02  0.83726E+01  0.48927E+01  0.12449E+01 -0.23794E+01
 -0.59149E+01 -0.93552E+01 -0.12607E+02 -0.15317E+02 -0.17212E+02 -0.18357E+02
 -0.18827E+02 -0.18747E+02 -0.18459E+02 -0.18178E+02 -0.17945E+02 -0.17754E+02
 -0.17573E+02 -0.17203E+02 -0.16368E+02 -0.15091E+02 -0.13721E+02 -0.12472E+02
 -0.11323E+02 -0.10182E+02 -0.90285E+01 -0.79484E+01 -0.70970E+01 -0.64818E+01
 -0.59775E+01 -0.54812E+01 -0.49825E+01 -0.45005E+01 -0.40435E+01 -0.35236E+01
 -0.28192E+01 -0.19313E+01 -0.99571E+00 -0.84498E-01  0.82090E+00  0.17706E+01
  0.26762E+01  0.31977E+01  0.30710E+01  0.25233E+01  0.19229E+01  0.14008E+01
  0.91118E+00  0.39145E+00 -0.17232E+00 -0.69000E+00 -0.11015E+01 -0.15048E+01
 -0.20602E+01 -0.27595E+01 -0.35110E+01 -0.43971E+01 -0.55159E+01 -0.62727E+01
 -0.59716E+01 -0.50074E+01 -0.40835E+01 -0.32161E+01 -0.22338E+01 -0.12104E+01
 -0.43695E+00 -0.80108E-01  0.27493E-01  0.13424E+00  0.27520E+00  0.28129E+00
 -0.60385E-01 -0.71106E+00 -0.14413E+01 -0.20586E+01 -0.24144E+01 -0.24355E+01
 -0.22674E+01 -0.20905E+01 -0.19612E+01 -0.18175E+01 -0.15056E+01 -0.85425E+00
  0.64411E-01  0.10145E+01  0.18830E+01  0.27099E+01  0.35346E+01  0.43549E+01
  0.50763E+01  0.56018E+01  0.59813E+01  0.63699E+01  0.67237E+01  0.67242E+01
  0.61581E+01  0.52530E+01  0.43245E+01  0.34667E+01  0.26205E+01  0.17370E+01
  0.81448E+00 -0.11614E+00 -0.99577E+00 -0.16751E+01 -0.20783E+01 -0.23197E+01
 -0.25429E+01 -0.27156E+01 -0.27242E+01 -0.25596E+01 -0.23466E+01 -0.21616E+01
 -0.19951E+01 -0.18005E+01 -0.15779E+01 -0.13748E+01 -0.12542E+01 -0.12119E+01
 -0.12008E+01 -0.11813E+01 -0.11577E+01 -0.11370E+01 -0.11189E+01 -0.10622E+01
 -0.93404E+00 -0.75101E+00 -0.56498E+00 -0.38872E+00 -0.22422E+00 -0.68991E-01
  0.86881E-01  0.27533E+00  0.48728E+00  0.69018E+00  0.85729E+00  0.99195E+00
  0.10976E+01  0.11837E+01  0.12396E+01  0.12597E+01  0.12468E+01  0.12203E+01
  0.11788E+01  0.11159E+01  0.10179E+01  0.89304E+00  0.74424E+00  0.58404E+00
  0.43175E+00  0.31280E+00  0.22432E+00  0.15919E+00  0.10359E+00  0.58081E-01
  0.18752E-01 -0.71863E-02 -0.21550E-01 -0.24259E-01 -0.26456E-01 -0.26497E-01
 -0.24729E-01 -0.13011E-01  0.13492E-02  0.15332E-01  0.21986E-01  0.27001E-01
  0.28385E-01  0.31014E-01  0.30686E-01  0.31277E-01  0.29020E-01  0.28668E-01
  0.26201E-01  0.25774E-01  0.23253E-01  0.22903E-01  0.20952E-01  0.21468E-01
  0.19823E-01  0.19880E-01  0.17638E-01  0.17387E-01  0.15135E-01  0.15019E-01
  0.13018E-01  0.13167E-01  0.11333E-01  0.11575E-01  0.98154E-02  0.10192E-01
  0.85195E-02  0.89472E-02  0.73442E-02  0.78842E-02  0.63669E-02  0.69086E-02
  0.54410E-02  0.60454E-02  0.46330E-02  0.52765E-02  0.38758E-02  0.45478E-02
  0.32244E-02  0.39169E-02  0.26070E-02  0.33587E-02  0.20814E-02  0.28744E-02
  0.15904E-02  0.24040E-02  0.12060E-02  0.20314E-02  0.81811E-03  0.16828E-02
  0.49102E-03  0.13777E-02  0.19201E-03  0.11292E-02  0.18316E-05  0.93674E-03
 -0.18899E-03  0.76372E-03 -0.33656E-03  0.64398E-03 -0.44032E-03  0.58886E-03
 -0.49641E-03  0.49879E-03 -0.54021E-03  0.49490E-03	0.0		0.0
