  0.12794E+03  0.14288E+03  0.14949E+03  0.15075E+03  0.14323E+03  0.12512E+03
  0.96954E+02  0.61899E+02  0.25114E+02 -0.75950E+01 -0.31420E+02 -0.43911E+02
 -0.45497E+02 -0.39089E+02 -0.28869E+02 -0.18923E+02 -0.12220E+02 -0.10280E+02
 -0.13482E+02 -0.21609E+02 -0.34201E+02 -0.50483E+02 -0.69004E+02 -0.87336E+02
 -0.10225E+03 -0.11055E+03 -0.11028E+03 -0.10177E+03 -0.87948E+02 -0.73601E+02
 -0.63831E+02 -0.62220E+02 -0.69479E+02 -0.83088E+02 -0.98099E+02 -0.10874E+03
 -0.11027E+03 -0.10040E+03 -0.80040E+02 -0.53039E+02 -0.25223E+02 -0.29118E+01
  0.87123E+01  0.70032E+01 -0.73249E+01 -0.30254E+02 -0.55503E+02 -0.76306E+02
 -0.87401E+02 -0.86527E+02 -0.74854E+02 -0.56111E+02 -0.34884E+02 -0.14718E+02
  0.29437E+01  0.18666E+02  0.33851E+02  0.49200E+02  0.63760E+02  0.75070E+02
  0.80438E+02  0.78562E+02  0.70594E+02  0.60010E+02  0.51112E+02  0.47184E+02
  0.48896E+02  0.53971E+02  0.58172E+02  0.57085E+02  0.47827E+02  0.29989E+02
  0.54765E+01 -0.22438E+02 -0.50251E+02 -0.75022E+02 -0.94611E+02 -0.10752E+03
 -0.11271E+03 -0.10969E+03 -0.98769E+02 -0.81384E+02 -0.60014E+02 -0.37615E+02
 -0.16773E+02  0.10627E+01  0.15921E+02  0.29046E+02  0.42154E+02  0.56628E+02
  0.72942E+02  0.90498E+02  0.10782E+03  0.12288E+03  0.13338E+03  0.13696E+03
  0.13162E+03  0.11623E+03  0.91290E+02  0.59463E+02  0.25674E+02 -0.37576E+01
 -0.22796E+02 -0.27710E+02 -0.18697E+02 -0.27570E+00  0.19897E+02  0.33550E+02
  0.34806E+02  0.22518E+02  0.10070E+01 -0.21387E+02 -0.35399E+02 -0.34640E+02
 -0.18608E+02  0.63598E+01  0.28760E+02  0.35863E+02  0.18597E+02 -0.24445E+02
 -0.85416E+02 -0.14907E+03 -0.19741E+03 -0.21578E+03 -0.19794E+03 -0.14840E+03
 -0.81102E+02 -0.14643E+02  0.33790E+02  0.53803E+02  0.44533E+02  0.14045E+02
 -0.24209E+02 -0.56187E+02 -0.71662E+02 -0.66780E+02 -0.44228E+02 -0.11537E+02
  0.21833E+02  0.47506E+02  0.60521E+02  0.60427E+02  0.50970E+02  0.38485E+02
  0.29338E+02  0.27193E+02  0.30989E+02  0.34688E+02  0.29202E+02  0.61095E+01
 -0.38179E+02 -0.99520E+02 -0.16616E+03 -0.22195E+03 -0.25213E+03 -0.24879E+03
 -0.21413E+03 -0.15974E+03 -0.10224E+03 -0.57083E+02 -0.33364E+02 -0.31572E+02
 -0.44980E+02 -0.63645E+02 -0.78755E+02 -0.85472E+02 -0.83263E+02 -0.74313E+02
 -0.61317E+02 -0.46263E+02 -0.30343E+02 -0.14771E+02 -0.12898E+01  0.82880E+01
  0.13368E+02  0.15692E+02  0.19181E+02  0.28130E+02  0.44515E+02  0.66031E+02
  0.86305E+02  0.97638E+02  0.95080E+02  0.79630E+02  0.58635E+02  0.42704E+02
  0.40509E+02  0.54131E+02  0.77447E+02  0.98675E+02  0.10585E+03  0.92673E+02
  0.61394E+02  0.21645E+02 -0.14450E+02 -0.38139E+02 -0.47886E+02 -0.49352E+02
 -0.51743E+02 -0.62708E+02 -0.84508E+02 -0.11340E+03 -0.14218E+03 -0.16429E+03
 -0.17678E+03 -0.18094E+03 -0.18014E+03 -0.17684E+03 -0.17033E+03 -0.15713E+03
 -0.13352E+03 -0.98629E+02 -0.56275E+02 -0.14173E+02  0.19368E+02  0.39425E+02
  0.47108E+02  0.49333E+02  0.55654E+02  0.73666E+02  0.10506E+03  0.14433E+03
  0.18045E+03  0.20112E+03  0.19748E+03  0.16765E+03  0.11751E+03  0.58916E+02
  0.57203E+01 -0.30689E+02 -0.44975E+02 -0.39279E+02 -0.22190E+02 -0.54694E+01
  0.40310E+00 -0.97701E+01 -0.33757E+02 -0.62672E+02 -0.84494E+02 -0.89085E+02
 -0.72647E+02 -0.39674E+02 -0.14424E+01  0.28487E+02  0.39611E+02  0.28494E+02
 -0.55147E+00 -0.38272E+02 -0.75141E+02 -0.10564E+03 -0.13000E+03 -0.15255E+03
 -0.17795E+03 -0.20736E+03 -0.23685E+03 -0.25870E+03 -0.26532E+03 -0.25312E+03
 -0.22465E+03 -0.18781E+03 -0.15228E+03 -0.12535E+03 -0.10912E+03 -0.10018E+03
 -0.91966E+02 -0.78227E+02 -0.55946E+02 -0.26312E+02  0.61871E+01  0.36046E+02
  0.58680E+02  0.71505E+02  0.73724E+02  0.65550E+02  0.47597E+02  0.20903E+02
 -0.12541E+02 -0.49329E+02 -0.84841E+02 -0.11421E+03 -0.13367E+03 -0.14160E+03
 -0.13874E+03 -0.12751E+03 -0.11065E+03 -0.90179E+02 -0.66935E+02 -0.40910E+02
 -0.11957E+02  0.19520E+02  0.52293E+02  0.84534E+02  0.11427E+03  0.13973E+03
  0.15949E+03  0.17237E+03  0.17748E+03  0.17424E+03  0.16282E+03  0.14441E+03
  0.12130E+03  0.96557E+02  0.73358E+02  0.54313E+02  0.40939E+02  0.33364E+02
  0.30364E+02  0.29627E+02  0.28216E+02  0.23306E+02  0.12975E+02 -0.28922E+01
 -0.22041E+02 -0.40036E+02 -0.51286E+02 -0.50852E+02 -0.36289E+02 -0.88431E+01
  0.26602E+02  0.62907E+02  0.92801E+02  0.11091E+03  0.11485E+03  0.10507E+03
  0.83908E+02  0.54384E+02  0.19395E+02 -0.18277E+02 -0.55730E+02 -0.89723E+02
 -0.11729E+03 -0.13662E+03 -0.14798E+03 -0.15369E+03 -0.15706E+03 -0.16049E+03
 -0.16382E+03 -0.16378E+03 -0.15530E+03 -0.13386E+03 -0.98081E+02 -0.50948E+02
  0.92186E+00  0.49716E+02  0.89375E+02  0.11761E+03  0.13604E+03  0.14855E+03
  0.15879E+03  0.16833E+03  0.17625E+03  0.18031E+03  0.17886E+03  0.17218E+03
  0.16247E+03  0.15253E+03  0.14380E+03  0.13520E+03  0.12346E+03  0.10505E+03
  0.78580E+02  0.46661E+02  0.15825E+02 -0.54186E+01 -0.98161E+01  0.56469E+01
  0.38245E+02  0.80218E+02  0.12138E+03  0.15251E+03  0.16822E+03  0.16826E+03
  0.15690E+03  0.14088E+03  0.12684E+03  0.11926E+03  0.11944E+03  0.12598E+03
  0.13592E+03  0.14645E+03  0.15596E+03  0.16471E+03  0.17443E+03  0.18745E+03
  0.20580E+03  0.23029E+03  0.26018E+03  0.29333E+03  0.32664E+03  0.35681E+03
  0.38094E+03  0.39712E+03  0.40475E+03  0.40456E+03  0.39848E+03  0.38882E+03
  0.37745E+03  0.36499E+03  0.35033E+03  0.33118E+03  0.30530E+03  0.27231E+03
  0.23515E+03  0.20020E+03  0.17576E+03  0.16906E+03  0.18296E+03  0.21379E+03
  0.25166E+03  0.28338E+03  0.29700E+03  0.28621E+03  0.25266E+03  0.20499E+03
  0.15524E+03  0.11393E+03  0.86521E+02  0.72245E+02  0.65973E+02  0.61822E+02
  0.56568E+02  0.51102E+02  0.49391E+02  0.55805E+02  0.72266E+02  0.97022E+02
  0.12550E+03  0.15256E+03  0.17505E+03  0.19298E+03  0.20883E+03  0.22555E+03
  0.24462E+03  0.26512E+03  0.28443E+03  0.30005E+03  0.31124E+03  0.31945E+03
  0.32743E+03  0.33739E+03  0.34958E+03  0.36205E+03  0.37183E+03  0.37689E+03
  0.37764E+03  0.37701E+03  0.37909E+03  0.38699E+03  0.40118E+03  0.41928E+03
  0.43724E+03  0.45150E+03  0.46065E+03  0.46586E+03  0.47005E+03  0.47596E+03
  0.48490E+03  0.49624E+03  0.50825E+03  0.51966E+03  0.53073E+03  0.54338E+03
  0.56030E+03  0.58343E+03  0.61280E+03  0.64620E+03  0.67993E+03  0.70994E+03
  0.73263E+03  0.74525E+03  0.74565E+03  0.73181E+03  0.70185E+03  0.65472E+03
  0.59085E+03  0.51295E+03  0.42578E+03  0.33514E+03  0.24633E+03  0.16295E+03
  0.86310E+02  0.16052E+02 -0.48924E+02 -0.10925E+03 -0.16505E+03 -0.21608E+03
 -0.26271E+03 -0.30650E+03 -0.35014E+03 -0.39676E+03 -0.44826E+03 -0.50458E+03
 -0.56321E+03 -0.62000E+03 -0.67071E+03 -0.71247E+03 -0.74472E+03 -0.76899E+03
 -0.78798E+03 -0.80419E+03 -0.81898E+03 -0.83225E+03 -0.84289E+03 -0.84961E+03
 -0.85162E+03 -0.84882E+03 -0.84157E+03 -0.83028E+03 -0.81505E+03 -0.79586E+03
 -0.77275E+03 -0.74624E+03 -0.71753E+03 -0.68815E+03 -0.65958E+03 -0.63284E+03
 -0.60845E+03 -0.58672E+03 -0.56811E+03 -0.55352E+03 -0.54395E+03 -0.53987E+03
 -0.54072E+03 -0.54473E+03 -0.54949E+03 -0.55315E+03 -0.55551E+03 -0.55862E+03
 -0.56599E+03 -0.58135E+03 -0.60668E+03 -0.64101E+03 -0.68031E+03 -0.71841E+03
 -0.74894E+03 -0.76705E+03 -0.77002E+03 -0.75765E+03 -0.73108E+03 -0.69210E+03
 -0.64263E+03 -0.58466E+03 -0.52099E+03 -0.45497E+03 -0.39075E+03 -0.33211E+03
 -0.28186E+03 -0.24096E+03 -0.20853E+03 -0.18244E+03 -0.15988E+03 -0.13813E+03
 -0.11494E+03 -0.88735E+02 -0.59093E+02 -0.27110E+02  0.41438E+01  0.29890E+02
  0.44654E+02  0.44027E+02  0.26488E+02 -0.56632E+01 -0.46970E+02 -0.90779E+02
 -0.13170E+03 -0.16712E+03 -0.19711E+03 -0.22251E+03 -0.24280E+03 -0.25501E+03
 -0.25502E+03 -0.24069E+03 -0.21489E+03 -0.18635E+03 -0.16677E+03 -0.16489E+03
 -0.18009E+03 -0.19924E+03 -0.19936E+03 -0.15597E+03 -0.53995E+02  0.10333E+03
  0.29275E+03  0.47723E+03  0.61860E+03  0.69121E+03  0.69045E+03  0.63316E+03
  0.54967E+03  0.47127E+03  0.41943E+03  0.40040E+03  0.40727E+03  0.42702E+03
  0.44851E+03  0.46721E+03  0.48500E+03  0.50612E+03  0.53213E+03  0.55926E+03
  0.57935E+03  0.58382E+03  0.56791E+03  0.53298E+03  0.48556E+03  0.43389E+03
  0.38419E+03  0.33847E+03  0.29499E+03  0.25104E+03  0.20540E+03  0.16009E+03
  0.11967E+03  0.89067E+02  0.71375E+02  0.66524E+02  0.71877E+02  0.83750E+02
  0.98889E+02  0.11521E+03  0.13147E+03  0.14623E+03  0.15742E+03  0.16244E+03
  0.15929E+03  0.14744E+03  0.12826E+03  0.10429E+03  0.77647E+02  0.49024E+02
  0.17317E+02 -0.19297E+02 -0.61412E+02 -0.10680E+03 -0.15002E+03 -0.18340E+03
 -0.19958E+03 -0.19414E+03 -0.16721E+03 -0.12366E+03 -0.71510E+02 -0.19290E+02
  0.26467E+02  0.62847E+02  0.90884E+02  0.11430E+03  0.13779E+03  0.16474E+03
  0.19609E+03  0.22989E+03  0.26216E+03  0.28842E+03  0.30555E+03  0.31302E+03
  0.31316E+03  0.31023E+03  0.30873E+03  0.31161E+03  0.31905E+03  0.32874E+03
  0.33698E+03  0.34069E+03  0.33866E+03  0.33199E+03  0.32306E+03  0.31366E+03
  0.30331E+03  0.28859E+03  0.26417E+03  0.22493E+03  0.16860E+03  0.97517E+02
  0.18617E+02 -0.58241E+02 -0.12333E+03 -0.17010E+03 -0.19708E+03 -0.20808E+03
 -0.21052E+03 -0.21260E+03 -0.22056E+03 -0.23675E+03 -0.25954E+03 -0.28451E+03
 -0.30645E+03 -0.32160E+03 -0.32874E+03 -0.32912E+03 -0.32530E+03 -0.31968E+03
 -0.31347E+03 -0.30674E+03 -0.29928E+03 -0.29159E+03 -0.28557E+03 -0.28398E+03
 -0.28905E+03 -0.30086E+03 -0.31649E+03 -0.33068E+03 -0.33757E+03 -0.33324E+03
 -0.31744E+03 -0.29356E+03 -0.26726E+03 -0.24385E+03 -0.22631E+03 -0.21467E+03
 -0.20736E+03 -0.20344E+03 -0.20441E+03 -0.21436E+03 -0.23795E+03 -0.27719E+03
 -0.32864E+03 -0.38291E+03 -0.42668E+03 -0.44726E+03 -0.43715E+03 -0.39712E+03
 -0.33578E+03 -0.26647E+03 -0.20231E+03 -0.15211E+03 -0.11829E+03 -0.97809E+02
 -0.84917E+02 -0.74381E+02 -0.63498E+02 -0.52368E+02 -0.42738E+02 -0.36423E+02
 -0.34330E+02 -0.36423E+02 -0.42257E+02 -0.51668E+02 -0.64679E+02 -0.81013E+02
 -0.99533E+02 -0.11831E+03 -0.13522E+03 -0.14918E+03 -0.16069E+03 -0.17158E+03
 -0.18352E+03 -0.19631E+03 -0.20684E+03 -0.20969E+03 -0.19919E+03 -0.17217E+03
 -0.12974E+03 -0.77216E+02 -0.22012E+02  0.29734E+02  0.75505E+02  0.11703E+03
  0.15847E+03  0.20304E+03  0.24987E+03  0.29290E+03  0.32250E+03  0.32902E+03
  0.30689E+03  0.25714E+03  0.18733E+03  0.10896E+03  0.33644E+02 -0.30137E+02
 -0.78763E+02 -0.11280E+03 -0.13528E+03 -0.14960E+03 -0.15834E+03 -0.16312E+03
 -0.16536E+03 -0.16687E+03 -0.17000E+03 -0.17692E+03 -0.18875E+03 -0.20484E+03
 -0.22306E+03 -0.24049E+03 -0.25472E+03 -0.26484E+03 -0.27174E+03 -0.27763E+03
 -0.28530E+03 -0.29702E+03 -0.31386E+03 -0.33505E+03 -0.35804E+03 -0.37858E+03
 -0.39150E+03 -0.39169E+03 -0.37557E+03 -0.34211E+03 -0.29354E+03 -0.23479E+03
 -0.17188E+03 -0.10996E+03 -0.51379E+02  0.48010E+01  0.62013E+02  0.12398E+03
  0.19259E+03  0.26623E+03  0.33988E+03  0.40666E+03  0.45989E+03  0.49531E+03
  0.51185E+03  0.51130E+03  0.49726E+03  0.47370E+03  0.44425E+03  0.41191E+03
  0.37919E+03  0.34796E+03  0.31910E+03  0.29186E+03  0.26366E+03  0.23098E+03
  0.19072E+03  0.14212E+03  0.87908E+02  0.33864E+02 -0.13173E+02 -0.47906E+02
 -0.68985E+02 -0.79479E+02 -0.85616E+02 -0.93896E+02 -0.10861E+03 -0.13031E+03
 -0.15667E+03 -0.18459E+03 -0.21244E+03 -0.24090E+03 -0.27210E+03 -0.30707E+03
 -0.34350E+03 -0.37511E+03 -0.39358E+03 -0.39219E+03 -0.36951E+03 -0.33104E+03
 -0.28796E+03 -0.25272E+03 -0.23398E+03 -0.23291E+03 -0.24293E+03 -0.25288E+03
 -0.25221E+03 -0.23559E+03 -0.20498E+03 -0.16805E+03 -0.13392E+03 -0.10868E+03
 -0.92645E+02 -0.80858E+02 -0.66164E+02 -0.43303E+02 -0.11802E+02  0.23851E+02
  0.56639E+02  0.80539E+02  0.93564E+02  0.98627E+02  0.10201E+03  0.11029E+03
  0.12741E+03  0.15295E+03  0.18253E+03  0.20951E+03  0.22736E+03  0.23151E+03
  0.22046E+03  0.19586E+03  0.16209E+03  0.12563E+03  0.94121E+02  0.74924E+02
  0.73490E+02  0.91681E+02  0.12690E+03  0.17258E+03  0.22002E+03  0.26108E+03
  0.29037E+03  0.30616E+03  0.30932E+03  0.30113E+03  0.28124E+03  0.24708E+03
  0.19523E+03  0.12434E+03  0.37805E+02 -0.55253E+02 -0.14169E+03 -0.20815E+03
 -0.24546E+03 -0.25152E+03 -0.23132E+03 -0.19431E+03 -0.15030E+03 -0.10590E+03
 -0.63283E+02 -0.21284E+02  0.21833E+02  0.65774E+02  0.10704E+03  0.13994E+03
  0.15887E+03  0.16076E+03  0.14614E+03  0.11874E+03  0.83652E+02  0.45570E+02
  0.76721E+01 -0.28192E+02 -0.60584E+02 -0.87553E+02 -0.10643E+03 -0.11441E+03
 -0.10961E+03 -0.91857E+02 -0.62815E+02 -0.25540E+02  0.16286E+02  0.58838E+02
  0.98207E+02  0.13037E+03  0.15144E+03  0.15863E+03  0.15152E+03  0.13306E+03
  0.10961E+03  0.89256E+02  0.79251E+02  0.83292E+02  0.10011E+03  0.12409E+03
  0.14769E+03  0.16468E+03  0.17261E+03  0.17332E+03  0.17159E+03  0.17244E+03
  0.17862E+03  0.18955E+03  0.20198E+03  0.21163E+03  0.21538E+03  0.21224E+03
  0.20311E+03  0.18986E+03  0.17425E+03  0.15753E+03  0.14084E+03  0.12606E+03
  0.11588E+03  0.11327E+03  0.11997E+03  0.13537E+03  0.15609E+03  0.17732E+03
  0.19495E+03  0.20760E+03  0.21734E+03  0.22844E+03  0.24438E+03  0.26465E+03
  0.28320E+03  0.28923E+03  0.27079E+03  0.21949E+03  0.13478E+03  0.25249E+02
 -0.92934E+02 -0.20067E+03 -0.28151E+03 -0.32625E+03 -0.33499E+03 -0.31594E+03
 -0.28213E+03 -0.24678E+03 -0.21967E+03 -0.20504E+03 -0.20173E+03 -0.20476E+03
 -0.20774E+03 -0.20494E+03 -0.19257E+03 -0.16915E+03 -0.13508E+03 -0.92178E+02
 -0.43013E+02  0.94118E+01  0.61766E+02  0.11056E+03  0.15234E+03  0.18421E+03
  0.20428E+03  0.21215E+03  0.20906E+03  0.19767E+03  0.18153E+03  0.16421E+03
  0.14852E+03  0.13589E+03  0.12624E+03  0.11817E+03  0.10974E+03  0.99257E+02
  0.85928E+02  0.70322E+02  0.54058E+02  0.39266E+02  0.27570E+02  0.19311E+02
  0.13124E+02  0.62722E+01 -0.43132E+01 -0.20633E+02 -0.42447E+02 -0.66694E+02
 -0.88028E+02 -0.10043E+03 -0.99108E+02 -0.82137E+02 -0.51216E+02 -0.11130E+02
  0.32039E+02  0.72804E+02  0.10783E+03  0.13638E+03  0.15958E+03  0.17906E+03
  0.19560E+03  0.20862E+03  0.21655E+03  0.21779E+03  0.21181E+03  0.19947E+03
  0.18270E+03  0.16358E+03  0.14362E+03  0.12359E+03  0.10406E+03  0.86425E+02
  0.73337E+02  0.68381E+02  0.74787E+02  0.93760E+02  0.12341E+03  0.15904E+03
  0.19464E+03  0.22531E+03  0.24890E+03  0.26635E+03  0.28016E+03  0.29179E+03
  0.29965E+03  0.29859E+03  0.28175E+03  0.24410E+03  0.18572E+03  0.11370E+03
  0.40727E+02 -0.18687E+02 -0.53144E+02 -0.58332E+02 -0.38287E+02 -0.34533E+01
  0.33413E+02  0.61736E+02  0.76039E+02  0.76355E+02  0.66305E+02  0.50248E+02
  0.31084E+02  0.95389E+01 -0.14934E+02 -0.42462E+02 -0.71580E+02 -0.99268E+02
 -0.12218E+03 -0.13819E+03 -0.14748E+03 -0.15228E+03 -0.15554E+03 -0.15931E+03
 -0.16370E+03 -0.16710E+03 -0.16754E+03 -0.16416E+03 -0.15826E+03 -0.15300E+03
 -0.15198E+03 -0.15772E+03 -0.17051E+03 -0.18862E+03 -0.20937E+03 -0.23045E+03
 -0.25075E+03 -0.26979E+03 -0.28649E+03 -0.29792E+03 -0.29905E+03 -0.28403E+03
 -0.24881E+03 -0.19369E+03 -0.12467E+03 -0.52658E+02  0.97300E+01  0.52050E+02
  0.69721E+02  0.65303E+02  0.47417E+02  0.27411E+02  0.15324E+02  0.16741E+02
  0.31543E+02  0.54862E+02  0.79489E+02  0.98608E+02  0.10770E+03  0.10533E+03
  0.92640E+02  0.72352E+02  0.47646E+02  0.21524E+02 -0.34789E+01 -0.25389E+02
 -0.42899E+02 -0.55560E+02 -0.63907E+02 -0.69351E+02 -0.73745E+02 -0.78768E+02
 -0.85380E+02 -0.93596E+02 -0.10284E+03 -0.11242E+03 -0.12211E+03 -0.13221E+03
 -0.14338E+03 -0.15606E+03 -0.16988E+03 -0.18355E+03 -0.19518E+03 -0.20290E+03
 -0.20545E+03 -0.20245E+03 -0.19427E+03 -0.18159E+03 -0.16510E+03 -0.14543E+03
 -0.12363E+03 -0.10158E+03 -0.82145E+02 -0.68936E+02 -0.65005E+02 -0.71842E+02
 -0.88261E+02 -0.11035E+03 -0.13246E+03 -0.14892E+03 -0.15569E+03 -0.15163E+03
 -0.13844E+03 -0.11960E+03 -0.98811E+02 -0.78496E+02 -0.59206E+02 -0.39902E+02
 -0.19050E+02  0.42708E+01  0.29705E+02  0.55614E+02  0.80179E+02  0.10223E+03
  0.12217E+03  0.14185E+03  0.16380E+03  0.19012E+03  0.22135E+03  0.25612E+03
  0.29183E+03  0.32545E+03  0.35483E+03  0.37943E+03  0.40016E+03  0.41878E+03
  0.43686E+03  0.45498E+03  0.47266E+03  0.48872E+03  0.50209E+03  0.51235E+03
  0.51971E+03  0.52463E+03  0.52690E+03  0.52512E+03  0.51675E+03  0.49874E+03
  0.46865E+03  0.42568E+03  0.37118E+03  0.30834E+03  0.24133E+03  0.17436E+03
  0.11083E+03  0.52955E+02  0.21000E+01 -0.41041E+02 -0.76049E+02 -0.10298E+03
 -0.12240E+03 -0.13571E+03 -0.14475E+03 -0.15150E+03 -0.15729E+03 -0.16249E+03
 -0.16651E+03 -0.16845E+03 -0.16793E+03 -0.16567E+03 -0.16366E+03 -0.16426E+03
 -0.16927E+03 -0.17883E+03 -0.19111E+03 -0.20283E+03 -0.21054E+03 -0.21199E+03
 -0.20703E+03 -0.19747E+03 -0.18612E+03 -0.17532E+03 -0.16576E+03 -0.15612E+03
 -0.14382E+03 -0.12652E+03 -0.10361E+03 -0.76950E+02 -0.50663E+02 -0.29692E+02
 -0.18003E+02 -0.17048E+02 -0.25194E+02 -0.38262E+02 -0.50910E+02 -0.58287E+02
 -0.57377E+02 -0.47592E+02 -0.30545E+02 -0.93678E+01  0.12213E+02  0.30664E+02
  0.43302E+02  0.48726E+02  0.47189E+02  0.40620E+02  0.32385E+02  0.26534E+02
  0.26693E+02  0.34940E+02  0.51079E+02  0.72711E+02  0.96142E+02  0.11778E+03
  0.13537E+03  0.14859E+03  0.15858E+03  0.16684E+03  0.17411E+03  0.17985E+03
  0.18282E+03  0.18227E+03  0.17928E+03  0.17705E+03  0.17982E+03  0.19086E+03
  0.20998E+03  0.23243E+03  0.24952E+03  0.25134E+03  0.23037E+03  0.18456E+03
  0.11878E+03  0.43273E+02 -0.29606E+02 -0.89490E+02 -0.13114E+03 -0.15538E+03
 -0.16778E+03 -0.17574E+03 -0.18524E+03 -0.19896E+03 -0.21569E+03 -0.23176E+03
 -0.24292E+03 -0.24623E+03 -0.24097E+03 -0.22866E+03 -0.21224E+03 -0.19506E+03
 -0.18007E+03 -0.16941E+03 -0.16436E+03 -0.16552E+03 -0.17288E+03 -0.18620E+03
 -0.20501E+03 -0.22875E+03 -0.25680E+03 -0.28825E+03 -0.32176E+03 -0.35538E+03
 -0.38672E+03 -0.41347E+03 -0.43412E+03 -0.44846E+03 -0.45756E+03 -0.46317E+03
 -0.46654E+03 -0.46733E+03 -0.46311E+03 -0.44994E+03 -0.42369E+03 -0.38180E+03
 -0.32454E+03 -0.25521E+03 -0.17938E+03 -0.10340E+03 -0.32845E+02  0.28313E+02
  0.78044E+02  0.11593E+03  0.14283E+03  0.16080E+03  0.17316E+03  0.18431E+03
  0.19891E+03  0.22020E+03  0.24845E+03  0.27967E+03  0.30606E+03  0.31813E+03
  0.30782E+03  0.27191E+03  0.21374E+03  0.14283E+03  0.72203E+02  0.14538E+02
 -0.21546E+02 -0.33623E+02 -0.25370E+02 -0.47695E+01  0.18770E+02  0.37041E+02
  0.44706E+02  0.39763E+02  0.23076E+02 -0.25667E+01 -0.33420E+02 -0.65542E+02
 -0.95408E+02 -0.12017E+03 -0.13788E+03 -0.14732E+03 -0.14786E+03 -0.13914E+03
 -0.12095E+03 -0.93543E+02 -0.58082E+02 -0.17331E+02  0.24417E+02  0.61900E+02
  0.90170E+02  0.10625E+03  0.10998E+03  0.10395E+03  0.92168E+02  0.78034E+02
  0.62703E+02  0.44608E+02  0.20505E+02 -0.12407E+02 -0.54351E+02 -0.10198E+03
 -0.14903E+03 -0.18856E+03 -0.21554E+03 -0.22878E+03 -0.23113E+03 -0.22811E+03
 -0.22550E+03 -0.22709E+03 -0.23376E+03 -0.24384E+03 -0.25453E+03 -0.26348E+03
 -0.26963E+03 -0.27305E+03 -0.27412E+03 -0.27258E+03 -0.26709E+03 -0.25550E+03
 -0.23565E+03 -0.20607E+03 -0.16649E+03 -0.11781E+03 -0.61978E+02 -0.17393E+01
  0.59348E+02  0.11715E+03  0.16761E+03  0.20778E+03  0.23696E+03  0.25729E+03
  0.27301E+03  0.28855E+03  0.30600E+03  0.32306E+03  0.33281E+03  0.32583E+03
  0.29381E+03  0.23333E+03  0.14804E+03  0.48101E+02 -0.53056E+02 -0.14295E+03
 -0.21362E+03 -0.26302E+03 -0.29357E+03 -0.30948E+03 -0.31383E+03 -0.30753E+03
 -0.29006E+03 -0.26156E+03 -0.22453E+03 -0.18386E+03 -0.14510E+03 -0.11179E+03
 -0.83550E+02 -0.56186E+02 -0.23987E+02  0.16833E+02  0.65612E+02  0.11700E+03
  0.16335E+03  0.19850E+03  0.22090E+03  0.23429E+03  0.24496E+03  0.25775E+03
  0.27201E+03  0.28054E+03  0.27215E+03  0.23702E+03  0.17207E+03  0.84049E+02
 -0.11732E+02 -0.96437E+02 -0.15446E+03 -0.17901E+03 -0.17396E+03 -0.15141E+03
 -0.12620E+03 -0.10993E+03 -0.10700E+03 -0.11409E+03 -0.12284E+03 -0.12419E+03
 -0.11220E+03 -0.85945E+02 -0.49025E+02 -0.74861E+01  0.32671E+02  0.67209E+02
  0.94175E+02  0.11348E+03  0.12601E+03  0.13315E+03  0.13645E+03  0.13778E+03
  0.13916E+03  0.14251E+03  0.14925E+03  0.15988E+03  0.17410E+03  0.19119E+03
  0.21065E+03  0.23243E+03  0.25679E+03  0.28363E+03  0.31177E+03  0.33854E+03
  0.36001E+03  0.37175E+03  0.36999E+03  0.35239E+03  0.31871E+03  0.27046E+03
  0.21056E+03  0.14279E+03  0.71428E+02  0.11716E+01 -0.62978E+02 -0.11601E+03
 -0.15341E+03 -0.17211E+03 -0.17113E+03 -0.15208E+03 -0.11910E+03 -0.78089E+02
 -0.35774E+02  0.15416E+01  0.29112E+02  0.44477E+02  0.48027E+02  0.42695E+02
  0.33418E+02  0.25923E+02  0.25230E+02  0.34126E+02  0.52453E+02  0.76999E+02
  0.10260E+03  0.12381E+03  0.13664E+03  0.13969E+03  0.13421E+03  0.12319E+03
  0.10980E+03  0.96137E+02  0.82742E+02  0.68960E+02  0.54005E+02  0.37933E+02
  0.21948E+02  0.79401E+01 -0.25470E+01 -0.92481E+01 -0.13386E+02 -0.16983E+02
 -0.21560E+02 -0.26935E+02 -0.30804E+02 -0.29477E+02 -0.19485E+02  0.68027E+00
  0.29518E+02  0.62725E+02  0.94585E+02  0.11992E+03  0.13580E+03  0.14213E+03
  0.14120E+03  0.13624E+03  0.12991E+03  0.12327E+03  0.11565E+03  0.10529E+03
  0.90362E+02  0.69750E+02  0.43537E+02  0.12806E+02 -0.20739E+02 -0.55191E+02
 -0.88685E+02 -0.11951E+03 -0.14618E+03 -0.16759E+03 -0.18334E+03 -0.19387E+03
 -0.20051E+03 -0.20495E+03 -0.20892E+03 -0.21343E+03 -0.21861E+03 -0.22382E+03
 -0.22796E+03 -0.23017E+03 -0.22987E+03 -0.22698E+03 -0.22135E+03 -0.21261E+03
 -0.19980E+03 -0.18169E+03 -0.15715E+03 -0.12584E+03 -0.88466E+02 -0.46955E+02
 -0.39916E+01  0.37668E+02  0.75774E+02  0.10896E+03  0.13667E+03  0.15881E+03
  0.17522E+03  0.18533E+03  0.18815E+03  0.18272E+03  0.16868E+03  0.14690E+03
  0.11969E+03  0.90426E+02  0.62848E+02  0.39933E+02  0.23130E+02  0.11982E+02
  0.46697E+01 -0.10614E+01 -0.67282E+01 -0.12339E+02 -0.16334E+02 -0.16285E+02
 -0.10076E+02  0.29684E+01  0.21468E+02  0.42297E+02  0.61562E+02  0.75943E+02
  0.83807E+02  0.85626E+02  0.83578E+02  0.80506E+02  0.78698E+02  0.78971E+02
  0.80383E+02  0.80622E+02  0.76883E+02  0.66825E+02  0.49288E+02  0.24588E+02
 -0.56128E+01 -0.38783E+02 -0.72116E+02 -0.10311E+03 -0.12998E+03 -0.15186E+03
 -0.16886E+03 -0.18172E+03 -0.19137E+03 -0.19848E+03 -0.20300E+03 -0.20411E+03
 -0.20039E+03 -0.19046E+03 -0.17351E+03 -0.14978E+03 -0.12062E+03 -0.88118E+02
 -0.54441E+02 -0.21333E+02  0.10162E+02  0.39571E+02  0.66562E+02  0.90519E+02
  0.11040E+03  0.12510E+03  0.13380E+03  0.13668E+03  0.13498E+03  0.13076E+03
  0.12634E+03  0.12352E+03  0.12332E+03  0.12606E+03  0.13179E+03  0.14067E+03
  0.15314E+03  0.16951E+03  0.18926E+03  0.21043E+03  0.22956E+03  0.24238E+03
  0.24507E+03  0.23584E+03  0.21568E+03  0.18848E+03  0.15984E+03  0.13554E+03
  0.11986E+03  0.11458E+03  0.11885E+03  0.13000E+03  0.14464E+03  0.15956E+03
  0.17255E+03  0.18249E+03  0.18923E+03  0.19331E+03  0.19573E+03  0.19758E+03
  0.19971E+03  0.20244E+03  0.20533E+03  0.20733E+03  0.20732E+03  0.20473E+03
  0.20020E+03  0.19550E+03  0.19282E+03  0.19345E+03  0.19678E+03  0.19973E+03
  0.19732E+03  0.18450E+03  0.15801E+03  0.11798E+03  0.68144E+02  0.14821E+02
 -0.35157E+02 -0.76438E+02 -0.10642E+03 -0.12538E+03 -0.13557E+03 -0.13976E+03
 -0.14029E+03 -0.13858E+03 -0.13543E+03 -0.13150E+03 -0.12761E+03 -0.12473E+03
 -0.12350E+03 -0.12390E+03 -0.12510E+03 -0.12574E+03 -0.12452E+03 -0.12051E+03
 -0.11340E+03 -0.10333E+03 -0.90664E+02 -0.75875E+02 -0.59559E+02 -0.42709E+02
 -0.26608E+02 -0.12657E+02 -0.18596E+01  0.55863E+01  0.10225E+02  0.12926E+02
  0.14234E+02  0.13824E+02  0.10663E+02  0.36771E+01 -0.72689E+01 -0.20980E+02
 -0.35207E+02 -0.47878E+02 -0.58393E+02 -0.68229E+02 -0.80264E+02 -0.96965E+02
 -0.11869E+03 -0.14264E+03 -0.16398E+03 -0.17822E+03 -0.18397E+03 -0.18441E+03
 -0.18609E+03 -0.19568E+03 -0.21583E+03 -0.24237E+03 -0.26480E+03 -0.26998E+03
 -0.24750E+03 -0.19466E+03 -0.11814E+03 -0.31749E+02  0.48697E+02  0.11122E+03
  0.15151E+03  0.17297E+03  0.18382E+03  0.19241E+03  0.20345E+03  0.21693E+03
  0.22937E+03  0.23683E+03  0.23738E+03  0.23182E+03  0.22250E+03  0.21135E+03
  0.19811E+03  0.18038E+03  0.15513E+03  0.12093E+03  0.79306E+02  0.34773E+02
 -0.70351E+01 -0.41613E+02 -0.67377E+02 -0.85964E+02 -0.10089E+03 -0.11546E+03
 -0.13091E+03 -0.14570E+03 -0.15614E+03 -0.15782E+03 -0.14732E+03 -0.12311E+03
 -0.85957E+02 -0.38619E+02  0.14624E+02  0.68436E+02  0.11687E+03  0.15391E+03
  0.17445E+03  0.17525E+03  0.15587E+03  0.11903E+03  0.70081E+02  0.15846E+02
 -0.37003E+02 -0.83304E+02 -0.12023E+03 -0.14743E+03 -0.16656E+03 -0.18042E+03
 -0.19219E+03 -0.20450E+03 -0.21901E+03 -0.23613E+03 -0.25515E+03 -0.27487E+03
 -0.29435E+03 -0.31354E+03 -0.33346E+03 -0.35555E+03 -0.38034E+03 -0.40630E+03
 -0.42923E+03 -0.44297E+03 -0.44133E+03 -0.42067E+03 -0.38182E+03 -0.33045E+03
 -0.27545E+03 -0.22595E+03 -0.18803E+03 -0.16265E+03 -0.14568E+03 -0.13000E+03
 -0.10861E+03 -0.77506E+02 -0.37053E+02  0.86761E+01  0.53803E+02  0.93234E+02
  0.12427E+03  0.14705E+03  0.16360E+03  0.17628E+03  0.18654E+03  0.19430E+03
  0.19830E+03  0.19697E+03  0.18926E+03  0.17505E+03  0.15515E+03  0.13094E+03
  0.10395E+03  0.75759E+02  0.47950E+02  0.22118E+02 -0.20580E+00 -0.17864E+02
 -0.30423E+02 -0.38373E+02 -0.42970E+02 -0.45811E+02 -0.48203E+02 -0.50704E+02
 -0.52968E+02 -0.54044E+02 -0.52963E+02 -0.49299E+02 -0.43493E+02 -0.36784E+02
 -0.30760E+02 -0.26830E+02 -0.25755E+02 -0.27499E+02 -0.31425E+02 -0.36625E+02
 -0.42272E+02 -0.47846E+02 -0.53119E+02 -0.58061E+02 -0.62648E+02 -0.66804E+02
 -0.70417E+02 -0.73451E+02 -0.75991E+02 -0.78254E+02 -0.80513E+02 -0.83018E+02
 -0.85926E+02 -0.89334E+02 -0.93322E+02 -0.98025E+02 -0.10354E+03 -0.10987E+03
 -0.11678E+03 -0.12380E+03 -0.13021E+03 -0.13542E+03 -0.13895E+03 -0.14072E+03
 -0.14086E+03 -0.13955E+03 -0.13669E+03 -0.13174E+03 -0.12368E+03 -0.11138E+03
 -0.93738E+02 -0.70405E+02 -0.41834E+02 -0.94412E+01  0.24569E+02  0.57573E+02
  0.87041E+02  0.11107E+03  0.12882E+03  0.14065E+03  0.14807E+03  0.15323E+03
  0.15813E+03  0.16384E+03  0.17005E+03  0.17519E+03  0.17710E+03  0.17406E+03
  0.16580E+03  0.15392E+03  0.14125E+03  0.13075E+03  0.12396E+03  0.12008E+03
  0.11595E+03  0.10719E+03  0.90004E+02  0.62855E+02  0.27253E+02 -0.12722E+02
 -0.51860E+02 -0.85653E+02 -0.11157E+03 -0.12936E+03 -0.14032E+03 -0.14608E+03
 -0.14753E+03 -0.14461E+03 -0.13667E+03 -0.12334E+03 -0.10519E+03 -0.83849E+02
 -0.61455E+02 -0.39854E+02 -0.19976E+02 -0.17741E+01  0.15367E+02  0.31953E+02
  0.47956E+02  0.62805E+02  0.75777E+02  0.86426E+02  0.94701E+02  0.10064E+03
  0.10386E+03  0.10315E+03  0.96649E+02  0.82569E+02  0.60289E+02  0.31139E+02
 -0.15389E+01 -0.33232E+02 -0.59659E+02 -0.78163E+02 -0.88453E+02 -0.92366E+02
 -0.92800E+02 -0.92409E+02 -0.92613E+02 -0.93383E+02 -0.93763E+02 -0.92788E+02
 -0.90253E+02 -0.86966E+02 -0.84319E+02 -0.83570E+02 -0.85085E+02 -0.88076E+02
 -0.90700E+02 -0.90718E+02 -0.86163E+02 -0.75946E+02 -0.60125E+02 -0.39844E+02
 -0.17128E+02  0.54893E+01  0.25415E+02  0.40407E+02  0.49001E+02  0.50751E+02
  0.46292E+02  0.37049E+02  0.24726E+02  0.10712E+02 -0.42808E+01 -0.20218E+02
 -0.37330E+02 -0.55501E+02 -0.73741E+02 -0.90131E+02 -0.10226E+03 -0.10811E+03
 -0.10684E+03 -0.99237E+02 -0.87487E+02 -0.74332E+02 -0.61958E+02 -0.51158E+02
 -0.41097E+02 -0.29812E+02 -0.15187E+02  0.40001E+01  0.27477E+02  0.53522E+02
  0.79647E+02  0.10354E+03  0.12381E+03  0.14030E+03  0.15377E+03  0.16529E+03
  0.17557E+03  0.18465E+03  0.19197E+03  0.19677E+03  0.19867E+03  0.19771E+03
  0.19459E+03  0.19017E+03  0.18528E+03  0.18029E+03  0.17534E+03  0.17029E+03
  0.16505E+03  0.15966E+03  0.15423E+03  0.14888E+03  0.14351E+03  0.13790E+03
  0.13179E+03  0.12503E+03  0.11765E+03  0.10972E+03  0.10118E+03  0.91667E+02
  0.80534E+02  0.67041E+02  0.50767E+02  0.31951E+02  0.11615E+02 -0.86112E+01
 -0.26855E+02 -0.41487E+02 -0.51412E+02 -0.56165E+02 -0.55764E+02 -0.50537E+02
 -0.41023E+02 -0.28048E+02 -0.12853E+02  0.27930E+01  0.16704E+02  0.26591E+02
  0.30554E+02  0.27517E+02  0.17451E+02  0.12968E+01 -0.19306E+02 -0.42387E+02
 -0.65919E+02 -0.87942E+02 -0.10655E+03 -0.11989E+03 -0.12631E+03 -0.12459E+03
 -0.11434E+03 -0.96216E+02 -0.71942E+02 -0.44066E+02 -0.15391E+02  0.11586E+02
  0.35165E+02  0.54615E+02  0.70103E+02  0.82317E+02  0.92049E+02  0.99855E+02
  0.10590E+03  0.11007E+03  0.11223E+03  0.11245E+03  0.11127E+03  0.10954E+03
  0.10835E+03  0.10862E+03  0.11075E+03  0.11467E+03  0.11978E+03  0.12526E+03
  0.13048E+03  0.13494E+03  0.13837E+03  0.14051E+03  0.14069E+03  0.13795E+03
  0.13115E+03  0.11947E+03  0.10285E+03  0.82385E+02  0.60203E+02  0.38984E+02
  0.21241E+02  0.86231E+01  0.15528E+01 -0.70641E+00  0.37752E+00  0.31602E+01
  0.62826E+01  0.88528E+01  0.10415E+02  0.10766E+02  0.98141E+01  0.75422E+01
  0.40809E+01 -0.27175E+00 -0.51012E+01 -0.10065E+02 -0.15053E+02 -0.20275E+02
 -0.26132E+02 -0.32967E+02 -0.40787E+02 -0.49160E+02 -0.57369E+02 -0.64725E+02
 -0.70867E+02 -0.75894E+02 -0.80158E+02 -0.83866E+02 -0.86681E+02 -0.87577E+02
 -0.85095E+02 -0.77863E+02 -0.65247E+02 -0.47681E+02 -0.26676E+02 -0.44038E+01
  0.17000E+02  0.35971E+02  0.51834E+02  0.64775E+02  0.75537E+02  0.85032E+02
  0.94119E+02  0.10330E+03  0.11286E+03  0.12269E+03  0.13239E+03  0.14127E+03
  0.14850E+03  0.15321E+03  0.15479E+03  0.15293E+03  0.14772E+03  0.13938E+03
  0.12805E+03  0.11359E+03  0.95758E+02  0.74377E+02  0.49778E+02  0.23021E+02
 -0.41118E+01 -0.29530E+02 -0.51378E+02 -0.68555E+02 -0.80894E+02 -0.89030E+02
 -0.93945E+02 -0.96480E+02 -0.97083E+02 -0.95825E+02 -0.92672E+02 -0.87854E+02
 -0.81984E+02 -0.75986E+02 -0.70781E+02 -0.66957E+02 -0.64557E+02 -0.63156E+02
 -0.62111E+02 -0.60868E+02 -0.59140E+02 -0.56917E+02 -0.54327E+02 -0.51509E+02
 -0.48544E+02 -0.45562E+02 -0.42892E+02 -0.41145E+02 -0.41087E+02 -0.43387E+02
 -0.48280E+02 -0.55366E+02 -0.63626E+02 -0.71725E+02 -0.78422E+02 -0.82949E+02
 -0.85123E+02 -0.85242E+02 -0.83769E+02 -0.81029E+02 -0.77028E+02 -0.71487E+02
 -0.64026E+02 -0.54386E+02 -0.42494E+02 -0.28443E+02 -0.12369E+02  0.56427E+01
  0.25551E+02  0.47203E+02  0.70182E+02  0.93694E+02  0.11667E+03  0.13801E+03
  0.15679E+03  0.17251E+03  0.18496E+03  0.19411E+03  0.19986E+03  0.20196E+03
  0.20016E+03  0.19450E+03  0.18568E+03  0.17497E+03  0.16410E+03  0.15460E+03
  0.14719E+03  0.14143E+03  0.13585E+03  0.12850E+03  0.11771E+03  0.10279E+03
  0.84352E+02  0.63845E+02  0.43056E+02  0.23186E+02  0.45678E+01 -0.13379E+02
 -0.31530E+02 -0.50335E+02 -0.69311E+02 -0.86975E+02 -0.10122E+03 -0.11015E+03
 -0.11276E+03 -0.10939E+03 -0.10161E+03 -0.91742E+02 -0.82134E+02 -0.74579E+02
 -0.69981E+02 -0.68347E+02 -0.68991E+02 -0.70854E+02 -0.72793E+02 -0.73816E+02
 -0.73211E+02 -0.70672E+02 -0.66358E+02 -0.60900E+02 -0.55257E+02 -0.50517E+02
 -0.47578E+02 -0.47005E+02 -0.48843E+02 -0.52768E+02 -0.58324E+02 -0.65019E+02
 -0.72535E+02 -0.80559E+02 -0.88719E+02 -0.96254E+02 -0.10212E+03 -0.10508E+03
 -0.10403E+03 -0.98341E+02 -0.88156E+02 -0.74465E+02 -0.58887E+02 -0.43352E+02
 -0.29587E+02 -0.18721E+02 -0.10988E+02 -0.56887E+01 -0.13379E+01  0.39385E+01
  0.11854E+02  0.23432E+02  0.38671E+02  0.56417E+02  0.74704E+02  0.91265E+02
  0.10423E+03  0.11266E+03  0.11673E+03  0.11750E+03  0.11642E+03  0.11481E+03
  0.11334E+03  0.11199E+03  0.11020E+03  0.10726E+03  0.10254E+03  0.95626E+02
  0.86324E+02  0.74519E+02  0.60217E+02  0.43620E+02  0.25384E+02  0.67084E+01
 -0.10790E+02 -0.25464E+02 -0.36127E+02 -0.42461E+02 -0.45064E+02 -0.45120E+02
 -0.43787E+02 -0.41699E+02 -0.38766E+02 -0.34489E+02 -0.28546E+02 -0.21404E+02
 -0.14525E+02 -0.10057E+02 -0.10020E+02 -0.15464E+02 -0.25931E+02 -0.39573E+02
 -0.53843E+02 -0.66497E+02 -0.76415E+02 -0.83873E+02 -0.90189E+02 -0.96901E+02
 -0.10499E+03 -0.11440E+03 -0.12430E+03 -0.13353E+03 -0.14138E+03 -0.14798E+03
 -0.15413E+03 -0.16077E+03 -0.16821E+03 -0.17556E+03 -0.18070E+03 -0.18088E+03
 -0.17345E+03 -0.15693E+03 -0.13149E+03 -0.99079E+02 -0.62882E+02 -0.26574E+02
  0.65563E+01  0.34196E+02  0.55268E+02  0.69826E+02  0.78729E+02  0.83221E+02
  0.84583E+02  0.83910E+02  0.82041E+02  0.79599E+02  0.77013E+02  0.74622E+02
  0.72683E+02  0.71358E+02  0.70727E+02  0.70750E+02  0.71248E+02  0.71928E+02
  0.72366E+02  0.72035E+02  0.70363E+02  0.66768E+02  0.60783E+02  0.52175E+02
  0.41067E+02  0.27987E+02  0.13820E+02 -0.38700E+00 -0.13646E+02 -0.25265E+02
 -0.34951E+02 -0.42745E+02 -0.48808E+02 -0.53156E+02 -0.55497E+02 -0.55250E+02
 -0.51784E+02 -0.44759E+02 -0.34437E+02 -0.21800E+02 -0.83910E+01  0.40583E+01
  0.14065E+02  0.20719E+02  0.23784E+02  0.23560E+02  0.20629E+02  0.15598E+02
  0.90169E+01  0.14043E+01 -0.66197E+01 -0.14285E+02 -0.20716E+02 -0.25136E+02
 -0.27079E+02 -0.26538E+02 -0.23921E+02 -0.19885E+02 -0.15059E+02 -0.98629E+01
 -0.44584E+01  0.11464E+01  0.69036E+01  0.12579E+02  0.17729E+02  0.21819E+02
  0.24409E+02  0.25319E+02  0.24690E+02  0.22900E+02  0.20404E+02  0.17591E+02
  0.14690E+02  0.11792E+02  0.89334E+01  0.61798E+01  0.36643E+01  0.15443E+01
 -0.79764E-01 -0.12410E+01 -0.21088E+01 -0.29147E+01 -0.38177E+01 -0.47610E+01
 -0.54016E+01 -0.51577E+01 -0.33687E+01  0.46526E+00  0.64806E+01  0.14356E+02
  0.23357E+02  0.32547E+02  0.41077E+02  0.48427E+02  0.54498E+02  0.59482E+02
  0.63618E+02  0.66863E+02  0.68710E+02  0.68198E+02  0.64222E+02  0.55936E+02
  0.43173E+02  0.26601E+02  0.76431E+01 -0.11934E+02 -0.30493E+02 -0.46943E+02
 -0.60818E+02 -0.72151E+02 -0.81139E+02 -0.87843E+02 -0.92033E+02 -0.93321E+02
 -0.91449E+02 -0.86622E+02 -0.79598E+02 -0.71614E+02 -0.64055E+02 -0.58094E+02
 -0.54373E+02 -0.52974E+02 -0.53540E+02 -0.55551E+02 -0.58474E+02 -0.61848E+02
 -0.65192E+02 -0.67908E+02 -0.69170E+02 -0.68090E+02 -0.63956E+02 -0.56576E+02
 -0.46410E+02 -0.34537E+02 -0.22343E+02 -0.11106E+02 -0.15797E+01  0.61278E+01
  0.12423E+02  0.17833E+02  0.22641E+02  0.26625E+02  0.29112E+02  0.29269E+02
  0.26575E+02  0.21134E+02  0.13785E+02  0.58520E+01 -0.12282E+01 -0.63873E+01
 -0.91697E+01 -0.97941E+01 -0.88925E+01 -0.72153E+01 -0.53719E+01 -0.37434E+01
 -0.25350E+01 -0.19431E+01 -0.22571E+01 -0.38877E+01 -0.71976E+01 -0.12337E+02
 -0.19094E+02 -0.26892E+02 -0.34868E+02 -0.42075E+02 -0.47669E+02 -0.51043E+02
 -0.51848E+02 -0.50011E+02 -0.45715E+02 -0.39422E+02 -0.31860E+02 -0.23995E+02
 -0.16884E+02 -0.11459E+02 -0.82371E+01 -0.71142E+01 -0.73242E+01 -0.76113E+01
 -0.65831E+01 -0.31240E+01  0.32555E+01  0.12270E+02  0.23000E+02  0.34166E+02
  0.44533E+02  0.53195E+02  0.59740E+02  0.64174E+02  0.66758E+02  0.67776E+02
  0.67410E+02  0.65711E+02  0.62682E+02  0.58378E+02  0.52993E+02  0.46834E+02
  0.40292E+02  0.33619E+02  0.26956E+02  0.20223E+02  0.13262E+02  0.59468E+01
 -0.16828E+01 -0.93479E+01 -0.16617E+02 -0.22967E+02 -0.27988E+02 -0.31559E+02
 -0.33781E+02 -0.35029E+02 -0.35679E+02 -0.35968E+02 -0.35860E+02 -0.35046E+02
 -0.33018E+02 -0.29430E+02 -0.24248E+02 -0.17930E+02 -0.11363E+02 -0.56279E+01
 -0.16048E+01  0.32046E+00  0.42335E+00 -0.51302E+00 -0.15710E+01 -0.21757E+01
 -0.24291E+01 -0.31750E+01 -0.57078E+01 -0.11252E+02 -0.20415E+02 -0.32867E+02
 -0.47405E+02 -0.62336E+02 -0.76040E+02 -0.87460E+02 -0.96270E+02 -0.10276E+03
 -0.10745E+03 -0.11077E+03 -0.11282E+03 -0.11356E+03 -0.11299E+03 -0.11145E+03
 -0.10955E+03 -0.10799E+03 -0.10706E+03 -0.10632E+03 -0.10454E+03 -0.10008E+03
 -0.91518E+02 -0.78291E+02 -0.61026E+02 -0.41406E+02 -0.21571E+02 -0.33778E+01
  0.12186E+02  0.25170E+02  0.36364E+02  0.46724E+02  0.56807E+02  0.66534E+02
  0.75304E+02  0.82417E+02  0.87466E+02  0.90488E+02  0.91766E+02  0.91372E+02
  0.88752E+02  0.82589E+02  0.71177E+02  0.53104E+02  0.28078E+02 -0.25456E+01
 -0.35768E+02 -0.67527E+02 -0.93710E+02 -0.11117E+03 -0.11847E+03 -0.11600E+03
 -0.10566E+03 -0.90076E+02 -0.71827E+02 -0.52870E+02 -0.34362E+02 -0.16805E+02
 -0.38889E+00  0.14692E+02  0.28066E+02  0.39239E+02  0.47810E+02  0.53647E+02
  0.57020E+02  0.58523E+02  0.58917E+02  0.58881E+02  0.58852E+02  0.58978E+02
  0.59187E+02  0.59326E+02  0.59297E+02  0.59139E+02  0.59002E+02  0.59083E+02
  0.59558E+02  0.60516E+02  0.61969E+02  0.63896E+02  0.66273E+02  0.69075E+02
  0.72260E+02  0.75732E+02  0.79319E+02  0.82770E+02  0.85825E+02  0.88261E+02
  0.89963E+02  0.90935E+02  0.91296E+02  0.91230E+02  0.90946E+02  0.90611E+02
  0.90304E+02  0.90001E+02  0.89519E+02  0.88562E+02  0.86785E+02  0.83907E+02
  0.79926E+02  0.75122E+02  0.70083E+02  0.65399E+02  0.61455E+02  0.58131E+02
  0.54660E+02  0.49889E+02  0.42614E+02  0.32196E+02  0.18870E+02  0.38176E+01
 -0.11143E+02 -0.24153E+02 -0.33882E+02 -0.39893E+02 -0.42611E+02 -0.42979E+02
 -0.41980E+02 -0.40278E+02 -0.38142E+02 -0.35648E+02 -0.32967E+02 -0.30568E+02
 -0.29171E+02 -0.29491E+02 -0.31878E+02 -0.36136E+02 -0.41574E+02 -0.47324E+02
 -0.52686E+02 -0.57378E+02 -0.61479E+02 -0.65183E+02 -0.68488E+02 -0.71050E+02
 -0.72289E+02 -0.71699E+02 -0.69183E+02 -0.65167E+02 -0.60457E+02 -0.55881E+02
 -0.51921E+02 -0.48565E+02 -0.45446E+02 -0.42178E+02 -0.38644E+02 -0.35042E+02
 -0.31659E+02 -0.28485E+02 -0.24941E+02 -0.19945E+02 -0.12338E+02 -0.14750E+01
  0.12393E+02  0.28120E+02  0.44108E+02  0.58973E+02  0.72012E+02  0.83212E+02
  0.92716E+02  0.10018E+03  0.10429E+03  0.10298E+03  0.94215E+02  0.77092E+02
  0.52642E+02  0.23887E+02 -0.49930E+01 -0.30015E+02 -0.48669E+02 -0.60509E+02
 -0.66809E+02 -0.69515E+02 -0.70057E+02 -0.68660E+02 -0.64487E+02 -0.56476E+02
 -0.44363E+02 -0.29297E+02 -0.13655E+02 -0.17396E+00  0.91938E+01  0.14072E+02
  0.15717E+02  0.16316E+02  0.17957E+02  0.21734E+02  0.27469E+02  0.34087E+02
  0.40348E+02  0.45521E+02  0.49626E+02  0.53140E+02  0.56443E+02  0.59330E+02
  0.60915E+02  0.59985E+02  0.55593E+02  0.47592E+02  0.36758E+02  0.24527E+02
  0.12440E+02  0.15945E+01 -0.76170E+01 -0.15452E+02 -0.22489E+02 -0.29262E+02
 -0.36017E+02 -0.42677E+02 -0.48932E+02 -0.54345E+02 -0.58413E+02 -0.60537E+02
 -0.60022E+02 -0.56174E+02 -0.48531E+02 -0.37139E+02 -0.22731E+02 -0.66871E+01
  0.92667E+01  0.23511E+02  0.34961E+02  0.43299E+02  0.48888E+02  0.52446E+02
  0.54634E+02  0.55723E+02  0.55516E+02  0.53505E+02  0.49204E+02  0.42464E+02
  0.33644E+02  0.23553E+02  0.13215E+02  0.35440E+01 -0.49271E+01 -0.12149E+02
 -0.18472E+02 -0.24425E+02 -0.30454E+02 -0.36741E+02 -0.43136E+02 -0.49271E+02
 -0.54727E+02 -0.59200E+02 -0.62564E+02 -0.64797E+02 -0.65839E+02 -0.65438E+02
 -0.63107E+02 -0.58213E+02 -0.50203E+02 -0.38839E+02 -0.24370E+02 -0.75434E+01
  0.10546E+02  0.28692E+02  0.45806E+02  0.61063E+02  0.73919E+02  0.84040E+02
  0.91264E+02  0.95531E+02  0.96947E+02  0.95826E+02  0.92685E+02  0.88209E+02
  0.83116E+02  0.78001E+02  0.73231E+02  0.68951E+02  0.65120E+02  0.61624E+02
  0.58343E+02  0.55163E+02  0.51948E+02  0.48486E+02  0.44489E+02  0.39632E+02
  0.33662E+02  0.26487E+02  0.18238E+02  0.92695E+01  0.78533E-01 -0.87914E+01
 -0.16832E+02 -0.23627E+02 -0.28887E+02 -0.32454E+02 -0.34331E+02 -0.34709E+02
 -0.33970E+02 -0.32674E+02 -0.31456E+02 -0.30896E+02 -0.31379E+02 -0.33013E+02
 -0.35599E+02 -0.38712E+02 -0.41823E+02 -0.44423E+02 -0.46100E+02 -0.46563E+02
 -0.45635E+02 -0.43235E+02 -0.39378E+02 -0.34219E+02 -0.28075E+02 -0.21439E+02
 -0.14926E+02 -0.91917E+01 -0.47956E+01 -0.21284E+01 -0.13477E+01 -0.24105E+01
 -0.51116E+01 -0.91740E+01 -0.14306E+02 -0.20234E+02 -0.26702E+02 -0.33472E+02
 -0.40275E+02 -0.46820E+02 -0.52788E+02 -0.57873E+02 -0.61853E+02 -0.64629E+02
 -0.66282E+02 -0.67014E+02 -0.67022E+02 -0.66348E+02 -0.64759E+02 -0.61769E+02
 -0.56783E+02 -0.49478E+02 -0.40117E+02 -0.29711E+02 -0.19925E+02 -0.12627E+02
 -0.92623E+01 -0.10299E+02 -0.14989E+02 -0.21587E+02 -0.27957E+02 -0.32306E+02
 -0.33744E+02 -0.32366E+02 -0.28924E+02 -0.24213E+02 -0.18549E+02 -0.11662E+02
 -0.30010E+01  0.76466E+01  0.19640E+02  0.31397E+02  0.40834E+02  0.46198E+02
  0.46847E+02  0.43609E+02  0.38486E+02  0.33827E+02  0.31386E+02  0.31695E+02
  0.34116E+02  0.37425E+02  0.40646E+02  0.43601E+02  0.46888E+02  0.51272E+02
  0.56849E+02  0.62543E+02  0.66235E+02  0.65620E+02  0.59373E+02  0.48018E+02
  0.37512E+02  0.26917E+02	0.0	     0.0	0.0		0.0
