 -0.33257E+03 -0.21711E+03 -0.13320E+03 -0.42377E+02  0.36599E+02  0.85522E+02
  0.93328E+02  0.61203E+02  0.31643E+01 -0.58589E+02 -0.10203E+03 -0.11370E+03
 -0.93478E+02 -0.53660E+02 -0.12944E+02  0.11742E+02  0.11951E+02 -0.97917E+01
 -0.42259E+02 -0.70950E+02 -0.83969E+02 -0.75943E+02 -0.48838E+02 -0.10131E+02
  0.30267E+02  0.62988E+02  0.81181E+02  0.81638E+02  0.65042E+02  0.35852E+02
  0.14905E+01 -0.29309E+02 -0.48864E+02 -0.53063E+02 -0.42933E+02 -0.24448E+02
 -0.62707E+01  0.37257E+01  0.16765E+01 -0.10744E+02 -0.27318E+02 -0.40305E+02
 -0.44117E+02 -0.37905E+02 -0.25884E+02 -0.15287E+02 -0.12973E+02 -0.22277E+02
 -0.41513E+02 -0.64709E+02 -0.84117E+02 -0.93301E+02 -0.89500E+02 -0.74251E+02
 -0.52267E+02 -0.29116E+02 -0.88091E+01  0.76453E+01  0.22104E+02  0.37725E+02
  0.56632E+02  0.77949E+02  0.97188E+02  0.10756E+03  0.10273E+03  0.80141E+02
  0.43239E+02  0.14510E+01 -0.32365E+02 -0.46390E+02 -0.34469E+02  0.10798E+01
  0.49855E+02  0.97062E+02  0.12910E+03  0.13872E+03  0.12752E+03  0.10463E+03
  0.82280E+02  0.70286E+02  0.72011E+02  0.83697E+02  0.97232E+02  0.10474E+03
  0.10260E+03  0.92725E+02  0.80585E+02  0.71163E+02  0.65342E+02  0.58892E+02
  0.44829E+02  0.18017E+02 -0.20545E+02 -0.62340E+02 -0.94030E+02 -0.10320E+03
 -0.84643E+02 -0.43742E+02  0.47200E+01  0.42146E+02  0.53615E+02  0.33876E+02
 -0.10866E+02 -0.66042E+02 -0.11504E+03 -0.14577E+03 -0.15450E+03 -0.14580E+03
 -0.12880E+03 -0.11248E+03 -0.10215E+03 -0.98678E+02 -0.10026E+03 -0.10510E+03
 -0.11307E+03 -0.12527E+03 -0.14181E+03 -0.15957E+03 -0.17160E+03 -0.16918E+03
 -0.14575E+03 -0.10078E+03 -0.41239E+02  0.20393E+02  0.70947E+02  0.10196E+03
  0.11303E+03  0.11131E+03  0.10742E+03  0.10978E+03  0.12036E+03  0.13399E+03
  0.14140E+03  0.13456E+03  0.11121E+03  0.76112E+02  0.38468E+02  0.70346E+01
 -0.14504E+02 -0.29037E+02 -0.43673E+02 -0.64894E+02 -0.94086E+02 -0.12614E+03
 -0.15209E+03 -0.16428E+03 -0.16109E+03 -0.14837E+03 -0.13643E+03 -0.13426E+03
 -0.14404E+03 -0.15924E+03 -0.16750E+03 -0.15680E+03 -0.12191E+03 -0.67274E+02
 -0.51761E+01  0.49942E+02  0.87891E+02  0.10657E+03  0.11142E+03  0.11131E+03
  0.11328E+03  0.11934E+03  0.12645E+03  0.12956E+03  0.12529E+03  0.11405E+03
  0.99409E+02  0.85713E+02  0.75168E+02  0.66733E+02  0.57079E+02  0.42882E+02
  0.22925E+02 -0.12233E+01 -0.26102E+02 -0.47926E+02 -0.63746E+02 -0.71647E+02
 -0.70433E+02 -0.59693E+02 -0.40767E+02 -0.18064E+02  0.52894E+00  0.55211E+01
 -0.10112E+02 -0.46288E+02 -0.93361E+02 -0.13405E+03 -0.14976E+03 -0.12900E+03
 -0.73409E+02  0.16108E+01  0.72673E+02  0.11806E+03  0.12643E+03  0.10039E+03
  0.53336E+02  0.19417E+01 -0.41545E+02 -0.72725E+02 -0.92993E+02 -0.10423E+03
 -0.10421E+03 -0.86674E+02 -0.46036E+02  0.16072E+02  0.87509E+02  0.14856E+03
  0.18052E+03  0.17525E+03  0.13992E+03  0.93323E+02  0.54881E+02  0.32749E+02
  0.18131E+02 -0.97284E+01 -0.69625E+02 -0.16299E+03 -0.26621E+03 -0.33680E+03
 -0.33167E+03 -0.22944E+03 -0.45156E+02  0.17102E+03  0.35196E+03  0.44060E+03
  0.41341E+03  0.28926E+03  0.11995E+03 -0.32946E+02 -0.12349E+03 -0.13758E+03
 -0.93632E+02 -0.29190E+02  0.18530E+02  0.28383E+02  0.75161E+00 -0.47910E+02
 -0.96635E+02 -0.13071E+03 -0.14651E+03 -0.14939E+03 -0.14753E+03 -0.14619E+03
 -0.14547E+03 -0.14208E+03 -0.13298E+03 -0.11792E+03 -0.99527E+02 -0.81020E+02
 -0.63657E+02 -0.45814E+02 -0.24310E+02  0.32384E+01  0.36331E+02  0.71700E+02
  0.10520E+03  0.13417E+03  0.15884E+03  0.18141E+03  0.20370E+03  0.22464E+03
  0.23955E+03  0.24172E+03  0.22572E+03  0.19056E+03  0.14129E+03  0.87805E+02
  0.41668E+02  0.12186E+02  0.33751E+01  0.12859E+02  0.32775E+02  0.52231E+02
  0.60370E+02  0.49355E+02  0.16572E+02 -0.34363E+02 -0.94190E+02 -0.15027E+03
 -0.19011E+03 -0.20522E+03 -0.19387E+03 -0.16162E+03 -0.11926E+03 -0.78851E+02
 -0.49469E+02 -0.34355E+02 -0.30631E+02 -0.31318E+02 -0.28639E+02 -0.16980E+02
  0.54943E+01  0.36901E+02  0.72768E+02  0.10733E+03  0.13470E+03  0.14976E+03
  0.14935E+03  0.13345E+03  0.10640E+03  0.76749E+02  0.55381E+02  0.51947E+02
  0.70853E+02  0.10864E+03  0.15434E+03  0.19317E+03  0.21205E+03  0.20480E+03
  0.17444E+03  0.13163E+03  0.89902E+02  0.60014E+02  0.46065E+02  0.44887E+02
  0.48668E+02  0.49116E+02  0.40920E+02  0.23047E+02 -0.23171E+01 -0.31929E+02
 -0.63184E+02 -0.94335E+02 -0.12333E+03 -0.14652E+03 -0.15851E+03 -0.15362E+03
 -0.12867E+03 -0.85231E+02 -0.30281E+02  0.25504E+02  0.71105E+02  0.98797E+02
  0.10637E+03  0.96871E+02  0.76704E+02  0.52605E+02  0.29314E+02  0.88077E+01
 -0.91087E+01 -0.25382E+02 -0.40577E+02 -0.54610E+02 -0.67249E+02 -0.78797E+02
 -0.90167E+02 -0.10210E+03 -0.11401E+03 -0.12304E+03 -0.12440E+03 -0.11287E+03
 -0.85230E+02 -0.42148E+02  0.11187E+02  0.66269E+02  0.11384E+03  0.14668E+03
  0.16137E+03  0.15854E+03  0.14161E+03  0.11497E+03  0.82661E+02  0.48000E+02
  0.14158E+02 -0.15129E+02 -0.35513E+02 -0.43007E+02 -0.35655E+02 -0.14976E+02
  0.13866E+02  0.43246E+02  0.65518E+02  0.75506E+02  0.71790E+02  0.56542E+02
  0.33769E+02  0.72762E+01 -0.20856E+02 -0.50323E+02 -0.81604E+02 -0.11432E+03
 -0.14646E+03 -0.17444E+03 -0.19447E+03 -0.20414E+03 -0.20356E+03 -0.19525E+03
 -0.18312E+03 -0.17052E+03 -0.15914E+03 -0.14830E+03 -0.13545E+03 -0.11722E+03
 -0.90693E+02 -0.54115E+02 -0.75941E+01  0.46938E+02  0.10580E+03  0.16391E+03
  0.21559E+03  0.25582E+03  0.28174E+03  0.29395E+03  0.29676E+03  0.29708E+03
  0.30212E+03  0.31678E+03  0.34177E+03  0.37359E+03  0.40637E+03  0.43463E+03
  0.45582E+03  0.47103E+03  0.48396E+03  0.49809E+03  0.51442E+03  0.53042E+03
  0.54143E+03  0.54332E+03  0.53534E+03  0.52151E+03  0.50922E+03  0.50627E+03
  0.51728E+03  0.54150E+03  0.57317E+03  0.60411E+03  0.62724E+03  0.63927E+03
  0.64133E+03  0.63737E+03  0.63159E+03  0.62607E+03  0.62030E+03  0.61228E+03
  0.60045E+03  0.58554E+03  0.57044E+03  0.55924E+03  0.55504E+03  0.55859E+03
  0.56814E+03  0.58058E+03  0.59316E+03  0.60466E+03  0.61542E+03  0.62605E+03
  0.63629E+03  0.64427E+03  0.64700E+03  0.64210E+03  0.62912E+03  0.61017E+03
  0.58898E+03  0.56893E+03  0.55119E+03  0.53411E+03  0.51426E+03  0.48854E+03
  0.45635E+03  0.42032E+03  0.38513E+03  0.35507E+03  0.33132E+03  0.31074E+03
  0.28666E+03  0.25169E+03  0.20087E+03  0.13413E+03  0.56406E+02 -0.24402E+02
 -0.10042E+03 -0.16666E+03 -0.22227E+03 -0.26983E+03 -0.31337E+03 -0.35620E+03
 -0.39953E+03 -0.44259E+03 -0.48360E+03 -0.52119E+03 -0.55511E+03 -0.58608E+03
 -0.61498E+03 -0.64183E+03 -0.66556E+03 -0.68414E+03 -0.69564E+03 -0.69900E+03
 -0.69443E+03 -0.68316E+03 -0.66689E+03 -0.64711E+03 -0.62484E+03 -0.60071E+03
 -0.57538E+03 -0.54987E+03 -0.52552E+03 -0.50381E+03 -0.48604E+03 -0.47306E+03
 -0.46527E+03 -0.46291E+03 -0.46613E+03 -0.47508E+03 -0.48966E+03 -0.50928E+03
 -0.53283E+03 -0.55883E+03 -0.58595E+03 -0.61337E+03 -0.64094E+03 -0.66896E+03
 -0.69756E+03 -0.72622E+03 -0.75359E+03 -0.77780E+03 -0.79714E+03 -0.81065E+03
 -0.81867E+03 -0.82242E+03 -0.82350E+03 -0.82307E+03 -0.82130E+03 -0.81741E+03
 -0.81027E+03 -0.79912E+03 -0.78454E+03 -0.76869E+03 -0.75512E+03 -0.74785E+03
 -0.75041E+03 -0.76469E+03 -0.78986E+03 -0.82273E+03 -0.85808E+03 -0.88998E+03
 -0.91343E+03 -0.92529E+03 -0.92504E+03 -0.91395E+03 -0.89436E+03 -0.86811E+03
 -0.83586E+03 -0.79730E+03 -0.75192E+03 -0.70011E+03 -0.64392E+03 -0.58671E+03
 -0.53189E+03 -0.48153E+03 -0.43519E+03 -0.39010E+03 -0.34251E+03 -0.28937E+03
 -0.22987E+03 -0.16576E+03 -0.10020E+03 -0.36421E+02  0.23645E+02  0.79322E+02
  0.13012E+03  0.17426E+03  0.20796E+03  0.22629E+03  0.22548E+03  0.20567E+03
  0.17252E+03  0.13671E+03  0.11082E+03  0.10547E+03  0.12553E+03  0.16896E+03
  0.22787E+03  0.29170E+03  0.35041E+03  0.39640E+03  0.42456E+03  0.43131E+03
  0.41341E+03  0.36853E+03  0.29713E+03  0.20472E+03  0.10291E+03  0.74744E+01
 -0.65796E+02 -0.10656E+03 -0.11389E+03 -0.96810E+02 -0.70640E+02 -0.50883E+02
 -0.47199E+02 -0.60210E+02 -0.82576E+02 -0.10344E+03 -0.11423E+03 -0.11246E+03
 -0.10239E+03 -0.91711E+02 -0.87045E+02 -0.89725E+02 -0.94837E+02 -0.93126E+02
 -0.75250E+02 -0.35829E+02  0.24452E+02  0.99235E+02  0.17912E+03  0.25474E+03
  0.31899E+03  0.36777E+03  0.39929E+03  0.41313E+03  0.40980E+03  0.39085E+03
  0.35956E+03  0.32110E+03  0.28190E+03  0.24801E+03  0.22353E+03  0.20951E+03
  0.20438E+03  0.20528E+03  0.21002E+03  0.21818E+03  0.23119E+03  0.25099E+03
  0.27841E+03  0.31177E+03  0.34703E+03  0.37878E+03  0.40246E+03  0.41582E+03
  0.41979E+03  0.41791E+03  0.41467E+03  0.41384E+03  0.41714E+03  0.42387E+03
  0.43154E+03  0.43705E+03  0.43781E+03  0.43276E+03  0.42254E+03  0.40947E+03
  0.39686E+03  0.38818E+03  0.38598E+03  0.39095E+03  0.40126E+03  0.41244E+03
  0.41826E+03  0.41232E+03  0.39020E+03  0.35122E+03  0.29914E+03  0.24146E+03
  0.18709E+03  0.14342E+03  0.11366E+03  0.95778E+02  0.83488E+02  0.69141E+02
  0.47277E+02  0.17473E+02 -0.14983E+02 -0.40729E+02 -0.50081E+02 -0.37304E+02
 -0.33156E+01  0.43899E+02  0.91773E+02  0.12748E+03  0.14221E+03  0.13394E+03
  0.10749E+03  0.72067E+02  0.37378E+02  0.10119E+02 -0.79834E+01 -0.19898E+02
 -0.31205E+02 -0.47454E+02 -0.72019E+02 -0.10525E+03 -0.14487E+03 -0.18701E+03
 -0.22742E+03 -0.26204E+03 -0.28714E+03 -0.29933E+03 -0.29604E+03 -0.27634E+03
 -0.24208E+03 -0.19830E+03 -0.15266E+03 -0.11353E+03 -0.87462E+02 -0.76940E+02
 -0.79458E+02 -0.88537E+02 -0.96478E+02 -0.97482E+02 -0.90204E+02 -0.78087E+02
 -0.67745E+02 -0.65753E+02 -0.75306E+02 -0.94430E+02 -0.11630E+03 -0.13178E+03
 -0.13293E+03 -0.11609E+03 -0.82993E+02 -0.39824E+02  0.56071E+01  0.46987E+02
  0.81593E+02  0.11049E+03  0.13700E+03  0.16444E+03  0.19394E+03  0.22397E+03
  0.25102E+03  0.27165E+03  0.28417E+03  0.28962E+03  0.29127E+03  0.29334E+03
  0.29930E+03  0.31071E+03  0.32698E+03  0.34595E+03  0.36496E+03  0.38175E+03
  0.39527E+03  0.40570E+03  0.41430E+03  0.42287E+03  0.43294E+03  0.44506E+03
  0.45826E+03  0.47003E+03  0.47682E+03  0.47548E+03  0.46460E+03  0.44539E+03
  0.42142E+03  0.39684E+03  0.37432E+03  0.35290E+03  0.32770E+03  0.29160E+03
  0.23822E+03  0.16539E+03  0.77138E+02 -0.16836E+02 -0.10392E+03 -0.17264E+03
 -0.21617E+03 -0.23386E+03 -0.23052E+03 -0.21419E+03 -0.19348E+03 -0.17587E+03
 -0.16704E+03 -0.17093E+03 -0.18961E+03 -0.22251E+03 -0.26574E+03 -0.31179E+03
 -0.35108E+03 -0.37497E+03 -0.37896E+03 -0.36482E+03 -0.33966E+03 -0.31269E+03
 -0.29083E+03 -0.27546E+03 -0.26250E+03 -0.24569E+03 -0.22126E+03 -0.19124E+03
 -0.16312E+03 -0.14570E+03 -0.14318E+03 -0.15097E+03 -0.15600E+03 -0.14192E+03
 -0.96895E+02 -0.19912E+02  0.77951E+02  0.17821E+03  0.26369E+03  0.32652E+03
  0.37138E+03  0.41221E+03  0.46381E+03  0.53295E+03  0.61374E+03  0.68944E+03
  0.74008E+03  0.75167E+03  0.72223E+03  0.66151E+03  0.58507E+03  0.50571E+03
  0.42743E+03  0.34472E+03  0.24779E+03  0.13041E+03 -0.37686E+01 -0.14014E+03
 -0.25801E+03 -0.33896E+03 -0.37472E+03 -0.37063E+03 -0.34329E+03 -0.31386E+03
 -0.29990E+03 -0.30988E+03 -0.34193E+03 -0.38679E+03 -0.43307E+03 -0.47168E+03
 -0.49840E+03 -0.51346E+03 -0.51968E+03 -0.52041E+03 -0.51841E+03 -0.51562E+03
 -0.51365E+03 -0.51369E+03 -0.51612E+03 -0.51994E+03 -0.52264E+03 -0.52122E+03
 -0.51391E+03 -0.50176E+03 -0.48910E+03 -0.48213E+03 -0.48605E+03 -0.50182E+03
 -0.52445E+03 -0.54341E+03 -0.54576E+03 -0.52035E+03 -0.46179E+03 -0.37236E+03
 -0.26104E+03 -0.14063E+03 -0.23879E+02  0.79495E+02  0.16403E+03  0.22803E+03
  0.27201E+03  0.29740E+03  0.30613E+03  0.30102E+03  0.28665E+03  0.26930E+03
  0.25616E+03  0.25334E+03  0.26402E+03  0.28730E+03  0.31854E+03  0.35109E+03
  0.37847E+03  0.39612E+03  0.40223E+03  0.39725E+03  0.38286E+03  0.36079E+03
  0.33223E+03  0.29768E+03  0.25714E+03  0.21020E+03  0.15621E+03  0.94443E+02
  0.24901E+02 -0.50673E+02 -0.12769E+03 -0.19851E+03 -0.25376E+03 -0.28483E+03
 -0.28692E+03 -0.26122E+03 -0.21479E+03 -0.15826E+03 -0.10202E+03 -0.52658E+02
 -0.11540E+02  0.24012E+02  0.57562E+02  0.90128E+02  0.11848E+03  0.13614E+03
  0.13652E+03  0.11662E+03  0.78856E+02  0.30413E+02 -0.19718E+02 -0.64418E+02
 -0.10057E+03 -0.12868E+03 -0.15042E+03 -0.16572E+03 -0.17143E+03 -0.16269E+03
 -0.13620E+03 -0.93760E+02 -0.43450E+02  0.22748E+01  0.31373E+02  0.37442E+02
  0.22832E+02 -0.20747E+01 -0.23283E+02 -0.29255E+02 -0.15876E+02  0.12048E+02
  0.43265E+02  0.65333E+02  0.70033E+02  0.56705E+02  0.32062E+02  0.70124E+01
 -0.79408E+01 -0.66432E+01  0.10887E+02  0.39110E+02  0.69365E+02  0.92828E+02
  0.10299E+03  0.96840E+02  0.74984E+02  0.40920E+02 -0.84343E-02 -0.41674E+02
 -0.78161E+02 -0.10456E+03 -0.11761E+03 -0.11592E+03 -0.10004E+03 -0.71962E+02
 -0.34577E+02  0.88743E+01  0.55253E+02  0.10173E+03  0.14584E+03  0.18555E+03
  0.21922E+03  0.24557E+03  0.26365E+03  0.27257E+03  0.27149E+03  0.25966E+03
  0.23684E+03  0.20396E+03  0.16362E+03  0.12029E+03  0.79707E+02  0.47692E+02
  0.28496E+02  0.23427E+02  0.30271E+02  0.43685E+02  0.56915E+02  0.64000E+02
  0.61992E+02  0.52298E+02  0.40524E+02  0.34733E+02  0.42453E+02  0.67530E+02
  0.10781E+03  0.15484E+03  0.19587E+03  0.21784E+03  0.21202E+03  0.17741E+03
  0.12170E+03  0.58718E+02  0.38183E+01 -0.31954E+02 -0.45785E+02 -0.44074E+02
 -0.39775E+02 -0.47228E+02 -0.76564E+02 -0.12996E+03 -0.20098E+03 -0.27712E+03
 -0.34421E+03 -0.39095E+03 -0.41170E+03 -0.40700E+03 -0.38219E+03 -0.34496E+03
 -0.30306E+03 -0.26293E+03 -0.22920E+03 -0.20471E+03 -0.19064E+03 -0.18662E+03
 -0.19081E+03 -0.20031E+03 -0.21200E+03 -0.22343E+03 -0.23363E+03 -0.24308E+03
 -0.25302E+03 -0.26446E+03 -0.27725E+03 -0.28998E+03 -0.30070E+03 -0.30798E+03
 -0.31195E+03 -0.31423E+03 -0.31732E+03 -0.32316E+03 -0.33214E+03 -0.34255E+03
 -0.35127E+03 -0.35488E+03 -0.35099E+03 -0.33877E+03 -0.31897E+03 -0.29339E+03
 -0.26435E+03 -0.23422E+03 -0.20547E+03 -0.18059E+03 -0.16176E+03 -0.15031E+03
 -0.14579E+03 -0.14576E+03 -0.14611E+03 -0.14221E+03 -0.13054E+03 -0.10976E+03
 -0.81120E+02 -0.47637E+02 -0.13029E+02  0.19491E+02  0.47540E+02  0.69251E+02
  0.82735E+02  0.85923E+02  0.77255E+02  0.56839E+02  0.27428E+02 -0.56780E+01
 -0.36218E+02 -0.59340E+02 -0.73737E+02 -0.82201E+02 -0.89944E+02 -0.10142E+03
 -0.11730E+03 -0.13282E+03 -0.13950E+03 -0.12900E+03 -0.97506E+02 -0.48888E+02
  0.57318E+01  0.51616E+02  0.75918E+02  0.72609E+02  0.44525E+02  0.17405E+01
 -0.42880E+02 -0.78811E+02 -0.10137E+03 -0.11234E+03 -0.11768E+03 -0.12398E+03
 -0.13550E+03 -0.15284E+03 -0.17376E+03 -0.19504E+03 -0.21425E+03 -0.23043E+03
 -0.24370E+03 -0.25415E+03 -0.26116E+03 -0.26350E+03 -0.25996E+03 -0.25039E+03
 -0.23598E+03 -0.21906E+03 -0.20221E+03 -0.18741E+03 -0.17580E+03 -0.16782E+03
 -0.16346E+03 -0.16264E+03 -0.16486E+03 -0.16900E+03 -0.17337E+03 -0.17631E+03
 -0.17763E+03 -0.17949E+03 -0.18653E+03 -0.20424E+03 -0.23620E+03 -0.28112E+03
 -0.33155E+03 -0.37502E+03 -0.39780E+03 -0.38992E+03 -0.34934E+03 -0.28329E+03
 -0.20615E+03 -0.13469E+03 -0.82411E+02 -0.55555E+02 -0.52228E+02 -0.64700E+02
 -0.83555E+02 -0.10169E+03 -0.11639E+03 -0.12887E+03 -0.14176E+03 -0.15647E+03
 -0.17134E+03 -0.18205E+03 -0.18338E+03 -0.17173E+03 -0.14680E+03 -0.11177E+03
 -0.71922E+02 -0.32572E+02  0.27563E+01  0.33034E+02  0.59276E+02  0.83343E+02
  0.10677E+03  0.13015E+03  0.15334E+03  0.17606E+03  0.19841E+03  0.22100E+03
  0.24462E+03  0.26981E+03  0.29637E+03  0.32355E+03  0.35041E+03  0.37616E+03
  0.40040E+03  0.42274E+03  0.44248E+03  0.45815E+03  0.46788E+03  0.46988E+03
  0.46342E+03  0.44925E+03  0.42956E+03  0.40731E+03  0.38517E+03  0.36480E+03
  0.34664E+03  0.33049E+03  0.31627E+03  0.30459E+03  0.29675E+03  0.29410E+03
  0.29727E+03  0.30561E+03  0.31738E+03  0.33044E+03  0.34329E+03  0.35551E+03
  0.36777E+03  0.38093E+03  0.39518E+03  0.40965E+03  0.42248E+03  0.43189E+03
  0.43708E+03  0.43867E+03  0.43847E+03  0.43864E+03  0.44062E+03  0.44466E+03
  0.45011E+03  0.45595E+03  0.46172E+03  0.46766E+03  0.47433E+03  0.48202E+03
  0.49003E+03  0.49675E+03  0.50024E+03  0.49898E+03  0.49247E+03  0.48131E+03
  0.46656E+03  0.44939E+03  0.43060E+03  0.41095E+03  0.39145E+03  0.37342E+03
  0.35793E+03  0.34498E+03  0.33280E+03  0.31827E+03  0.29836E+03  0.27235E+03
  0.24346E+03  0.21849E+03  0.20541E+03  0.20936E+03  0.22900E+03  0.25537E+03
  0.27403E+03  0.27041E+03  0.23563E+03  0.17063E+03  0.86085E+02 -0.15628E+01
 -0.76637E+02 -0.12982E+03 -0.16069E+03 -0.17581E+03 -0.18398E+03 -0.19087E+03
 -0.19623E+03 -0.19455E+03 -0.17892E+03 -0.14565E+03 -0.97176E+02 -0.41719E+02
  0.10013E+02  0.49391E+02  0.73173E+02  0.84147E+02  0.89006E+02  0.94649E+02
  0.10513E+03  0.12047E+03  0.13774E+03  0.15333E+03  0.16506E+03  0.17297E+03
  0.17845E+03  0.18254E+03  0.18477E+03  0.18311E+03  0.17514E+03  0.15988E+03
  0.13897E+03  0.11656E+03  0.97796E+02  0.86836E+02  0.85088E+02  0.90768E+02
  0.99774E+02  0.10732E+03  0.10966E+03  0.10499E+03  0.93448E+02  0.76479E+02
  0.56009E+02  0.33972E+02  0.12241E+02 -0.72259E+01 -0.22378E+02 -0.31424E+02
 -0.33499E+02 -0.29243E+02 -0.20867E+02 -0.11632E+02 -0.47163E+01 -0.20717E+01
 -0.37193E+01 -0.79124E+01 -0.12049E+02 -0.13986E+02 -0.13117E+02 -0.10614E+02
 -0.88175E+01 -0.99277E+01 -0.14637E+02 -0.21432E+02 -0.26820E+02 -0.26721E+02
 -0.18182E+02 -0.98922E+00  0.21867E+02  0.44948E+02  0.62215E+02  0.69197E+02
  0.64632E+02  0.50969E+02  0.33156E+02  0.16864E+02  0.59891E+01  0.14424E+01
  0.86255E+00 -0.12740E+00 -0.58550E+01 -0.18696E+02 -0.38134E+02 -0.61052E+02
 -0.83084E+02 -0.10055E+03 -0.11180E+03 -0.11774E+03 -0.12098E+03 -0.12456E+03
 -0.13046E+03 -0.13885E+03 -0.14847E+03 -0.15762E+03 -0.16553E+03 -0.17317E+03
 -0.18306E+03 -0.19824E+03 -0.22062E+03 -0.24967E+03 -0.28213E+03 -0.31274E+03
 -0.33615E+03 -0.34884E+03 -0.35045E+03 -0.34388E+03 -0.33406E+03 -0.32595E+03
 -0.32261E+03 -0.32391E+03 -0.32664E+03 -0.32570E+03 -0.31579E+03 -0.29314E+03
 -0.25666E+03 -0.20822E+03 -0.15223E+03 -0.94668E+02 -0.41870E+02  0.77791E+00
  0.30208E+02  0.46549E+02  0.53627E+02  0.58315E+02  0.68802E+02  0.91974E+02
  0.13071E+03  0.18201E+03  0.23694E+03  0.28288E+03  0.30723E+03  0.30165E+03
  0.26507E+03  0.20423E+03  0.13158E+03  0.61146E+02  0.40553E+01 -0.34645E+02
 -0.56644E+02 -0.68454E+02 -0.77932E+02 -0.90778E+02 -0.10854E+03 -0.12884E+03
 -0.14761E+03 -0.16189E+03 -0.17204E+03 -0.18198E+03 -0.19759E+03 -0.22373E+03
 -0.26134E+03 -0.30596E+03 -0.34855E+03 -0.37805E+03 -0.38522E+03 -0.36586E+03
 -0.32227E+03 -0.26252E+03 -0.19756E+03 -0.13748E+03 -0.88286E+02 -0.50475E+02
 -0.19698E+02  0.10709E+02  0.46533E+02  0.90081E+02  0.13920E+03  0.18811E+03
  0.22959E+03  0.25751E+03  0.26871E+03  0.26355E+03  0.24519E+03  0.21827E+03
  0.18740E+03  0.15633E+03  0.12782E+03  0.10375E+03  0.85291E+02  0.72591E+02
  0.64226E+02  0.56689E+02  0.44597E+02  0.21906E+02 -0.16193E+02 -0.71255E+02
 -0.14021E+03 -0.21553E+03 -0.28699E+03 -0.34452E+03 -0.38104E+03 -0.39441E+03
 -0.38774E+03 -0.36783E+03 -0.34265E+03 -0.31862E+03 -0.29900E+03 -0.28355E+03
 -0.26966E+03 -0.25418E+03 -0.23529E+03 -0.21332E+03 -0.19060E+03 -0.17021E+03
 -0.15441E+03 -0.14332E+03 -0.13466E+03 -0.12452E+03 -0.10883E+03 -0.85252E+02
 -0.54214E+02 -0.19050E+02  0.15238E+02  0.43749E+02  0.63597E+02  0.75102E+02
  0.81487E+02  0.87497E+02  0.97299E+02  0.11266E+03  0.13212E+03  0.15154E+03
  0.16578E+03  0.17061E+03  0.16415E+03  0.14706E+03  0.12173E+03  0.90927E+02
  0.56777E+02  0.20648E+02 -0.16037E+02 -0.50565E+02 -0.78439E+02 -0.93890E+02
 -0.91881E+02 -0.70470E+02 -0.32498E+02  0.14213E+02  0.58984E+02  0.91652E+02
  0.10591E+03  0.10130E+03  0.82830E+02  0.58565E+02  0.36173E+02  0.20161E+02
  0.10763E+02  0.51024E+01 -0.51413E+00 -0.82025E+01 -0.17294E+02 -0.24824E+02
 -0.27248E+02 -0.22376E+02 -0.10484E+02  0.58679E+01  0.23093E+02  0.38120E+02
  0.49410E+02  0.57091E+02  0.62275E+02  0.66281E+02  0.70065E+02  0.74269E+02
  0.79395E+02  0.85885E+02  0.93881E+02  0.10261E+03  0.11019E+03  0.11401E+03
  0.11189E+03  0.10334E+03  0.90100E+02  0.75554E+02  0.62982E+02  0.53549E+02
  0.45389E+02  0.34408E+02  0.16872E+02 -0.74315E+01 -0.33404E+02 -0.51258E+02
 -0.50105E+02 -0.22720E+02  0.30159E+02  0.98607E+02  0.16586E+03  0.21361E+03
  0.22800E+03  0.20398E+03  0.14615E+03  0.66317E+02 -0.20989E+02 -0.10303E+03
 -0.17141E+03 -0.22246E+03 -0.25573E+03 -0.27222E+03 -0.27335E+03 -0.26082E+03
 -0.23743E+03 -0.20722E+03 -0.17508E+03 -0.14517E+03 -0.11961E+03 -0.97685E+02
 -0.76478E+02 -0.52659E+02 -0.24442E+02  0.72642E+01  0.39078E+02  0.66642E+02
  0.86367E+02  0.96720E+02  0.98390E+02  0.93364E+02  0.83775E+02  0.71114E+02
  0.56254E+02  0.40067E+02  0.24006E+02  0.10097E+02  0.19127E+00 -0.51471E+01
 -0.73582E+01 -0.96605E+01 -0.15759E+02 -0.28108E+02 -0.46552E+02 -0.68123E+02
 -0.88146E+02 -0.10216E+03 -0.10770E+03 -0.10522E+03 -0.97604E+02 -0.88785E+02
 -0.82130E+02 -0.79298E+02 -0.80134E+02 -0.83315E+02 -0.87237E+02 -0.90789E+02
 -0.93358E+02 -0.94482E+02 -0.93479E+02 -0.89356E+02 -0.81219E+02 -0.68943E+02
 -0.53655E+02 -0.37721E+02 -0.24061E+02 -0.15125E+02 -0.11978E+02 -0.13874E+02
 -0.18441E+02 -0.22486E+02 -0.23052E+02 -0.18116E+02 -0.70005E+01  0.96802E+01
  0.30497E+02  0.53789E+02  0.77944E+02  0.10162E+03  0.12363E+03  0.14264E+03
  0.15692E+03  0.16432E+03  0.16255E+03  0.14988E+03  0.12590E+03  0.92339E+02
  0.53252E+02  0.14461E+02 -0.17584E+02 -0.37416E+02 -0.41946E+02 -0.31199E+02
 -0.80326E+01  0.22826E+02  0.56324E+02  0.88154E+02  0.11537E+03  0.13631E+03
  0.15020E+03  0.15674E+03  0.15630E+03  0.15022E+03  0.14120E+03  0.13297E+03
  0.12944E+03  0.13308E+03  0.14356E+03  0.15721E+03  0.16781E+03  0.16868E+03
  0.15517E+03  0.12657E+03  0.86670E+02  0.42499E+02  0.19248E+01 -0.28990E+02
 -0.47703E+02 -0.55417E+02 -0.55844E+02 -0.53265E+02 -0.50711E+02 -0.49128E+02
 -0.47633E+02 -0.44551E+02 -0.38522E+02 -0.29167E+02 -0.17027E+02 -0.30009E+01
  0.12288E+02  0.28772E+02  0.46745E+02  0.66331E+02  0.87019E+02  0.10747E+03
  0.12594E+03  0.14075E+03  0.15099E+03  0.15680E+03  0.15921E+03  0.15977E+03
  0.15981E+03  0.15998E+03  0.15979E+03  0.15762E+03  0.15094E+03  0.13690E+03
  0.11307E+03  0.78407E+02  0.33994E+02 -0.16689E+02 -0.68203E+02 -0.11436E+03
 -0.14984E+03 -0.17180E+03 -0.18054E+03 -0.17927E+03 -0.17271E+03 -0.16512E+03
 -0.15891E+03 -0.15394E+03 -0.14831E+03 -0.13976E+03 -0.12728E+03 -0.11168E+03
 -0.95242E+02 -0.80228E+02 -0.67410E+02 -0.55282E+02 -0.40545E+02 -0.19764E+02
  0.86268E+01  0.42999E+02  0.78630E+02  0.10927E+03  0.12940E+03  0.13641E+03
  0.13143E+03  0.11873E+03  0.10384E+03  0.91589E+02  0.84622E+02  0.83060E+02
  0.85371E+02  0.89592E+02  0.94423E+02  0.99530E+02  0.10528E+03  0.11202E+03
  0.11958E+03  0.12730E+03  0.13442E+03  0.14054E+03  0.14586E+03  0.15089E+03
  0.15597E+03  0.16095E+03  0.16516E+03  0.16800E+03  0.16970E+03  0.17167E+03
  0.17622E+03  0.18569E+03  0.20118E+03  0.22172E+03  0.24427E+03  0.26460E+03
  0.27874E+03  0.28444E+03  0.28173E+03  0.27263E+03  0.26004E+03  0.24652E+03
  0.23352E+03  0.22132E+03  0.20958E+03  0.19800E+03  0.18660E+03  0.17551E+03
  0.16425E+03  0.15102E+03  0.13289E+03  0.10643E+03  0.69226E+02  0.21140E+02
 -0.34955E+02 -0.93638E+02 -0.14835E+03 -0.19336E+03 -0.22523E+03 -0.24367E+03
 -0.25099E+03 -0.25109E+03 -0.24792E+03 -0.24452E+03 -0.24251E+03 -0.24242E+03
 -0.24427E+03 -0.24796E+03 -0.25354E+03 -0.26099E+03 -0.27013E+03 -0.28033E+03
 -0.29083E+03 -0.30112E+03 -0.31094E+03 -0.32052E+03 -0.33018E+03 -0.33984E+03
 -0.34877E+03 -0.35567E+03 -0.35915E+03 -0.35842E+03 -0.35365E+03 -0.34591E+03
 -0.33645E+03 -0.32565E+03 -0.31226E+03 -0.29335E+03 -0.26523E+03 -0.22510E+03
 -0.17265E+03 -0.11113E+03 -0.46999E+02  0.11782E+02  0.58116E+02  0.88055E+02
  0.10201E+03  0.10411E+03  0.10043E+03  0.96243E+02  0.93875E+02  0.92109E+02
  0.87158E+02  0.75130E+02  0.54695E+02  0.28596E+02  0.34225E+01 -0.12544E+02
 -0.12593E+02  0.54660E+01  0.38071E+02  0.76852E+02  0.11140E+03  0.13302E+03
  0.13753E+03  0.12637E+03  0.10547E+03  0.82554E+02  0.64161E+02  0.53519E+02
  0.50128E+02  0.50833E+02  0.51664E+02  0.49429E+02  0.42494E+02  0.30357E+02
  0.12982E+02 -0.97779E+01 -0.38078E+02 -0.71358E+02 -0.10751E+03 -0.14268E+03
 -0.17196E+03 -0.19103E+03 -0.19757E+03 -0.19240E+03 -0.17906E+03 -0.16270E+03
 -0.14809E+03 -0.13837E+03 -0.13457E+03 -0.13605E+03 -0.14158E+03 -0.15002E+03
 -0.16061E+03 -0.17253E+03 -0.18443E+03 -0.19442E+03 -0.20058E+03 -0.20197E+03
 -0.19925E+03 -0.19437E+03 -0.18946E+03 -0.18508E+03 -0.17904E+03 -0.16672E+03
 -0.14278E+03 -0.10368E+03 -0.50063E+02  0.12742E+02  0.76134E+02  0.13127E+03
  0.17234E+03  0.19837E+03  0.21300E+03  0.22204E+03  0.23035E+03  0.23942E+03
  0.24677E+03  0.24764E+03  0.23772E+03  0.21566E+03  0.18432E+03  0.14973E+03
  0.11890E+03  0.97337E+02  0.87425E+02  0.88294E+02  0.96980E+02  0.10993E+03
  0.12421E+03  0.13777E+03  0.14915E+03  0.15684E+03  0.15926E+03  0.15512E+03
  0.14417E+03  0.12762E+03  0.10791E+03  0.87702E+02  0.68733E+02  0.51067E+02
  0.33273E+02  0.13452E+02 -0.94123E+01 -0.34553E+02 -0.59495E+02 -0.81122E+02
 -0.97151E+02 -0.10723E+03 -0.11307E+03 -0.11738E+03 -0.12235E+03 -0.12825E+03
 -0.13303E+03 -0.13316E+03 -0.12521E+03 -0.10761E+03 -0.81541E+02 -0.50718E+02
 -0.20059E+02  0.60472E+01  0.25140E+02  0.37156E+02  0.43890E+02  0.47752E+02
  0.50499E+02  0.52488E+02  0.52723E+02  0.49561E+02  0.41702E+02  0.28968E+02
  0.12523E+02 -0.55190E+01 -0.22876E+02 -0.37914E+02 -0.50072E+02 -0.59804E+02
 -0.68025E+02 -0.75451E+02 -0.82102E+02 -0.87378E+02 -0.90501E+02 -0.91313E+02
 -0.90784E+02 -0.90979E+02 -0.94347E+02 -0.10258E+03 -0.11559E+03 -0.13116E+03
 -0.14545E+03 -0.15451E+03 -0.15577E+03 -0.14912E+03 -0.13693E+03 -0.12305E+03
 -0.11109E+03 -0.10308E+03 -0.98856E+02 -0.96571E+02 -0.94054E+02 -0.90113E+02
 -0.85145E+02 -0.80739E+02 -0.78484E+02 -0.78770E+02 -0.80141E+02 -0.79745E+02
 -0.74629E+02 -0.63327E+02 -0.46502E+02 -0.26964E+02 -0.82780E+01  0.67190E+01
  0.17049E+02  0.23713E+02  0.28824E+02  0.34272E+02  0.40699E+02  0.47299E+02
  0.52546E+02  0.55294E+02  0.55601E+02  0.54700E+02  0.54204E+02  0.54841E+02
  0.55664E+02  0.54197E+02  0.47533E+02  0.33951E+02  0.14079E+02 -0.88679E+01
 -0.30111E+02 -0.45106E+02 -0.51272E+02 -0.48876E+02 -0.40653E+02 -0.30442E+02
 -0.21499E+02 -0.15312E+02 -0.11378E+02 -0.79811E+01 -0.34485E+01  0.27974E+01
  0.98805E+01  0.15914E+02  0.18968E+02  0.17973E+02  0.13195E+02  0.60140E+01
 -0.17245E+01 -0.84761E+01 -0.13418E+02 -0.16417E+02 -0.17623E+02 -0.16991E+02
 -0.14017E+02 -0.79027E+01  0.19657E+01  0.15445E+02  0.31358E+02  0.47625E+02
  0.61874E+02  0.72232E+02  0.78019E+02  0.79970E+02  0.79883E+02  0.79820E+02
  0.81141E+02  0.83838E+02  0.86386E+02  0.86250E+02  0.80873E+02  0.68657E+02
  0.49674E+02  0.25714E+02 -0.23616E+00 -0.24968E+02 -0.45976E+02 -0.62068E+02
 -0.73387E+02 -0.80984E+02 -0.86117E+02 -0.89655E+02 -0.91751E+02 -0.91966E+02
 -0.89615E+02 -0.84266E+02 -0.75996E+02 -0.65475E+02 -0.53699E+02 -0.41688E+02
 -0.30066E+02 -0.18922E+02 -0.78680E+01  0.36776E+01  0.16104E+02  0.29211E+02
  0.42017E+02  0.52838E+02  0.59715E+02  0.61023E+02  0.56112E+02  0.45685E+02
  0.31783E+02  0.17273E+02  0.50099E+01 -0.30207E+01 -0.62366E+01 -0.54800E+01
 -0.25101E+01  0.85569E+00  0.34366E+01  0.52044E+01  0.69722E+01  0.99350E+01
  0.14984E+02  0.22189E+02  0.30809E+02  0.39545E+02  0.47299E+02  0.53457E+02
  0.58126E+02  0.61920E+02  0.65535E+02  0.69392E+02  0.73420E+02  0.77189E+02
  0.80185E+02  0.82140E+02  0.83193E+02  0.83729E+02  0.84169E+02  0.84727E+02
  0.85226E+02  0.85171E+02  0.83993E+02  0.81333E+02  0.77291E+02  0.72456E+02
  0.67809E+02  0.64432E+02  0.63157E+02  0.64299E+02  0.67496E+02  0.71773E+02
  0.75766E+02  0.78094E+02  0.77753E+02  0.74376E+02  0.68304E+02  0.60396E+02
  0.51691E+02  0.43008E+02  0.34691E+02  0.26549E+02  0.18126E+02  0.90382E+01
 -0.67391E+00 -0.10411E+02 -0.19117E+02 -0.25628E+02 -0.29059E+02 -0.29091E+02
 -0.25988E+02 -0.20417E+02 -0.13142E+02 -0.47610E+01  0.44056E+01  0.14221E+02
  0.24522E+02  0.34923E+02  0.44795E+02  0.53388E+02  0.60092E+02  0.64675E+02
  0.67357E+02  0.68754E+02  0.69607E+02  0.70481E+02  0.71682E+02  0.73118E+02
  0.74644E+02  0.76186E+02  0.77824E+02  0.79951E+02  0.82935E+02  0.87027E+02
  0.92242E+02  0.98250E+02  0.10464E+03  0.11105E+03  0.11711E+03  0.12255E+03
  0.12691E+03  0.12936E+03  0.12875E+03  0.12385E+03  0.11383E+03  0.98746E+02
  0.79803E+02  0.59214E+02  0.39690E+02  0.23676E+02  0.12679E+02  0.69241E+01
  0.54749E+01  0.67163E+01  0.89924E+01  0.11085E+02  0.12371E+02  0.12660E+02
  0.11874E+02  0.97654E+01  0.58625E+01 -0.35922E+00 -0.91791E+01 -0.20414E+02
 -0.33378E+02 -0.47071E+02 -0.60465E+02 -0.72763E+02 -0.83501E+02 -0.92521E+02
 -0.99800E+02 -0.10537E+03 -0.10928E+03 -0.11169E+03 -0.11299E+03 -0.11377E+03
 -0.11473E+03 -0.11649E+03 -0.11939E+03 -0.12335E+03 -0.12798E+03 -0.13273E+03
 -0.13706E+03 -0.14061E+03 -0.14317E+03 -0.14474E+03 -0.14535E+03 -0.14505E+03
 -0.14399E+03 -0.14231E+03 -0.14022E+03 -0.13785E+03 -0.13525E+03 -0.13238E+03
 -0.12923E+03 -0.12606E+03 -0.12346E+03 -0.12232E+03 -0.12354E+03 -0.12750E+03
 -0.13368E+03 -0.14055E+03 -0.14590E+03 -0.14753E+03 -0.14403E+03 -0.13543E+03
 -0.12323E+03 -0.10987E+03 -0.97779E+02 -0.88564E+02 -0.82405E+02 -0.78173E+02
 -0.74007E+02 -0.68148E+02 -0.59626E+02 -0.48524E+02 -0.35739E+02 -0.22512E+02
 -0.98550E+01  0.17246E+01  0.12177E+02  0.21639E+02  0.30118E+02  0.37348E+02
  0.42868E+02  0.46248E+02  0.47351E+02  0.46421E+02  0.43983E+02  0.40610E+02
  0.36697E+02  0.32341E+02  0.27400E+02  0.21632E+02  0.14913E+02  0.73277E+01
 -0.81461E+00 -0.90658E+01 -0.16943E+02 -0.24022E+02 -0.29991E+02 -0.34676E+02
 -0.38018E+02 -0.40067E+02 -0.40915E+02 -0.40633E+02 -0.39161E+02 -0.36317E+02
 -0.31872E+02 -0.25785E+02 -0.18414E+02 -0.10636E+02 -0.37375E+01  0.96054E+00
  0.26135E+01  0.12410E+01 -0.21948E+01 -0.61355E+01 -0.90262E+01 -0.99546E+01
 -0.88953E+01 -0.65548E+01 -0.37193E+01 -0.60094E+00  0.35215E+01  0.10006E+02
  0.20287E+02  0.34896E+02  0.53025E+02  0.72606E+02  0.91237E+02  0.10715E+03
  0.12005E+03  0.13116E+03  0.14253E+03  0.15580E+03  0.17119E+03  0.18713E+03
  0.20092E+03  0.20982E+03  0.21237E+03  0.20901E+03  0.20184E+03  0.19337E+03
  0.18547E+03  0.17823E+03  0.17003E+03  0.15842E+03  0.14136E+03  0.11842E+03
  0.91156E+02  0.62693E+02  0.36591E+02  0.15663E+02  0.11716E+01 -0.72705E+01
 -0.11226E+02 -0.12669E+02 -0.13370E+02 -0.14648E+02 -0.17449E+02 -0.22588E+02
 -0.30861E+02 -0.42914E+02 -0.58870E+02 -0.78019E+02 -0.98680E+02 -0.11852E+03
 -0.13515E+03 -0.14691E+03 -0.15338E+03 -0.15548E+03 -0.15515E+03 -0.15438E+03
 -0.15443E+03 -0.15503E+03 -0.15440E+03 -0.14958E+03 -0.13766E+03 -0.11692E+03
 -0.87621E+02 -0.52329E+02 -0.15211E+02  0.19206E+02  0.47535E+02  0.68536E+02
  0.83342E+02  0.94662E+02  0.10535E+03  0.11690E+03  0.12868E+03  0.13805E+03
  0.14157E+03  0.13667E+03  0.12299E+03  0.10284E+03  0.80549E+02  0.60919E+02
  0.47501E+02  0.41486E+02  0.41589E+02  0.44969E+02  0.48657E+02  0.50863E+02
  0.51458E+02  0.51609E+02  0.52716E+02  0.55370E+02  0.58751E+02  0.60913E+02
  0.59680E+02  0.53702E+02  0.43158E+02  0.29676E+02  0.15639E+02  0.31364E+01
 -0.68074E+01 -0.14406E+02 -0.20628E+02 -0.26427E+02 -0.32107E+02 -0.37233E+02
 -0.41063E+02 -0.43266E+02 -0.44362E+02 -0.45568E+02 -0.48028E+02 -0.51821E+02
 -0.55330E+02 -0.55486E+02 -0.48877E+02 -0.33347E+02 -0.92843E+01  0.20095E+02
  0.49709E+02  0.74430E+02  0.90986E+02  0.98999E+02  0.10076E+03  0.99759E+02
  0.98942E+02  0.99326E+02  0.10004E+03  0.99237E+02  0.95741E+02  0.90073E+02
  0.84432E+02  0.81486E+02  0.82632E+02  0.86611E+02  0.89566E+02  0.86473E+02
  0.73304E+02  0.49219E+02  0.17159E+02 -0.16913E+02 -0.46345E+02 -0.66214E+02
 -0.75004E+02 -0.74724E+02 -0.69604E+02 -0.64075E+02 -0.61041E+02 -0.61170E+02
 -0.63329E+02 -0.65742E+02 -0.67145E+02 -0.67381E+02 -0.67180E+02 -0.67535E+02
 -0.68993E+02 -0.71350E+02 -0.73834E+02 -0.75522E+02 -0.75675E+02 -0.73849E+02
 -0.69735E+02 -0.63023E+02 -0.53470E+02 -0.41183E+02 -0.27006E+02 -0.12652E+02
 -0.37545E+00  0.77457E+01  0.10608E+02  0.85709E+01  0.33151E+01 -0.28652E+01
 -0.80016E+01 -0.11162E+02 -0.12597E+02 -0.13281E+02 -0.14141E+02 -0.15423E+02
 -0.16535E+02 -0.16403E+02 -0.14124E+02 -0.95047E+01 -0.32057E+01  0.35740E+01
  0.96594E+01  0.14377E+02  0.17689E+02  0.19974E+02  0.21621E+02  0.22701E+02
  0.22925E+02  0.21872E+02  0.19341E+02  0.15577E+02  0.11203E+02  0.69643E+01
  0.33672E+01  0.49779E+00 -0.19361E+01 -0.43169E+01 -0.68348E+01 -0.93040E+01
 -0.11272E+02 -0.12267E+02 -0.12085E+02 -0.10915E+02 -0.92627E+01 -0.76987E+01
 -0.65980E+01 -0.59991E+01 -0.56830E+01 -0.53507E+01 -0.48281E+01 -0.41425E+01
 -0.34757E+01 -0.29739E+01 -0.26058E+01 -0.20908E+01 -0.99610E+00  0.10952E+01
  0.44024E+01  0.88570E+01  0.14116E+02  0.19684E+02  0.25062E+02  0.29866E+02
  0.33894E+02  0.37136E+02  0.39737E+02  0.41924E+02  0.43926E+02  0.45866E+02
  0.47701E+02  0.49237E+02  0.50198E+02  0.50388E+02  0.49849E+02  0.48895E+02
  0.48027E+02  0.47687E+02  0.47972E+02  0.48450E+02  0.48219E+02  0.46186E+02
  0.41481E+02  0.33838E+02  0.23785E+02  0.12487E+02  0.13788E+01 -0.83255E+01
 -0.15971E+02 -0.21551E+02 -0.25504E+02 -0.28364E+02 -0.30389E+02 -0.31424E+02
 -0.30989E+02 -0.28574E+02 -0.23930E+02 -0.17268E+02 -0.92412E+01 -0.75522E+00
  0.73277E+01  0.14369E+02  0.20046E+02  0.24246E+02  0.26994E+02  0.28337E+02
  0.28380E+02  0.27355E+02  0.25712E+02  0.24066E+02  0.23041E+02  0.23013E+02
  0.23938E+02  0.25291E+02  0.26282E+02  0.26140E+02  0.24511E+02  0.21596E+02
  0.18094E+02  0.14844E+02  0.12447E+02  0.10921E+02  0.96414E+01  0.75434E+01
  0.35815E+01 -0.28440E+01 -0.11603E+02 -0.21862E+02 -0.32304E+02 -0.41559E+02
 -0.48556E+02 -0.52774E+02 -0.54218E+02 -0.53302E+02 -0.50642E+02 -0.46917E+02
 -0.42759E+02 -0.38762E+02 -0.35474E+02 -0.33387E+02 -0.32826E+02 -0.33885E+02
 -0.36366E+02 -0.39818E+02 -0.43635E+02 -0.47217E+02 -0.50095E+02 -0.52014E+02
 -0.52900E+02 -0.52831E+02 -0.51955E+02 -0.50477E+02 -0.48619E+02 -0.46618E+02
 -0.44700E+02 -0.43036E+02 -0.41669E+02 -0.40511E+02 -0.39369E+02 -0.38059E+02
 -0.36518E+02 -0.34889E+02 -0.33551E+02 -0.33032E+02 -0.33877E+02 -0.36467E+02
 -0.40930E+02 -0.47079E+02 -0.54487E+02 -0.62603E+02 -0.70923E+02 -0.79118E+02
 -0.87107E+02 -0.95028E+02 -0.10309E+03 -0.11141E+03 -0.11987E+03 -0.12803E+03
 -0.13541E+03 -0.14149E+03 -0.14614E+03 -0.14961E+03 -0.15248E+03 -0.15537E+03
 -0.15860E+03 -0.16200E+03 -0.16493E+03 -0.16667E+03 -0.16682E+03 -0.16560E+03
 -0.16376E+03 -0.16214E+03 -0.16111E+03 -0.15993E+03 -0.15687E+03 -0.14972E+03
 -0.13672E+03 -0.11753E+03 -0.93682E+02 -0.68177E+02 -0.44616E+02 -0.25916E+02
 -0.13383E+02 -0.64443E+01 -0.31649E+01 -0.12221E+01  0.11274E+01  0.45363E+01
  0.86644E+01  0.12739E+02  0.16193E+02  0.19015E+02  0.21670E+02  0.24700E+02
  0.28326E+02  0.32288E+02  0.36055E+02  0.39196E+02  0.41694E+02  0.43952E+02
  0.46484E+02  0.49502E+02  0.52687E+02  0.55357E+02  0.56873E+02  0.57186E+02
  0.56948E+02  0.57257E+02  0.58893E+02  0.61657E+02  0.64021E+02  0.63546E+02
  0.57851E+02  0.45710E+02  0.27837E+02  0.68342E+01 -0.13635E+02 -0.30111E+02
 -0.40506E+02 -0.44623E+02 -0.43933E+02 -0.40713E+02 -0.37046E+02 -0.34144E+02
 -0.32179E+02 -0.30611E+02 -0.28716E+02 -0.25962E+02 -0.22089E+02 -0.16920E+02
 -0.10129E+02 -0.11999E+01  0.10332E+02  0.24444E+02  0.40247E+02  0.55874E+02
  0.68795E+02  0.76468E+02  0.77056E+02  0.70000E+02  0.56189E+02  0.37764E+02
  0.17540E+02 -0.15875E+01 -0.17277E+02 -0.28095E+02 -0.33649E+02 -0.34501E+02
 -0.31882E+02 -0.27311E+02 -0.22206E+02 -0.17571E+02 -0.13839E+02 -0.10915E+02
 -0.83827E+01 -0.57813E+01 -0.28531E+01  0.34651E+00  0.35087E+01  0.62636E+01
  0.83785E+01  0.98833E+01  0.11053E+02  0.12282E+02  0.13911E+02  0.16105E+02
  0.18833E+02  0.21927E+02  0.25201E+02  0.28530E+02  0.31874E+02  0.35254E+02
  0.38685E+02  0.42150E+02  0.45596E+02  0.48953E+02  0.52188E+02  0.55324E+02
  0.58430E+02  0.61631E+02  0.65060E+02  0.68831E+02  0.73018E+02  0.77638E+02
  0.82612E+02  0.87808E+02  0.93042E+02  0.98157E+02  0.10307E+03  0.10779E+03
  0.11244E+03  0.11711E+03  0.12188E+03  0.12658E+03  0.13091E+03  0.13446E+03
  0.13675E+03  0.13745E+03  0.13628E+03  0.13321E+03  0.12829E+03  0.12171E+03
  0.11373E+03  0.10469E+03  0.94988E+02  0.85060E+02  0.75313E+02  0.66093E+02
  0.57649E+02  0.50153E+02  0.43733E+02  0.38517E+02  0.34598E+02  0.31993E+02
  0.30574E+02  0.30056E+02  0.30037E+02  0.30139E+02  0.30126E+02  0.29988E+02
  0.29890E+02  0.30030E+02  0.30486E+02  0.31138E+02  0.31722E+02  0.32002E+02
  0.31939E+02  0.31756E+02  0.31842E+02  0.32499E+02  0.33704E+02  0.34982E+02
  0.35525E+02  0.34461E+02  0.31184E+02  0.25555E+02  0.17871E+02  0.86585E+01
 -0.15931E+01 -0.12579E+02 -0.24110E+02 -0.35897E+02 -0.47350E+02 -0.57561E+02
 -0.65545E+02 -0.70663E+02 -0.72973E+02 -0.73306E+02 -0.72917E+02 -0.72889E+02
 -0.73468E+02 -0.73825E+02 -0.72263E+02 -0.66982E+02 -0.56964E+02 -0.42619E+02
 -0.25871E+02 -0.95671E+01  0.34828E+01  0.11468E+02  0.14119E+02  0.12620E+02
  0.89972E+01  0.53068E+01  0.29939E+01  0.26502E+01  0.41988E+01  0.72825E+01
  0.11575E+02  0.16866E+02  0.22901E+02  0.29130E+02  0.34640E+02  0.38302E+02
  0.39196E+02  0.37028E+02  0.32334E+02  0.26327E+02  0.20436E+02  0.15752E+02
  0.12642E+02  0.10728E+02  0.92391E+01  0.75477E+01  0.56194E+01  0.41628E+01
  0.43961E+01  0.75640E+01  0.14389E+02  0.24744E+02  0.37627E+02  0.51441E+02
  0.64439E+02  0.75179E+02  0.82816E+02  0.87207E+02  0.88818E+02  0.88511E+02
  0.87244E+02  0.85769E+02  0.84363E+02  0.82674E+02  0.79758E+02  0.74330E+02
  0.65211E+02  0.51834E+02  0.34625E+02  0.15067E+02 -0.45920E+01 -0.21971E+02
 -0.35226E+02 -0.43577E+02 -0.47419E+02 -0.48013E+02 -0.46903E+02 -0.45311E+02
 -0.43789E+02 -0.42231E+02 -0.40210E+02 -0.37429E+02 -0.34024E+02 -0.30587E+02
 -0.27884E+02 -0.26441E+02 -0.26222E+02 -0.26567E+02 -0.26416E+02 -0.24726E+02
 -0.20867E+02 -0.14818E+02 -0.70972E+01  0.15005E+01  0.10239E+02  0.18634E+02
  0.26493E+02  0.33778E+02  0.40425E+02  0.46251E+02  0.50972E+02  0.54380E+02
  0.56478E+02  0.57570E+02  0.58178E+02  0.58848E+02  0.59953E+02  0.61569E+02
  0.63499E+02  0.65427E+02  0.67099E+02  0.68444E+02  0.69581E+02  0.70689E+02
  0.71894E+02  0.73128E+02  0.74187E+02  0.74799E+02  0.74744E+02  0.73903E+02
  0.72207E+02  0.69502E+02  0.65411E+02  0.59376E+02  0.50794E+02  0.39319E+02
  0.25126E+02  0.90255E+01 -0.76763E+01 -0.23537E+02 -0.37442E+02 -0.48929E+02
 -0.58266E+02 -0.66206E+02 -0.73544E+02 -0.80676E+02 -0.87379E+02 -0.92946E+02
 -0.96553E+02 -0.97724E+02 -0.96622E+02 -0.93975E+02 -0.90713E+02 -0.87445E+02
 -0.84073E+02 -0.79749E+02 -0.73224E+02 -0.63451E+02 -0.50137E+02 -0.34036E+02
 -0.16801E+02 -0.48863E+00  0.13040E+02  0.22578E+02  0.27738E+02  0.28761E+02
  0.26197E+02  0.20607E+02  0.12463E+02  0.22238E+01 -0.94710E+01 -0.21716E+02
 -0.33420E+02 -0.43549E+02 -0.51408E+02 -0.56819E+02 -0.60096E+02 -0.61833E+02
 -0.62633E+02 -0.62930E+02 -0.62965E+02 -0.62904E+02 -0.63001E+02 -0.63647E+02
 -0.65273E+02 -0.68156E+02 -0.72233E+02 -0.77088E+02 -0.82114E+02 -0.86791E+02
 -0.90964E+02 -0.94843E+02 -0.98780E+02 -0.10288E+03 -0.10662E+03 -0.10879E+03
 -0.10773E+03 -0.10200E+03 -0.90958E+02 -0.75280E+02 -0.56902E+02 -0.38547E+02
 -0.22881E+02 -0.11723E+02 -0.55402E+01 -0.34592E+01 -0.37342E+01 -0.44562E+01
 -0.41939E+01 -0.23108E+01  0.10868E+01  0.55055E+01  0.10488E+02  0.15880E+02
  0.21830E+02  0.28574E+02  0.36147E+02  0.44187E+02  0.51988E+02  0.58717E+02
  0.63708E+02  0.66663E+02  0.67651E+02  0.66934E+02  0.64724E+02  0.61037E+02
  0.55730E+02  0.48696E+02  0.40086E+02  0.30433E+02  0.20537E+02  0.11196E+02
  0.28688E+01 -0.44823E+01 -0.11294E+02 -0.18033E+02 -0.24780E+02 -0.30915E+02
 -0.41438E+02 -0.46589E+02	0.0	     0.0	   0.0		0.0
