 -0.11105E+02 -0.58665E+01 -0.25239E+01 -0.12499E+01 -0.35002E+00 -0.20971E+01
 -0.32428E+01 -0.87539E+00  0.87180E+00 -0.57514E+00  0.65249E+01  0.13122E+01
 -0.17773E+02 -0.16888E+02  0.21625E+01  0.25874E+02  0.18856E+02  0.62578E+01
  0.18025E+02  0.77442E+01 -0.11225E+02  0.19544E+01  0.14767E+02 -0.13867E+02
 -0.49402E+02 -0.37414E+02  0.23454E+02  0.24136E+02 -0.85986E+01  0.34867E+01
  0.30727E+02  0.19336E+02 -0.62425E+01 -0.94052E+00  0.24910E+02  0.27299E+02
  0.66378E+01 -0.15250E+02 -0.36627E+02 -0.60231E+02 -0.69175E+02 -0.21718E+02
  0.36583E+02  0.26860E+02 -0.36921E+02 -0.14435E+02  0.53574E+02  0.68806E+02
  0.39287E+02  0.99062E+00 -0.83154E+01  0.76856E+01  0.12735E+02 -0.80370E+01
 -0.31113E+02 -0.43853E+02 -0.65275E+02 -0.76815E+02 -0.52278E+02 -0.69282E+01
  0.17583E+02  0.32415E+02  0.12381E+02  0.27209E+02  0.60646E+02  0.10859E+02
 -0.47502E+02 -0.54603E+02 -0.26036E+02 -0.36731E+02 -0.64207E+02 -0.55770E+02
 -0.66008E+01  0.92815E+01  0.17709E+01  0.31565E+02  0.31319E+02 -0.20981E+02
 -0.57449E+02 -0.20568E+02 -0.22469E+02 -0.49202E+02 -0.41194E+02 -0.21795E+02
 -0.21024E+02 -0.41832E+02 -0.33776E+02 -0.18228E+02  0.23906E+02  0.22727E+02
  0.20340E+02  0.48944E+02  0.68835E+02 -0.39669E+02 -0.76523E+02 -0.33167E+02
 -0.33211E+02  0.17653E+02  0.37612E+02  0.36995E+02  0.10410E+02 -0.27528E+02
 -0.48135E+02  0.57374E+01  0.36125E+02  0.99271E+01 -0.69642E+02 -0.51768E+02
  0.22776E+02 -0.15015E+02 -0.90669E+02 -0.26316E+02  0.25408E+02 -0.94257E+01
 -0.42255E+02 -0.31727E+02  0.37682E+02  0.54457E+00 -0.29847E+02  0.13612E+02
  0.13586E+02 -0.11960E+02 -0.23338E+02 -0.20358E+02 -0.38875E+02 -0.74430E+02
 -0.10428E+03 -0.23015E+02  0.87220E+02  0.59661E+02 -0.20938E+01 -0.25254E+02
 -0.24289E+02 -0.14210E+02  0.14038E+02  0.14014E+02  0.41551E+02  0.89934E+02
  0.10303E+03  0.21105E+02 -0.41150E+02 -0.83083E+02 -0.80216E+02 -0.46114E+02
 -0.30778E+02 -0.17723E+02 -0.37067E+02 -0.34518E+02  0.61239E+00  0.13796E+02
 -0.19413E+02  0.15976E+02  0.36586E+02  0.12457E+02  0.13337E+02  0.33786E+02
  0.52139E+02  0.96268E+02  0.11268E+03  0.11155E+03  0.12514E+03  0.16021E+03
  0.23072E+03  0.28559E+03  0.33041E+03  0.36260E+03  0.36039E+03  0.32550E+03
  0.25999E+03  0.17542E+03  0.84124E+02  0.17826E+02  0.48788E+01  0.37403E+01
 -0.85563E+01 -0.41868E+02 -0.73257E+02 -0.98663E+02 -0.93671E+02 -0.49477E+02
  0.27407E+02  0.13277E+03  0.24234E+03  0.38387E+03  0.54163E+03  0.62064E+03
  0.45102E+03  0.23852E+03  0.14465E+03  0.10749E+03  0.11753E+03  0.11639E+03
  0.13132E+03  0.17071E+03  0.20324E+03  0.24260E+03  0.11643E+03 -0.16238E+03
 -0.21303E+03 -0.18299E+03 -0.16242E+03 -0.22961E+03 -0.44017E+03 -0.72209E+03
 -0.90870E+03 -0.90307E+03 -0.74244E+03 -0.56972E+03 -0.53240E+03 -0.35578E+03
 -0.25023E+03 -0.10019E+03  0.49547E+02  0.55487E+02  0.56371E+02  0.57651E+02
  0.56406E+02 -0.10223E+03 -0.17048E+03 -0.11379E+03 -0.75229E+02 -0.16694E+03
 -0.37603E+03 -0.47797E+03 -0.38785E+03 -0.22816E+03 -0.10920E+03  0.78850E+02
  0.22665E+03  0.29979E+03  0.32116E+03  0.28862E+03  0.24595E+03  0.17529E+03
  0.15128E+03  0.38162E+02 -0.15745E+03 -0.23127E+03 -0.19485E+03 -0.10190E+03
 -0.12374E+02 -0.28675E+02 -0.12729E+03 -0.15364E+03 -0.12657E+03 -0.10892E+03
 -0.12121E+03 -0.14086E+03 -0.11632E+03 -0.75456E+02 -0.48281E+02 -0.95877E+02
 -0.23070E+03 -0.41301E+03 -0.48365E+03 -0.28769E+03 -0.63577E+02  0.99792E+02
  0.18155E+03  0.18537E+03  0.16302E+03  0.16964E+03  0.20595E+03  0.17551E+03
  0.14808E+03  0.15315E+03  0.14400E+03  0.12600E+03  0.11404E+03  0.96082E+02
  0.76467E+02  0.34981E+02  0.50509E+02  0.16856E+03  0.27549E+03  0.32028E+03
  0.35954E+03  0.37252E+03  0.17740E+03 -0.86274E+01 -0.54622E+02 -0.49032E+02
  0.94822E+01  0.82222E+02  0.16616E+03  0.17184E+03  0.12510E+03  0.31062E+02
 -0.19129E+02 -0.33657E+02  0.21466E+02  0.11676E+03  0.15663E+03  0.16581E+03
  0.13929E+03  0.10379E+03  0.54319E+02  0.30392E+02  0.39862E+02  0.50781E+02
  0.24671E+02  0.39385E+01  0.25816E+02  0.77458E+02  0.13094E+03  0.17892E+03
  0.22124E+03  0.24961E+03  0.26508E+03  0.23852E+03  0.16419E+03  0.10668E+03
  0.89647E+02  0.16396E+03  0.27966E+03  0.35045E+03  0.40482E+03  0.44063E+03
  0.46986E+03  0.47035E+03  0.46225E+03  0.40816E+03  0.27263E+03  0.11600E+03
 -0.33791E+02 -0.16494E+03 -0.28088E+03 -0.34474E+03 -0.38880E+03 -0.43747E+03
 -0.51993E+03 -0.59189E+03 -0.60619E+03 -0.56875E+03 -0.45381E+03 -0.35135E+03
 -0.34674E+03 -0.39265E+03 -0.39395E+03 -0.36653E+03 -0.36808E+03 -0.43928E+03
 -0.50138E+03 -0.44725E+03 -0.26753E+03 -0.77081E+02  0.27477E+02  0.51462E+02
  0.39718E+02 -0.30262E+01 -0.72655E+02 -0.11477E+03 -0.10635E+03 -0.33517E+02
  0.40235E+02  0.63081E+02  0.49031E+02 -0.66396E+01 -0.84261E+02 -0.13629E+03
 -0.14746E+03 -0.10639E+03 -0.42535E+02 -0.10097E+02 -0.12585E+01  0.37689E+02
  0.94657E+02  0.12981E+03  0.13420E+03  0.12062E+03  0.47448E+02 -0.80862E+02
 -0.15645E+03 -0.18828E+03 -0.16353E+03 -0.97796E+02 -0.22755E+02  0.75473E+02
  0.17074E+03  0.24842E+03  0.30842E+03  0.35764E+03  0.40709E+03  0.43605E+03
  0.46286E+03  0.40060E+03  0.15855E+03 -0.83587E+02 -0.21674E+03 -0.25224E+03
 -0.18477E+03 -0.48437E+02  0.69558E+02  0.13648E+03  0.15769E+03  0.10233E+03
  0.35320E+02  0.26043E+02  0.43268E+02  0.75208E+02  0.90248E+02  0.79754E+02
  0.54440E+02  0.25102E+02 -0.11781E+02 -0.33955E+02 -0.25265E+02  0.79259E+02
  0.23610E+03  0.31256E+03  0.33420E+03  0.32371E+03  0.29461E+03  0.26128E+03
  0.22926E+03  0.18220E+03  0.99276E+02  0.27592E+01 -0.88364E+02 -0.15213E+03
 -0.18084E+03 -0.19419E+03 -0.21391E+03 -0.22704E+03 -0.18875E+03 -0.12153E+03
 -0.88967E+02 -0.96562E+02 -0.11052E+03 -0.12926E+03 -0.15050E+03 -0.17304E+03
 -0.21818E+03 -0.26756E+03 -0.30244E+03 -0.28427E+03 -0.22826E+03 -0.17338E+03
 -0.12200E+03 -0.88303E+02 -0.56349E+02 -0.52156E+02 -0.78892E+02 -0.97095E+02
 -0.89075E+02 -0.58131E+02 -0.16949E+02  0.30062E+02  0.84225E+02  0.14208E+03
  0.18959E+03  0.23109E+03  0.25179E+03  0.23163E+03  0.16126E+03  0.37930E+02
 -0.88096E+02 -0.15439E+03 -0.19251E+03 -0.23047E+03 -0.25810E+03 -0.26368E+03
 -0.24719E+03 -0.20942E+03 -0.14896E+03 -0.71051E+02  0.26455E+02  0.78357E+02
  0.90495E+02  0.91257E+02  0.95523E+02  0.11612E+03  0.14715E+03  0.17024E+03
  0.16111E+03  0.13131E+03  0.11709E+03  0.11404E+03  0.96804E+02  0.87302E+02
  0.93749E+02  0.90848E+02  0.64404E+02  0.18702E+02 -0.33891E+02 -0.74763E+02
 -0.83287E+02 -0.45139E+02  0.40340E+01  0.23931E+02  0.12717E+02  0.11066E+02
  0.29111E+02  0.52375E+02  0.68411E+02  0.70438E+02  0.57531E+02  0.38242E+02
  0.29694E+02  0.33969E+02  0.39701E+02  0.54373E+02  0.86622E+02  0.11435E+03
  0.12770E+03  0.12691E+03  0.11007E+03  0.68374E+02  0.15032E+02 -0.44109E+02
 -0.10738E+03 -0.15741E+03 -0.18105E+03 -0.17446E+03 -0.15242E+03 -0.12131E+03
 -0.91628E+02 -0.51736E+02  0.82349E+01  0.57860E+02  0.57352E+02  0.22942E+02
  0.22070E+01 -0.61554E+01 -0.15679E+02 -0.21582E+02 -0.55925E+01  0.21509E+02
  0.42050E+02  0.61986E+02  0.88338E+02  0.11803E+03  0.14232E+03  0.16617E+03
  0.17660E+03  0.15808E+03  0.12783E+03  0.92804E+02  0.55221E+02  0.15536E+02
 -0.20202E+02 -0.45085E+02 -0.43635E+02 -0.11073E+01  0.39880E+02  0.61073E+02
  0.74763E+02  0.70867E+02  0.48860E+02  0.93643E+01 -0.34653E+02 -0.56170E+02
 -0.57067E+02 -0.42671E+02 -0.27146E+02 -0.35355E+02 -0.69540E+02 -0.10553E+03
 -0.12932E+03 -0.13076E+03 -0.12183E+03 -0.10814E+03 -0.74767E+02  0.72327E+01
  0.87434E+02  0.10676E+03  0.45589E+02 -0.49601E+02 -0.93173E+02 -0.10244E+03
 -0.87339E+02 -0.65323E+02 -0.38472E+02 -0.14187E+02  0.60036E+01  0.14918E+02
  0.22538E+02  0.29593E+02  0.17894E+02  0.24020E+01 -0.11166E+02 -0.18554E+02
 -0.23948E+02 -0.28055E+02 -0.45617E+02 -0.84145E+02 -0.12636E+03 -0.14897E+03
 -0.14378E+03 -0.96555E+02 -0.12383E+02  0.46579E+02  0.71122E+02  0.81826E+02
  0.75833E+02  0.58637E+02  0.39626E+02  0.17885E+02 -0.81946E+01 -0.33587E+02
 -0.56758E+02 -0.72426E+02 -0.72732E+02 -0.55526E+02 -0.38442E+02 -0.28234E+02
 -0.19424E+02 -0.13278E+02 -0.73112E+01  0.66281E+01  0.24542E+02  0.35541E+02
  0.45408E+02  0.47690E+02  0.35248E+02  0.16224E+02  0.91103E+01  0.10519E+02
  0.18190E+02  0.31257E+02  0.23740E+02  0.35900E+01 -0.15264E+02 -0.27808E+02
 -0.34419E+02 -0.34432E+02 -0.26537E+02 -0.12662E+02 -0.83368E+00  0.12495E+01
 -0.66503E+01 -0.14190E+02 -0.22676E+02 -0.33946E+02 -0.36182E+02 -0.39594E+02
 -0.42229E+02 -0.45338E+02 -0.42732E+02 -0.27253E+02 -0.11537E+02 -0.80614E+00
  0.96244E+01  0.27240E+02  0.47086E+02  0.60741E+02  0.56897E+02  0.41812E+02
  0.37782E+02  0.42735E+02  0.44007E+02  0.41722E+02  0.35635E+02  0.20155E+02
  0.11768E+02  0.12017E+02  0.11892E+02  0.50148E+01 -0.42073E+01 -0.62369E+00
  0.10088E+02  0.14634E+02  0.48345E+01 -0.60479E+01 -0.68632E+01 -0.11459E+01
  0.52683E+01  0.15294E+02  0.25471E+02  0.34768E+02  0.44797E+02  0.55251E+02
  0.65189E+02  0.75651E+02  0.85757E+02  0.88150E+02  0.74548E+02  0.43996E+02
  0.12200E+02 -0.14624E+02 -0.26741E+02 -0.27067E+02 -0.20194E+02 -0.16232E+02
 -0.15657E+02 -0.15061E+02 -0.14151E+02 -0.12572E+02 -0.10027E+02 -0.24862E+01
  0.25173E+01  0.51103E+01  0.36971E+01 -0.11829E+01 -0.98617E+01 -0.92407E+01
  0.33184E+01  0.15642E+02  0.16501E+02  0.67274E+01 -0.43268E+01 -0.16493E+02
 -0.14203E+02  0.72648E+00  0.16177E+02  0.11640E+02 -0.13646E+02 -0.41061E+02
 -0.49324E+02 -0.31043E+02 -0.93329E+01  0.84377E+01  0.20721E+02  0.31297E+02
  0.34655E+02  0.27414E+02  0.13591E+02  0.47921E+01  0.40850E+01  0.87491E+01
  0.68554E+01 -0.56684E+01 -0.16278E+02 -0.28705E+02 -0.36932E+02 -0.42513E+02
 -0.45530E+02 -0.43524E+02 -0.31240E+02 -0.10517E+02  0.21560E+01 -0.11597E+01
 -0.15712E+02 -0.20297E+02 -0.19983E+02 -0.24809E+02 -0.33115E+02 -0.42034E+02
 -0.47611E+02 -0.47576E+02 -0.47006E+02 -0.39338E+02 -0.20046E+02  0.59277E+01
  0.29973E+02  0.36016E+02  0.32385E+02  0.26531E+02  0.25310E+02  0.35755E+02
  0.51540E+02  0.61822E+02  0.57660E+02  0.36167E+02  0.12669E+02 -0.59447E+01
 -0.11708E+02 -0.43098E+01  0.77555E+01  0.24520E+02  0.43493E+02  0.61780E+02
  0.67037E+02  0.54744E+02  0.37187E+02  0.29699E+02  0.31486E+02  0.37477E+02
  0.41997E+02  0.41224E+02  0.34161E+02  0.23055E+02  0.12010E+02 -0.10027E+01
 -0.15863E+02 -0.31111E+02 -0.42924E+02 -0.51475E+02 -0.53007E+02 -0.44798E+02
 -0.35123E+02 -0.27369E+02 -0.15009E+02 -0.26021E+01  0.11079E+02  0.22265E+02
  0.24025E+02  0.17707E+02  0.87294E+01  0.38372E+01  0.11158E+01 -0.70288E+00
 -0.40885E+01 -0.36607E+01 -0.65747E+00  0.17516E+01 -0.25343E+01 -0.15510E+02
 -0.36053E+02 -0.60516E+02 -0.80738E+02 -0.91268E+02 -0.86884E+02 -0.72818E+02
 -0.54753E+02 -0.36289E+02 -0.14840E+02  0.10363E+02  0.28850E+02  0.31173E+02
  0.21429E+02  0.14321E+02  0.86677E+01  0.60656E+01  0.11717E+02  0.20666E+02
  0.19715E+02  0.60578E+01 -0.84386E+01 -0.14583E+02 -0.90376E+01 -0.55085E+00
  0.60831E-02 -0.67161E+01 -0.12965E+02 -0.23279E+02 -0.36778E+02 -0.45107E+02
 -0.48809E+02 -0.47805E+02 -0.41016E+02 -0.25573E+02 -0.13746E+01  0.19675E+02
  0.31437E+02  0.41121E+02  0.53157E+02  0.59299E+02  0.47542E+02  0.23566E+02
 -0.46945E+01 -0.30471E+02 -0.49263E+02 -0.54422E+02 -0.45121E+02 -0.27675E+02
 -0.59546E+01  0.12047E+02  0.22280E+02  0.23559E+02  0.18780E+02  0.98323E+01
  0.40660E+00 -0.82031E+01 -0.14923E+02 -0.18320E+02 -0.12399E+02 -0.33054E+01
 -0.55090E+00  0.27542E+00  0.25352E+01  0.53082E+01  0.10129E+02  0.85220E+01
 -0.45609E+00 -0.14164E+02 -0.29782E+02 -0.37231E+02 -0.37810E+02 -0.27371E+02
 -0.12497E+02 -0.25378E+01  0.39725E+01  0.57948E+01  0.36141E+01 -0.15966E+01
 -0.34662E+01  0.52708E+01  0.12740E+02  0.18753E+02  0.20180E+02  0.21168E+02
  0.20173E+02  0.14001E+02  0.79033E+01  0.94538E+00 -0.16150E+01 -0.45075E+01
 -0.48884E+01  0.45918E+01  0.22261E+02  0.39754E+02  0.51482E+02  0.56122E+02
  0.50083E+02  0.32051E+02  0.11689E+02 -0.51769E+01 -0.12099E+02 -0.57221E+01
  0.54792E+01  0.13241E+02  0.17939E+02  0.15348E+02  0.52552E+01 -0.65517E+01
 -0.16197E+02 -0.22417E+02 -0.30036E+02 -0.30000E+02 -0.21348E+02 -0.18024E+02
 -0.21034E+02 -0.25153E+02 -0.20710E+02 -0.61906E+01  0.14635E+02  0.35613E+02
  0.46195E+02  0.44094E+02  0.36936E+02  0.32206E+02  0.32928E+02  0.30500E+02
  0.21193E+02  0.75498E+01 -0.13384E+02 -0.35831E+02 -0.55379E+02 -0.60042E+02
 -0.45135E+02 -0.16748E+02  0.72252E+01  0.15652E+02  0.20272E+02  0.24488E+02
  0.25995E+02  0.16775E+02 -0.23925E+01 -0.19383E+02 -0.21809E+02 -0.11127E+02
 -0.75376E+00  0.96027E+00 -0.42561E+01 -0.13625E+02 -0.20433E+02 -0.18206E+02
 -0.44166E+01  0.10675E+02  0.13804E+02  0.50565E+01 -0.84280E+01 -0.14967E+02
 -0.13880E+02 -0.11374E+02 -0.75051E+01 -0.84464E+00  0.83175E+01  0.15145E+02
  0.18131E+02  0.18671E+02  0.16889E+02  0.18100E+02  0.23493E+02  0.26235E+02
  0.19307E+02  0.11093E+02  0.16242E+01 -0.75343E+00  0.15850E+01  0.19228E+01
  0.12598E+01 -0.32287E+01 -0.58654E+01 -0.64544E+01  0.20781E+01  0.14938E+02
  0.25974E+02  0.31274E+02  0.23038E+02  0.25025E+01 -0.19987E+02 -0.38370E+02
 -0.47469E+02 -0.47820E+02 -0.39951E+02 -0.33967E+02 -0.35785E+02 -0.32933E+02
 -0.26420E+02 -0.17437E+02 -0.72097E+01 -0.27090E+01 -0.16419E+01  0.14635E+00
  0.22337E+01  0.24297E+01  0.97441E-01  0.15457E+01 -0.19445E+01 -0.97029E+01
 -0.16388E+02 -0.21796E+02 -0.24759E+02 -0.26856E+02 -0.26984E+02 -0.31445E+02
 -0.35625E+02 -0.31815E+02 -0.20848E+02 -0.60910E+01  0.55515E+01  0.42073E+01
 -0.88049E+01 -0.20310E+02 -0.23660E+02 -0.16790E+02 -0.45354E+01  0.72208E+01
  0.15302E+02  0.19593E+02  0.20887E+02  0.18431E+02  0.10714E+02  0.14001E+01
 -0.39478E+01 -0.24407E+01  0.35987E+01  0.78382E+01  0.69691E+01  0.54402E+01
  0.84952E+01  0.14320E+02  0.24877E+02  0.33431E+02  0.37661E+02  0.41765E+02
  0.45724E+02  0.43709E+02  0.36847E+02  0.28704E+02  0.23394E+02  0.22316E+02
  0.23815E+02  0.25387E+02  0.21249E+02  0.13209E+02  0.63003E+01  0.10718E+02
  0.20632E+02  0.23979E+02  0.14147E+02 -0.11628E+01 -0.10605E+02 -0.75250E+01
  0.64386E+01  0.23947E+02  0.33906E+02  0.27291E+02  0.15226E+02  0.36491E+01
 -0.64940E+01 -0.12855E+02 -0.15157E+02 -0.11332E+02 -0.83249E+01 -0.63639E+01
 -0.89225E+01 -0.18603E+02 -0.27509E+02 -0.30600E+02 -0.28848E+02 -0.25029E+02
 -0.19126E+02 -0.15546E+02 -0.16901E+02 -0.18024E+02 -0.15652E+02 -0.12116E+02
 -0.28371E+01  0.81293E+01  0.14612E+02  0.16599E+02  0.17301E+02  0.16693E+02
  0.12280E+02  0.38270E+01 -0.42504E+01 -0.86305E+01 -0.83521E+01 -0.57739E+01
 -0.51492E+01 -0.25050E+01  0.11560E+01  0.99056E+01  0.25568E+02  0.32857E+02
  0.28967E+02  0.20566E+02  0.94701E+01  0.52238E+01  0.10927E+02  0.14511E+02
  0.12781E+02  0.10829E+02  0.14371E+02  0.25519E+02  0.28367E+02  0.28054E+02
  0.27911E+02  0.23283E+02  0.18068E+02  0.14120E+02  0.16075E+02  0.23641E+02
  0.27796E+02  0.26908E+02  0.31172E+02  0.31355E+02  0.26920E+02  0.19036E+02
  0.98564E+01 -0.10600E+01 -0.76569E+01 -0.15374E+02 -0.25717E+02 -0.31998E+02
 -0.32171E+02 -0.27670E+02 -0.23926E+02 -0.21998E+02 -0.24759E+02 -0.29781E+02
 -0.35389E+02 -0.42934E+02 -0.51362E+02 -0.50052E+02 -0.35674E+02 -0.26451E+02
 -0.20157E+02 -0.80583E+01  0.86905E+01  0.16291E+02  0.15928E+02  0.64272E+01
 -0.10314E+02 -0.23624E+02 -0.30469E+02 -0.25584E+02 -0.20494E+02 -0.14022E+02
 -0.17760E+02 -0.24552E+02 -0.25344E+02 -0.23421E+02 -0.19677E+02 -0.18953E+02
 -0.22907E+02 -0.27832E+02 -0.29148E+02 -0.24818E+02 -0.12574E+02  0.12947E+01
  0.14201E+02  0.18578E+02  0.13587E+02  0.13208E+02  0.13206E+02  0.15102E+02
  0.16152E+02  0.17675E+02  0.14532E+02  0.76752E+01  0.43334E+01  0.47165E+00
  0.36954E+00  0.21636E+01 -0.11162E+01 -0.18470E+01  0.19410E+01  0.54003E+01
  0.11484E+02  0.98644E+01  0.83874E+01  0.50331E+00 -0.12585E+02 -0.20415E+02
 -0.17438E+02 -0.98772E+01 -0.54837E+00  0.47757E+01  0.81197E+01  0.16949E+02
  0.28738E+02  0.40307E+02  0.27240E+02 -0.23527E+01 -0.34064E+02 -0.31159E+02
  0.20959E+01  0.43339E+02  0.50388E+02  0.24839E+02  0.28517E+01 -0.17895E+02
 -0.27103E+02 -0.27745E+02 -0.23096E+02 -0.15283E+02 -0.53672E+01 -0.71725E+01
 -0.15935E+02 -0.24895E+02 -0.23064E+02 -0.16462E+02 -0.81627E+01  0.16596E+01
  0.30257E+01  0.54815E+01  0.29606E+01 -0.22387E+01 -0.56633E+01  0.61108E+00
  0.95697E+01  0.16212E+02  0.27523E+02  0.35811E+02  0.36784E+02  0.27370E+02
  0.16069E+02  0.10713E+02  0.80656E+01  0.37349E+01 -0.46668E+00 -0.57517E+01
 -0.84246E+01 -0.10442E+02 -0.77907E+01 -0.41738E+01 -0.40307E+01 -0.63017E+01
 -0.12477E+02 -0.22686E+02 -0.27156E+02 -0.18490E+02 -0.13418E+02 -0.13363E+02
 -0.12523E+02 -0.38806E+01  0.53680E+01  0.11294E+02  0.86747E+01 -0.42359E-01
 -0.66525E+01 -0.77332E+01 -0.79938E+01 -0.83078E+01 -0.47443E+01  0.12547E+01
  0.28677E+01  0.18525E+01  0.39594E+01 -0.19485E+01 -0.87952E+01 -0.14802E+02
 -0.12908E+02 -0.28168E+01  0.62792E+01  0.17371E+02  0.30144E+02  0.41533E+02
  0.49129E+02  0.39444E+02  0.26777E+02  0.18719E+02  0.13285E+02  0.11261E+02
  0.25909E+01 -0.71036E+01 -0.13980E+02 -0.13321E+02 -0.82671E+01 -0.60818E+01
 -0.30215E+01 -0.89761E+01 -0.15164E+02 -0.14280E+02 -0.13075E+02 -0.15346E+02
 -0.20643E+02 -0.25973E+02 -0.25746E+02 -0.17260E+02 -0.10036E+02 -0.31898E+01
  0.27180E+01  0.84782E+01  0.14396E+02  0.19108E+02  0.16869E+02  0.88211E+01
  0.83134E+00 -0.36707E+01 -0.20365E+00  0.10933E+02  0.17776E+02  0.21332E+02
  0.20065E+02  0.18481E+02  0.14365E+02  0.78107E+01  0.77623E+01  0.11321E+02
  0.16013E+02  0.15635E+02  0.94230E+01 -0.29649E+00 -0.96315E+01 -0.15015E+02
 -0.11737E+02 -0.87597E+01 -0.13984E+02 -0.23752E+02 -0.31164E+02 -0.36111E+02
 -0.36281E+02 -0.33180E+02 -0.29183E+02 -0.22106E+02 -0.12546E+02 -0.30307E+01
 -0.33377E+00 -0.45327E+00  0.10215E+02  0.25496E+02  0.33114E+02  0.39180E+02
  0.38372E+02  0.30059E+02  0.20025E+02  0.84624E+01  0.10423E+01  0.34206E+01
  0.11966E+02  0.17631E+02  0.17352E+02  0.13607E+02  0.10485E+02  0.74214E+01
  0.52477E+01  0.53838E+01  0.30521E+01 -0.23232E+01 -0.50591E+01 -0.72291E+01
 -0.79608E+01 -0.45528E+01 -0.64262E+01 -0.99503E+01 -0.13952E+02 -0.13598E+02
 -0.12041E+02 -0.10770E+02 -0.12420E+02 -0.16157E+02 -0.17028E+02 -0.18322E+02
 -0.20443E+02 -0.22838E+02 -0.17439E+02 -0.10695E+02 -0.37255E+01  0.28423E+01
  0.46803E+01  0.21912E+01 -0.25020E+01 -0.57750E+01 -0.95677E+01 -0.89676E+01
 -0.24943E+01  0.59319E+01  0.97330E+01  0.14078E+02  0.17492E+02  0.17529E+02
  0.18079E+02  0.17602E+02  0.19500E+02  0.17213E+02  0.11000E+02  0.43727E+01
  0.39314E+00  0.51887E+00  0.11031E+01  0.19938E+01  0.66061E+01  0.10742E+02
  0.17531E+02  0.18964E+02  0.14271E+02  0.13786E+02  0.96732E+01  0.34500E+01
 -0.25866E+01 -0.94235E+01 -0.15328E+02 -0.20558E+02 -0.26282E+02 -0.26047E+02
 -0.23580E+02 -0.20601E+02 -0.16183E+02 -0.13356E+02 -0.10286E+02 -0.10958E+02
 -0.13482E+02 -0.16325E+02 -0.16100E+02 -0.13207E+02 -0.73575E+01 -0.43261E+01
 -0.34585E+01 -0.49370E+01 -0.10986E+02 -0.19472E+02 -0.17239E+02 -0.11775E+02
 -0.58993E+01 -0.45842E+00 -0.37866E+00  0.29068E+01  0.26759E+01  0.97921E+00
  0.30685E+01  0.91022E+01  0.11175E+02  0.10370E+02  0.96625E+01  0.62527E+01
 -0.68376E+00 -0.43675E+01 -0.50512E+01 -0.34139E+01 -0.17791E+01 -0.24838E+01
 -0.16074E+01  0.31156E+01  0.54992E+01  0.54741E+01  0.72219E+01  0.10816E+02
  0.13962E+02  0.11745E+02  0.10646E+02  0.99528E+01  0.10334E+02  0.10228E+02
  0.10303E+02  0.10803E+02  0.98709E+01  0.68924E+01  0.32828E+01  0.13976E+01
 -0.19158E-01  0.24576E+01  0.37111E+01  0.31994E+01  0.43993E+01  0.60440E+01
  0.11332E+02  0.13379E+02  0.14516E+02  0.15438E+02  0.15972E+02  0.17881E+02
  0.15906E+02  0.15548E+02  0.10585E+02  0.89709E+01  0.77900E+01  0.97816E+01
  0.12430E+02  0.93782E+01  0.94361E+01  0.38892E+01  0.51032E+00 -0.74677E+00
 -0.22889E+00 -0.22060E+01 -0.52871E+01 -0.45628E+01 -0.68481E+01 -0.10166E+02
 -0.11726E+02 -0.89694E+01 -0.58804E+01 -0.29962E+01 -0.27393E+01 -0.27876E+01
 -0.52180E+01 -0.36285E+01  0.19481E+01  0.58637E+01  0.89524E+01  0.88702E+01
  0.85966E+01  0.73193E+01  0.49885E+01  0.65376E+01  0.54746E+01  0.53562E+01
  0.77541E+01  0.99349E+01  0.13590E+02  0.13225E+02  0.93528E+01  0.61018E+01
  0.43540E+01  0.30236E+01  0.30039E+01  0.24680E+01  0.30687E+01  0.46871E+01
  0.17962E+01 -0.55189E+01 -0.96534E+01 -0.13441E+02 -0.16679E+02 -0.18482E+02
 -0.19938E+02 -0.17188E+02 -0.18559E+02 -0.22364E+02 -0.21752E+02 -0.16923E+02
 -0.11271E+02 -0.69954E+01 -0.73364E+01 -0.10895E+02 -0.13982E+02 -0.10204E+02
 -0.39227E+01 -0.84754E+00  0.15122E+01  0.31277E+01  0.51129E+01  0.75755E+01
  0.10903E+02  0.10589E+02  0.76621E+01  0.52228E+01  0.61848E+01  0.51202E+01
  0.53951E+01  0.45886E+01  0.14996E+01 -0.22834E+01 -0.12012E+01  0.54180E+01
  0.74133E+01  0.83345E+01  0.88750E+01  0.84653E+01  0.65629E+01  0.32117E+01
  0.24638E+01  0.39899E+01  0.48261E+01  0.19393E+01 -0.42795E+00 -0.11971E+01
 -0.21178E+01 -0.57643E+01 -0.80610E+01 -0.10590E+02 -0.98074E+01 -0.67684E+01
 -0.40925E+01 -0.10543E+01 -0.50339E+00 -0.34153E+00 -0.20285E+01 -0.20924E+01
 -0.41429E+01 -0.77559E+01 -0.10812E+02 -0.14267E+02 -0.11225E+02 -0.10246E+02
 -0.93405E+01 -0.58774E+01 -0.55648E+01 -0.62568E+01 -0.63322E+01 -0.50685E+01
 -0.42341E+01 -0.73865E+00  0.83707E+00 -0.23781E+01 -0.41732E+01  0.30979E+00
  0.27290E+01  0.34803E+01  0.51986E+01  0.73009E+01  0.11677E+02  0.12060E+02
  0.94940E+01  0.10765E+02  0.83740E+01  0.35412E+01  0.73978E+00 -0.67543E+00
 -0.30346E+01 -0.60849E+01 -0.84817E+01 -0.10225E+02 -0.10546E+02 -0.13170E+02
 -0.15698E+02 -0.19263E+02 -0.20573E+02 -0.22386E+02 -0.23126E+02 -0.19866E+02
 -0.13140E+02 -0.56190E+01 -0.10356E+01  0.64672E+01  0.10383E+02  0.11863E+02
  0.10243E+02  0.85368E+01  0.81315E+01  0.69715E+01  0.45177E+01  0.15297E+01
  0.35693E+01  0.36139E+01  0.56293E+01  0.66656E+01  0.82124E+01  0.99766E+01
  0.92806E+01  0.56965E+01 -0.72047E+00 -0.53041E+01 -0.52478E+01 -0.34750E+01
  0.10699E+01  0.10372E+02  0.14401E+02  0.14566E+02  0.11905E+02  0.92054E+01
  0.88941E+01  0.57962E+01 -0.47256E+00  0.21107E+00  0.29401E+01  0.33273E+01
  0.43736E+01  0.45791E+01  0.35595E+01  0.77350E+00  0.30293E+01  0.31565E+01
  0.15662E+01 -0.30838E+01 -0.85510E+01 -0.77794E+01 -0.62770E+01 -0.27185E+01
  0.56993E+00  0.14795E+01  0.23747E+01 -0.22740E+00 -0.66970E+01 -0.12459E+02
 -0.12544E+02 -0.81459E+01 -0.37073E+01 -0.23905E+01 -0.29382E+01 -0.25342E+01
 -0.55877E+01 -0.72833E+01 -0.47643E+01 -0.66787E+01 -0.80337E+01 -0.84220E+01
 -0.56443E+01 -0.28065E+01 -0.26806E+01 -0.47578E+01 -0.89558E+01 -0.12143E+02
 -0.13097E+02 -0.13597E+02 -0.19864E+02 -0.18618E+02 -0.11849E+02 -0.72566E+01
 -0.49302E+01 -0.37124E+01 -0.68618E+00  0.32673E+01  0.66035E+01  0.74818E+01
  0.69855E+01  0.59029E+01  0.59526E+01  0.48826E+01  0.54797E+01  0.79929E+01
  0.92748E+01  0.10465E+02  0.92474E+01  0.61866E+01  0.50530E+01  0.58901E+01
  0.51939E+01  0.10872E+01 -0.43642E+00  0.79076E+00  0.52256E+01  0.88124E+01
  0.10651E+02  0.12364E+02  0.10267E+02  0.11434E+02  0.91673E+01  0.10136E+02
  0.13173E+02  0.15795E+02  0.14788E+02  0.10993E+02  0.86396E+01  0.43379E+01
  0.72342E+01  0.94048E+01  0.85984E+01  0.66746E+01  0.59099E+01  0.59134E+01
  0.77030E+01  0.65443E+01  0.23985E+01 -0.52828E+00 -0.46083E+01 -0.56255E+01
 -0.11969E+02 -0.17207E+02 -0.16056E+02 -0.97193E+01 -0.26920E+01 -0.71349E-01
 -0.28165E+00 -0.20634E+01  0.26107E+00  0.47603E+01  0.97203E+01  0.98313E+01
  0.48025E+01 -0.44449E+00 -0.34235E+01 -0.24164E+01  0.57749E+00  0.18995E+01
  0.22026E+01  0.16659E+01 -0.30651E+01 -0.53825E+01 -0.59798E+01 -0.51702E+01
  0.26075E+01  0.33928E+01 -0.12053E+01 -0.50713E+01 -0.78622E+01 -0.77081E+01
 -0.77482E+01 -0.47886E+01 -0.52662E+01 -0.39151E+01  0.69318E+00  0.40962E+01
  0.76863E+01  0.61814E+01  0.30640E+01  0.32656E+01  0.65218E+01  0.57761E+01
  0.58638E+01  0.87048E+01  0.71151E+01  0.75499E+01  0.52389E+01  0.35390E+01
  0.38822E+01  0.39425E+01  0.31157E+01  0.21026E+01  0.34462E+01  0.52408E+01
  0.84757E+01  0.69384E+01  0.52525E+01  0.66675E+01  0.93398E+01  0.90400E+01
  0.54810E+01  0.32770E+01  0.43238E+01  0.66332E+01  0.39034E+01  0.38678E+00
 -0.39744E+01 -0.58334E+01 -0.19145E+01 -0.16794E+01 -0.68991E+01 -0.11087E+02
 -0.13627E+02 -0.12299E+02 -0.83212E+01 -0.63230E+01 -0.23375E+01  0.13329E+01
  0.40156E+01  0.62419E+01  0.24110E+01 -0.27982E+01 -0.41559E+01 -0.49858E+01
 -0.40347E+01 -0.30099E+01 -0.74636E+01 -0.10405E+02 -0.13702E+02 -0.14106E+02
 -0.14176E+02 -0.11614E+02 -0.44721E+01 -0.68847E+01 -0.71653E+01 -0.98316E+01
 -0.11480E+02 -0.90009E+01 -0.77799E+01 -0.33885E+00  0.40735E+01  0.96571E+01
  0.12608E+02  0.13670E+02  0.17395E+02  0.14712E+02  0.12301E+02  0.98112E+01
  0.41975E+01 -0.90248E+00 -0.37858E+01 -0.36738E+01 -0.16111E+01  0.23477E+01
  0.21874E+01  0.28158E+01  0.27782E+01  0.19139E+01  0.36956E+01  0.22537E+01
  0.22454E+01  0.62579E+00 -0.15220E+01 -0.38117E+01 -0.50093E+01 -0.63523E+01
 -0.62167E+01 -0.14676E+01  0.44448E+01  0.10557E+02  0.92754E+01  0.75026E+01
  0.63271E+01  0.39210E+01  0.23877E+01  0.10576E+01 -0.54864E+00 -0.22365E+01
 -0.20144E+01 -0.44876E+01 -0.49105E+01 -0.10880E+01 -0.12243E+01  0.44279E+00
  0.11284E+01  0.24003E+01  0.16006E+01 -0.18294E+00  0.41351E+00  0.18204E+01
  0.52585E+01  0.47527E+01  0.61666E+01  0.57235E+01  0.34163E+01 -0.21313E+00
 -0.16783E+01 -0.19719E+01 -0.67712E+01 -0.75645E+01 -0.64281E+01 -0.70462E+01
 -0.74636E+01 -0.85037E+01 -0.67728E+01 -0.66947E+01 -0.67124E+01 -0.44109E+01
 -0.17997E+01  0.71821E+00  0.25211E+01  0.47957E+01  0.56489E+00 -0.23303E+01
 -0.50707E+00  0.20640E+00 -0.30201E+00 -0.34152E+01 -0.32369E+01 -0.20010E+01
 -0.41071E+01 -0.61407E+01 -0.89414E+01 -0.55465E+01 -0.47725E+01 -0.73099E+01
 -0.63302E+01 -0.43112E+01 -0.43027E+00  0.11005E+01  0.19870E+01  0.29955E+01
  0.37523E+01  0.16285E+01  0.63180E+00 -0.18253E+01 -0.53512E+01 -0.50663E+01
 -0.44898E+01 -0.22081E+01 -0.35422E+01 -0.43270E+01 -0.46912E+01 -0.54456E+01
 -0.17305E+01 -0.42297E+01 -0.12165E+01  0.13170E+01  0.23269E+01  0.45594E+01
  0.58900E+01  0.70131E+01  0.26536E+01 -0.21780E-01  0.67691E+00  0.48082E+00
 -0.55868E+00  0.17180E+00  0.32368E+00  0.93718E+00 -0.14381E+01 -0.43230E+01
 -0.73380E+01 -0.66294E+01 -0.26636E+01 -0.36261E+01 -0.50234E+01 -0.42865E+01
 -0.31771E+01 -0.11954E+01 -0.28235E-01  0.19227E+01  0.29998E+01  0.55343E+01
  0.59425E+01  0.90414E+01  0.12201E+02  0.10097E+02  0.67698E+01  0.37492E+01
  0.39101E+01  0.49444E+01  0.63850E+01  0.78610E+01  0.85577E+01  0.55638E+01
  0.45880E+01  0.27417E+01  0.18881E+01  0.42595E+01  0.57175E+01  0.60794E+01
  0.78106E+01  0.84687E+01  0.52399E+01 -0.24635E+01 -0.46238E+01 -0.10069E+00
 -0.13209E+01  0.69686E+00  0.43139E+01  0.13354E+01 -0.24341E+01 -0.16949E+01
 -0.31292E+01 -0.13691E+01  0.25722E+01  0.38452E+01  0.54987E+01  0.25830E+01
 -0.64272E+00 -0.24844E+01 -0.53778E+01 -0.42153E+01 -0.23847E+01 -0.14641E+01
 -0.33942E+01 -0.75496E+01 -0.73140E+01 -0.63297E+01 -0.92833E+01 -0.10923E+02
 -0.96949E+01 -0.69349E+01 -0.41890E+01  0.18067E+00  0.10800E+01 -0.26133E-02
  0.19238E+01  0.20217E+01  0.34402E+01  0.58543E+01  0.68659E+01  0.72877E+01
  0.61602E+01  0.48756E+01  0.33179E+01 -0.14732E+01 -0.28252E+01 -0.15087E+01
 -0.50841E+00  0.21720E+01  0.64243E+01  0.97126E+01  0.11387E+02  0.64359E+01
  0.32512E+00 -0.26084E+01 -0.14054E+01 -0.13908E+01 -0.85919E+00 -0.13948E+01
 -0.41438E+01 -0.44627E+01 -0.46976E+01 -0.37004E+01 -0.35602E+01 -0.59765E+00
 -0.14386E+01  0.28658E+00  0.29516E+01  0.35705E+01  0.57500E+01  0.41555E+01
  0.24402E+01  0.68264E+00 -0.11766E+01 -0.10824E+01  0.61908E+00 -0.27492E+00
 -0.46722E+01 -0.78568E+01 -0.83101E+01 -0.68480E+01 -0.46750E+01 -0.54805E+01
 -0.43550E+01 -0.11967E+01 -0.88816E-01 -0.33277E+00  0.10785E+01  0.32220E+01
  0.36925E+01  0.14847E+01 -0.13088E+00  0.16272E+01  0.40638E+01  0.22375E+01
 -0.30889E+01  0.50566E+00  0.59878E+00  0.70944E+00 -0.44484E+00 -0.29252E+01
 -0.45255E+01 -0.86048E+01 -0.69078E+01 -0.58605E+01 -0.53832E+01 -0.28250E+01
 -0.18402E+01 -0.19356E+01 -0.73608E-01  0.20918E+01  0.27485E+01  0.53675E+01
  0.68730E+01  0.10145E+02  0.12817E+02  0.12913E+02  0.11653E+02  0.93963E+01
  0.81073E+01  0.68078E+01  0.83963E+01  0.69209E+01  0.57546E+01  0.28601E+01
  0.30264E+00 -0.17285E+01 -0.28124E+01 -0.31301E+01 -0.25374E+01 -0.11137E+01
 -0.39103E+00  0.40446E+00  0.41295E+00 -0.14344E+01 -0.34356E+01 -0.31064E+01
 -0.63030E+01 -0.91015E+01 -0.90296E+01 -0.70427E+01 -0.47458E+01 -0.36826E+01
 -0.23155E+01 -0.23892E+01 -0.23509E+01 -0.51842E+01 -0.76856E+01 -0.95452E+01
 -0.11971E+02 -0.89142E+01 -0.60738E+01 -0.56181E+01 -0.34300E+01 -0.66688E+00
  0.43501E+00  0.26386E+01  0.41408E+01  0.40794E+01  0.48536E+01  0.30130E+01
  0.45721E+00 -0.39481E+01 -0.59992E+01 -0.38288E+01 -0.24798E+01 -0.19426E+01
 -0.26856E+01 -0.22486E+01 -0.23240E+01 -0.20263E+01 -0.73284E+00 -0.15097E+01
 -0.47680E+00 -0.43960E+00 -0.36345E+00  0.34388E+01  0.38578E+01  0.41079E+01
  0.43332E+01  0.66004E+01  0.65427E+01  0.39766E+01  0.55248E+01  0.61081E+01
  0.49537E+01  0.33216E+01 -0.42631E+00 -0.49931E+01 -0.55239E+00  0.78563E+01
  0.10955E+02  0.59980E+01  0.13565E+01 -0.15269E+01 -0.11082E+01  0.93617E-01
 -0.41724E+01 -0.65788E+01 -0.52733E+01 -0.71107E+00  0.91938E+00 -0.60581E+00
 -0.34334E+01 -0.59489E+01 -0.51109E+00  0.23649E+01 -0.21868E+01 -0.27355E+01
 -0.16082E+01 -0.23249E+01 -0.16772E+01 -0.10941E+01  0.37229E+00  0.18523E+01
  0.25363E+01  0.36808E+01  0.32100E+01  0.36893E+01  0.41460E+01  0.50075E+01
  0.58540E+01  0.38768E+01  0.17626E+01 -0.45608E+01 -0.47284E+01 -0.29735E+01
 -0.37487E+01 -0.13920E+01 -0.23106E+01  0.12042E+01  0.63689E+01  0.10662E+02
  0.10701E+02  0.91864E+01  0.79282E+01  0.60383E+01  0.28632E+01  0.28074E+01
  0.15474E+01 -0.80610E+00  0.17161E+00 -0.23301E+01 -0.21178E+01 -0.14484E+01
 -0.23861E+01 -0.41205E+01 -0.65034E+01 -0.78703E-01  0.30127E+01  0.33425E+01
  0.53952E+01  0.22649E+00 -0.37362E+01 -0.54750E+01 -0.62877E+01 -0.61274E+01
 -0.26706E+01  0.38357E+00  0.32093E+01  0.40905E+01  0.27288E+01  0.40323E+01
  0.43503E+01  0.35722E+01  0.14231E+01  0.72836E-01  0.16123E+00  0.64835E+00
  0.29734E+00  0.17338E+01  0.24758E+01  0.34705E+00  0.34293E+01  0.31242E+01
  0.28141E+01  0.45136E+01  0.50405E+01  0.67335E+01  0.46348E+01  0.21468E+01
  0.30599E+01  0.38636E+01  0.41630E+01  0.13294E+00  0.67154E+00  0.13340E+01
 -0.92369E+00 -0.32293E+01 -0.69434E+01 -0.85976E+01 -0.81889E+01 -0.60946E+01
 -0.15013E+01 -0.43682E+00  0.45687E+00  0.18495E+01  0.11647E+01  0.25866E+01
 -0.44265E+00 -0.12175E+01 -0.94788E+00  0.19745E+01  0.41025E+01  0.43865E+01
  0.77227E+01  0.10102E+02  0.94696E+01  0.72851E+01  0.45901E+01  0.10435E+01
 -0.24014E+00  0.22261E+01 -0.31481E+00 -0.13970E+01  0.15071E+01  0.18070E+01
 -0.29461E+01 -0.20457E+01 -0.23639E+00  0.22958E+01  0.42066E+01 -0.10737E+01
 -0.24961E+01 -0.34762E+01 -0.40990E+01 -0.61308E+01 -0.78386E+01 -0.73594E+01
 -0.55228E+01 -0.39982E+01 -0.42033E+01 -0.19892E+01 -0.39819E+01 -0.73606E+01
 -0.78613E+01 -0.71741E+01 -0.34358E+01 -0.16117E+01 -0.31567E+01 -0.50775E+01
 -0.37348E+01  0.19489E+00  0.40871E+01  0.15944E+01 -0.24734E+00  0.41632E+01
  0.32662E+00 -0.34811E+00 -0.13871E+01 -0.52167E+01 -0.61855E+01 -0.74962E+01
 -0.71549E+01 -0.75241E+01 -0.56875E+01 -0.73302E+01 -0.33264E+01 -0.63232E+01
 -0.60529E+01 -0.34735E+01 -0.46691E+01 -0.36670E+01 -0.10614E+01  0.24283E+01
  0.10834E+01  0.36743E+01  0.23310E+01  0.28968E+01  0.30692E+01  0.93810E+00
 -0.15986E+01 -0.40369E+01 -0.18093E+01  0.35766E+00 -0.76183E+00  0.26241E+00
  0.76587E+00 -0.18598E+01 -0.21400E+01  0.22026E+01  0.17990E+01  0.56842E+01
  0.50141E+01  0.16638E+01  0.30681E+00 -0.32881E+01  0.13929E+01  0.48882E+01
  0.60991E+01  0.52924E+01  0.27811E+01 -0.16733E+01 -0.30123E+01 -0.38887E+01
 -0.50205E+00  0.37232E+01  0.23892E+01  0.28933E+00  0.46246E-01  0.21891E+01
  0.38211E+01  0.89721E+00  0.89439E+00  0.70131E+00  0.19276E+00  0.39804E+01
  0.17751E+01  0.26903E+01  0.76576E+00 -0.96554E+00 -0.27502E+01 -0.32907E+01
  0.39804E+01  0.16338E+01 -0.41897E+01 -0.67859E+01 -0.55752E+01 -0.51381E+01
 -0.80945E+01 -0.78964E+01 -0.53679E+01 -0.56859E+01 -0.51794E+01 -0.33462E+01
 -0.22895E+01  0.96336E+00  0.10795E+01  0.65767E+01  0.82065E+01  0.48096E+01
  0.92680E+00 -0.14284E+00  0.36748E+00 -0.53995E+00  0.17424E+01  0.29332E+01
  0.36155E+01  0.94342E+00 -0.39734E+01 -0.56529E+01 -0.25086E+01  0.90262E+00
  0.69154E+01  0.11897E+02  0.17845E+02  0.27063E+02  0.21747E+02  0.67444E+01
 -0.14482E+02 -0.34822E+02 -0.40867E+02 -0.38182E+02 -0.34061E+02 -0.30161E+02
 -0.15192E+02  0.24257E+01  0.17913E+02  0.25579E+02  0.24180E+02  0.18315E+02
  0.42712E+01 -0.52786E+01 -0.85468E+01 -0.43906E+01 -0.28122E+01 -0.29259E+01
 -0.13805E+01  0.25841E+01  0.81312E+01  0.12873E+02  0.10881E+02 -0.40531E+00
 -0.88359E+01 -0.16835E+02 -0.20764E+02 -0.23810E+02 -0.26906E+02 -0.23878E+02
 -0.10671E+02  0.38712E+01  0.11989E+02  0.16644E+02  0.18255E+02  0.13970E+02
  0.83812E+01  0.49416E+01  0.50297E-01 -0.32482E+01 -0.47743E+01 -0.46496E+01
 -0.48027E+00  0.68734E+01  0.12793E+02  0.12218E+02  0.11452E+02  0.81338E+01
  0.89822E+00 -0.65991E+01 -0.74367E+01  0.21507E+01  0.92998E+01  0.10379E+02
  0.81454E+01  0.28485E+01  0.44998E+01  0.10223E+02  0.11618E+02  0.10220E+02
  0.83225E+01  0.78828E+01  0.67644E+01  0.60104E+01  0.63077E+01  0.10102E+02
  0.96157E+01  0.64940E+01  0.93449E+01  0.11950E+02  0.10560E+02  0.60930E+01
  0.35469E+01 -0.21381E+01 -0.33488E+01 -0.40022E+01 -0.64591E+01 -0.99197E+01
 -0.11759E+02 -0.76028E+01 -0.67633E+01 -0.24498E+01 -0.22411E+01 -0.80355E+00
 -0.24870E+01 -0.78639E+01 -0.85839E+01 -0.92746E+01 -0.52508E+01 -0.33933E+01
 -0.46414E+01 -0.41107E+01 -0.41706E+01  0.75654E+00  0.39982E+01 -0.23671E+01
 -0.51918E+01 -0.44635E+01 -0.47908E+01 -0.22432E+01 -0.55383E+00 -0.25597E+00
 -0.17212E+01 -0.27759E+01 -0.48073E+01 -0.38320E+01 -0.27691E+01 -0.10269E+01
 -0.50049E+00  0.25042E+01  0.30162E+01  0.29906E+01  0.17714E+01  0.17218E+00
 -0.32853E+00 -0.12357E+01 -0.26017E+01 -0.46646E+01 -0.77191E+01 -0.60808E+01
 -0.24274E+01  0.56865E+00  0.80515E+01  0.52694E+01  0.41984E+01  0.50013E+01
  0.70810E+01  0.90295E+01  0.65199E+01  0.53024E+01  0.14105E+01 -0.33035E+01
 -0.44856E+01 -0.19027E+01  0.15436E+01  0.92051E+00  0.26741E+01  0.62800E+01
  0.50823E+01  0.61896E+01  0.42685E+01  0.47176E+01  0.19582E+01 -0.43106E+00
  0.19698E+01  0.61115E+00  0.11440E+01  0.39340E+01  0.41293E+01  0.39632E+01
  0.11225E+01 -0.21181E+01 -0.11014E+01 -0.35843E+01 -0.28959E+01 -0.46011E+01
 -0.35420E+01 -0.30426E+01 -0.30939E+01 -0.31470E+01 -0.58682E+01 -0.76812E+01
 -0.89234E+01 -0.86997E+01 -0.81597E+01 -0.98809E+01 -0.87019E+01 -0.51029E+01
 -0.31927E+01 -0.39917E+01 -0.61133E+01 -0.50616E+01 -0.51250E+01 -0.54958E+01
 -0.59867E+01 -0.75658E+01 -0.53864E+01 -0.47504E+01 -0.56503E+01 -0.32482E+01
 -0.10247E+01  0.16218E+01  0.10215E+01  0.12807E+01  0.35463E+01  0.43981E+01
  0.58036E+01  0.62170E+01  0.56074E+01  0.65565E+01  0.10593E+02  0.13551E+02
  0.11901E+02  0.70841E+01  0.26306E+01  0.31767E+01  0.17774E+01 -0.20402E+01
 -0.59348E+01 -0.67884E+01 -0.10193E+01  0.31619E+01  0.37757E+01 -0.75243E+00
 -0.23738E+01 -0.23468E+01  0.80352E+00  0.30908E+01  0.39056E+01  0.45958E+01
  0.52720E+01  0.69873E+01  0.25679E+01 -0.17429E+01 -0.18466E+01 -0.28260E+00
 -0.50397E+00 -0.52178E+00 -0.80367E+00  0.53280E+00 -0.27808E+01 -0.72570E+01
 -0.67037E+01 -0.41868E+01 -0.37364E+01 -0.31263E+01  0.43578E+00  0.23994E+01
  0.42325E+01  0.62261E+01  0.24100E+01  0.69236E+00  0.28568E+01  0.34597E+01
  0.14120E+01  0.18983E+01  0.34125E+01  0.32913E+01  0.17134E+01  0.32343E+00
 -0.88084E+00 -0.48984E+01 -0.44934E+01 -0.43348E+01 -0.25714E+01 -0.24447E+01
 -0.44772E+01 -0.15610E+01 -0.13721E+01 -0.42448E+01 -0.30437E+01 -0.11634E+01
 -0.32392E+00 -0.21345E+01 -0.28961E+01 -0.66906E+00  0.15173E+01  0.40155E+01
  0.69485E+01  0.71151E+01  0.15919E+01  0.16308E+01  0.75801E+00  0.97990E+00
  0.11068E+01 -0.13354E+01 -0.11252E+01  0.18059E+01  0.44905E+01  0.49029E+01
  0.33893E+01  0.91196E+00  0.13741E+01 -0.14777E+01 -0.79946E+00 -0.71674E+00
 -0.30151E+01 -0.21334E+01 -0.36906E+01 -0.35421E+01 -0.24576E+01  0.90591E+00
  0.12563E+01  0.12502E+01  0.91655E+00  0.67621E+00  0.21559E+00  0.15940E+01
 -0.44372E+00 -0.37982E+01 -0.23916E+01 -0.32275E+01 -0.41477E+01 -0.84711E+01
 -0.58920E+01 -0.30318E+01 -0.81722E+00  0.23090E+01  0.97097E+00 -0.11655E+01
 -0.10100E+01  0.30397E+01  0.49145E+01  0.46685E+01  0.21334E+00 -0.28424E+01
 -0.22166E+01 -0.34719E+01 -0.40719E+01 -0.41463E+01 -0.36501E+01 -0.31119E+01
  0.54107E+00  0.48670E+00  0.17007E+01  0.29100E+01  0.74699E+00  0.25176E+01
  0.11342E+01 -0.21263E+00  0.86902E-01  0.19544E+01  0.62883E+01  0.61044E+01
  0.52520E+01  0.11291E+01 -0.13704E+01 -0.91065E+00 -0.12901E+01  0.19150E+01
  0.31086E+01 -0.53727E+00 -0.59834E+00  0.13680E+01 -0.11333E+00  0.36818E+00
  0.20889E+01  0.21036E+00  0.19221E+01  0.19951E+01  0.21483E+01  0.11844E+01
  0.14270E+01  0.16462E+00 -0.10630E+01  0.33206E+00 -0.16956E+01 -0.70603E+00
 -0.44380E+01 -0.49391E+01 -0.25000E+01 -0.13032E+01  0.14491E+01  0.11181E+01
  0.89647E+00  0.40353E+01  0.17645E+01  0.15385E+01  0.71220E+00 -0.20230E+00
  0.32364E+00  0.17403E+01  0.46249E+01  0.85834E+01  0.77067E+01  0.33446E+01
  0.40129E+01  0.27480E+01 -0.16384E+00  0.85914E+00  0.10525E+01  0.12175E+01
  0.31425E+01  0.12384E+01  0.84150E-01  0.74251E-01  0.25678E+01  0.45685E+01
  0.24096E+01  0.14953E+01  0.40085E+01  0.57756E+01  0.50994E+01  0.43117E+01
  0.54581E+01  0.28056E+01  0.28528E+01  0.49857E+01  0.54950E+01  0.94179E+01
  0.73198E+01 -0.48687E+01 -0.12566E+02 -0.18632E+02 -0.17923E+02 -0.11118E+02
 -0.57004E+01 -0.20279E+01 -0.76083E+01 -0.10370E+02 -0.62379E+01  0.82731E-01
  0.14771E+01 -0.87187E+00 -0.59982E+01 -0.51470E+01 -0.43462E+01 -0.36632E+01
 -0.41072E+01 -0.23138E+01  0.33502E+01  0.71423E+01  0.95983E+01  0.88815E+01
  0.20347E+01 -0.73526E+01 -0.93955E+01 -0.89042E+01 -0.71349E+01 -0.75334E+01
 -0.76897E+01 -0.52899E+01 -0.25260E+01 -0.13069E+01 -0.22375E+01 -0.12589E+01
 -0.15479E+01 -0.31795E+01 -0.56573E+01 -0.77841E+01 -0.85926E+01 -0.49711E+01
  0.56900E+00 -0.10311E+01 -0.17611E-01 -0.35370E+00  0.16455E+01  0.21308E+01
  0.10812E+01 -0.19116E+01 -0.25181E+01 -0.15500E+01 -0.99742E+00 -0.68625E+00
 -0.28674E+01 -0.16739E+01 -0.16914E+01  0.51088E+00  0.70282E-01 -0.17809E+01
 -0.19525E+01  0.52177E+00  0.49873E+01  0.50500E+01  0.51120E+01  0.38875E+01
 -0.12217E+01 -0.54806E+01 -0.63769E+01 -0.25017E+01  0.32125E+01  0.60917E+01
  0.20646E+01 -0.17942E+01 -0.22042E+01 -0.86415E+00 -0.17241E+01 -0.65184E+00
  0.18422E+01  0.41788E+01  0.23725E+01  0.26181E+01  0.31985E+01  0.36572E+01
  0.49817E+01  0.49185E+01  0.52571E+01  0.44444E+01  0.55530E+01  0.33778E+01
  0.39437E+01  0.39491E+01  0.30613E+01  0.15562E+01  0.44406E+01  0.33045E+01
  0.63668E+00  0.58153E+00  0.69367E+00  0.55557E+01  0.58586E+01  0.46173E+01
  0.36562E+01  0.78809E+00 -0.78527E+00 -0.15796E+01 -0.30699E+01  0.14758E+01
  0.13131E+01  0.80331E+00  0.11597E+00 -0.28863E+01 -0.12873E+01 -0.65598E+00
 -0.49321E+00  0.87073E-01 -0.72302E+00 -0.13922E+01 -0.15425E+01 -0.23942E+01
 -0.10095E+01  0.25088E+00  0.12894E+01  0.45347E+00  0.66821E+00 -0.11197E+01
  0.10304E+01  0.43941E+01  0.64166E+01  0.55581E+01  0.44594E+01  0.58384E+01
  0.52773E+01  0.66429E+01  0.51285E+01  0.58223E+01  0.34529E+01  0.14698E+01
 -0.12415E+01 -0.39738E+01 -0.34947E+01 -0.45865E+01 -0.46426E+01 -0.46894E+01
 -0.26675E+01 -0.21193E+01 -0.45205E+01 -0.29337E+01 -0.72004E+00  0.11935E+01
  0.13041E+01 -0.27259E+00 -0.14910E+01 -0.26799E+01 -0.42977E+01 -0.46352E+01
