 -0.70291E+01 -0.65906E+01 -0.54789E+01 -0.36491E+01 -0.45524E+01 -0.13408E+02
 -0.21943E+02 -0.22841E+02 -0.12752E+02  0.17470E+01  0.14912E+02  0.11843E+02
  0.65124E+00  0.32603E+01  0.16721E+01 -0.12813E+02 -0.11510E+02 -0.17716E+01
 -0.13201E+02 -0.21165E+02 -0.83381E+01  0.19683E+02  0.16601E+02  0.38914E+01
  0.15051E+02 -0.98307E-01 -0.15368E+02 -0.90573E+01  0.19177E+02  0.36384E+02
  0.21074E+02 -0.82267E+01 -0.11803E+02 -0.14933E+02 -0.63105E+02 -0.48109E+02
  0.27534E+01  0.33129E+02  0.53484E+02  0.13585E+02 -0.41336E+02 -0.81662E+01
  0.31135E+02  0.55904E+01 -0.86833E+01 -0.18510E+02 -0.36991E+02 -0.54126E+02
  0.18328E+01  0.68750E+02  0.61393E+01 -0.53838E+02 -0.42235E+02 -0.27827E+02
 -0.15806E+02  0.33336E+02  0.76330E+02  0.69090E+02  0.55645E+02  0.27173E+02
 -0.54538E+02 -0.84910E+02 -0.89427E+02 -0.57627E+02  0.27642E+02  0.23070E+02
  0.55225E+01  0.67974E+01 -0.11684E+02 -0.33515E+02 -0.37748E+02 -0.52867E+02
 -0.55913E+02 -0.49239E+02 -0.27931E+01  0.63751E+02  0.50667E+02  0.53138E+02
  0.58371E+01 -0.43131E+02 -0.77124E+02 -0.84231E+01  0.39487E+02 -0.54206E+02
 -0.91635E+02 -0.26107E+02  0.28730E+02 -0.37578E+02 -0.49451E+02 -0.19814E+02
  0.17378E+02 -0.96272E+01 -0.33694E+02  0.35249E+01  0.65916E+02  0.52392E+02
  0.36469E+02  0.80955E+02  0.54256E+02 -0.26418E+02 -0.84892E+02 -0.98733E+01
  0.94899E+02  0.32270E+02 -0.70008E+02 -0.98477E+02 -0.39818E+01  0.16415E+02
 -0.66359E+02 -0.70784E+02  0.23962E+02  0.88043E+02 -0.31239E+02 -0.11034E+03
 -0.71559E+01  0.10478E+03 -0.20045E+02 -0.18243E+03 -0.20422E+03 -0.63911E+02
  0.40369E+02  0.61235E+02  0.12961E+03  0.13376E+03 -0.18405E+02 -0.12086E+03
 -0.92576E+02 -0.94670E+01 -0.17468E+02 -0.19175E+02  0.81425E+02  0.10227E+03
  0.42035E+02 -0.22988E+02 -0.41270E+02 -0.92820E+02 -0.67546E+02  0.44896E+02
  0.46112E+02 -0.21357E+02  0.33790E+02  0.86934E+02  0.88683E+02  0.39129E+02
  0.12701E+02 -0.20978E+02 -0.83593E+02 -0.90684E+02 -0.69906E+02 -0.72659E+02
 -0.10928E+03 -0.34904E+02 -0.10580E+02 -0.67575E+02 -0.68237E+02  0.42357E+00
 -0.13070E+02 -0.37181E+02 -0.14187E+02 -0.24147E+02 -0.73497E+02 -0.98900E+02
 -0.63675E+02 -0.20958E+02  0.37852E+02  0.10495E+03  0.17592E+03  0.22886E+03
  0.30744E+03  0.39273E+03  0.47300E+03  0.53537E+03  0.55881E+03  0.57552E+03
  0.58120E+03  0.61042E+03  0.64112E+03  0.65595E+03  0.69522E+03  0.76255E+03
  0.79275E+03  0.74806E+03  0.69561E+03  0.65533E+03  0.59291E+03  0.41039E+03
  0.10434E+03 -0.23053E+03 -0.54681E+03 -0.78881E+03 -0.95047E+03 -0.10942E+04
 -0.11255E+04 -0.10503E+04 -0.99328E+03 -0.88226E+03 -0.92669E+03 -0.28928E+03
  0.77364E+03  0.99508E+03  0.86451E+03  0.72881E+03  0.69680E+03  0.60350E+03
  0.29604E+03 -0.12262E+03 -0.44902E+03 -0.62777E+03 -0.90981E+03 -0.12749E+04
 -0.13041E+04 -0.10536E+04 -0.92816E+03 -0.90478E+03 -0.80248E+03 -0.68451E+03
 -0.62621E+03 -0.42937E+03  0.32236E+02  0.41441E+03  0.49386E+03  0.38928E+03
  0.18378E+03  0.40213E+02 -0.99886E+02 -0.22369E+03 -0.36453E+03 -0.40975E+03
 -0.21642E+03 -0.41486E+02 -0.15549E+02 -0.17939E+02  0.14948E+02  0.10397E+03
  0.18647E+03  0.26222E+03  0.13005E+03 -0.12507E+03 -0.25166E+03 -0.28302E+03
 -0.16013E+03 -0.54997E+02 -0.90532E+01  0.90213E+02  0.17016E+03  0.19199E+03
  0.21710E+03  0.26218E+03  0.34142E+03  0.41901E+03  0.45535E+03  0.47907E+03
  0.48933E+03  0.49050E+03  0.35604E+03  0.10148E+03 -0.48866E+02 -0.96034E+02
 -0.78993E+02 -0.11575E+02  0.80469E+02  0.13770E+03  0.20106E+03  0.23975E+03
  0.27914E+03  0.24774E+03  0.94731E+02 -0.18489E+02 -0.68059E+02 -0.79761E+02
 -0.10908E+03 -0.22842E+03 -0.22707E+03 -0.94432E+02 -0.42681E+02 -0.14934E+02
  0.35836E+02  0.15740E+03  0.15323E+03  0.48244E+02  0.10621E+02  0.28727E+02
  0.11594E+03  0.19635E+03  0.22326E+03  0.14635E+03  0.80414E+02  0.69385E+02
  0.21336E+02 -0.83026E+02 -0.14721E+03 -0.15909E+03 -0.16583E+03 -0.17527E+03
 -0.17611E+03 -0.10197E+03 -0.52095E+02 -0.33626E+02  0.77938E+01  0.10396E+03
  0.16869E+03  0.16636E+03  0.17390E+03  0.20686E+03  0.23305E+03  0.23398E+03
  0.22435E+03  0.19489E+03  0.14854E+03  0.47645E+02 -0.11022E+03 -0.24742E+03
 -0.32525E+03 -0.33801E+03 -0.29089E+03 -0.23581E+03 -0.17386E+03 -0.11661E+03
 -0.52467E+02  0.28287E+01  0.48946E+02  0.95269E+02  0.13816E+03  0.12703E+03
  0.56232E+02 -0.31821E+01 -0.35900E+02 -0.39358E+02 -0.32456E+02 -0.24539E+01
  0.67903E+02  0.17143E+03  0.28112E+03  0.40118E+03  0.49285E+03  0.54134E+03
  0.42878E+03  0.18634E+03 -0.29395E+02 -0.16642E+03 -0.19800E+03 -0.12496E+03
  0.25385E+02  0.14174E+03  0.13458E+03  0.35021E+02 -0.73129E+02 -0.18393E+03
 -0.26792E+03 -0.34261E+03 -0.38214E+03 -0.37719E+03 -0.35063E+03 -0.30227E+03
 -0.26764E+03 -0.26905E+03 -0.28707E+03 -0.27540E+03 -0.21501E+03 -0.17645E+03
 -0.16153E+03 -0.11598E+03 -0.10119E+03 -0.16466E+03 -0.23975E+03 -0.23497E+03
 -0.19070E+03 -0.17393E+03 -0.14239E+03 -0.79240E+02 -0.10495E+02 -0.59228E+01
 -0.60942E+02 -0.83379E+02 -0.42465E+02  0.44389E+02  0.11902E+03  0.15175E+03
  0.14673E+03  0.13990E+03  0.15759E+03  0.20256E+03  0.23823E+03  0.25906E+03
  0.27669E+03  0.18402E+03 -0.29013E+02 -0.23076E+03 -0.38631E+03 -0.47782E+03
 -0.51210E+03 -0.50059E+03 -0.32999E+03 -0.10510E+03  0.10092E+03  0.26425E+03
  0.31997E+03  0.34192E+03  0.36763E+03  0.41660E+03  0.44270E+03  0.42347E+03
  0.37701E+03  0.37407E+03  0.36403E+03  0.32011E+03  0.30655E+03  0.30128E+03
  0.26381E+03  0.17707E+03  0.83969E+02  0.13669E+02 -0.42044E+02 -0.86543E+02
 -0.11854E+03 -0.10411E+03 -0.46869E+02 -0.43846E+02 -0.10791E+03 -0.15191E+03
 -0.15409E+03 -0.15855E+03 -0.17858E+03 -0.19741E+03 -0.13981E+03 -0.32051E+02
  0.38394E+02  0.86805E+02  0.14231E+03  0.19049E+03  0.20876E+03  0.21124E+03
  0.18111E+03  0.11512E+03  0.55294E+01 -0.12032E+03 -0.19682E+03 -0.22635E+03
 -0.24679E+03 -0.27130E+03 -0.28578E+03 -0.27861E+03 -0.24027E+03 -0.18135E+03
 -0.11887E+03 -0.60039E+02  0.19078E+01  0.34583E+02  0.39056E+02  0.39791E+02
  0.42950E+02  0.55770E+02  0.62834E+02  0.50403E+02  0.28230E+02  0.36865E+02
  0.52358E+02  0.44693E+02  0.33085E+02  0.39718E+02  0.63604E+02  0.84782E+02
  0.74034E+02  0.38375E+02  0.17333E+02  0.57537E+01 -0.20320E+02 -0.71224E+02
 -0.12143E+03 -0.13304E+03 -0.10545E+03 -0.50263E+02  0.13252E+02  0.45980E+02
  0.57862E+02  0.64177E+02  0.76773E+02  0.55280E+02 -0.41075E+02 -0.12701E+03
 -0.15488E+03 -0.15942E+03 -0.12684E+03 -0.61682E+02 -0.30212E+02 -0.26876E+02
 -0.14443E+02  0.40644E+02  0.72690E+02  0.78290E+02  0.10690E+03  0.13929E+03
  0.14191E+03  0.10855E+03  0.86106E+02  0.86242E+02  0.91838E+02  0.91519E+02
  0.91147E+02  0.59920E+02  0.53459E+00 -0.22341E+02 -0.83891E+01  0.10443E+02
  0.17586E+02  0.36294E+02  0.69398E+02  0.97075E+02  0.10394E+03  0.70163E+02
  0.23940E+02 -0.17233E+02 -0.58754E+02 -0.89504E+02 -0.99009E+02 -0.63928E+02
 -0.77612E+01  0.44999E+02  0.89733E+02  0.10517E+03  0.77778E+02  0.17024E+02
 -0.14892E+02 -0.27735E+02 -0.43370E+02 -0.60571E+02 -0.71485E+02 -0.77495E+02
 -0.88501E+02 -0.93436E+02 -0.88750E+02 -0.81290E+02 -0.78549E+02 -0.68995E+02
 -0.45130E+02 -0.11710E+02  0.19730E+02  0.58149E+02  0.10010E+03  0.12429E+03
  0.12657E+03  0.89674E+02  0.45050E+01 -0.91488E+02 -0.16572E+03 -0.20802E+03
 -0.22212E+03 -0.19205E+03 -0.13370E+03 -0.94087E+02 -0.56863E+02 -0.27302E+01
  0.70666E+02  0.14516E+03  0.17625E+03  0.17714E+03  0.12589E+03  0.46559E+02
 -0.28226E+02 -0.89791E+02 -0.11434E+03 -0.10943E+03 -0.57537E+02  0.13248E+02
  0.83927E+02  0.11424E+03  0.12318E+03  0.12800E+03  0.10764E+03  0.77466E+02
  0.57377E+02  0.46200E+02  0.26063E+02  0.37907E+01 -0.72612E+01  0.26944E+01
  0.23392E+02  0.31327E+02  0.24365E+02  0.21177E+02  0.20472E+02  0.21578E+02
  0.23778E+02  0.29704E+02  0.34474E+02  0.30097E+02  0.26150E+02  0.27752E+02
  0.35582E+02  0.34521E+02  0.63275E+01 -0.34288E+02 -0.74330E+02 -0.10062E+03
 -0.10683E+03 -0.11516E+03 -0.13042E+03 -0.13854E+03 -0.13058E+03 -0.11327E+03
 -0.96910E+02 -0.74200E+02 -0.49568E+02 -0.38758E+02 -0.41058E+02 -0.39625E+02
 -0.29082E+02 -0.17798E+02 -0.14490E+02 -0.12146E+02  0.24013E+01  0.36545E+02
  0.75628E+02  0.10475E+03  0.12850E+03  0.14809E+03  0.13879E+03  0.68114E+02
 -0.38382E+01 -0.35542E+02 -0.51246E+02 -0.63558E+02 -0.73893E+02 -0.71721E+02
 -0.50394E+02 -0.28704E+02 -0.14722E+02 -0.44925E+01 -0.60567E+01 -0.16676E+02
 -0.25970E+02 -0.28221E+02 -0.26513E+02 -0.20998E+02 -0.93317E+01  0.37717E+01
  0.67154E+01  0.74168E+01  0.23344E+02  0.56697E+02  0.80520E+02  0.74939E+02
  0.33337E+02 -0.34910E+01 -0.14334E+02 -0.23141E+02 -0.29810E+02 -0.24123E+02
  0.33943E+00  0.35523E+02  0.64701E+02  0.75875E+02  0.69761E+02  0.60750E+02
  0.56093E+02  0.48202E+02  0.34230E+02  0.22738E+02  0.24671E+02  0.39041E+02
  0.46461E+02  0.43384E+02  0.41719E+02  0.45125E+02  0.39987E+02  0.12872E+02
 -0.45417E+01  0.23028E+01  0.12726E+02  0.82718E+01 -0.73058E+01 -0.25256E+02
 -0.43549E+02 -0.48824E+02 -0.33337E+02 -0.11309E+02  0.55841E+01  0.13172E+02
  0.12268E+02 -0.16381E+02 -0.57936E+02 -0.75352E+02 -0.73519E+02 -0.69824E+02
 -0.77164E+02 -0.81730E+02 -0.75486E+02 -0.68978E+02 -0.71732E+02 -0.64712E+02
 -0.44193E+02 -0.20882E+02 -0.25344E+01  0.65893E+01  0.11800E+02  0.21899E+02
  0.47093E+02  0.73605E+02  0.89873E+02  0.90165E+02  0.74026E+02  0.44810E+02
  0.14897E+02 -0.24644E+01 -0.78560E+01 -0.12742E+02 -0.25903E+02 -0.39577E+02
 -0.39384E+02 -0.28948E+02 -0.16809E+02 -0.11956E+01  0.15835E+02  0.18635E+02
 -0.36147E+01 -0.28964E+02 -0.39125E+02 -0.38986E+02 -0.38887E+02 -0.36226E+02
 -0.27680E+02 -0.14081E+02  0.34065E+01  0.19394E+02  0.38691E+02  0.55352E+02
  0.57917E+02  0.47380E+02  0.41364E+02  0.39456E+02  0.28177E+02  0.18257E+02
  0.14501E+02  0.21749E+02  0.22690E+02  0.19487E+02  0.24741E+02  0.29962E+02
  0.28020E+02  0.25756E+02  0.32562E+02  0.39119E+02  0.39799E+02  0.32426E+02
  0.16820E+02  0.58692E+00 -0.16809E+02 -0.42583E+02 -0.65153E+02 -0.81420E+02
 -0.83661E+02 -0.79588E+02 -0.68933E+02 -0.44886E+02 -0.11125E+02  0.21710E+02
  0.39491E+02  0.47711E+02  0.52682E+02  0.55434E+02  0.53189E+02  0.40288E+02
  0.18665E+02 -0.58661E+01 -0.18346E+02 -0.12805E+02 -0.95034E+00  0.20492E+01
 -0.86797E+01 -0.21294E+02 -0.35934E+02 -0.44620E+02 -0.39403E+02 -0.20830E+02
 -0.41908E+01  0.53111E+01  0.83870E+01  0.40093E+01 -0.41373E+01 -0.14675E+02
 -0.30035E+02 -0.46023E+02 -0.50684E+02 -0.38041E+02 -0.19100E+02 -0.12935E+02
 -0.19266E+02 -0.21573E+02 -0.66247E+01  0.13771E+02  0.26395E+02  0.32521E+02
  0.33316E+02  0.22724E+02  0.50632E+01 -0.62397E+01 -0.94095E+00  0.10657E+02
  0.87342E+01 -0.50170E+01 -0.12904E+02 -0.16611E+02 -0.23143E+02 -0.25286E+02
 -0.18774E+02  0.10514E+01  0.21627E+02  0.31283E+02  0.29618E+02  0.20932E+02
  0.59574E+01 -0.11251E+02 -0.24336E+02 -0.21121E+02  0.54201E+01  0.33202E+02
  0.45339E+02  0.50470E+02  0.53660E+02  0.51370E+02  0.37627E+02  0.17615E+02
 -0.39414E+01 -0.26673E+02 -0.38106E+02 -0.31302E+02 -0.19112E+02 -0.13440E+02
 -0.13661E+02 -0.22425E+02 -0.32143E+02 -0.38335E+02 -0.43330E+02 -0.50533E+02
 -0.56565E+02 -0.57544E+02 -0.53098E+02 -0.41583E+02 -0.23820E+02  0.18845E+01
  0.29677E+02  0.48684E+02  0.60640E+02  0.69690E+02  0.67913E+02  0.48206E+02
  0.29032E+02  0.16198E+02  0.35639E+00 -0.15513E+02 -0.25167E+02 -0.22986E+02
 -0.21741E+02 -0.23611E+02 -0.25777E+02 -0.23819E+02 -0.13023E+02 -0.88931E+01
 -0.10631E+02 -0.75309E+01  0.10650E+01  0.11121E+02  0.15682E+02  0.20540E+02
  0.21283E+02  0.20931E+02  0.21788E+02  0.19903E+02  0.15101E+02  0.58188E+01
 -0.85675E+01 -0.22624E+02 -0.35071E+02 -0.48156E+02 -0.56677E+02 -0.56376E+02
 -0.43612E+02 -0.28102E+02 -0.13671E+02 -0.35207E+01  0.68565E+01  0.19377E+02
  0.31334E+02  0.42009E+02  0.42016E+02  0.33802E+02  0.22056E+02  0.11308E+02
  0.10418E+01 -0.33489E+01  0.98572E+00  0.41656E+01  0.49774E+01  0.86553E+00
 -0.30547E+01 -0.67041E+01 -0.84467E+01 -0.22387E+01  0.72646E+01  0.15625E+02
  0.16708E+02  0.69610E+01 -0.78383E+01 -0.18837E+02 -0.20950E+02 -0.12197E+02
 -0.26039E+01 -0.27344E+01 -0.43148E+01  0.14283E+01  0.16293E+02  0.30384E+02
  0.37199E+02  0.34070E+02  0.17321E+02 -0.17397E+01 -0.13073E+02 -0.11896E+02
 -0.45679E+01 -0.18618E+01 -0.42971E+01  0.27862E+00  0.89725E+01  0.21640E+02
  0.36357E+02  0.41987E+02  0.31936E+02  0.80610E+01 -0.83722E+01 -0.79140E+01
  0.35659E+01  0.17364E+02  0.26839E+02  0.28366E+02  0.23279E+02  0.13947E+02
  0.80207E+01  0.86177E+01  0.77081E+01  0.17402E+01 -0.79799E+01 -0.18771E+02
 -0.32284E+02 -0.45068E+02 -0.51273E+02 -0.52694E+02 -0.46327E+02 -0.35800E+02
 -0.28272E+02 -0.29913E+02 -0.34380E+02 -0.31662E+02 -0.24259E+02 -0.14451E+02
 -0.65212E+01 -0.40030E+01 -0.47072E+01 -0.66671E+01 -0.52629E+01  0.15100E+01
  0.92371E+01  0.16908E+02  0.24595E+02  0.33488E+02  0.35510E+02  0.27839E+02
  0.19287E+02  0.14829E+02  0.13349E+02  0.75579E+01  0.23730E+01  0.24405E+01
  0.81438E+00 -0.29358E+01 -0.11677E+02 -0.16831E+02 -0.12795E+02 -0.11004E+02
 -0.12540E+02 -0.92051E+01  0.24876E+01  0.12713E+02  0.14999E+02  0.12296E+02
  0.10360E+02  0.12905E+02  0.14420E+02  0.15608E+02  0.24038E+02  0.35887E+02
  0.44588E+02  0.50761E+02  0.51848E+02  0.45116E+02  0.35665E+02  0.30370E+02
  0.22796E+02  0.88997E+01 -0.41569E+01 -0.16190E+02 -0.27860E+02 -0.34480E+02
 -0.33284E+02 -0.24453E+02 -0.15596E+02 -0.13684E+02 -0.17545E+02 -0.24290E+02
 -0.31197E+02 -0.38685E+02 -0.43672E+02 -0.43300E+02 -0.38926E+02 -0.38195E+02
 -0.40451E+02 -0.42511E+02 -0.39682E+02 -0.31724E+02 -0.21380E+02 -0.10137E+02
 -0.52503E+01  0.42391E+01  0.19612E+02  0.34147E+02  0.42310E+02  0.41055E+02
  0.30555E+02  0.16530E+02  0.25520E+01 -0.94476E+00  0.90030E+01  0.19181E+02
  0.24654E+02  0.31464E+02  0.35369E+02  0.25499E+02  0.12379E+02  0.26432E+01
 -0.28348E+01 -0.58322E+01 -0.59616E+01 -0.17381E+01 -0.17989E+01 -0.39082E+01
 -0.62012E+00  0.11865E+01 -0.12424E+01 -0.71116E+01 -0.15418E+02 -0.22743E+02
 -0.24255E+02 -0.19897E+02 -0.14366E+02 -0.32049E+01  0.59184E+01  0.10298E+02
  0.13585E+02  0.80723E+01  0.32591E+01  0.15620E+01  0.28390E+01  0.62283E+01
  0.11523E+02  0.14314E+02  0.10512E+02  0.91019E+01  0.80970E+01  0.12874E+02
  0.17938E+02  0.20432E+02  0.19714E+02  0.13980E+02  0.92355E+01  0.73695E+01
  0.67729E+01  0.92772E+00 -0.65750E+01 -0.14432E+02 -0.18569E+02 -0.16172E+02
 -0.11442E+02 -0.73592E+01 -0.10636E+02 -0.86676E+01 -0.47484E+01 -0.24487E+01
  0.47175E+01  0.84564E+01  0.61139E+01  0.26557E+01  0.34793E+01  0.55138E+01
  0.95926E+01  0.12107E+02  0.11715E+02  0.75543E+01  0.50240E+01  0.98719E+01
  0.16503E+02  0.10292E+02 -0.54060E+01 -0.13284E+02 -0.14172E+02 -0.91019E+01
 -0.51703E+00  0.11052E+02  0.91261E+01  0.65550E+00 -0.58046E+01 -0.83467E+01
 -0.55013E+01 -0.54002E+01 -0.25611E+01  0.98642E+00 -0.14793E+01 -0.57169E+01
 -0.68709E+01 -0.22811E+01  0.60797E+01  0.74416E+01  0.65443E+01  0.10420E+02
  0.16475E+02  0.12773E+02  0.64162E+01  0.98285E+01  0.13332E+02  0.13452E+02
  0.20025E+02  0.22455E+02  0.14824E+02  0.45212E+01 -0.48578E+01 -0.11714E+02
 -0.21386E+02 -0.24563E+02 -0.16256E+02 -0.42893E+01 -0.28357E+00 -0.40377E+00
 -0.17063E+01 -0.72477E+01 -0.93209E+01 -0.16440E+01  0.83565E+01  0.32185E+01
 -0.78513E+01 -0.13720E+02 -0.96584E+01 -0.98451E+01 -0.12584E+02 -0.64088E+01
  0.14411E+01  0.12747E+02  0.26866E+02  0.43631E+02  0.50703E+02  0.44236E+02
  0.30283E+02  0.10821E+02 -0.71305E+01 -0.21506E+02 -0.35775E+02 -0.44557E+02
 -0.42168E+02 -0.28466E+02 -0.11834E+02  0.19327E+01  0.56990E+01  0.26191E+01
  0.10593E+01 -0.33701E+01 -0.96168E+01 -0.14948E+02 -0.16354E+02 -0.16373E+02
 -0.12493E+02 -0.11625E+02 -0.12778E+02 -0.17215E+02 -0.19326E+02 -0.14004E+02
 -0.72828E+01  0.27397E+01  0.94317E+01  0.14159E+02  0.16014E+02  0.16544E+02
  0.18422E+02  0.16199E+02  0.97316E+01 -0.75335E+00 -0.93572E+01 -0.15723E+02
 -0.14756E+02 -0.10400E+02 -0.35348E+01 -0.36904E+01 -0.20776E+02 -0.44125E+02
 -0.44524E+02 -0.18494E+02  0.14362E+01  0.54186E+01 -0.20878E+01 -0.99325E+01
 -0.20334E+02 -0.20699E+02 -0.15406E+02 -0.14588E+02 -0.10475E+02 -0.30739E+01
 -0.77503E+01 -0.17095E+02 -0.13392E+02 -0.23220E+01  0.72904E+01  0.20227E+02
  0.34247E+02  0.41608E+02  0.37035E+02  0.25234E+02  0.96470E+01 -0.28931E+01
 -0.11926E+01  0.41075E+01  0.35561E+01 -0.38198E+01 -0.13296E+02 -0.13316E+02
 -0.87946E+01 -0.89672E+01 -0.16151E+02 -0.19703E+02 -0.14913E+02 -0.15607E+02
 -0.17559E+02 -0.16389E+02 -0.82323E+01  0.14036E+01  0.14900E+02  0.20875E+02
  0.16710E+02  0.10604E+02  0.74168E+01  0.13785E+02  0.21768E+02  0.28024E+02
  0.31304E+02  0.26212E+02  0.15668E+02  0.11674E+02  0.89676E+01  0.58650E+01
  0.23665E+01  0.41436E+00 -0.16104E+01 -0.53382E+01 -0.30617E+01  0.54237E+00
 -0.19466E+01 -0.69250E+01 -0.10065E+02 -0.15517E+02 -0.13914E+02 -0.10024E+02
 -0.44474E+01  0.39078E+01  0.99716E+01  0.10612E+02  0.69084E+01  0.30031E+01
 -0.60738E+00 -0.82164E+00 -0.29839E+00  0.39316E+00 -0.10169E+02 -0.23797E+02
 -0.27183E+02 -0.22199E+02 -0.13548E+02 -0.41180E+01  0.26823E+01  0.73944E+01
  0.10415E+02  0.77187E+01  0.25717E+01 -0.45555E+01 -0.83394E+01 -0.11707E+02
 -0.14234E+02 -0.10687E+02 -0.42681E+01  0.12593E+01  0.42631E+01 -0.17543E+01
 -0.12529E+02 -0.21089E+02 -0.26090E+02 -0.24281E+02 -0.15020E+02 -0.41692E+01
  0.30377E+01  0.85360E+01  0.15266E+02  0.18193E+02  0.15019E+02  0.11442E+02
  0.10123E+02  0.10815E+02  0.12654E+02  0.16790E+02  0.20939E+02  0.20275E+02
  0.18169E+02  0.15198E+02  0.85177E+01  0.23603E+01 -0.14042E+01 -0.45454E+01
 -0.95097E+01 -0.79351E+01 -0.34422E+01  0.53987E+01  0.10095E+02  0.16415E+02
  0.20703E+02  0.17997E+02  0.17995E+02  0.17630E+02  0.20279E+02  0.21783E+02
  0.23435E+02  0.24049E+02  0.20073E+02  0.15392E+02  0.10163E+02  0.41529E+01
  0.17508E+01 -0.11130E+01 -0.51774E+01 -0.12418E+02 -0.15552E+02 -0.14520E+02
 -0.12060E+02 -0.10142E+02 -0.12333E+02 -0.15171E+02 -0.19143E+02 -0.19030E+02
 -0.11027E+02 -0.23497E+01  0.63712E-01 -0.21346E+01 -0.85821E+01 -0.14611E+02
 -0.15843E+02 -0.14695E+02 -0.10988E+02 -0.74261E+01 -0.44003E+01  0.10464E+01
  0.12140E+01  0.56787E+01  0.11493E+02  0.13070E+02  0.12177E+02  0.10692E+02
  0.90090E+01  0.71870E+01  0.70408E+01  0.60184E+01  0.25617E+01 -0.31852E+01
 -0.79489E+01 -0.80159E+01 -0.68735E+01 -0.61894E+01 -0.45005E+01 -0.57416E+01
 -0.58299E+01 -0.82782E+01 -0.81087E+01 -0.13428E+01  0.61662E+01  0.10289E+02
  0.10042E+02  0.10711E+02  0.13438E+02  0.18103E+02  0.21942E+02  0.21394E+02
  0.14163E+02  0.42234E+01 -0.29452E+01 -0.55741E+01 -0.40311E+01 -0.37541E+01
 -0.58020E+01 -0.10418E+02 -0.14191E+02 -0.16246E+02 -0.20906E+02 -0.21747E+02
 -0.23356E+02 -0.19930E+02 -0.17952E+02 -0.14311E+02 -0.88749E+01 -0.11377E+02
 -0.12714E+02 -0.13991E+02 -0.13855E+02 -0.10557E+02 -0.31915E+01  0.39807E+01
  0.10419E+02  0.16366E+02  0.19032E+02  0.19170E+02  0.20899E+02  0.21619E+02
  0.21112E+02  0.20249E+02  0.17787E+02  0.16913E+02  0.18678E+02  0.14928E+02
  0.12818E+02  0.13783E+02  0.13483E+02  0.64143E+01 -0.21168E+01 -0.94675E+01
 -0.11269E+02 -0.10550E+02 -0.11131E+02 -0.11099E+02 -0.16393E+02 -0.17898E+02
 -0.18029E+02 -0.14572E+02 -0.94346E+01 -0.53145E+01 -0.69787E+00  0.31288E+01
  0.92355E+01  0.11348E+02  0.10655E+02  0.84752E+01  0.14321E+01 -0.39777E+01
 -0.57540E+01 -0.11397E+01  0.55075E+01  0.10270E+02  0.10283E+02  0.63679E+01
  0.51328E+01  0.29206E+01 -0.45049E+00 -0.34411E+01 -0.62532E+01 -0.68072E+01
 -0.78581E+01 -0.62850E+01 -0.65549E+01 -0.56710E+01 -0.64164E+01 -0.57205E+01
 -0.64862E+00  0.21792E+01  0.62153E+01  0.84357E+01  0.85875E+01  0.32039E+01
 -0.17260E+01 -0.96472E+01 -0.14479E+02 -0.18461E+02 -0.20786E+02 -0.22058E+02
 -0.22458E+02 -0.18667E+02 -0.15864E+02 -0.13702E+02 -0.12283E+02 -0.98192E+01
 -0.50399E+01  0.32272E+01  0.11425E+02  0.15711E+02  0.13894E+02  0.82003E+01
  0.44162E+01  0.41702E+01  0.44178E+01  0.79027E+01  0.99015E+01  0.78364E+01
  0.68238E+01  0.84409E+01  0.66230E+01  0.61244E+01  0.76193E+01  0.87890E+01
  0.12672E+02  0.14420E+02  0.17377E+02  0.19048E+02  0.18392E+02  0.16485E+02
  0.15334E+02  0.14370E+02  0.86029E+01  0.14304E+01 -0.61711E+01 -0.12218E+02
 -0.12416E+02 -0.98787E+01 -0.87090E+01 -0.71778E+01 -0.82242E+01 -0.11714E+02
 -0.10484E+02 -0.63759E+01 -0.46514E+01 -0.37289E+01 -0.14588E+01 -0.25740E+00
  0.83720E+00  0.75942E+00 -0.38474E+01 -0.11795E+01  0.31339E+01  0.64509E+01
  0.11522E+02  0.13318E+02  0.13479E+02  0.10651E+02  0.64308E+01  0.50089E+01
  0.65169E+01  0.71718E+01  0.58645E+01  0.53008E+01  0.75388E+01  0.90882E+01
  0.94672E+01  0.13039E+02  0.15071E+02  0.11522E+02  0.46658E+01 -0.26236E+01
 -0.61108E+01 -0.81074E+01 -0.93910E+01 -0.10084E+02 -0.98095E+01 -0.12855E+02
 -0.17483E+02 -0.19613E+02 -0.17074E+02 -0.13060E+02 -0.12562E+02 -0.84205E+01
 -0.40174E+01 -0.11346E+01  0.52178E+00  0.39324E+01  0.10786E+02  0.16666E+02
  0.22946E+02  0.26031E+02  0.25208E+02  0.22195E+02  0.17312E+02  0.12029E+02
  0.64651E+01  0.18787E+01 -0.33594E+01 -0.88490E+01 -0.10141E+02 -0.87286E+01
 -0.77408E+01 -0.82460E+01 -0.91939E+01 -0.84267E+01 -0.10101E+02 -0.80933E+01
 -0.64110E+01 -0.49964E+01 -0.38976E+00  0.37202E+01  0.63617E+01  0.52234E+01
  0.48040E+01  0.30483E+01 -0.13272E+01 -0.56630E+01 -0.60950E+01 -0.71277E+01
 -0.10754E+02 -0.11550E+02 -0.10331E+02 -0.70803E+01 -0.74356E+01 -0.11273E+02
 -0.11559E+02 -0.12691E+02 -0.12423E+02 -0.10865E+02 -0.91337E+01 -0.44084E+01
 -0.43360E+01 -0.32670E+01 -0.25864E+01 -0.51740E+00  0.13041E+01  0.92998E+00
  0.93620E+00 -0.11328E+01 -0.44795E+01 -0.53938E+01 -0.71397E+01 -0.99156E+01
 -0.98979E+01 -0.98397E+01 -0.78442E+01 -0.44609E+01 -0.53181E+01 -0.90899E+01
 -0.11403E+02 -0.57850E+01  0.47582E+00  0.49232E+01  0.71843E+01  0.10030E+02
  0.11178E+02  0.94071E+01  0.88650E+01  0.30616E+01 -0.21440E+01 -0.50735E+01
 -0.29496E+01 -0.21791E+01  0.38899E+00 -0.19713E+01 -0.32474E+01 -0.17890E+00
  0.19346E+01  0.54236E+01  0.22190E+01 -0.16466E+01 -0.31309E+01 -0.21970E+01
 -0.20896E+01  0.13734E+01  0.50972E+01  0.32545E+01  0.18922E+01  0.30774E+01
  0.64965E+01  0.89713E+01  0.83308E+01  0.79912E+01  0.99253E+01  0.14623E+02
  0.14395E+02  0.14853E+02  0.14489E+02  0.95815E+01  0.15931E+01 -0.33206E+01
 -0.79264E+01 -0.93185E+01 -0.97514E+01 -0.95448E+01 -0.55486E+01 -0.77599E+01
 -0.77956E+01 -0.74402E+01 -0.41741E+01  0.17437E+01  0.52677E+01  0.95589E+01
  0.99587E+01  0.85474E+01  0.73738E+01  0.54624E+01  0.35405E+01 -0.27735E+01
 -0.93930E+01 -0.11503E+02 -0.13034E+02 -0.12839E+02 -0.12014E+02 -0.94180E+01
 -0.37859E+01 -0.10177E+01  0.41139E+01  0.12104E+02  0.15270E+02  0.15664E+02
  0.12141E+02  0.96200E+01  0.84239E+01  0.70978E+01  0.93927E+01  0.88000E+01
  0.61016E+01  0.30465E+01  0.32478E+01  0.40654E+01  0.31536E+01  0.20696E+01
  0.20410E+01  0.52758E+00 -0.35823E+01 -0.56418E+01 -0.61342E+01 -0.91741E+01
 -0.92565E+01 -0.78252E+01 -0.82439E+01 -0.78327E+01 -0.99023E+01 -0.99895E+01
 -0.68091E+01 -0.49746E+01 -0.46627E+01 -0.69328E+01 -0.11148E+02 -0.10293E+02
 -0.75470E+01 -0.46980E+01 -0.32592E+01 -0.65943E+01 -0.72293E+01 -0.68860E+01
 -0.46204E+01 -0.40490E+01 -0.56724E+01 -0.23907E+00  0.33846E+01  0.48467E+01
  0.54451E+01  0.98238E+01  0.12564E+02  0.94426E+01  0.64001E+01  0.49821E+01
  0.35860E+01  0.43981E+00 -0.24472E+01 -0.24237E+01 -0.87695E-02  0.30890E+01
  0.81933E+01  0.36994E+01 -0.38930E+01 -0.90741E+01 -0.57285E+01  0.13368E+01
  0.44691E+01  0.58141E+01  0.41642E+01  0.34988E+01  0.52222E+01  0.55421E+01
  0.53821E+01  0.48952E+01  0.42069E+01  0.47871E+01  0.57513E+01  0.11609E+02
  0.11870E+02  0.96803E+01  0.68471E+01  0.30459E+01  0.12605E+01  0.90435E-01
 -0.38772E+01 -0.47373E+01 -0.50249E+01 -0.40372E+01 -0.12244E+01  0.29197E+01
  0.57042E+01  0.75044E+01  0.78660E+01  0.72078E+01  0.57981E+01  0.16576E+01
  0.11837E+01  0.56696E+00  0.99978E+00 -0.36826E+00 -0.23676E+01 -0.11696E+01
  0.11189E+01 -0.16567E+00 -0.95381E+00 -0.22130E+01 -0.86557E+00  0.17569E+01
  0.39448E+01  0.44480E+01  0.34150E+01  0.90984E+00  0.60745E-01  0.29757E+01
  0.73980E+01  0.10380E+02  0.10234E+02  0.94634E+01  0.61986E+01  0.54154E+01
  0.31151E+01  0.19955E+01  0.15358E+01  0.18425E+01 -0.17197E+00 -0.79211E+00
 -0.71990E-01 -0.15774E-01 -0.48402E+00 -0.12696E+01 -0.21765E+01 -0.39201E+01
 -0.41751E+01 -0.71556E+01 -0.85154E+01 -0.86439E+01 -0.93832E+01 -0.11170E+02
 -0.11872E+02 -0.12343E+02 -0.11675E+02 -0.10945E+02 -0.10501E+02 -0.71380E+01
 -0.40686E+01 -0.23021E+01  0.62011E-01  0.27187E+01  0.44891E+01  0.43982E+01
  0.46269E+01  0.53024E+01  0.59618E+01  0.54337E+01  0.75247E+01  0.11791E+02
  0.15226E+02  0.15389E+02  0.13645E+02  0.10131E+02  0.75460E+01  0.75143E+01
  0.61330E+01  0.67354E+01  0.96736E+01  0.95966E+01  0.89986E+01  0.10703E+02
  0.84347E+01  0.43002E+01 -0.34959E+00 -0.36484E+01 -0.33578E+01 -0.30267E+01
 -0.29672E+01 -0.41342E+01 -0.31555E+01 -0.13716E+01 -0.15170E+01 -0.13639E+01
 -0.32640E+01 -0.77864E+01 -0.62055E+01 -0.73712E+01 -0.84800E+01 -0.52267E+01
 -0.44698E+01 -0.47452E+01 -0.70216E+01 -0.43142E+01 -0.37592E+01 -0.28298E+01
 -0.45262E+01 -0.69054E+01 -0.71199E+01 -0.63684E+01 -0.44774E+01 -0.44907E+01
 -0.29937E+01 -0.15778E+01 -0.43334E+00  0.71079E+00  0.89344E+00 -0.72435E+00
 -0.38211E+01 -0.33231E+01 -0.18547E+01 -0.92129E+00 -0.50346E+00 -0.34579E+00
  0.14001E+01  0.11468E+01  0.18053E+01  0.20281E+01  0.19456E+01  0.28069E+01
  0.47735E+01  0.74373E+01  0.56918E+01  0.28378E+01  0.10406E+01  0.40863E+00
 -0.19296E+01 -0.32577E+01 -0.21043E+00  0.41932E+00 -0.71014E-01  0.76339E+00
  0.46839E+01  0.66460E+01  0.73347E+01  0.51196E+01  0.34216E+01 -0.12113E+01
 -0.84708E+01 -0.69658E+01 -0.64862E+01 -0.71047E+01 -0.58147E+01 -0.43220E+01
 -0.20840E+01 -0.28957E+01 -0.39149E+01 -0.42713E+01 -0.53061E+01 -0.87306E+01
 -0.10929E+02 -0.88052E+01 -0.94384E+01 -0.11409E+02 -0.94924E+01 -0.84359E+01
 -0.76940E+01 -0.81305E+01 -0.69839E+01 -0.30658E+01 -0.28222E+01 -0.29615E+01
 -0.38491E+01 -0.19677E+01 -0.11305E+00  0.22263E+01  0.56392E+01  0.61677E+01
  0.93552E+01  0.74783E+01  0.44500E+01  0.25422E+01  0.22597E+01 -0.55016E+00
 -0.29231E+01 -0.93420E+00  0.61146E+00  0.15660E+01  0.17440E+01  0.30117E+01
  0.82597E+00  0.23204E+01  0.43991E+01  0.61356E+01  0.69675E+01  0.54016E+01
  0.40150E+01  0.17959E+01  0.14093E+01  0.17761E+01  0.19918E+01 -0.14509E+01
 -0.26347E+01 -0.41465E+01 -0.25234E+01  0.15670E+00  0.11930E+01  0.26889E+01
  0.22836E+01  0.54618E+01  0.47397E+01  0.46419E+01  0.46598E+01  0.52793E+01
  0.28489E+01  0.53733E+00  0.74965E+00  0.11229E+00 -0.49080E+00  0.31756E+00
  0.36178E+01  0.53664E+01  0.26138E+01 -0.69912E+00 -0.44482E+01 -0.12974E+02
 -0.16063E+02 -0.13684E+02 -0.90172E+01 -0.43615E+01  0.65810E+00  0.10741E+01
  0.79882E+00 -0.23699E+00 -0.55373E+00 -0.37971E+00 -0.62147E+00 -0.25950E-01
 -0.16638E+00  0.76290E+00  0.10564E+00 -0.23384E+00 -0.24843E+01 -0.22737E+01
 -0.13275E+01 -0.82004E+00  0.82073E+00 -0.13974E+01 -0.20870E+01 -0.12031E+01
 -0.46424E+01 -0.85267E+01 -0.91382E+01 -0.94688E+01 -0.82434E+01 -0.60446E+01
 -0.53680E+01 -0.36659E+01 -0.30466E+01 -0.10703E+01 -0.93405E-01  0.72613E+00
 -0.18243E+00  0.20691E+01  0.48717E+01  0.58881E+01  0.61633E+01  0.62126E+01
  0.44996E+01  0.32189E+01  0.32646E+01  0.37832E+01  0.51526E+01  0.44638E+01
  0.65458E+01  0.64873E+01  0.38242E+01  0.18393E+01  0.20286E+01  0.53763E+01
  0.93779E+01  0.11652E+02  0.13512E+02  0.14205E+02  0.11136E+02  0.63876E+01
  0.34087E+01 -0.13095E+01 -0.39559E+01 -0.87497E+00  0.75003E+00  0.21800E+01
  0.83821E+00 -0.24778E+01 -0.52282E+01 -0.68888E+01 -0.76418E+01 -0.82668E+01
 -0.68505E+01 -0.38355E+01 -0.15236E+01  0.17978E+01  0.54428E+01  0.65293E+01
  0.70283E+01  0.65471E+01  0.59575E+01  0.22379E+01  0.13560E+01 -0.12318E+00
 -0.34955E+01 -0.46509E+01 -0.67669E+01 -0.96796E+01 -0.13351E+02 -0.10748E+02
 -0.73110E+01 -0.85928E+01 -0.68551E+01 -0.36137E+01 -0.32818E+01 -0.22779E+01
 -0.21578E+01 -0.37774E+00  0.28535E+01  0.19506E+01  0.22832E+01  0.33780E+01
 -0.55079E+00 -0.46618E+01 -0.32416E+01 -0.31139E+01 -0.78418E+00  0.15344E+00
 -0.27838E+00  0.12169E+01  0.37081E+00 -0.13617E+01 -0.13626E+01 -0.25719E+01
 -0.50805E+01 -0.18736E+01 -0.59750E+00 -0.87299E+00 -0.45035E+00 -0.30891E+01
 -0.26122E+01 -0.18612E+01 -0.20539E+01 -0.13260E+01 -0.14081E+01  0.65295E+00
  0.30753E+01  0.58268E+01  0.88098E+01  0.11941E+02  0.11607E+02  0.12498E+02
  0.10856E+02  0.86794E+01  0.85335E+01  0.84020E+01  0.54436E+01  0.26514E+01
  0.13292E-01 -0.34918E+01  0.59022E+00  0.24485E+01  0.66786E+01  0.82513E+01
  0.90282E+01  0.13331E+02  0.13128E+02  0.11774E+02  0.81442E+01  0.70481E+01
  0.60370E+01  0.47223E+01  0.50874E+01  0.49828E+01  0.85974E+01  0.10786E+02
  0.10048E+02  0.60224E+01  0.10103E+01 -0.21039E+01 -0.32093E+01 -0.34483E+01
 -0.46788E+01 -0.50313E+01 -0.70173E+01 -0.83509E+01 -0.12038E+02 -0.13894E+02
 -0.13928E+02 -0.14577E+02 -0.13431E+02 -0.14558E+02 -0.14633E+02 -0.14540E+02
 -0.14296E+02 -0.15132E+02 -0.13921E+02 -0.13608E+02 -0.12243E+02 -0.10281E+02
 -0.94614E+01 -0.92760E+01 -0.79068E+01 -0.94418E+01 -0.12482E+02 -0.10789E+02
 -0.75461E+01 -0.53092E+01  0.18619E-01  0.57530E+01  0.79749E+01  0.77222E+01
  0.59751E+01  0.78377E+01  0.29438E+01  0.37199E+01  0.43309E+01  0.38086E+00
 -0.23374E+01 -0.28833E+01  0.47234E+00  0.29677E+00 -0.26594E+01 -0.18451E+01
  0.10262E+01  0.15829E+01  0.96282E+00  0.29834E+00  0.15969E+01  0.29861E+00
  0.40683E+01  0.62208E+01  0.66156E+01  0.92331E+01  0.14208E+02  0.17497E+02
  0.13556E+02  0.12493E+02  0.13297E+02  0.14135E+02  0.14694E+02  0.13188E+02
  0.13242E+02  0.12713E+02  0.99609E+01  0.98957E+01  0.84195E+01  0.51459E+01
  0.34709E+01  0.36676E+01  0.24420E+01  0.33049E+01  0.38898E+01  0.29041E+01
  0.25770E+01  0.42938E+01  0.38374E+01  0.53626E+01  0.91138E+01  0.10156E+02
  0.10624E+02  0.11289E+02  0.70753E+01  0.45181E+01  0.14532E+01 -0.39007E+01
 -0.19206E+01 -0.24704E+01 -0.12073E+01 -0.12257E+01 -0.10361E+01 -0.72323E+00
 -0.18405E+01 -0.56938E+00 -0.23863E+01 -0.32401E+01  0.57325E+00  0.18202E+01
  0.10684E+01 -0.14126E+01 -0.33942E+01 -0.73613E+01 -0.10428E+02 -0.91854E+01
 -0.68972E+01 -0.39687E+01 -0.36055E+01 -0.19368E+01  0.33736E+01  0.43476E+01
 -0.98825E+00 -0.92334E+01 -0.12059E+02 -0.11223E+02 -0.13493E+02 -0.12646E+02
 -0.12106E+02 -0.11345E+02 -0.12002E+02 -0.10589E+02 -0.77601E+01 -0.93474E+01
 -0.90874E+01 -0.74439E+01 -0.56117E+01 -0.15529E+01 -0.46344E+00  0.10607E+01
  0.26806E+00 -0.15342E+01 -0.17777E+01 -0.68801E+00 -0.30224E+01 -0.26480E+01
  0.40058E+01  0.62631E+01  0.59297E+01  0.34528E+01  0.19536E+01  0.14322E+01
  0.11042E+01 -0.93545E-01 -0.16775E+01 -0.28416E+01  0.15347E+01  0.38982E+01
  0.57803E+01  0.32620E+01  0.22243E+01  0.79547E+00 -0.21452E+01  0.27905E+01
  0.64606E+01  0.92157E+01  0.11054E+02  0.11320E+02  0.86880E+01  0.58273E+01
  0.29394E+01 -0.16655E+01 -0.30736E+01 -0.20129E+01 -0.20254E+01 -0.11800E+01
 -0.26915E+01 -0.18074E+01 -0.11633E+01 -0.20471E+00  0.81070E+00 -0.29268E+00
 -0.15858E+01 -0.53352E+01 -0.66679E+01 -0.42713E+01  0.89589E-01  0.93324E+00
  0.35284E+00  0.71265E+00 -0.81565E+00 -0.22293E+01 -0.26068E+01 -0.45103E+01
 -0.51986E+01 -0.42259E+01 -0.47377E+01 -0.30548E+01 -0.29553E+01 -0.27521E+01
 -0.21887E+01 -0.30119E+01 -0.74543E+00  0.35320E+00 -0.17121E+01 -0.49147E+01
 -0.53007E+01 -0.44997E+01 -0.56678E+01 -0.48322E+01 -0.38675E+01 -0.27066E+01
 -0.51407E+01 -0.59456E+01 -0.36707E+01 -0.40675E+01 -0.34278E+01 -0.80294E+00
 -0.22618E+01 -0.52857E+01 -0.52869E+01 -0.31732E+01 -0.15764E+01 -0.51477E+01
 -0.24458E+01 -0.82748E+00  0.17850E+01  0.11535E+01 -0.22993E+01 -0.25848E+01
  0.61533E+00  0.70971E+01  0.98706E+01  0.11295E+02  0.70624E+01 -0.23695E+00
 -0.32982E+01 -0.30082E+01 -0.27202E+01 -0.91416E+00 -0.62353E+00 -0.86296E+00
 -0.65962E+00 -0.14558E+01 -0.65874E+00 -0.42965E+00 -0.17944E+01  0.90233E+00
 -0.16978E+01 -0.50579E+00  0.19545E+01  0.37617E+01  0.44389E+01  0.88445E+00
 -0.28617E+00  0.74770E+00  0.17153E+01 -0.31298E+00 -0.16517E+01 -0.63442E+01
 -0.10843E+02 -0.10731E+02 -0.99490E+01 -0.67519E+01  0.75201E+00  0.26919E+01
  0.38726E+01  0.53058E+01  0.62122E+01  0.56321E+01  0.61386E+01  0.90083E+01
  0.83579E+01  0.60930E+01  0.65791E+01  0.61838E+01  0.32917E+01  0.11943E+01
  0.22393E+01  0.28789E+01  0.58296E+00 -0.14153E+01 -0.53069E+01 -0.34558E+01
 -0.20015E+01 -0.26565E+01 -0.31854E+01 -0.40449E+01 -0.45598E+01 -0.38047E+01
  0.31912E+00  0.25669E+00  0.13371E+01  0.38912E+01  0.12909E+02  0.24802E+02
  0.23844E+02  0.13243E+02 -0.13739E+01 -0.12034E+02 -0.16530E+02 -0.20504E+02
 -0.17904E+02 -0.86659E+01 -0.13018E+01  0.12035E+01  0.22373E+01  0.36473E+01
  0.40834E+01  0.31803E+01  0.80872E+01  0.12557E+02  0.10143E+02  0.60015E+01
  0.30310E+01  0.23017E+01 -0.94677E-01  0.18161E+01  0.26497E+01 -0.36760E+01
 -0.37994E+01  0.15090E+01  0.61200E+01  0.65945E+01  0.25053E+01 -0.37336E+00
 -0.43802E+01 -0.96529E+01 -0.10447E+02 -0.90442E+01 -0.90791E+01 -0.89090E+01
 -0.63535E+01 -0.26790E+01 -0.89745E+00  0.20522E+01  0.54692E+01  0.57516E+01
  0.38826E+01 -0.28213E+00 -0.35605E+01 -0.11292E+01  0.24057E+01  0.33199E+01
  0.48499E+00 -0.22483E+01 -0.31080E+01 -0.35353E+01 -0.53161E+01 -0.33986E+01
 -0.31962E+01 -0.21365E+01  0.27667E+01  0.78553E+01  0.89021E+01  0.77549E+01
  0.67233E+01  0.62087E+01  0.67171E+01  0.44491E+01  0.38646E+01  0.28751E+01
  0.69679E+00 -0.22770E+01 -0.19712E+01 -0.53082E+00  0.40592E+01  0.65295E+01
  0.48781E+01  0.43270E+01  0.15861E+01  0.10110E-01 -0.38815E+01 -0.71541E+01
 -0.68742E+01 -0.33599E+01  0.33863E+00 -0.45099E+00 -0.23477E+01 -0.49451E+01
 -0.44951E+01 -0.87236E+00  0.46739E+00 -0.69926E+00  0.58866E+00  0.64460E+00
 -0.19884E+01 -0.34107E+01 -0.41231E+01 -0.48894E+01 -0.50127E+01 -0.47785E+01
 -0.33281E+01 -0.15546E+01 -0.38397E+01 -0.23082E+01 -0.18967E+01 -0.50001E+01
 -0.59547E+01 -0.52310E+01 -0.57548E+01 -0.50036E+01 -0.58283E+01 -0.67735E+01
 -0.52398E+01 -0.64550E+01 -0.64683E+01 -0.62208E+01 -0.20711E+01  0.24386E+01
  0.65743E+01  0.10469E+02  0.11778E+02  0.91966E+01  0.56747E+01  0.49137E+01
  0.57572E+01  0.37830E+01  0.72694E-01 -0.26270E+01 -0.28614E+01 -0.29449E+01
 -0.51689E+00  0.21640E+01  0.40992E+01  0.48992E+01  0.55784E+01  0.79288E+01
  0.73266E+01  0.86070E+01  0.80175E+01  0.81580E+01  0.68237E+01  0.67114E+01
  0.46134E+01  0.33842E+01  0.63391E+01  0.47574E+01  0.60011E+01  0.68414E+01
  0.45422E+01  0.36302E+01  0.53366E+01  0.58992E+01  0.44802E+01  0.31446E+01
  0.41207E+01  0.43418E+01  0.20842E+01  0.15500E+00  0.19278E+01  0.51382E+01
  0.60116E+01  0.60651E+01  0.53179E+01  0.51629E+01  0.19590E+01 -0.29508E+01
 -0.41808E+01 -0.37372E+01 -0.42004E+01 -0.33523E+01 -0.47095E+01 -0.47352E+01
 -0.56234E+01 -0.60492E+01 -0.34673E+01 -0.21220E+01 -0.13021E+01 -0.35635E+01
 -0.26266E+01 -0.51396E+01 -0.60339E+01 -0.79539E+01 -0.73396E+01 -0.69550E+01
 -0.84658E+01 -0.52671E+01 -0.39704E+01 -0.27830E+01 -0.33517E+00  0.79790E+00
  0.69512E-01 -0.15237E+01 -0.10454E+01  0.17469E-01  0.19267E+01  0.16688E+01
 -0.11551E+01 -0.20698E+01 -0.38247E+01 -0.46443E+01 -0.37905E+01 -0.46113E+01
 -0.59726E+01 -0.55181E+01 -0.46994E+01 -0.43560E+01 -0.66246E+01 -0.88762E+01
 -0.82856E+01 -0.43317E+01 -0.16805E+01 -0.22757E+01 -0.26825E+01 -0.36289E+01
 -0.47435E+01 -0.57042E+01 -0.62718E+01 -0.61755E+01 -0.51656E+01 -0.66496E+00
  0.15126E+01  0.20661E+01  0.18682E+01  0.18999E+01  0.35588E+01  0.59212E+01
  0.52291E+01  0.13516E+01 -0.20810E+00 -0.86076E+00  0.45179E+00 -0.13414E+00
 -0.86760E-01  0.20691E+01 -0.27040E+00 -0.13707E+01 -0.15233E+01 -0.22151E+01
 -0.25042E+01 -0.80444E+00  0.16006E+01  0.20827E+01  0.34782E+01  0.46093E+01
  0.20344E+01  0.17833E+00 -0.16124E-01  0.15419E+01  0.17210E+01  0.33260E+01
  0.36153E+01  0.31497E+00 -0.28928E+01 -0.47512E+01 -0.44817E+01 -0.48387E+01
 -0.36370E+01 -0.49065E+01 -0.30388E+01 -0.35285E+01 -0.25389E+01 -0.11336E+01
  0.15193E+01  0.29176E+01  0.55520E+01  0.79600E+01  0.72254E+01  0.76568E+01
  0.73984E+01  0.66472E+01  0.44792E+01  0.38831E+01  0.29616E+01  0.20274E+01
  0.48013E+00 -0.39011E-01  0.12347E-01 -0.20114E+00 -0.20336E+01  0.26397E+00
  0.31541E+01  0.25385E+01  0.28864E+01  0.24779E+01  0.65711E+00  0.12052E+01
 -0.32752E+00  0.31705E+01  0.37928E+01  0.24279E+01  0.41918E+01  0.36361E+01
  0.17664E+01  0.10956E+01  0.17545E+01  0.15931E+01 -0.76849E+00 -0.21814E+01
 -0.12694E+01 -0.34787E+01 -0.16189E+01 -0.37830E+00 -0.20077E-02 -0.19708E+01
 -0.59387E+01 -0.73714E+01 -0.81541E+01 -0.73016E+01 -0.41607E+01 -0.33450E+01
 -0.29131E+01  0.51873E+00  0.18518E+01  0.28260E+01  0.48450E+01  0.58179E+01
  0.60006E+01  0.57708E+01  0.45968E+01  0.47077E+01  0.24531E+01 -0.32074E+00
 -0.13373E+00  0.30520E+00  0.23942E+01  0.53875E+00 -0.33380E+01 -0.32433E+01
 -0.29252E+01 -0.24125E+01  0.10213E+01  0.22838E+01  0.68984E+00  0.23237E+01
  0.43246E+01 -0.11914E+00 -0.71231E+00  0.23187E+00 -0.48171E+00  0.85460E+00
  0.50389E+01  0.56463E+01  0.48458E+00 -0.83791E-01  0.16638E+00  0.67446E+00
  0.79853E+00  0.63749E-01 -0.17404E+01 -0.39472E+01 -0.20865E+01  0.11590E+01
  0.24328E+01  0.33757E+01  0.26941E+01  0.53608E+00 -0.25282E+01 -0.40734E+01
 -0.34323E+01 -0.17958E+01 -0.20857E+01 -0.42106E+01 -0.43529E+01 -0.38422E+01
 -0.43580E+01 -0.29716E+01 -0.11004E+01 -0.31782E+01 -0.10896E+01 -0.15555E-01
 -0.22026E+00 -0.17184E+01 -0.29339E+01 -0.29369E+01 -0.39564E+01 -0.40992E+01
 -0.47129E+01 -0.63869E+01 -0.85816E+01 -0.89746E+01 -0.90442E+01 -0.66370E+01
 -0.60740E+01 -0.55086E+01 -0.17087E+01  0.22981E+00 -0.19933E+00 -0.47567E+00
  0.95170E+00  0.80589E+00  0.12877E+00  0.18605E+01  0.29139E+01  0.26437E+01
  0.42941E+01  0.99763E+01  0.87024E+01  0.66608E+00 -0.25590E+01 -0.34499E+01
 -0.24395E+01 -0.42561E+01 -0.26478E+01  0.23781E+01  0.29733E+01  0.17283E+01
  0.38609E-01 -0.17921E+01 -0.11839E+01 -0.48614E+00  0.54157E+00  0.28170E+01
  0.16666E+01  0.75095E+00  0.22012E+00 -0.26064E+00  0.11948E+01  0.45956E+01
  0.27870E+01  0.59446E+00 -0.14895E+01 -0.11314E+00  0.24873E+01  0.47790E+01
  0.28870E+01  0.46100E+01  0.60246E+01  0.54867E+00 -0.12622E+01 -0.21827E+01
  0.16369E+00  0.22631E+01  0.43302E+01  0.56191E+01  0.56118E+01  0.69394E+01
  0.88703E+01  0.80104E+01  0.61663E+01  0.27024E+01  0.13030E+01  0.96955E+00
  0.15606E+01  0.22012E+01  0.19217E+01  0.14616E+01  0.20496E+01  0.41829E+01
  0.45152E+01  0.23415E+01  0.48237E+01  0.87693E+01  0.88410E+01  0.84769E+01
  0.54459E+01  0.58331E+01  0.72219E+01  0.67349E+01  0.45675E+01  0.19700E+00
  0.14063E+01  0.13944E+01 -0.49660E+00  0.78029E+00  0.54327E+00 -0.25229E+00
  0.14284E+00 -0.81035E-01 -0.24127E+00  0.78454E+00  0.16115E+00 -0.88555E+00
 -0.40106E+01 -0.49901E+01 -0.53282E+01 -0.53079E+01 -0.52136E+01 -0.57603E+01
 -0.50126E+01 -0.52924E+01 -0.55796E+01 -0.67068E+01 -0.59922E+01 -0.46268E+01
 -0.47842E+01 -0.52491E+01 -0.52146E+01 -0.41841E+01 -0.22492E+01 -0.13753E+01
 -0.31172E+01 -0.53620E+01 -0.55034E+01 -0.65340E+01 -0.58415E+01 -0.24297E+01
 -0.10156E+01 -0.14307E+01 -0.21397E+01 -0.17503E+01 -0.11988E+01 -0.33587E-01
 -0.10396E+01 -0.10213E+01 -0.30502E+01 -0.37488E+01 -0.31386E+01 -0.36435E+01
 -0.12521E+01  0.33582E+00  0.87674E+00  0.13503E+01 -0.14303E+01 -0.36158E+01
 -0.42940E+01 -0.54171E+01 -0.28687E+01 -0.77915E+00 -0.13333E+01 -0.12045E+01
 -0.62575E+00 -0.45085E+00  0.66765E+00 -0.15712E+00 -0.44406E+00  0.11868E+01
  0.73080E+00 -0.40750E+00 -0.25159E+00 -0.95827E+00 -0.58476E-01  0.22089E+01
  0.35925E+01  0.52281E+01  0.34872E+01  0.19308E+01  0.22260E+01  0.40052E+01
  0.46590E+01  0.41202E+01  0.26902E+01 -0.48642E+00 -0.34082E+00  0.83008E-01
 -0.16469E+00  0.27008E+01  0.56561E+01  0.54770E+01  0.58615E+01  0.54672E+01
