  0.28176E+02  0.12191E+02 -0.34345E+00 -0.66008E+01 -0.87620E+01 -0.27460E+02
 -0.10660E+02 -0.68441E+01 -0.12900E+02 -0.23996E+02 -0.10703E+02 -0.42798E+01
 -0.15342E+02 -0.26193E+02 -0.15182E+02 -0.11219E+02 -0.67803E+01 -0.12527E+02
 -0.42127E+01 -0.57848E+01 -0.81285E+01 -0.76446E+01 -0.16350E+02  0.41262E+01
  0.17906E+01 -0.11264E+01 -0.13035E+02 -0.58619E+01 -0.68645E+01  0.28685E+01
 -0.10545E+01 -0.53054E+01 -0.49190E+01  0.79140E+01 -0.13733E+02 -0.20550E+02
 -0.98298E-01 -0.27275E+01 -0.16109E+02  0.11386E+02  0.15561E+02  0.18784E+02
  0.13823E+02  0.83917E+01  0.17509E+02  0.22258E+02  0.18807E+02  0.25012E+02
  0.13665E+02 -0.46949E+01 -0.33053E+02 -0.66392E+01  0.13665E+02 -0.20234E+01
 -0.88048E+01  0.17090E+02  0.31997E+02  0.85217E+01 -0.10745E+02  0.16230E+02
  0.76119E+01 -0.11186E+02 -0.22485E+02 -0.88620E+00  0.37763E+01 -0.68094E+00
 -0.48825E+01  0.18744E+02 -0.50804E+01  0.11798E+02  0.12292E+02  0.12000E+02
  0.23225E+02  0.32984E+01 -0.10646E+02 -0.90990E+01  0.12259E+02  0.78922E+01
  0.98991E+01  0.14283E+02  0.10881E+02  0.49938E+01  0.10835E+02  0.25705E+02
 -0.32885E+01  0.61306E+00 -0.25789E+00  0.82351E+01  0.11606E+02  0.11222E+02
 -0.33263E+02  0.39112E+01  0.97651E+01 -0.82324E+01 -0.14459E+02 -0.75414E+01
 -0.73069E+01  0.93028E+01  0.58589E+01  0.89276E+01  0.78117E+01 -0.63128E+01
 -0.15631E+01 -0.23298E+01  0.11263E+02  0.92886E+00 -0.14679E+01 -0.14729E+02
 -0.24188E+01 -0.71181E+01  0.12883E+02  0.30743E+01  0.18914E+01  0.99363E+01
  0.11583E+01 -0.16212E+02 -0.28669E+02  0.15199E+02  0.18848E+02  0.11751E+02
  0.17798E+02 -0.13636E+02  0.16833E+02 -0.70390E+01 -0.67912E+01  0.32311E+02
 -0.98974E+01 -0.14894E+02 -0.29589E+02 -0.39475E+02 -0.31241E+02  0.24167E+02
  0.44642E+02  0.30986E+02 -0.66993E+02 -0.37334E+02 -0.11507E+02  0.21488E+02
  0.44998E+02  0.22147E+02 -0.65683E+01 -0.22125E+02  0.26038E+02  0.73335E+01
  0.10771E+02  0.11846E+02 -0.33911E+02 -0.71159E+02 -0.30566E+02 -0.14135E+01
  0.13592E+02  0.31606E+02  0.21571E+02  0.88367E+01 -0.22736E+02 -0.59213E+01
  0.49620E+02  0.36423E+02  0.15152E+02 -0.11413E+02 -0.35991E+02 -0.38577E+02
 -0.20421E+01  0.28632E+02  0.27677E+02  0.49600E+02 -0.15902E+02 -0.48652E+02
  0.29256E+02  0.24744E+02  0.29127E+02  0.33596E+02  0.15121E+02 -0.61654E+01
 -0.40474E+02  0.52070E+01 -0.68833E+01  0.33620E+02  0.23808E+02  0.18710E+02
 -0.47863E+02 -0.33715E+02  0.54193E+01 -0.23354E+01  0.47229E+02  0.22797E+02
  0.31841E+01 -0.20397E+02  0.17317E+02  0.29085E+02  0.88608E+01  0.58834E+00
  0.13124E+02 -0.23200E+01  0.25951E+02  0.37402E+02 -0.12859E+02 -0.48254E+02
  0.21642E+02  0.24790E+02  0.27009E+02  0.31821E+02  0.15839E+02  0.36726E+01
  0.25037E+02  0.39749E+01  0.30051E+02  0.26311E+02 -0.96339E+01  0.62297E+00
 -0.13842E+02 -0.23275E+02  0.11229E+01  0.61854E+02  0.44886E+02  0.27900E+02
  0.86656E+01  0.13467E+02  0.45804E+02  0.61209E+02  0.60252E+02  0.45304E+02
 -0.12636E+02  0.19728E+02  0.25838E+02  0.45078E+02  0.66290E+02  0.70949E+02
  0.66750E+01  0.34859E+01  0.78770E+01  0.18215E+02  0.29203E+02  0.12989E+02
 -0.37086E+02 -0.82483E+02 -0.14604E+03 -0.15211E+03 -0.16877E+03 -0.16842E+03
 -0.21059E+03 -0.23538E+03 -0.22336E+03 -0.17509E+03 -0.15843E+03 -0.10924E+03
 -0.10304E+03 -0.11736E+03 -0.16247E+03 -0.10559E+03 -0.79245E+02 -0.92418E+01
  0.11300E+02 -0.29405E+02 -0.28822E+02 -0.10136E+03  0.81751E+02  0.18402E+03
  0.27385E+03  0.21573E+03  0.18505E+03  0.13389E+03  0.69961E+02  0.12918E+03
  0.18835E+03  0.23988E+03  0.26016E+03  0.20707E+03  0.13100E+03  0.73941E+02
  0.37833E+02  0.57037E+02  0.15778E+02  0.20778E+02  0.17890E+02  0.61914E+02
  0.92278E+02  0.73164E+02  0.44331E+02  0.20681E+02 -0.26997E+02  0.21839E+02
 -0.43519E+02 -0.32180E+02  0.80993E+02  0.61080E+02 -0.85530E+02 -0.11394E+03
 -0.17954E+03 -0.18749E+03 -0.17447E+03 -0.77803E+02 -0.13688E+03 -0.13991E+03
 -0.18184E+03 -0.18455E+03 -0.17363E+03 -0.17801E+03 -0.19313E+03 -0.17244E+03
  0.13546E+02  0.61972E+02  0.71220E+02 -0.48139E+01  0.83469E+02  0.14807E+03
  0.21019E+03  0.11138E+03  0.51465E+02  0.27205E+02  0.12048E+02 -0.16947E+02
  0.47122E+02  0.49874E+02  0.84035E+01  0.51979E+02  0.84137E+02  0.12095E+03
  0.86659E+02  0.33385E+02  0.32352E+02  0.10776E+03  0.11270E+03  0.10446E+03
  0.64756E+01 -0.31233E+01  0.18249E+02 -0.32645E+02 -0.10463E+03 -0.10665E+03
 -0.10293E+03 -0.15390E+03 -0.12574E+03 -0.72296E+02 -0.26734E+02 -0.94206E+02
 -0.84374E+02 -0.34789E+02  0.58794E+02  0.13195E+03  0.89933E+02  0.55497E+02
  0.40601E+02  0.73066E+01  0.27963E+02 -0.13053E+02  0.93975E+02  0.48107E+02
  0.63082E+02  0.79397E+02  0.12890E+03  0.60201E+02  0.16861E+02 -0.66810E+02
  0.18320E+02 -0.59185E+02  0.44334E+02  0.90777E+02  0.80890E+02  0.35605E+02
  0.54721E+02  0.27690E+02  0.10094E+03  0.49101E+02 -0.18691E+02 -0.66950E+02
 -0.81860E+02 -0.70456E+02 -0.11076E+03  0.34924E+01 -0.42482E+02 -0.13826E+03
 -0.13192E+03 -0.16350E+03 -0.24955E+03 -0.14460E+03 -0.15537E+03 -0.28108E+02
  0.10128E+03  0.11027E+03  0.53037E+02  0.67403E+02 -0.35103E+02 -0.45480E+02
 -0.55388E+02 -0.42547E+02 -0.97251E+02 -0.52615E+02 -0.49745E+02 -0.22135E+03
 -0.67536E+02 -0.12261E+03 -0.65842E+02 -0.47989E+02 -0.11641E+02 -0.14460E+03
 -0.16998E+03 -0.52050E+02  0.33470E+02  0.33196E+02 -0.26331E+02  0.72182E+02
  0.13929E+03  0.10743E+03  0.21709E+03  0.31487E+03  0.44799E+03  0.46530E+03
  0.12157E+03 -0.68964E+02  0.10853E+03  0.21036E+03  0.25658E+03  0.24049E+03
  0.11684E+03 -0.30578E+02 -0.24680E+03 -0.44189E+03 -0.40879E+03 -0.11196E+03
 -0.36453E+03 -0.29815E+03 -0.20584E+03 -0.48739E+02 -0.10272E+03 -0.22184E+02
 -0.21388E+03 -0.93478E+00 -0.38452E+03 -0.90786E+02 -0.17504E+03 -0.28764E+03
 -0.17743E+03 -0.15599E+03 -0.27864E+03 -0.19271E+03 -0.10747E+03  0.16381E+03
  0.14802E+03  0.11292E+03  0.13495E+03  0.81967E+02 -0.11559E+03  0.17704E+03
  0.21920E+03  0.34795E+03  0.32748E+03  0.16096E+03  0.10709E+03  0.16332E+03
  0.15577E+03  0.30459E+03  0.41495E+03  0.37313E+03  0.45567E+03  0.96657E+02
 -0.97806E+02  0.79954E+02 -0.10038E+03 -0.11766E+03 -0.15411E+03 -0.88326E+02
 -0.13901E+03 -0.16184E+03 -0.15529E+03 -0.14270E+03 -0.22164E+02 -0.16628E+03
 -0.37831E+02 -0.17102E+03 -0.30519E+03 -0.34760E+03 -0.32989E+03  0.52962E+02
 -0.78461E+02  0.28061E+02 -0.32542E+03 -0.51518E+03 -0.11302E+03  0.15457E+03
  0.89293E+02 -0.92280E+02 -0.23760E+03  0.25954E+02  0.19130E+03  0.31207E+03
  0.36478E+03  0.45905E+03  0.54435E+03  0.47397E+03  0.27575E+03  0.20863E+03
  0.24518E+03  0.18952E+03  0.29288E+03 -0.15972E+03 -0.48771E+03 -0.52642E+03
  0.23271E+02  0.24081E+03  0.34649E+03  0.18600E+03 -0.16708E+03 -0.39398E+03
 -0.45074E+03 -0.45783E+03 -0.20655E+03 -0.21383E+03 -0.20693E+03  0.32696E+02
  0.20937E+03  0.19231E+03 -0.28339E+03 -0.23553E+03 -0.29029E+03 -0.43410E+03
  0.36530E+02  0.17574E+03  0.35757E+03  0.38178E+03  0.35787E+03  0.25456E+02
  0.28747E+03  0.59572E+03  0.72971E+03  0.69700E+03  0.56214E+03  0.36777E+03
  0.81670E+02 -0.21793E+03 -0.21755E+03 -0.48940E+03 -0.26809E+03 -0.37230E+03
  0.25378E+02  0.38150E+03  0.27830E+03  0.14440E+03 -0.87393E+02 -0.44357E+03
 -0.71342E+03 -0.65579E+03 -0.53322E+03 -0.32278E+03  0.49536E+03  0.22060E+03
 -0.77637E+01  0.83778E+02  0.29617E+03  0.61518E+02 -0.21440E+03 -0.77087E+03
 -0.46028E+03 -0.51721E+03 -0.38961E+03  0.90503E+02  0.18299E+03 -0.24876E+02
 -0.20645E+03 -0.41571E+03 -0.90227E+02  0.28532E+03  0.44077E+03  0.24477E+03
 -0.17854E+02 -0.21472E+03 -0.31258E+03 -0.43061E+03 -0.11239E+03 -0.40644E+02
 -0.82876E+02  0.16311E+03  0.34433E+03  0.38817E+03  0.54792E+03  0.61721E+03
  0.59273E+03  0.40097E+03 -0.69127E+02 -0.57495E+02 -0.21153E+03 -0.34318E+03
 -0.26863E+03 -0.24505E+03 -0.35212E+03  0.77223E+02  0.45118E+03  0.36313E+03
  0.50900E+03  0.16542E+03  0.58762E+01 -0.35594E+03 -0.18849E+03 -0.20170E+03
 -0.25388E+03  0.37344E+03  0.12753E+03  0.48260E+03  0.39610E+03  0.83523E+02
  0.31131E+03  0.38936E+03  0.35006E+03  0.27579E+03  0.19909E+03  0.33563E+02
  0.13099E+03  0.13692E+03  0.17436E+03  0.12033E+03 -0.27471E+02 -0.21156E+03
 -0.20182E+03  0.29818E+02  0.18383E+03  0.23693E+03  0.32202E+03  0.19918E+03
 -0.90172E+02 -0.14515E+03 -0.38345E+03 -0.79345E+03 -0.69884E+03 -0.70499E+03
  0.22133E+02  0.38819E+03  0.38527E+03  0.17580E+03 -0.87935E+02 -0.11351E+03
 -0.16778E+03 -0.20672E+03  0.24113E+02  0.18780E+03  0.22029E+03 -0.26307E+01
  0.11526E+03  0.15955E+03  0.24694E+03  0.25125E+03  0.25495E+03  0.35727E+03
  0.27934E+03 -0.50518E+02 -0.27383E+03 -0.11237E+03  0.11435E+03  0.19732E+03
  0.31602E+03  0.36973E+03  0.67882E+02 -0.19022E+03 -0.31543E+03 -0.55364E+03
 -0.52750E+03 -0.51586E+03 -0.26481E+03 -0.75704E+02  0.19798E+03  0.20075E+03
 -0.63850E+02 -0.42053E+03 -0.30014E+03 -0.32193E+03 -0.35307E+03 -0.21463E+03
 -0.14818E+03 -0.13774E+03  0.67254E+03  0.44140E+03  0.10756E+03 -0.13905E+03
 -0.98773E+02  0.62289E+02  0.17093E+03  0.23087E+03  0.33282E+03  0.14753E+03
 -0.56484E+02 -0.19645E+03 -0.35691E+03 -0.39656E+03 -0.33444E+03 -0.21859E+03
 -0.19136E+03  0.11426E+02  0.12683E+03  0.21560E+03  0.10414E+03  0.17271E+03
  0.10626E+03 -0.15686E+03 -0.37955E+03 -0.55048E+02 -0.66914E+02  0.11551E+03
 -0.11423E+03 -0.16487E+03 -0.21127E+03 -0.18993E+03 -0.19074E+03  0.25675E+02
  0.91789E+02 -0.89760E+02 -0.13685E+03  0.25746E+02  0.66102E+02 -0.14461E+03
 -0.24613E+03 -0.12010E+03 -0.92374E+02 -0.21268E+03 -0.24506E+03 -0.21089E+03
  0.25951E+02  0.54217E+02  0.81112E+02  0.28289E+03  0.27492E+03  0.28035E+03
  0.15817E+03 -0.11267E+03 -0.15819E+02  0.62323E+02  0.11065E+03  0.17130E+03
  0.14440E+03  0.81954E+02 -0.38044E+02 -0.25401E+03 -0.20812E+03 -0.13699E+03
  0.15975E+03  0.21282E+03  0.15489E+03 -0.69852E+02 -0.16884E+03  0.59779E+02
  0.19620E+03  0.19691E+03  0.97727E+02  0.12224E+03 -0.66272E+02 -0.21829E+03
 -0.26992E+03 -0.24170E+03 -0.13819E+03 -0.95912E+02  0.21822E+02  0.78773E+01
 -0.16944E+03 -0.97169E+02  0.59183E+01  0.13185E+03  0.10615E+03 -0.43345E+01
  0.79610E+02 -0.15984E+03  0.43841E+02  0.93879E+02  0.65471E+02  0.17942E+03
  0.22543E+03  0.20163E+03  0.10521E+03  0.14311E+03  0.14645E+03  0.13244E+03
  0.63413E+02 -0.19875E+02 -0.12799E+03 -0.14030E+03 -0.74046E+02  0.50089E+02
 -0.57832E+02  0.81725E+02  0.20953E+03  0.30458E+03  0.29523E+03  0.33404E+03
  0.28686E+03  0.30718E+03  0.18996E+03  0.78291E+02 -0.25470E+02 -0.27619E+02
  0.11967E+03  0.11227E+03 -0.11396E+03 -0.18762E+03  0.46419E+02  0.11308E+03
 -0.36509E+02 -0.43593E+02  0.14040E+03  0.13866E+03  0.14423E+03  0.46007E+02
  0.10272E+03 -0.89823E+01 -0.16155E+03 -0.27097E+03 -0.29923E+03 -0.21204E+03
 -0.16345E+03 -0.25340E+03 -0.15094E+02 -0.15730E+03 -0.20093E+03 -0.90539E+02
  0.19199E+02  0.31668E+02 -0.22670E+01 -0.53624E+02 -0.10699E+03 -0.16251E+03
  0.33247E+02 -0.76288E+02 -0.64202E+02 -0.71995E+02 -0.57686E+02 -0.15102E+03
 -0.11443E+03 -0.69303E+01  0.10281E+03  0.12471E+03 -0.85421E+02  0.10685E+03
  0.86838E+02  0.46634E+02  0.54146E+02  0.67705E+02  0.11677E+03  0.22763E+03
  0.14907E+03  0.47177E+02  0.58488E+02  0.61441E+02 -0.43021E+02 -0.20913E+03
 -0.22031E+03 -0.25781E+03 -0.42599E+02 -0.80213E+02 -0.25733E+00 -0.13456E+02
  0.33316E+02 -0.12048E+03 -0.15452E+03 -0.16305E+03 -0.13487E+03 -0.15785E+03
 -0.85941E+02 -0.51984E+02 -0.31324E+02 -0.71466E+01 -0.15213E+03 -0.12661E+03
 -0.20713E+03 -0.81066E+02  0.24263E+02  0.30425E+02  0.75416E+02  0.13398E+03
  0.82902E+02 -0.67388E+01 -0.59801E+02 -0.11052E+03  0.24487E+02 -0.17438E+01
 -0.21689E+02 -0.19034E+02 -0.34618E+02  0.57267E+02  0.98764E+02  0.15138E+03
  0.12953E+03  0.14060E+03  0.60653E+02 -0.12163E+03 -0.10099E+03 -0.12193E+03
  0.21372E+02 -0.40673E+02 -0.61843E+02  0.14355E+03  0.18214E+03  0.54701E+02
 -0.29713E+02  0.11552E+03  0.11135E+03  0.11203E+03  0.11167E+02 -0.77418E+02
 -0.53951E+01 -0.98733E+02 -0.22753E+03 -0.12111E+03 -0.63254E+02  0.42839E+02
 -0.64425E+01 -0.77061E+02 -0.19678E+02  0.11137E+03  0.16077E+03  0.84467E+02
  0.88047E+02  0.56066E+00 -0.40808E+02  0.17084E+03  0.37381E+02  0.39036E+02
  0.16005E+03  0.17873E+03  0.14003E+03 -0.62305E+02 -0.10148E+03 -0.10733E+03
 -0.20369E+03 -0.22968E+03 -0.24210E+03 -0.37360E+01 -0.13939E+03 -0.47963E+02
 -0.15889E+02 -0.11155E+03 -0.47808E+02  0.66042E+01  0.71453E+02  0.10873E+03
  0.65025E+02  0.10405E+03  0.44915E+02  0.61971E+02  0.15429E+02  0.60627E+02
  0.13909E+03  0.17727E+02 -0.56014E+02 -0.75260E+02  0.59985E+02  0.15330E+03
  0.15234E+03  0.16242E+03  0.17310E+03  0.13605E+03  0.61525E+02  0.11957E+02
  0.18558E+02  0.83904E+02  0.83472E+02  0.94556E+02  0.86284E+02 -0.14327E+03
 -0.17036E+03 -0.11144E+03 -0.12431E+03 -0.12375E+03  0.20492E+02 -0.96654E+01
 -0.14352E+03 -0.29145E+02  0.73194E+02  0.13020E+02 -0.20186E+03 -0.17281E+03
 -0.73845E+02  0.29826E+02 -0.49777E+02 -0.16458E+03  0.13699E+03  0.12695E+03
 -0.20167E+02 -0.35717E+02  0.13077E+03  0.10759E+03 -0.99176E+02 -0.77952E+02
 -0.23193E+02  0.12759E+03 -0.67975E+02  0.34719E+01  0.31947E+02  0.24537E+02
 -0.53265E+02  0.65931E+01  0.92924E+02 -0.37819E+02 -0.11724E+03 -0.14364E+02
  0.10272E+03 -0.10792E+03 -0.47694E+01  0.22840E+02  0.12950E+03  0.20829E+03
  0.19200E+03  0.74704E+02  0.81708E+02  0.38503E+02 -0.42063E+02  0.56683E+02
  0.66281E+02 -0.45715E+02 -0.67048E+02  0.11894E+03  0.65790E+02  0.88326E+02
  0.15183E+03  0.24719E+03  0.16856E+03  0.15566E+03  0.90127E+02  0.52626E+02
  0.88371E+02 -0.72957E+02 -0.21568E+03 -0.17912E+03 -0.54475E+01 -0.61107E+02
  0.66928E+02  0.53766E+02 -0.24690E+02  0.14187E+03  0.37204E+03  0.20873E+03
  0.63933E+02  0.12573E+01  0.74154E+02 -0.72310E+02 -0.41040E+02  0.48610E+02
 -0.14043E+02  0.13683E+02 -0.64075E+02 -0.61971E+02 -0.10485E+03 -0.33159E+02
  0.92989E+02 -0.10582E+02 -0.10364E+03 -0.63691E+02 -0.29148E+02  0.67957E+02
  0.91459E+02  0.19058E+02  0.61169E+00 -0.12939E+03 -0.75429E+02 -0.21143E+02
 -0.31712E+02 -0.14989E+03 -0.16447E+02 -0.22743E+02 -0.13352E+03 -0.40393E+02
 -0.12683E+02  0.67273E+02  0.11934E+03 -0.83181E+02 -0.40297E+02  0.11660E+02
 -0.25715E+02  0.53461E+02  0.98646E+02  0.14576E+03  0.50181E+02 -0.19399E+02
 -0.68846E+02 -0.19301E+03 -0.85140E+02 -0.64018E+02 -0.10231E+03 -0.10596E+03
 -0.88725E+02 -0.62935E+02 -0.20337E+03 -0.15010E+03 -0.95826E+02 -0.12366E+03
 -0.11179E+03  0.70499E+01  0.31416E+02  0.13490E+03  0.16223E+03  0.12809E+03
  0.34713E+02 -0.52199E+02 -0.60819E+02  0.65387E+01 -0.70110E+02 -0.17373E+02
  0.25075E+03  0.78375E+02  0.13632E+03  0.15093E+03  0.97091E+02  0.24235E+02
 -0.38924E+02 -0.99328E+02 -0.16165E+01 -0.41358E+02  0.11920E+03  0.11558E+03
  0.12134E+03  0.17612E+03  0.16344E+03 -0.18415E+02  0.54462E+02  0.31770E+02
  0.83411E+02  0.11416E+03  0.11513E+03 -0.57164E+02 -0.78112E+02 -0.78736E+02
 -0.71754E+02 -0.42911E+02  0.11566E+02  0.38311E+02 -0.42017E+01 -0.67914E+02
 -0.13402E+03 -0.19198E+03 -0.22381E+03 -0.19481E+03 -0.11543E+03 -0.17170E+03
 -0.12933E+03 -0.18395E+02  0.24256E+02 -0.21764E+03 -0.20383E+03 -0.21452E+03
 -0.22372E+03 -0.19509E+03 -0.12661E+03 -0.12459E+03 -0.23871E+02  0.36579E+02
  0.77291E+02  0.13902E+03  0.13380E+03  0.60758E+02  0.86913E+02  0.56085E+02
  0.41708E+02  0.64250E+02 -0.60776E+02 -0.42645E+02 -0.85134E+01  0.56574E+02
  0.11618E+02 -0.91254E+02 -0.32256E+02 -0.70398E+02 -0.59748E+02 -0.74018E+02
 -0.95376E+02 -0.77153E+02 -0.10895E+03 -0.10866E+03  0.20486E+02  0.50337E+02
  0.14231E+02 -0.52506E+02 -0.95341E+02 -0.80285E+02 -0.87653E+02 -0.18767E+02
  0.39211E+02  0.47629E+02 -0.23941E+02 -0.49264E+02 -0.59172E+02 -0.38782E+02
 -0.67246E+02 -0.81141E+02 -0.11920E+03 -0.18670E+02  0.47175E+02 -0.35420E+02
 -0.65962E+02 -0.74885E+02 -0.58797E+02 -0.62455E+02 -0.96745E+02 -0.29148E+02
 -0.35928E+02 -0.53092E+02  0.18847E+02  0.91774E+02  0.76415E+02  0.19454E+02
  0.84668E+02  0.88771E+02  0.47279E+02  0.69479E+02  0.67570E+02  0.10003E+03
  0.99699E+02  0.11161E+03  0.10050E+03  0.35913E+02  0.47132E+02  0.57225E+02
  0.85196E+02  0.54532E+01 -0.59206E+02  0.21326E+02  0.10079E+03  0.81070E+02
  0.88158E+02  0.12745E+03  0.12138E+03  0.10098E+03  0.39528E+02  0.18517E+02
  0.11482E+02  0.62345E+01  0.11754E+02  0.32855E+02  0.68601E+02  0.38931E+02
  0.58372E+02  0.63347E+02  0.26665E+02  0.72338E+01 -0.22302E+02 -0.20485E+02
 -0.24703E+02 -0.40930E+02 -0.11742E+03 -0.11271E+03 -0.46798E+02 -0.76983E+02
 -0.70810E+02 -0.97509E+01  0.40318E+02  0.94618E+02  0.93624E+02 -0.15789E+01
  0.47955E+02  0.71770E+02  0.65480E+02  0.83662E+02  0.80140E+02  0.56875E+02
  0.83368E+01 -0.84697E+01  0.25079E+02  0.26537E+02 -0.22304E+02  0.22387E+02
  0.52337E+02  0.80398E+02  0.27767E+02  0.30894E+02  0.34771E+02  0.39775E+02
  0.22954E+02  0.78665E+01  0.20641E+02  0.70745E+02  0.81109E+02  0.66781E+02
  0.59824E+02  0.59174E+02  0.13762E+02 -0.58672E-01 -0.68518E+01  0.64040E+02
  0.34912E+02  0.29671E+02  0.37534E+02 -0.16703E+02 -0.29722E+02  0.34244E+02
  0.23788E+02  0.15556E+02  0.15863E+02  0.60452E+02  0.27149E+02  0.50956E+02
  0.62866E+02  0.90475E+02  0.87160E+02  0.82485E+02  0.65043E+02  0.11693E+03
  0.13566E+03  0.91397E+02  0.17675E+02 -0.89203E+02 -0.10230E+03 -0.11873E+03
 -0.61340E+02 -0.23931E+02  0.21546E+02  0.21069E+02 -0.33036E+02 -0.60195E+02
 -0.58692E+02 -0.44875E+02 -0.64371E+02 -0.20838E+02 -0.27885E+02 -0.16158E+02
 -0.48504E+02 -0.92755E+02 -0.12609E+03 -0.15878E+03 -0.17024E+03 -0.15454E+03
 -0.59740E+02 -0.54309E+02 -0.60308E+02 -0.31955E+02 -0.29156E+02 -0.16674E+02
  0.10556E+02  0.79909E+02  0.87942E+02  0.52261E+02  0.17479E+02 -0.35997E+02
 -0.92782E+02 -0.12883E+03 -0.31481E+02 -0.18282E+02 -0.20680E+02  0.76554E+02
  0.78133E+02  0.37027E+02  0.92379E+01  0.18123E+01 -0.84274E+02 -0.14238E+03
 -0.12092E+03 -0.79733E+01 -0.18957E+02  0.27777E+02  0.48655E+02  0.87703E+02
  0.22885E+02  0.14520E+02  0.69162E+01  0.18895E+02  0.40485E+02 -0.81743E+00
 -0.12309E+02 -0.23136E+02 -0.67996E+02 -0.99251E+02 -0.67174E+02 -0.16366E+02
  0.24230E+02 -0.17111E+02  0.39534E+01  0.44443E+02 -0.49364E+01 -0.69993E+02
 -0.89124E+02 -0.81691E+02 -0.65163E+02 -0.44084E+02 -0.95142E+01  0.37531E+02
  0.67068E+02  0.57392E+02  0.24929E+02  0.44058E+01 -0.38518E+02 -0.94929E+02
 -0.11199E+03 -0.74288E+02 -0.57389E+02 -0.46122E+02 -0.14920E+02  0.51249E+02
  0.62445E+02  0.47376E+02 -0.32581E+02 -0.10359E+03 -0.82430E+02 -0.36270E+02
  0.24993E+02  0.41524E+02  0.52084E+02  0.18293E+02  0.32668E+02  0.16644E+02
  0.86338E+01  0.43503E+02  0.41910E+02 -0.26806E+01 -0.29418E+02 -0.47779E+01
 -0.10986E+02 -0.56917E+02 -0.80781E+02 -0.16347E+02 -0.13519E+02  0.43291E+02
  0.67000E+02  0.41479E+01 -0.17091E+02 -0.10508E+02 -0.42851E+01  0.77023E+02
  0.10492E+03  0.63784E+02  0.47936E+02  0.66747E+01 -0.11219E+02 -0.27031E+02
 -0.29451E+02  0.18091E+02  0.67121E+02  0.29535E+02  0.20204E+02  0.13194E+01
  0.12919E+01  0.43174E+02  0.48498E+02  0.55470E+02  0.27972E+02  0.25326E+02
 -0.21833E+02  0.66779E+01  0.38141E+02  0.60789E+02  0.46413E+02  0.66109E+02
  0.41544E+02  0.48600E+02  0.33154E+02  0.10281E+01 -0.53202E+01 -0.85255E+01
  0.49087E+02  0.27688E+02  0.24085E+02  0.15274E+02 -0.29225E+02 -0.99878E+01
  0.28423E+02  0.43852E+02  0.56176E+02  0.54607E+02  0.30304E+02  0.15247E+02
  0.31607E+02  0.45449E+02  0.28954E+02  0.38525E+02  0.23225E+02 -0.11684E+02
 -0.64622E+02 -0.65380E+02 -0.55992E+02 -0.57456E+02 -0.95211E+02 -0.10004E+03
 -0.49372E+02 -0.55982E+02 -0.25686E+02  0.40631E+01  0.24000E+02  0.54958E+02
  0.39606E+02  0.38215E+02  0.12322E+02 -0.24458E+02 -0.33973E+02 -0.42544E+02
 -0.31122E+02  0.30243E+01  0.42039E+02  0.83379E+02  0.44968E+02 -0.13262E+02
  0.20204E+02 -0.95735E+01 -0.41228E+02 -0.61660E+02  0.84585E+01  0.36863E+02
 -0.31104E+02 -0.70315E+01  0.20385E+02  0.66187E+02 -0.12745E+02 -0.33849E+02
 -0.44576E+02 -0.42392E+02 -0.84423E+02 -0.85234E+02 -0.91383E+02 -0.54042E+02
 -0.74328E+02 -0.40908E+02 -0.26948E+01  0.36617E+02  0.75884E+02  0.92524E+02
  0.14329E+02  0.25999E+02  0.26585E+00 -0.12620E+02 -0.37974E+01  0.74747E+01
  0.18159E+01  0.26105E+02  0.34435E+02  0.10482E+02 -0.13933E+02 -0.27482E+02
 -0.43067E+02 -0.56539E+02 -0.32510E+02 -0.23882E+02 -0.12403E+01 -0.12686E+02
 -0.16346E+02 -0.31900E+02 -0.38316E+02 -0.38395E+02 -0.51909E+02 -0.57307E+02
 -0.60856E+02 -0.32407E+02 -0.56179E+02 -0.67625E+02 -0.37033E+02  0.31516E+02
  0.31644E+02  0.15088E+02  0.54518E+01  0.45984E+02  0.13742E+02 -0.20413E+02
  0.67217E+01  0.14200E+02  0.28652E+01  0.31949E+01  0.35882E+02  0.55950E+02
  0.71271E+02  0.55582E+02  0.43381E+02  0.55452E+02  0.34800E+02  0.21727E+02
  0.65299E+02  0.90464E+02  0.79586E+02  0.93710E+02  0.86228E+02  0.45964E+02
  0.14702E+02  0.19268E+02  0.64490E+02  0.86354E+02  0.55569E+02  0.39785E+02
  0.37130E+02 -0.91514E+01 -0.22968E+02 -0.53051E+02 -0.84022E+02 -0.95821E+02
 -0.10630E+03 -0.83240E+02 -0.74920E+02 -0.55409E+02 -0.50586E+02 -0.59876E+02
 -0.47070E+02 -0.28165E+02 -0.26658E+02 -0.11385E+02  0.84308E+01  0.23258E+02
  0.50265E+02  0.75571E+02  0.10464E+03  0.31833E+02  0.22765E+02  0.57696E+02
  0.57762E+02  0.13767E+01 -0.16600E+02 -0.86701E+01  0.37336E+02 -0.40966E+01
 -0.27093E+02  0.61518E+01 -0.39349E+02 -0.58140E+02 -0.71247E+02 -0.48316E+00
  0.24124E+02 -0.13852E+02 -0.53937E+02 -0.79283E+02 -0.45030E+02 -0.52882E+02
 -0.68820E+02 -0.22987E+02 -0.38603E+01 -0.81586E+01 -0.23371E+02 -0.43277E+02
 -0.53005E+02 -0.39292E+02  0.79938E+01  0.29467E+02  0.51321E+02  0.54829E+02
  0.63341E+02  0.27062E+02 -0.15582E+02 -0.43354E+02 -0.49408E+02 -0.48792E+02
 -0.11722E+02 -0.43480E+01  0.12860E+02 -0.24726E+02 -0.47058E+01 -0.41434E+01
  0.23623E+02  0.52631E+02  0.18764E+02  0.42893E+01 -0.65202E+01 -0.20835E+02
 -0.21737E+01  0.11538E+02  0.64498E+02  0.92405E+02  0.10424E+03  0.88729E+02
  0.67906E+02  0.31473E+02  0.20810E+02  0.12553E+02 -0.46061E+01 -0.29012E+01
  0.12072E+02 -0.41680E+02 -0.28028E+02 -0.18774E+02 -0.12172E+02  0.15520E+02
  0.99348E+01  0.13244E+02 -0.21998E+02 -0.26534E+02 -0.92883E+01  0.19309E+02
  0.12507E+02  0.83672E+01  0.32135E+02  0.41049E+02  0.93269E+00  0.15620E+02
  0.31902E+02 -0.26842E+02 -0.50347E+02 -0.20414E+01 -0.24823E+02 -0.20721E+02
  0.11286E+01  0.15943E+01 -0.34034E+02 -0.33544E+02  0.99614E+01 -0.28911E+02
 -0.26504E+02  0.15740E+02  0.52531E+02  0.25662E+02  0.16157E+02  0.42799E+01
 -0.17519E+02 -0.25121E+02 -0.72869E+01  0.27555E+02  0.15547E+02 -0.40669E+01
 -0.54575E+01  0.48684E+01  0.82216E+01 -0.10316E+02 -0.35882E+02 -0.50693E+02
 -0.56914E+02 -0.31819E+01 -0.14915E+02 -0.21379E+02  0.11346E+02 -0.17584E+02
 -0.41007E+02 -0.13089E+02  0.28494E+02  0.32265E+02  0.16119E+02  0.61732E+01
 -0.15189E+02 -0.47455E+01  0.39408E+02  0.31632E+02  0.13620E+02  0.69388E+01
  0.17932E+01 -0.74063E+01 -0.13007E+02 -0.41352E+02 -0.69859E+02 -0.23207E+02
 -0.13004E+02 -0.21962E+02 -0.35353E+02  0.12737E+02 -0.17016E+02 -0.23003E+02
  0.15005E+01  0.15731E+02  0.34920E+01  0.37744E+01 -0.64499E+01 -0.77751E+00
  0.45481E+00 -0.20861E+02 -0.30520E+02 -0.28192E+02  0.25780E+02  0.41553E+02
 -0.61874E+00 -0.57562E+02  0.58039E+01  0.91365E+01  0.12439E+02  0.23660E+02
  0.48457E+02  0.65474E+02  0.33874E+02  0.18598E+02  0.62763E+01 -0.59072E+01
 -0.10219E+02 -0.18243E+01 -0.10099E+02  0.14983E+01 -0.17866E+02 -0.41335E+02
 -0.48609E+02 -0.38917E+02 -0.42936E+01  0.15930E+02  0.32593E+02  0.39995E+02
  0.15253E+02 -0.25235E+02 -0.42677E+02 -0.61018E+02 -0.69066E+02 -0.33616E+02
 -0.63379E+01  0.38325E+02  0.42370E+02  0.40775E+02  0.27648E+02  0.26632E+02
 -0.84737E+01 -0.18212E+02 -0.18007E+02 -0.10010E+02  0.21835E+02  0.34388E+02
  0.27917E+02  0.33786E+01 -0.30840E+02 -0.30961E+02 -0.30372E+02 -0.28669E+02
 -0.16898E+02  0.13732E+02  0.53191E+02  0.41695E+02  0.46859E+02  0.47956E+02
  0.12602E+02 -0.22059E+02 -0.36645E+02  0.94777E+01  0.27153E+02 -0.40581E+01
 -0.10807E+02 -0.31763E+01 -0.94751E+00 -0.15071E+02 -0.16718E+02  0.51907E+02
  0.61933E+02  0.29635E+02  0.57636E+01 -0.13729E+02 -0.29261E+02 -0.26671E+02
  0.24527E+02  0.82063E+01  0.21808E+02  0.55089E+01 -0.33050E+01 -0.37172E+01
  0.36446E+02  0.27066E+02 -0.12955E+02  0.14592E+01  0.15046E+02  0.23703E+02
  0.45253E+01 -0.75062E+01  0.39188E+01  0.24701E+02  0.22476E+02  0.20438E+02
  0.30568E+02  0.23492E+02  0.31268E+02  0.66458E+01 -0.22046E+02 -0.24999E+02
 -0.70386E+01 -0.18563E+02 -0.28182E+02 -0.47060E+01 -0.14460E+01 -0.14344E+02
 -0.31039E+02 -0.29165E+01  0.16661E+02  0.43150E-01 -0.27346E+02 -0.48020E+02
 -0.27838E+02 -0.21436E+02 -0.16741E+02 -0.44449E+01  0.33916E+02  0.11900E+02
 -0.41718E+02 -0.47662E+01  0.12025E+02  0.11666E+02  0.11089E+02  0.20267E+02
  0.30215E+02  0.10791E+01  0.13460E+02  0.48939E+02  0.20582E+02 -0.36946E+01
 -0.87274E+01  0.11330E+02  0.11998E+02  0.17407E+02  0.85220E+01  0.25456E+01
 -0.92525E+01  0.96156E+01 -0.28542E+01 -0.11759E+02 -0.21482E+02 -0.20649E+02
 -0.19315E+02 -0.48515E+01  0.87320E+01 -0.67744E+01 -0.19709E+02  0.87589E+01
  0.26716E+02  0.47129E+01  0.21792E+02  0.32580E+02  0.39366E+02  0.41953E+02
  0.24854E+02  0.11948E+02 -0.90392E+01 -0.31268E+02 -0.45050E+02 -0.30654E+02
  0.45304E+01  0.26827E+02  0.25833E+02 -0.17211E+02 -0.33243E+02  0.25549E+01
  0.18913E+02 -0.92685E+01  0.22739E+02 -0.35647E+02 -0.19057E+02 -0.47126E+02
 -0.47414E+02 -0.16636E+02 -0.20034E+01 -0.26420E+02 -0.10507E+02  0.92646E+01
 -0.21863E+02 -0.48543E+02 -0.87872E+01  0.63491E+01 -0.20097E+02 -0.25635E+02
  0.32719E+02  0.28773E+02 -0.16668E+02 -0.21713E+02 -0.54723E+01 -0.26885E+02
 -0.42897E+02  0.36522E+01  0.22221E+02  0.21918E+02  0.20624E+02 -0.40486E+02
 -0.23739E+02 -0.90543E+01  0.85490E+00 -0.13730E+02 -0.99228E+01 -0.66255E+00
 -0.15872E+02 -0.19715E+02 -0.36666E+01  0.25457E+00  0.52397E+01  0.75915E+01
  0.50587E+01  0.15642E+01 -0.21734E+01  0.22555E+02  0.34539E+02  0.37380E+02
  0.36532E+02  0.14430E+02 -0.19940E+01  0.11472E+02  0.14017E+02  0.14959E+02
  0.23157E+02  0.29000E+02  0.22978E+02  0.21842E+02  0.22742E+02  0.30681E+02
  0.30673E+02  0.24386E+01  0.19126E+02  0.41769E+01 -0.15102E+02 -0.19290E+02
  0.13871E+02  0.89781E+01 -0.40140E+01 -0.11017E+02  0.56368E+01 -0.20067E+02
 -0.35425E+02 -0.49171E+02 -0.39215E+02 -0.35316E+02 -0.37006E+02 -0.28535E+02
  0.54935E+01  0.17896E+02  0.17690E+02  0.23710E+02 -0.94796E+01 -0.31219E+02
 -0.33524E+02  0.20823E+02  0.88307E+01  0.90212E+01  0.56915E+01  0.94498E+01
  0.16580E+02  0.23403E+02  0.17094E+02  0.56458E+01 -0.39501E+01 -0.14375E+01
  0.21220E+02  0.39297E+01 -0.50236E+01 -0.47849E+00  0.11376E+02  0.23483E+02
  0.26730E+02  0.25937E+02  0.19334E+02  0.87886E+01 -0.17925E+02  0.84727E+01
  0.17420E+02  0.13556E+02 -0.15614E+02 -0.30221E+02 -0.33202E+02 -0.51546E+02
 -0.48223E+02  0.36140E+01  0.20147E+02  0.75930E+01  0.55224E+00 -0.18088E+02
 -0.31176E+02 -0.31418E+02 -0.14000E+02 -0.33564E+01  0.11071E+02  0.21529E+02
  0.22693E+02 -0.17042E+02 -0.29742E+02 -0.36324E+02 -0.44324E+02 -0.34264E+02
  0.13527E+01  0.19984E+02  0.34101E+02  0.19639E+02 -0.92491E+00 -0.20119E+02
 -0.20839E+02 -0.44201E+01 -0.24445E+01  0.44361E+01  0.30978E+01 -0.30625E+01
 -0.17615E+02 -0.20054E+01  0.58669E+01 -0.11115E+02 -0.22004E+02  0.63034E+01
  0.16047E+02 -0.21713E+02 -0.13818E+02 -0.74218E+01 -0.20571E+02  0.74479E+01
  0.36034E+01  0.94836E+01  0.46109E+01  0.11553E+01 -0.56936E+01 -0.96009E+01
  0.68025E+01  0.10875E+02  0.99718E+01  0.10114E+02 -0.21577E+01 -0.43082E+01
 -0.48359E+01 -0.14022E+02 -0.16395E+02  0.13906E+01 -0.30181E+01 -0.41737E+01
 -0.19503E+02 -0.32260E+02 -0.20291E+02 -0.19673E+02 -0.11644E+02  0.76789E-01
  0.63309E+01  0.13583E+02 -0.16342E+01 -0.16808E+01  0.21877E+02  0.12704E+02
  0.93589E+01  0.67831E+01  0.51197E+01  0.12542E+02  0.21541E+02  0.34357E+02
  0.41627E+02  0.40026E+02  0.47416E+02  0.28678E+02  0.72754E+01 -0.41306E+01
 -0.11990E+02  0.11757E+02  0.21648E+02  0.22280E+02  0.64567E+01 -0.14000E+02
 -0.10873E+02 -0.83472E+01 -0.88567E+01  0.12131E+02  0.25127E+02  0.17264E+02
 -0.63244E+01 -0.92426E+01  0.58546E+01  0.20367E+02  0.92747E+01  0.73398E+01
  0.29191E+01 -0.14686E+02 -0.26270E+02 -0.92811E+01  0.19924E+02  0.24728E+02
  0.13988E+02  0.28490E+01  0.71352E+01 -0.18910E+02 -0.33484E+02 -0.14615E+02
  0.28127E+02  0.45468E+02  0.50183E+02  0.33925E+02 -0.39812E+00 -0.13832E+02
 -0.30382E+02  0.28226E+02  0.27695E+02 -0.67389E+01  0.90361E+01 -0.29386E+01
 -0.75201E+01  0.62664E+01  0.16476E+02  0.20436E+02  0.18888E+02 -0.61107E+00
 -0.17935E+01 -0.44356E+02  0.20895E+01  0.16100E+02  0.22377E+01 -0.11333E+02
 -0.25541E+02  0.64205E+01  0.22791E+02  0.13034E+02  0.52128E+01  0.12369E+02
 -0.80445E+01 -0.17509E+02  0.27771E+01  0.82634E+01 -0.28397E+01 -0.23008E+02
 -0.31148E+02 -0.32914E+02 -0.34476E+02 -0.52664E+01  0.70279E+01  0.36968E+01
 -0.19794E+02 -0.65037E+01 -0.14694E+02 -0.17308E+02 -0.29049E+02  0.48918E+01
  0.17430E+01 -0.13851E+02 -0.20600E+01  0.69596E+01 -0.84326E+01 -0.22619E+02
  0.20859E+00 -0.17210E+02 -0.19795E+02 -0.23222E+02 -0.15959E+02 -0.84772E+01
 -0.31318E+01  0.32273E+01 -0.36094E+01 -0.24896E+01 -0.36545E+01 -0.31538E+00
  0.85502E+01 -0.72233E+01  0.67061E+01 -0.96865E+01  0.11010E+02  0.22851E+02
  0.23170E+02 -0.30723E+01  0.32058E+01 -0.19941E+01 -0.27395E+02 -0.13305E+02
 -0.22946E+01  0.12624E+02  0.13508E+02 -0.47981E+01 -0.10119E+02  0.65820E+01
 -0.15959E+01 -0.48478E+01 -0.14028E+02 -0.10290E+02 -0.10078E+02 -0.31456E+01
  0.53087E+01  0.15306E+02  0.19585E+02  0.17891E+02  0.17112E+02  0.14963E+02
  0.93069E+01  0.15162E+02 -0.64368E+00  0.92573E+01  0.18909E+02  0.10750E+02
  0.40140E+01  0.10910E+02 -0.71722E+01 -0.87308E+01 -0.21676E+02 -0.75716E+01
 -0.19388E+01 -0.87653E+01 -0.14384E+02  0.25364E+01 -0.17900E+02 -0.15680E+02
 -0.12035E+02  0.10065E+02 -0.23483E+01 -0.13082E+02  0.19982E+01  0.13629E+02
 -0.57938E+01 -0.25362E+02  0.49920E+00 -0.20359E+01 -0.52761E+01  0.40185E+01
  0.40630E+01 -0.54831E+01  0.52454E+01  0.62526E+01  0.12306E+02  0.14817E+02
  0.31558E+02  0.22731E+02 -0.40792E+01 -0.10295E+02 -0.28049E+02 -0.37332E+02
 -0.16889E+02 -0.51696E+00  0.24460E+02  0.43771E+00 -0.26495E+01 -0.19894E+02
  0.82775E+01  0.72051E+01  0.18847E+02  0.40425E+02  0.26849E+02  0.11830E+02
 -0.50105E+01 -0.10588E+02  0.30103E+02  0.18623E+02  0.16206E+02  0.14974E+02
 -0.41534E+01 -0.95517E+01 -0.16396E+02 -0.67215E+01  0.43747E+01  0.17674E+02
  0.24859E+02  0.51662E+00 -0.31182E+00 -0.19019E+02 -0.24433E+02  0.19941E+02
  0.24940E+01 -0.24084E+01 -0.10682E+02 -0.10750E+02 -0.29034E+01  0.14284E+02
  0.19095E+02  0.10215E+02  0.17539E+01 -0.31892E+01 -0.11519E+01 -0.24148E+01
  0.82315E+01  0.89117E+01  0.12152E+02  0.27309E+02 -0.11462E+01  0.12772E+02
 -0.36261E+01 -0.10142E+02 -0.21656E+02 -0.27895E+02 -0.30792E+02  0.20754E+01
 -0.51991E+01 -0.17629E+02 -0.37232E+02 -0.55847E+02 -0.17087E+02 -0.14470E+02
 -0.35251E+02 -0.80214E+01  0.12882E+03  0.93996E+02 -0.38773E+02 -0.19071E+03
 -0.22658E+03 -0.12496E+03  0.15104E+02  0.63394E+02  0.10535E+03  0.90625E+02
 -0.26926E+02  0.24791E+02 -0.27828E+02  0.26307E+02  0.30269E+02 -0.25718E+02
 -0.69369E+02 -0.11828E+02  0.95222E+02  0.59116E+02  0.59431E+02 -0.50512E+02
 -0.36625E+02  0.68965E+02  0.90484E+02 -0.22318E+02 -0.61197E+02  0.31947E+02
  0.65706E+02  0.17541E+02  0.19682E+02 -0.15789E+02 -0.67432E+02  0.32948E+00
  0.64174E+02  0.53915E+02  0.19337E+02 -0.39131E+02 -0.22422E+02 -0.35713E+00
 -0.21713E+00 -0.13177E+02 -0.17337E+02 -0.24394E+00  0.37184E+02 -0.21556E+02
 -0.71390E+01  0.17551E+02  0.28770E+02  0.19401E+02 -0.10436E+02 -0.45586E+02
  0.43685E+01  0.25227E+02  0.71326E+01  0.43890E+01  0.12617E+02  0.19960E+02
 -0.96600E+01 -0.12130E+02  0.40106E+02  0.38045E+02  0.11460E+02  0.81488E+01
  0.11231E+02  0.17410E+01 -0.94291E+01  0.49171E+01 -0.43638E+02 -0.14416E+01
 -0.17765E+02 -0.53450E+01  0.94755E+01 -0.12369E+01  0.39619E+01  0.22602E+02
  0.25217E+02  0.18223E+02  0.70638E+01 -0.17297E+02 -0.85745E+01 -0.15363E+01
 -0.50890E+01  0.38474E+01  0.14816E+02  0.16590E+02 -0.62664E+01 -0.21225E+02
  0.22490E+01  0.15997E+02 -0.59771E+01 -0.24698E+01 -0.20875E+01  0.17862E+01
 -0.13905E+02 -0.20155E+02 -0.10069E+02 -0.67278E+01 -0.19829E+02 -0.26418E+02
 -0.30348E+02 -0.25993E+02 -0.20899E+02 -0.25836E+02 -0.23506E+02 -0.48833E+01
  0.99476E+00 -0.69768E+01 -0.14837E+02 -0.23316E+02 -0.26025E+02 -0.15797E+02
 -0.61013E+01 -0.14215E+02 -0.29422E+02 -0.37470E+02 -0.86887E+01  0.25673E+01
  0.18190E+02  0.14411E+02  0.71609E+01  0.14503E+01 -0.80606E+01 -0.79535E+01
 -0.50106E+01 -0.40298E+00  0.88516E+01  0.64128E+01  0.11350E+02  0.22203E+01
 -0.42462E+01  0.24676E+01  0.92196E+01  0.18605E+02  0.16394E+02  0.16082E+02
  0.20650E+02  0.17417E+02  0.12483E+02  0.27133E+02 -0.28474E+01  0.11582E+02
 -0.41477E+02 -0.69049E+01  0.17912E+02  0.31047E+02  0.59222E+01 -0.14257E+02
 -0.37385E+01 -0.19819E+01  0.36237E+01  0.95143E+00  0.22369E+01  0.90592E+01
  0.28370E+01  0.74310E+01  0.11102E+02  0.10409E+02  0.88351E+01  0.42140E+01
  0.89894E+01  0.15699E+02 -0.28622E+01 -0.18319E+02 -0.32264E+01  0.53896E+01
 -0.10300E+02 -0.14822E+02 -0.25045E+01 -0.61738E+01	0.0		0.0
