  0.30691E+02  0.18997E+02  0.10603E+02  0.10081E+02  0.11610E+02 -0.33531E+01
  0.11072E+02  0.22887E+02  0.88453E-01 -0.81190E+01  0.73447E+01  0.10893E+02
  0.40742E+01  0.47574E+01  0.99708E+01  0.52157E+01 -0.19840E+01  0.17068E+02
  0.75517E+01  0.15315E+02  0.39068E+01  0.22555E+01  0.92873E+01  0.15280E+02
  0.13985E+02  0.19853E+02  0.14447E+02  0.16956E+02  0.74502E+01  0.50788E+01
  0.99377E+01  0.83172E+01  0.53850E+01  0.12528E+02  0.18540E+00  0.18333E+02
  0.20235E+02 -0.13426E+02 -0.11833E+02 -0.12561E+02 -0.12087E+02 -0.67216E+01
 -0.77776E+01 -0.47463E+01 -0.56769E+01 -0.28510E+01 -0.41443E+01 -0.19032E+02
 -0.13801E+02 -0.24764E+01  0.29628E+01 -0.13940E+02 -0.93115E+01 -0.53263E+01
  0.16178E+00 -0.79266E+00 -0.40445E+00 -0.55704E+01 -0.26214E+02 -0.44759E+00
 -0.20285E+01 -0.11465E+02 -0.13543E+02 -0.32211E+00 -0.14913E+02 -0.12881E+02
 -0.11068E+02  0.68418E+01 -0.16549E+02 -0.89015E+01 -0.78747E+01 -0.78144E+01
 -0.41910E+01 -0.88540E+01 -0.57035E+01 -0.21927E+02 -0.20908E+02 -0.82793E+01
  0.35483E+00  0.42069E+01 -0.54345E+01 -0.88716E+01 -0.42058E+00 -0.11129E+02
 -0.13927E+02  0.60203E+01  0.99382E+01 -0.12057E+02 -0.18506E+02 -0.51802E+00
 -0.79104E+01 -0.11931E+02  0.16135E+02  0.51604E+01 -0.12259E+01 -0.12132E+02
 -0.15011E+02  0.85870E+01 -0.84233E+01 -0.18914E+02 -0.19753E+02  0.24392E-01
 -0.11197E+02 -0.14064E+02  0.20750E+02 -0.40083E+01 -0.25860E+02 -0.11034E+02
  0.64923E+01 -0.84269E+01 -0.80928E+00 -0.16938E+02  0.10852E+02 -0.64728E+01
 -0.34030E+02 -0.92638E+01  0.93904E+01  0.66321E+01 -0.13089E+02 -0.93461E+01
 -0.39052E+02  0.58152E+01 -0.50690E+02 -0.14070E+02 -0.18832E+02 -0.16140E+02
 -0.18229E+02 -0.13852E+02  0.41910E+01  0.11338E+02 -0.77513E+01 -0.96732E+01
 -0.17930E+02 -0.24350E+02 -0.22239E+01  0.45319E+02  0.64731E+02  0.34191E+02
 -0.32916E+01 -0.70248E+02 -0.41893E+02  0.16223E+02  0.46815E+02  0.58155E+01
 -0.67342E+01 -0.11017E+02  0.13052E+02  0.28948E+02  0.27299E+02  0.17410E+02
 -0.14394E+02 -0.12355E+02  0.66044E+01  0.27789E+02  0.21634E+02 -0.13180E+02
 -0.11814E+02 -0.36976E+02 -0.24525E+02 -0.10291E+02  0.97305E+01  0.53429E+01
 -0.10427E+02 -0.50951E+02 -0.80476E+01  0.20542E+02  0.16096E+02 -0.24052E+02
  0.42852E+00  0.12262E+02  0.15285E+02 -0.18809E+01 -0.18678E+02 -0.35160E+01
 -0.69813E+01  0.11414E+02  0.27971E+01  0.38694E+02  0.56173E+01 -0.32200E+02
 -0.11724E+02  0.26089E+02  0.32851E+02  0.10817E+02  0.93155E+01 -0.22367E+02
 -0.51529E+02 -0.14783E+02  0.19554E+02  0.10490E+02 -0.40178E+01 -0.44617E+02
 -0.24791E+02 -0.35062E+02 -0.21176E+02 -0.17521E+02 -0.12829E+02 -0.23170E+02
 -0.50453E+02 -0.51791E+02 -0.54679E+02 -0.57127E+02 -0.27247E+02  0.26908E+01
  0.99986E+00 -0.14390E+02 -0.18963E+02 -0.65612E+01 -0.12890E+02 -0.25853E+02
 -0.54290E+02 -0.74984E+02 -0.82555E+02 -0.75992E+02 -0.45714E+02 -0.14578E+02
  0.51709E+02  0.62908E+02  0.85310E+02  0.13653E+03  0.20337E+03  0.23238E+03
  0.22027E+03  0.23438E+03  0.23183E+03  0.20017E+03  0.15058E+03  0.18888E+03
  0.23319E+03  0.28726E+03  0.26484E+03  0.23910E+03  0.21169E+03  0.17253E+03
  0.15706E+03  0.12966E+03  0.92200E+02 -0.89167E+01 -0.93437E+02 -0.22670E+03
 -0.25429E+03 -0.30049E+03 -0.34430E+03 -0.33727E+03 -0.27886E+03 -0.29587E+03
 -0.35064E+03 -0.37626E+03 -0.29957E+03 -0.21573E+03 -0.18936E+03 -0.18418E+03
 -0.18724E+03 -0.16850E+03 -0.13004E+03 -0.46359E+02  0.93951E+02  0.17042E+03
  0.25604E+03  0.35893E+03  0.41511E+03  0.40661E+03  0.36768E+03  0.32754E+03
  0.25094E+03  0.16656E+03  0.11479E+03  0.10102E+03  0.56055E+02  0.20769E+02
 -0.35943E+02 -0.71469E+02 -0.65471E+02 -0.12592E+03 -0.19967E+03 -0.28086E+03
 -0.25603E+03 -0.22283E+03 -0.13089E+03 -0.14449E+03 -0.13626E+03 -0.93633E+02
 -0.17276E+03 -0.19787E+03 -0.16911E+03 -0.12343E+03 -0.38822E+02 -0.51542E+02
 -0.65378E+02  0.54626E+02  0.58333E+02  0.71368E+02  0.28296E+02  0.23758E+02
  0.14471E+03  0.15102E+03  0.87316E+02  0.85445E+02 -0.12184E+02 -0.68019E+02
 -0.11636E+02  0.14739E+02  0.11604E+03 -0.10225E+02 -0.33034E+02 -0.64371E+02
 -0.31240E+02 -0.12755E+02  0.92068E+00  0.51054E+00  0.35991E+02  0.48009E+02
 -0.23365E+02 -0.24305E+02 -0.16541E+01  0.36712E+02  0.31466E+02  0.17225E+02
 -0.27451E+02 -0.44050E+02 -0.11990E+03  0.13220E+02  0.96041E+02  0.15928E+03
  0.93093E+02  0.99269E+02  0.53279E+02 -0.42092E+02 -0.10854E+03 -0.71367E+02
 -0.54331E+02 -0.63200E+02  0.82476E+01  0.97184E+01  0.63307E+01  0.33088E+00
 -0.20675E+02  0.25658E+02 -0.35541E+02 -0.86917E+02 -0.13633E+03 -0.16818E+03
 -0.10980E+03 -0.51178E+02  0.91924E+01  0.37474E+02  0.10269E+03  0.26467E+01
 -0.47795E+02 -0.79801E+02 -0.78195E+02 -0.24092E+02  0.38433E+02  0.85416E+02
  0.99232E+02  0.88219E+02  0.96478E+01 -0.48328E+02 -0.13158E+03 -0.61904E+02
 -0.20782E+01 -0.51429E+02 -0.80872E+02 -0.94102E+02 -0.14175E+03 -0.11793E+03
 -0.67001E+02 -0.84443E+02 -0.17475E+02 -0.30232E+02 -0.17391E+03 -0.15182E+03
 -0.11084E+03 -0.12889E+03 -0.57495E+02  0.16533E+02  0.24024E+02  0.10202E+03
  0.61611E+02  0.11201E+03  0.77174E+02  0.14090E+02  0.68022E+02  0.15708E+03
  0.24267E+03  0.25133E+03  0.22098E+03  0.14181E+03  0.22989E+03  0.13453E+03
  0.85468E+02  0.48060E+02  0.13799E+03  0.93272E+02  0.67986E+02  0.15875E+03
  0.22401E+03  0.20801E+03  0.88485E+02 -0.38891E+02  0.42484E+02  0.13091E+03
  0.11766E+03  0.22137E+03 -0.17883E+02 -0.12533E+03 -0.15218E+03 -0.16085E+03
 -0.54724E+00  0.54391E+02  0.72521E+01  0.51725E+02  0.11806E+03  0.68803E+01
  0.10796E+03  0.14075E+03  0.11506E+03  0.70774E+02 -0.90043E+02 -0.23186E+03
 -0.16690E+03 -0.25392E+02 -0.13435E+02 -0.98155E+02 -0.74780E+02 -0.13560E+03
 -0.79753E+02 -0.36918E+02 -0.13473E+03  0.10800E+03 -0.54445E+02 -0.62699E+02
 -0.34662E+02  0.55388E+02 -0.76000E+02  0.13129E+03  0.80963E+01 -0.13852E+03
 -0.45325E+01 -0.49164E+02 -0.43199E+02  0.12169E+03  0.23461E+03  0.11424E+03
 -0.23023E+02  0.16923E+03  0.13476E+03  0.24496E+03  0.11915E+03  0.12604E+03
  0.19469E+03 -0.12321E+03 -0.15184E+03 -0.80320E+02 -0.12070E+03  0.14128E+03
  0.23271E+03  0.21403E+03  0.17574E+03  0.55154E+02  0.84456E+02  0.12092E+03
  0.17929E+03  0.81799E+02  0.20919E+03  0.14912E+01 -0.48836E+02 -0.15216E+03
 -0.69969E+02 -0.45168E+02  0.38891E+02  0.83467E+02  0.47461E+02  0.15238E+03
  0.13974E+03 -0.57950E+02 -0.12405E+03 -0.23710E+02  0.21917E+03  0.28736E+03
  0.39878E+03  0.74046E+02 -0.21800E+03 -0.13150E+03  0.28963E+02  0.44187E+02
  0.31905E+02  0.12596E+03  0.10534E+03 -0.36628E+02 -0.31377E+03 -0.25056E+03
  0.91996E+01 -0.17168E+02  0.22227E+03  0.18786E+03 -0.24488E+03 -0.50627E+03
 -0.48702E+03  0.17444E+02  0.68798E+03  0.73942E+03  0.60736E+03  0.56080E+03
  0.39247E+03 -0.18038E+02 -0.78316E+03 -0.12436E+03  0.36053E+03  0.43435E+03
  0.42020E+03  0.30377E+03  0.56735E+03 -0.17433E+03 -0.64666E+03 -0.66989E+03
 -0.71727E+03 -0.56350E+03 -0.51931E+03 -0.44258E+03 -0.59987E+03 -0.58322E+03
 -0.30426E+03  0.14298E+02  0.33689E+03  0.65753E+03  0.51751E+03  0.61213E+03
  0.73000E+03  0.62839E+03  0.72658E+03  0.62551E+03 -0.26166E+03 -0.41074E+03
 -0.44970E+03 -0.53377E+03 -0.55373E+03 -0.22522E+03  0.24815E+00  0.72573E+03
  0.27376E+03 -0.43604E+03 -0.50523E+03 -0.97258E+03 -0.62581E+03 -0.66481E+03
 -0.69033E+03 -0.41363E+03 -0.42836E+03 -0.25454E+03 -0.81059E+02  0.70005E+03
  0.62420E+03  0.30138E+03 -0.46036E+03 -0.83014E+03 -0.76185E+03 -0.70057E+03
 -0.70209E+03 -0.64327E+03 -0.29406E+03 -0.44122E+01 -0.26098E+03 -0.42465E+03
 -0.66446E+03 -0.32704E+03 -0.86805E+02 -0.83927E+02 -0.36088E+02 -0.20462E+03
  0.11650E+02  0.28303E+03  0.23030E+03  0.70435E+02  0.15800E+03  0.24402E+03
  0.23071E+03  0.21659E+03 -0.35183E+02 -0.20944E+03 -0.32370E+03 -0.35124E+03
 -0.27935E+03 -0.31642E+03 -0.22401E+02  0.37093E+03  0.34584E+03  0.18209E+03
  0.35828E+03 -0.56106E+02 -0.33932E+03 -0.59134E+03 -0.53477E+03 -0.48025E+03
 -0.57577E+03  0.10018E+03  0.26779E+03  0.54797E+03  0.53101E+03  0.25556E+03
 -0.16178E+02 -0.93904E+02 -0.92051E+02 -0.15617E+03 -0.16251E+03 -0.49140E+02
  0.10775E+02  0.24010E+03  0.38764E+03  0.46096E+03  0.51631E+03  0.44483E+03
  0.43555E+03  0.44363E+03  0.36657E+03  0.28016E+03  0.20067E+03  0.12501E+03
  0.17938E+03  0.25240E+03  0.51109E+02  0.10532E+01 -0.21538E+03 -0.38046E+03
 -0.25620E+03 -0.28605E+03 -0.22982E+03 -0.14248E+03 -0.16546E+03 -0.24116E+03
 -0.38936E+03 -0.45957E+03 -0.43942E+03 -0.20956E+03  0.49356E+02  0.56454E+03
  0.55716E+03  0.29636E+03 -0.96485E+02 -0.23308E+03 -0.35191E+03 -0.20423E+03
 -0.37122E+01  0.17160E+03  0.41550E+03  0.34366E+03  0.45110E+03  0.43382E+03
  0.30774E+03  0.21499E+03  0.39558E+03  0.30990E+03  0.13637E+03 -0.11703E+02
 -0.15404E+03 -0.18316E+03 -0.73271E+02  0.98004E+02  0.23267E+03  0.25795E+03
  0.14935E+02  0.32810E+03  0.12357E+03 -0.49300E+02 -0.30661E+03 -0.34943E+03
 -0.31333E+03 -0.33322E+03  0.13544E+03  0.19215E+03 -0.42682E+02 -0.23752E+03
 -0.21924E+03 -0.50980E+03 -0.54742E+03 -0.62759E+03 -0.75476E+02  0.23601E+03
  0.40215E+03  0.30320E+03 -0.55657E+02  0.72406E+01 -0.31516E+02  0.16293E+03
  0.72577E+03  0.74536E+03  0.50101E+03  0.47704E+03  0.44761E+03  0.49098E+03
  0.25792E+03  0.71547E+02  0.11401E+03  0.43257E+03  0.47381E+03  0.40060E+03
  0.64459E+02 -0.44633E+02 -0.14409E+03 -0.18683E+03 -0.20513E+03  0.34974E+03
  0.43435E+03  0.39599E+03  0.41383E+03  0.38148E+03  0.11700E+03  0.16393E+03
  0.17874E+03  0.18227E+03  0.12663E+03 -0.15726E+02 -0.11370E+03 -0.19080E+03
 -0.29872E+03 -0.97401E+02  0.28190E+03  0.40610E+03  0.42412E+03  0.29735E+03
  0.12171E+03  0.55675E+02  0.75457E+01 -0.73916E+02 -0.13592E+03 -0.19386E+03
 -0.35198E+03 -0.34370E+03  0.17627E+02  0.16548E+03  0.24034E+02 -0.99252E+02
  0.18565E+02  0.43728E+02  0.16498E+03  0.10963E+03 -0.23363E+02  0.44589E+02
 -0.10142E+03 -0.28338E+03 -0.21995E+03 -0.81875E+01 -0.12009E+03 -0.38361E+02
 -0.46882E+01 -0.70428E+02 -0.35342E+03 -0.47440E+03 -0.41260E+03 -0.30837E+03
 -0.97915E+02  0.16678E+03  0.39138E+03  0.37319E+03  0.15026E+03 -0.65487E+02
 -0.21694E+03 -0.26867E+03  0.34011E+02  0.18615E+03  0.23550E+03  0.12818E+03
 -0.14510E+02 -0.13708E+03 -0.15863E+03 -0.74349E+02 -0.16847E+02  0.37963E+02
 -0.41612E+02 -0.11808E+03 -0.99092E+02 -0.82500E+02 -0.13468E+03 -0.34981E+02
 -0.97944E+02 -0.12270E+03 -0.14857E+03 -0.18915E+03 -0.87582E+02 -0.12075E+03
 -0.19612E+03 -0.23654E+03 -0.35386E+03 -0.38206E+03 -0.37447E+03 -0.19458E+03
  0.58309E+01  0.11590E+03  0.13992E+03 -0.42569E+01 -0.98015E+02 -0.60771E+02
  0.12229E+03  0.20870E+03  0.18272E+03  0.11392E+03  0.96199E+02  0.17106E+03
  0.12894E+03 -0.16351E+02  0.53043E+02  0.22733E+02 -0.19286E+03 -0.27551E+03
 -0.29706E+03 -0.13390E+03  0.32800E+02 -0.21062E+02  0.83862E+01  0.10450E+02
 -0.19669E+02 -0.10240E+03  0.49971E+02  0.75529E+02  0.87490E+01  0.63427E+01
  0.13021E+02 -0.39833E+02 -0.14890E+02 -0.11103E+03 -0.21002E+03 -0.20163E+03
 -0.87091E+02 -0.10563E+03 -0.11613E+03 -0.84794E+02 -0.15065E+03 -0.14992E+03
 -0.22200E+03 -0.21727E+03 -0.67577E+02  0.42313E+02  0.87741E+02  0.18693E+03
  0.16313E+03  0.12728E+03  0.15066E+02 -0.78091E+02 -0.58607E+02  0.50855E+02
 -0.16264E+01  0.52510E+02 -0.35785E+02 -0.57711E+02 -0.12322E+03 -0.19839E+03
 -0.17085E+03 -0.86648E+02 -0.10481E+03 -0.10591E+03 -0.36205E+01 -0.16252E+03
 -0.15452E+03 -0.13977E+03 -0.13202E+03 -0.14748E+03 -0.38237E+02  0.10628E+03
  0.46040E+02  0.48210E+02  0.54942E+02 -0.18777E+02  0.10616E+03  0.11881E+03
  0.14466E+03  0.14898E+03  0.14634E+03  0.12348E+03  0.22812E+03  0.74843E+02
  0.96485E+01 -0.67541E+02 -0.10342E+03 -0.54484E+02  0.14460E+02 -0.76367E+01
 -0.94456E+02 -0.91858E-01  0.24443E+02  0.10579E+02 -0.31224E+02 -0.11899E+03
 -0.11180E+03 -0.20427E+03 -0.29616E+03 -0.22247E+03  0.34083E+01  0.75142E+02
  0.31679E+02  0.34193E+02  0.95816E+02  0.10683E+03  0.35737E+01 -0.26751E+02
 -0.15328E+03 -0.13456E+03 -0.24467E+03 -0.12306E+03 -0.52602E+02  0.65462E+02
  0.54654E+02  0.13644E+02 -0.23836E+02  0.20447E+02  0.21251E+02 -0.12683E+03
 -0.13159E+03  0.61098E+01  0.68095E+02 -0.70127E+02 -0.99115E+02 -0.10502E+03
 -0.49621E+02 -0.14687E+03 -0.17094E+03  0.23161E+02  0.46984E+02  0.44886E+02
 -0.42370E+02 -0.70237E+02 -0.55169E+02  0.51651E+01  0.13231E+03  0.20245E+03
  0.28559E+03  0.33544E+03  0.23263E+03  0.25568E+03  0.25349E+03  0.26724E+03
  0.29468E+03  0.28094E+03  0.34231E+03  0.39220E+03  0.29191E+03  0.11598E+03
  0.78751E+02  0.18852E+03  0.12875E+03  0.90061E+02  0.40371E+02 -0.75718E+02
 -0.79958E+02  0.46825E+02  0.89548E+02  0.15984E+03  0.23010E+03  0.22184E+03
  0.13125E+03  0.68124E+02 -0.39486E+02 -0.12886E+03 -0.12671E+03 -0.18503E+02
 -0.92715E+02 -0.10941E+03 -0.53517E+02 -0.10801E+03 -0.20616E+03 -0.13410E+03
 -0.15003E+03 -0.12348E+03 -0.75213E+02 -0.55700E+02  0.51025E+02  0.21257E+03
  0.20652E+03  0.18045E+03  0.12051E+03  0.14519E+03 -0.80064E+02  0.27934E+02
  0.57418E+02 -0.12297E+03 -0.84967E+02  0.14265E+03  0.18213E+03  0.30342E+03
  0.34718E+03  0.19100E+03  0.10173E+03 -0.21554E+02 -0.15908E+03 -0.23627E+03
 -0.18698E+03 -0.36617E+02  0.22380E+02  0.20481E+02  0.19744E+02  0.10184E+03
  0.12322E+02 -0.47525E+02 -0.40498E+02  0.54239E+02  0.26490E+02 -0.67043E+02
 -0.37908E+02 -0.83264E+02 -0.14083E+03 -0.10120E+03 -0.16819E+03 -0.69323E+02
  0.12708E+03  0.24795E+03  0.31277E+03  0.34249E+03  0.19577E+03  0.51025E+01
  0.31015E+02  0.48748E+02  0.35571E+02  0.76791E+02  0.61052E+02  0.99034E+02
  0.74617E+02 -0.14954E+03 -0.45367E+03 -0.29158E+03 -0.96667E+02  0.56469E+01
 -0.82646E+01  0.11611E+03  0.71000E+02 -0.20334E+03 -0.26654E+03 -0.21114E+03
 -0.12724E+03 -0.67389E+02 -0.30867E+02 -0.43582E+02 -0.16304E+02 -0.88044E+02
 -0.19915E+03 -0.29718E+03 -0.19361E+03 -0.22919E+03 -0.17766E+03  0.27616E+02
  0.53424E+02 -0.46386E+02 -0.10275E+03 -0.14881E+02 -0.13624E+03 -0.16068E+03
 -0.35749E+02 -0.11165E+02 -0.75965E+02 -0.20181E+02  0.90006E+02  0.19902E+03
  0.60373E+02 -0.12383E+03 -0.19386E+03 -0.13773E+03 -0.64557E+02 -0.10667E+02
  0.21299E+02  0.74324E+01  0.21380E+02  0.16826E+02  0.88835E+02  0.13934E+03
  0.77319E+02  0.88314E+02  0.98622E+02  0.14374E+03  0.89337E+02  0.85885E+01
 -0.71363E+02 -0.10197E+03 -0.78824E+02  0.11020E+02 -0.10205E+02  0.97903E+02
  0.10371E+03  0.68604E+02 -0.31629E+02  0.49002E+01 -0.83828E+01 -0.83414E+02
 -0.14701E+03 -0.18817E+03 -0.15747E+03 -0.34024E+02  0.37446E+02  0.17666E+03
  0.14667E+03  0.10964E+03  0.11569E+03 -0.13395E+02 -0.14892E+03 -0.23962E+03
  0.98104E+02  0.77895E+02 -0.29537E+02  0.43863E+02  0.25345E+02 -0.48305E+02
 -0.12507E+03 -0.91534E+02  0.35517E+02  0.11938E+02 -0.69960E+02 -0.10249E+02
  0.19828E+02 -0.15620E+02  0.26728E+02 -0.81867E+02 -0.53175E+02 -0.11568E+03
 -0.12148E+03 -0.10927E+03 -0.58234E+02  0.39191E+02  0.19738E+03  0.22152E+03
  0.14207E+03  0.31204E+02  0.16605E+01 -0.19962E+02  0.88770E+02  0.13360E+03
  0.16731E+03  0.15875E+03  0.14081E+03  0.74091E+02  0.68193E+02 -0.34715E+02
 -0.76744E+02 -0.50258E+02 -0.29542E+02 -0.23356E+02 -0.49271E+02  0.35610E+02
  0.72995E+02  0.12303E+03  0.41443E+02  0.30794E+02  0.77208E+02  0.30274E+02
 -0.62541E+02 -0.95284E+02 -0.18663E+02 -0.18039E+02 -0.65342E+02 -0.61828E+02
 -0.65440E+02 -0.10735E+03 -0.28286E+03 -0.25687E+03 -0.23110E+03 -0.30133E+02
  0.29333E+02  0.11782E+03  0.55738E+02 -0.37272E+02  0.75554E+01  0.62862E+02
  0.85120E+02  0.89031E+02  0.31132E+02 -0.25621E+02 -0.46792E+02 -0.30408E+02
  0.86652E+02  0.14806E+03  0.17589E+03  0.22475E+03  0.20223E+03  0.17244E+03
  0.13892E+03  0.16305E+03  0.11638E+03  0.39644E+02  0.11002E+01 -0.37241E+02
 -0.11909E+03 -0.18325E+03 -0.12720E+03 -0.12224E+03 -0.87446E+02  0.85486E+02
  0.90790E+02 -0.17799E+02 -0.99822E+02 -0.97111E+02 -0.13950E+03 -0.82423E+02
  0.73143E+01  0.91186E+02  0.70163E+02  0.17949E+02 -0.10705E+02 -0.28566E+00
  0.74601E+02  0.10346E+03  0.11001E+03  0.15483E+03  0.10484E+03  0.20363E+02
 -0.22972E+02  0.77381E+02  0.89398E+02  0.67670E+02  0.30529E+02  0.10831E+03
  0.12655E+03  0.83552E+02  0.10016E+03  0.17580E+03  0.76115E+02  0.19392E+02
 -0.64803E+02 -0.45340E+02 -0.23336E+02  0.12402E+02  0.74510E+02  0.12242E+03
  0.86734E+02  0.51993E+02  0.19998E+02  0.29647E+02 -0.31370E+02 -0.93448E+02
 -0.12836E+03 -0.13961E+03 -0.18404E+03 -0.23463E+03 -0.21430E+03 -0.14112E+03
 -0.50080E+02  0.17972E+02 -0.60614E+01 -0.54679E+02 -0.88009E+02 -0.18764E+03
 -0.25340E+03 -0.22904E+03 -0.15767E+03 -0.85086E+02 -0.52097E+02 -0.73714E+02
 -0.98373E+02 -0.11577E+03 -0.51442E+02 -0.20821E+02 -0.13796E+02 -0.16895E+02
 -0.32076E+02 -0.89527E+02 -0.11361E+03 -0.13699E+03 -0.68799E+02 -0.18650E+02
  0.19665E+02  0.43556E+02  0.72931E+01  0.42858E+01 -0.16249E+01  0.32128E+02
  0.81326E+02  0.10698E+03  0.11809E+03  0.99725E+02  0.45813E+02  0.27226E+02
  0.64884E+01  0.41918E+01 -0.16808E+02 -0.35212E+02 -0.50637E+02 -0.15784E+02
  0.73949E+02  0.83421E+02  0.69228E+02  0.32747E+02  0.47107E+02  0.67246E+02
  0.41178E+02  0.22159E+02  0.31791E+01  0.42344E+02  0.55303E+01  0.33822E+02
  0.54842E+02  0.46432E+02  0.12613E+02 -0.35063E+02 -0.98259E+01  0.30625E+02
  0.27680E+02 -0.11746E+02 -0.38122E+01 -0.36163E+02 -0.11795E+03 -0.14587E+03
 -0.11726E+03 -0.96314E+02 -0.44570E+02 -0.54136E+01  0.38894E+02 -0.11238E+02
 -0.14223E+02 -0.31914E+02 -0.48510E+02 -0.43749E+02 -0.35730E+01  0.19203E+02
  0.31016E+02  0.25867E+02 -0.61229E+01 -0.13386E+02 -0.52226E+02 -0.82558E+02
 -0.70338E+02 -0.77169E+02  0.36894E+02  0.36135E+02  0.34923E+02  0.10397E+03
  0.11955E+03  0.52414E+02  0.54469E+02  0.95199E+02  0.91024E+02  0.68786E+02
  0.52259E+02  0.36148E+02  0.27184E+02  0.35325E+02  0.56197E+02  0.78203E+02
  0.25106E+02  0.11418E+02  0.69761E+01 -0.16892E+02  0.33532E+02  0.54337E+02
 -0.34752E+02 -0.26891E+02 -0.81827E+02 -0.82589E+02 -0.97354E+01  0.59757E+02
  0.95021E+02  0.14483E+03  0.11466E+03  0.88668E+02  0.48337E+02  0.24852E+02
  0.25114E+02  0.43280E+02  0.46586E+02  0.41306E+02 -0.16064E+02 -0.50880E+02
 -0.72215E+02  0.24218E+02  0.62666E+02  0.11713E+03  0.11537E+03  0.10704E+03
  0.72280E+02  0.48904E+02  0.71962E+02  0.92412E+02  0.72428E+02  0.46154E+02
  0.20908E+02  0.39645E+02  0.38854E+02  0.66227E+01 -0.46394E+02 -0.56731E+02
 -0.44294E+02 -0.44270E+02 -0.24714E+02 -0.17479E+02 -0.20493E+02  0.16874E+02
 -0.39010E+02 -0.99744E+02 -0.12461E+03 -0.10609E+02  0.27896E+02  0.70873E+02
  0.71147E+02  0.66520E+02  0.34839E+02 -0.26966E+02 -0.57350E+02 -0.73094E+02
 -0.62916E+02 -0.59625E+02 -0.36155E+02 -0.22748E+02 -0.92963E+01  0.35401E+02
 -0.53609E+01 -0.54271E+01 -0.56420E+01 -0.53002E+02 -0.91441E+02 -0.92845E+02
 -0.44116E+02 -0.42675E+02 -0.37961E+02 -0.14667E+02 -0.24865E+02 -0.85428E+02
 -0.53175E+02 -0.43036E+02 -0.21049E+02  0.13476E+02  0.39075E+02  0.63069E+02
  0.39359E+02  0.37474E+02  0.18852E+02 -0.15558E+02  0.79830E+01  0.43911E+02
  0.45977E+02  0.72725E+02  0.12705E+03  0.13915E+03  0.35067E+02 -0.62036E+02
 -0.84441E+02 -0.66223E+02 -0.72551E+02 -0.79090E+02 -0.15742E+02 -0.20732E+01
 -0.15995E+02  0.14165E+02  0.39620E+02  0.31462E+02 -0.44396E+02 -0.93658E+02
 -0.11706E+03 -0.12571E+03 -0.12306E+03 -0.78482E+02 -0.57573E+02 -0.10904E+02
  0.23693E+02  0.33927E+02  0.15851E+02 -0.23115E+02 -0.77356E+02 -0.88915E+02
 -0.79611E+02 -0.69834E+02  0.24523E+02  0.63520E+02  0.87699E+02  0.77177E+01
 -0.20768E+02 -0.14175E+02 -0.79423E+01  0.17596E+02 -0.66073E+01 -0.33749E+02
 -0.34625E+02 -0.72025E+02 -0.76198E+02 -0.81323E+02 -0.70737E+02 -0.52663E+02
 -0.62286E+02 -0.64144E+02 -0.25224E+02 -0.33693E+02 -0.93325E+02 -0.83853E+02
 -0.59511E+02 -0.34551E+02 -0.29265E+02 -0.71842E+01 -0.30913E+02 -0.31165E+02
 -0.28218E+02 -0.26024E+02 -0.26075E+02 -0.53279E+02 -0.19991E+02 -0.53118E+01
  0.67175E+01  0.57534E+02  0.10279E+03  0.27347E+02  0.28635E+01  0.29267E+02
  0.41294E+02  0.43200E+02  0.53802E+02  0.91896E+02  0.10395E+03  0.42177E+02
  0.43247E+02  0.65907E+02  0.38431E+02  0.72691E+01 -0.11007E+02 -0.10845E+02
  0.13043E+02  0.52684E+02  0.37816E+02  0.29674E+02  0.99919E+01 -0.16039E+02
 -0.52122E+02 -0.25013E+02  0.12747E+02  0.14345E+02 -0.45732E+01 -0.33724E+02
 -0.75396E+02 -0.11543E+03 -0.76926E+02 -0.18377E+02  0.45985E+02  0.66027E+02
  0.74354E+02  0.70446E+02  0.73644E+02  0.73944E+02  0.47423E+02  0.30745E+02
  0.34547E+02  0.36345E+02  0.38674E+02  0.32269E+02  0.50749E+02  0.53795E+02
  0.13247E+02  0.33943E+02  0.23907E+02  0.25018E+02  0.28219E+02  0.56716E+02
  0.53877E+02  0.54000E+02  0.43070E+02  0.48770E+01 -0.18279E+01  0.52390E+01
  0.12560E+02 -0.10548E+02 -0.35535E+02  0.44739E+01  0.38602E+02  0.60525E+02
  0.74762E+02  0.80797E+02  0.97205E+02  0.67058E+02  0.73465E+02  0.63154E+02
  0.46955E+02  0.31672E+02  0.31381E+02 -0.31826E+01 -0.24930E+02 -0.10474E+02
  0.19943E+02  0.26879E+02  0.45498E+02  0.38698E+02  0.23048E+02 -0.40546E+01
 -0.17448E+02 -0.52305E+01 -0.40606E+02 -0.76831E+02 -0.38195E+02 -0.21946E+02
 -0.47426E+02 -0.55579E+02 -0.22787E+02  0.52325E+00 -0.29187E+02 -0.50595E+02
  0.67098E+01  0.96025E+01  0.20712E+02  0.24873E+02  0.36414E+02  0.58003E+02
  0.58270E+02  0.52677E+02  0.92009E+01 -0.16227E+02  0.14622E+02  0.15027E+01
 -0.12336E+02  0.48220E+02  0.34021E+02  0.47065E+01 -0.31376E+02 -0.13834E+02
 -0.13046E+01  0.37930E+01  0.23144E+02  0.63637E+02  0.57012E+02 -0.93119E+01
 -0.18784E+02 -0.23158E+01 -0.13938E+02 -0.42367E+02 -0.42711E+02 -0.35449E+02
 -0.23435E+02  0.10114E+02  0.90786E+01  0.10909E+02  0.15826E+02 -0.30758E+02
 -0.84021E+02 -0.79889E+02 -0.53385E+02 -0.51842E+02 -0.76732E+02 -0.81100E+02
 -0.66172E+02 -0.22901E+02  0.25910E+02  0.19199E+02  0.36671E+02 -0.26092E+00
 -0.51267E+02 -0.71481E+02 -0.44295E+02 -0.31408E+02 -0.36186E+02 -0.14264E+02
  0.15179E+02 -0.72710E+01 -0.38420E+02 -0.23535E+02 -0.16821E+02  0.15561E+02
  0.51204E+02  0.69024E+02  0.30313E+02 -0.49644E+01 -0.15918E+02 -0.45458E+02
 -0.43558E+02 -0.63571E+00  0.12140E+02 -0.31614E+02 -0.68270E+02 -0.61710E+02
 -0.18775E+02 -0.15442E+02 -0.36391E+02 -0.39014E+02  0.68379E+01 -0.31926E+01
 -0.28285E+02 -0.52025E+02 -0.45340E+02 -0.45345E+02 -0.35451E+02  0.11347E+02
  0.53638E+02  0.19313E+02 -0.32330E+02 -0.36726E+02 -0.49692E+02 -0.59666E+02
 -0.22721E+02  0.43554E+01  0.12975E+02 -0.27356E+02 -0.31006E+01 -0.18951E+01
 -0.42935E+02 -0.45512E+02 -0.52857E+02 -0.70388E+02 -0.37260E+02 -0.55565E+01
 -0.14579E+02 -0.47853E+02 -0.95960E+01  0.26241E+01 -0.18767E+02  0.92801E+01
  0.25804E+02  0.14354E+02  0.47975E+01  0.31878E+02  0.32635E+02 -0.12452E+01
 -0.23384E+02 -0.85057E+01 -0.32837E+02 -0.48790E+02 -0.68000E+01  0.16186E+01
 -0.80094E+01  0.15941E+02  0.47733E+02  0.68474E+02  0.37641E+02  0.16740E+02
  0.63641E+01 -0.14578E+02 -0.10421E+02  0.28836E+01  0.36115E+02  0.46354E+02
  0.22008E+02  0.33341E+02  0.38890E+02  0.17611E+02 -0.64962E+01  0.31940E+02
  0.43011E+02  0.15502E+02 -0.12683E+02  0.47623E+01  0.15169E+02 -0.38502E+01
  0.21029E+02  0.11549E+02  0.66528E+01  0.22021E+01  0.15031E+02  0.20223E+01
 -0.29754E+01  0.29758E+02  0.43299E+02  0.37097E+02  0.44543E+02  0.49027E+02
  0.43529E+02 -0.10952E+02  0.37277E+02  0.56883E+02  0.68276E+02  0.56989E+02
  0.46656E+02  0.19728E+02  0.34858E+02  0.43284E+02  0.53609E+02  0.47379E+02
  0.36316E+02  0.17741E+02  0.72787E+01  0.34830E+02  0.68859E+02  0.70251E+02
  0.37047E+02  0.19002E+02  0.28478E+02  0.38987E+02  0.48601E+02  0.71768E+02
  0.64944E+02  0.54369E+02  0.22380E+02 -0.17056E+01  0.58463E+01  0.71276E+01
  0.36219E+01  0.11681E+02  0.42738E+01 -0.36670E+01 -0.15558E+02 -0.18679E+02
  0.16668E+01 -0.34684E+01 -0.27835E+02 -0.51743E+02 -0.63058E+02 -0.77396E+02
 -0.49530E+02 -0.31896E+02 -0.29765E+02 -0.27757E+02 -0.26317E+02 -0.25695E+02
 -0.42245E+02 -0.36038E+02 -0.52588E+02 -0.17186E+02 -0.64163E+01 -0.16900E+01
 -0.18744E+02 -0.10297E+02 -0.24928E+02 -0.14134E+02 -0.14471E+02 -0.35117E+02
 -0.32622E+02 -0.23476E+02 -0.19185E+02 -0.43474E+02 -0.54428E+02 -0.37064E+02
 -0.36038E+02 -0.40206E+02 -0.32977E+02 -0.24359E+02 -0.14477E+02 -0.31452E+01
  0.80928E+01 -0.50990E+01  0.31043E+00 -0.19325E+02 -0.38809E+02 -0.40456E+02
 -0.14990E+02 -0.33943E+02 -0.35799E+02 -0.14381E+02 -0.14942E+02 -0.11637E+02
 -0.95350E+01  0.62974E+01  0.18840E+02  0.13538E+02  0.21728E+02  0.24445E+02
  0.62848E+01 -0.18364E+02 -0.35083E+02  0.33565E+01  0.14267E+02  0.18915E+02
  0.30294E+02 -0.34846E+01  0.95728E+01  0.13218E+02  0.91812E+01  0.10958E+02
  0.12439E+02  0.48416E+01 -0.28005E+02 -0.33679E+02 -0.32379E+01 -0.91785E+00
 -0.70789E+01 -0.16553E+02  0.18764E+02  0.41637E+02  0.54249E+01 -0.69682E+01
 -0.32888E+02 -0.60032E+01  0.81488E+01  0.11995E+02  0.14965E+02  0.23165E+01
 -0.13471E+02 -0.49762E+02 -0.72903E+02 -0.55346E+02 -0.22880E+02 -0.91922E+01
 -0.23203E+01  0.12800E+02 -0.18745E+02 -0.41234E+02  0.22676E+02  0.48474E+02
  0.45943E+02  0.80762E+01 -0.57149E+00  0.94397E+01  0.16472E+02  0.38790E+02
  0.50978E+02  0.53919E+02  0.34977E+02  0.69987E+01  0.12351E+02  0.36000E+02
  0.25273E+02  0.26294E+02  0.19509E+02  0.35389E+02  0.25276E+02  0.20089E+02
 -0.27929E+00 -0.10679E+02 -0.12250E+01  0.82272E+01  0.28218E+02  0.50490E+02
  0.20189E+02 -0.10778E+02 -0.38729E+02 -0.17571E+02 -0.19668E+02 -0.13591E+02
 -0.24346E+01 -0.15929E+02 -0.18836E+02 -0.38062E+02  0.76294E+01  0.21642E+02
  0.18130E+01  0.98392E+01  0.56812E+01 -0.13869E+02  0.54626E+01  0.15691E+02
  0.14333E+02  0.20862E+02  0.36268E+02  0.44083E+02  0.14595E+01 -0.30710E+02
 -0.15675E+02  0.35678E+02  0.11440E+02  0.11723E+02  0.62543E+02  0.25179E+02
 -0.36878E+02 -0.28441E+02 -0.19309E+02 -0.16794E+02 -0.14701E+01 -0.12028E+02
  0.18731E+02 -0.94832E+01 -0.16729E+02 -0.28882E+02 -0.27626E+02 -0.21603E+02
 -0.23826E+02 -0.19344E+02 -0.91191E+01 -0.14872E+02 -0.30663E+02 -0.37731E+02
 -0.26130E+02  0.40157E+01  0.14521E+02  0.10097E+02  0.10554E+02  0.10732E+02
  0.10434E+02 -0.26357E+01 -0.16889E+02  0.63134E+01  0.13392E+02  0.14044E+02
 -0.19269E+01 -0.17079E+02 -0.29427E+02 -0.32755E+02  0.41281E+01  0.24132E+02
  0.27193E+02  0.13791E+02  0.25021E+02  0.16373E+02  0.99678E+01  0.12752E+02
  0.37483E+02  0.30903E+02  0.14242E+02 -0.45306E+01  0.15894E+01 -0.25944E+01
  0.20449E+01  0.21561E+02  0.27878E+02  0.26090E+00 -0.18674E+02 -0.35722E+02
 -0.25865E+02 -0.20315E+02 -0.20849E+02  0.29692E+01  0.42211E+01 -0.49059E+01
 -0.42172E+01  0.28026E+02  0.20660E+02 -0.99299E+00 -0.27741E+02 -0.35700E+02
 -0.31703E+02 -0.90149E+01  0.26757E+01 -0.63943E+00 -0.15508E+02 -0.17263E+02
 -0.54249E+01 -0.54217E+01  0.15763E+01 -0.91387E+01 -0.29742E+02 -0.45601E+02
 -0.22952E+02 -0.20237E+02 -0.78511E+01  0.92398E+01  0.15005E+02  0.78107E+00
 -0.14987E+02 -0.29268E+02 -0.53619E+01 -0.48628E+01 -0.28433E+01 -0.10179E+02
 -0.18650E+02 -0.27272E+02 -0.28799E+02  0.16638E+02  0.29134E+02  0.29940E+02
  0.24397E+02  0.24337E+02  0.10180E+02 -0.96789E+00  0.61738E+01  0.23610E+01
  0.78843E+00  0.23065E+02  0.39609E+02  0.22827E+02 -0.58570E+01 -0.16240E+02
 -0.34429E+01 -0.31397E+02 -0.22704E+02  0.12274E+02  0.24341E+02  0.35368E+02
  0.43963E+02  0.20515E+02 -0.19807E+02  0.46518E+01  0.82805E+01  0.18695E+02
  0.19103E+02  0.36887E+02  0.25191E+02  0.21590E+01 -0.15098E+02 -0.15760E+02
 -0.17143E+02  0.18491E+01  0.39707E+02  0.52576E+02  0.28746E+02  0.25055E+02
  0.80561E+01 -0.13610E+01 -0.50720E+01  0.63594E+00  0.26912E+01  0.67889E+00
  0.63992E+01  0.61307E+00  0.10339E+02  0.12745E+02 -0.94423E+01 -0.17476E+02
 -0.23047E+02 -0.19788E+02 -0.19390E+02 -0.56379E+01  0.74441E+01  0.14285E+02
  0.68989E+01  0.18949E+00  0.77149E+01  0.82977E+01  0.13082E+02  0.59326E+01
 -0.13816E+02 -0.24892E+02 -0.53926E+01 -0.20855E+02 -0.13194E+02  0.41014E+01
  0.10869E+02  0.15117E+02  0.16812E+02  0.26324E+02  0.24739E+02  0.21350E+02
  0.11897E+02  0.35723E+01  0.54907E+01 -0.59319E+01  0.13327E+02  0.95394E+01
 -0.56180E+00  0.38198E+00  0.26863E+01  0.14822E+02  0.13222E+02  0.92101E+01
 -0.37329E+00 -0.83306E+01 -0.10415E+02 -0.52918E+01 -0.36069E+01  0.22047E+02
  0.33165E+02  0.32614E+02  0.29066E+01 -0.26655E+02 -0.36847E+01  0.32775E+00
  0.74411E+01 -0.25556E+01 -0.95551E+01  0.36387E+00  0.11109E+01 -0.51264E+00
 -0.13462E+02 -0.15715E+01  0.84140E+01 -0.18947E+02 -0.31716E+02 -0.20170E+02
 -0.49603E+01 -0.45127E+01 -0.92928E+01  0.16905E+02  0.34112E+02  0.10975E+02
 -0.19994E+02 -0.13624E+02 -0.55402E+01 -0.12738E+02 -0.14847E+02 -0.75557E+01
 -0.30340E+02 -0.33269E+02 -0.91734E+01 -0.36055E+01 -0.27139E+01 -0.14098E+02
 -0.14850E+02 -0.39721E+02 -0.20546E+02 -0.35999E+01 -0.11351E+02 -0.19173E+02
 -0.26758E+02 -0.23982E+02 -0.41753E+02 -0.16863E+02  0.52159E+01  0.11461E+02
  0.13890E+01 -0.39663E+01 -0.69666E+01 -0.14266E+02 -0.27433E+02 -0.19727E+02
 -0.10133E+02 -0.10737E+02 -0.12712E+02  0.15104E+02  0.99087E+01 -0.24665E+02
 -0.16597E+02 -0.93977E+01 -0.84000E+01 -0.20815E+02 -0.41953E+01 -0.90481E+01
 -0.13341E+02 -0.21511E+02 -0.11611E+02 -0.59848E+01 -0.15523E+02 -0.11444E-04
  0.21495E+02  0.12851E+02  0.12995E+02  0.15365E+02  0.56497E+00 -0.14599E+02
 -0.26205E+02 -0.28134E+02 -0.87052E+00  0.19951E+01  0.72140E+01  0.20850E+02
  0.99944E+01 -0.14447E+00  0.68173E+01 -0.58048E+01  0.74596E+01 -0.49072E+00
 -0.14587E+01  0.14822E+01  0.15395E+02  0.25265E+02  0.27221E+02  0.12427E+02
  0.17637E+02  0.19235E+02  0.19602E+02  0.33454E+01  0.18467E+01  0.13083E+02
 -0.19064E+00 -0.11126E+02 -0.41678E+00 -0.10378E+02 -0.14265E+02  0.47597E+01
  0.11537E+02  0.45918E+01  0.30257E+01  0.12025E+02  0.17228E+02  0.22229E+02
  0.31828E+02  0.22271E+02  0.70219E+01  0.80894E+01 -0.42780E+01 -0.15925E+02
 -0.10148E+01  0.20349E+02  0.22109E+02  0.17038E+02  0.79787E+01  0.16394E+01
 -0.13481E+01  0.11027E+02  0.20153E+02  0.34130E+02  0.10265E+02  0.51046E+01
 -0.56633E+00  0.18635E+02  0.58007E+01 -0.71431E+01  0.16323E+01  0.87075E+01
 -0.29995E+01 -0.14670E+02  0.31128E+02  0.12185E+02  0.14051E+02  0.20469E+02
  0.21826E+02  0.64930E+01 -0.18718E+01  0.67679E+01  0.18866E+00 -0.37996E+01
  0.51053E+01  0.94513E+01  0.17271E+02 -0.89722E+01 -0.46507E+01 -0.43028E+01
  0.79479E+01 -0.73299E+01 -0.30342E+01 -0.18866E+02 -0.29446E+02 -0.21217E+02
  0.71007E+01  0.13004E+02  0.27075E+01  0.83156E+01 -0.13531E+02 -0.34631E+02
 -0.32862E+02 -0.32271E+02 -0.10239E+01 -0.17265E+02 -0.21728E+02 -0.23616E+02
 -0.13287E+02 -0.94822E+01  0.31372E+01  0.13268E+02 -0.10779E+01 -0.75192E+01
 -0.17011E+02 -0.13291E+02 -0.19156E+02 -0.11800E+02 -0.89965E+01 -0.37144E+01
 -0.24284E+02 -0.25643E+02 -0.63040E+01 -0.59987E+01 -0.20307E+02  0.12940E+01
 -0.58986E+01 -0.11383E+02 -0.13015E+02 -0.95526E+01 -0.16671E+02 -0.21811E+01
 -0.89908E+00  0.23208E+00 -0.57902E+01 -0.85015E+01 -0.30586E+02 -0.68506E+01
 -0.16351E+02 -0.92371E+01 -0.78571E+01 -0.61625E+01 -0.56887E+01  0.11308E+02
  0.48079E+01  0.12468E+02  0.18426E+02  0.22121E+02  0.69605E+02  0.96241E+02
  0.84112E+02 -0.19486E+02 -0.25303E+03 -0.24839E+03 -0.96861E+02  0.77887E+02
  0.34650E+03  0.31954E+03  0.24513E+03  0.80417E+02 -0.13241E+03 -0.22569E+03
 -0.29621E+03 -0.10064E+03  0.13343E+03  0.16422E+03 -0.41385E+02 -0.87077E+02
 -0.70231E+02 -0.53174E+02 -0.22633E+02  0.40343E+02  0.59645E+02  0.18409E+02
 -0.89846E+02 -0.67621E+02 -0.90099E+01 -0.54009E+01 -0.33142E+01  0.49543E+02
  0.63614E+02 -0.41926E+01 -0.98272E+02 -0.34905E+02 -0.62582E+00  0.70507E+02
  0.71493E+02  0.92066E+01 -0.40499E+02 -0.33914E+02  0.33738E+02  0.90826E+02
  0.94511E+02  0.59658E+02  0.20907E+02 -0.28418E+02 -0.27277E+02  0.32659E+02
  0.59082E+02  0.57036E+02  0.29265E+02  0.22847E+01 -0.16878E+02 -0.44668E+01
  0.45051E+02  0.41326E+02  0.39402E+02  0.38384E+02  0.30672E+02  0.10387E+02
 -0.85169E+01 -0.10611E+02  0.88671E+01  0.19935E+02  0.20364E+02  0.19256E+02
  0.70915E+01 -0.11012E+02  0.11645E+01  0.14271E+02 -0.24572E+02 -0.10499E+02
  0.10254E+02  0.35241E+02  0.16354E+02 -0.50868E+01 -0.19948E+02 -0.17914E+02
 -0.20418E+02 -0.67197E+01  0.10809E+02  0.89829E+01  0.16980E+02  0.60857E+01
 -0.28927E+02 -0.39056E+02 -0.36654E+02 -0.38171E+02 -0.29899E+02 -0.95580E+01
 -0.10820E+02 -0.15940E+02 -0.19056E+02  0.62999E+01  0.73065E+01  0.22946E+00
 -0.10656E+02 -0.29536E+01  0.83540E+01  0.38164E+01 -0.53875E+01 -0.99313E+01
 -0.81579E+01 -0.11575E+01 -0.92337E+01 -0.18562E+01  0.45183E+00  0.11807E+02
  0.34593E+01 -0.14699E+02 -0.72109E+01 -0.96451E+00 -0.14291E+01  0.55056E+01
 -0.96092E+01 -0.37656E+02 -0.16080E+02 -0.55961E+01  0.12615E+02  0.68864E+01
 -0.65247E+01 -0.25254E+02 -0.29942E+02 -0.28100E+02 -0.14766E+02 -0.23566E+01
  0.58173E+00 -0.50372E+01 -0.27482E+02 -0.30880E+02 -0.42010E+02 -0.28069E+02
 -0.18363E+02 -0.86831E+01 -0.38208E+01 -0.83028E+01  0.11314E+00  0.61095E+00
 -0.76319E+01 -0.26835E+01  0.50946E+01  0.15203E+02 -0.24958E+01  0.67367E+01
 -0.24829E+02 -0.63464E+01 -0.30370E+01  0.13230E+01  0.10262E+02  0.17578E+02
  0.27943E+02  0.12805E+02 -0.88720E+00  0.43713E+00  0.36442E+01 -0.23614E+01
  0.90007E+01  0.32325E+02  0.43549E+02  0.26698E+02  0.15031E+02  0.32720E+01
 -0.47032E+01 -0.13005E+02 -0.56991E+01 -0.39761E+01  0.64202E+01  0.12304E+02
  0.40813E+01  0.83197E+00  0.10680E+02  0.13655E+02	0.0		0.0
