  0.47379E+00  0.89827E+00  0.75755E+00  0.81524E+00  0.78903E+00  0.80819E+00
  0.79228E+00  0.81211E+00  0.79801E+00  0.81792E+00  0.80797E+00  0.82772E+00
  0.82213E+00  0.84278E+00  0.84136E+00  0.86389E+00  0.86659E+00  0.89157E+00
  0.89846E+00  0.92617E+00  0.93695E+00  0.96722E+00  0.98134E+00  0.10138E+01
  0.10306E+01  0.10644E+01  0.10824E+01  0.11161E+01  0.11343E+01  0.11671E+01
  0.11846E+01  0.12157E+01  0.12316E+01  0.12603E+01  0.12744E+01  0.13018E+01
  0.13157E+01  0.13435E+01  0.13590E+01  0.13877E+01  0.14027E+01  0.14291E+01
  0.14411E+01  0.14636E+01  0.14714E+01  0.14894E+01  0.14931E+01  0.15080E+01
  0.15104E+01  0.15230E+01  0.15285E+01  0.15333E+01  0.15087E+01  0.15123E+01
  0.15160E+01  0.15259E+01  0.15251E+01  0.15351E+01  0.15324E+01  0.15404E+01
  0.15364E+01  0.15427E+01  0.15373E+01  0.15423E+01  0.15360E+01  0.15403E+01
  0.15337E+01  0.15379E+01  0.15313E+01  0.15361E+01  0.15305E+01  0.15343E+01
  0.15336E+01  0.15288E+01  0.14913E+01  0.14857E+01  0.14852E+01  0.14885E+01
  0.14823E+01  0.14855E+01  0.14764E+01  0.14765E+01  0.14646E+01  0.14613E+01
  0.14463E+01  0.14399E+01  0.14220E+01  0.14129E+01  0.13930E+01  0.13825E+01
  0.13612E+01  0.13514E+01  0.13293E+01  0.13201E+01  0.13047E+01  0.12800E+01
  0.13087E+01  0.14032E+01  0.14740E+01  0.15932E+01  0.16286E+01  0.16013E+01
  0.15875E+01  0.15773E+01  0.15535E+01  0.15401E+01  0.15146E+01  0.14955E+01
  0.14661E+01  0.14488E+01  0.14029E+01  0.14151E+01  0.14842E+01  0.15090E+01
  0.14262E+01  0.13045E+01  0.12361E+01  0.12242E+01  0.11870E+01  0.11630E+01
  0.11307E+01  0.11059E+01  0.10724E+01  0.10475E+01  0.10121E+01  0.98602E+00
  0.94812E+00  0.92050E+00  0.88132E+00  0.84571E+00  0.81751E+00  0.74984E+00
  0.60313E+00  0.53337E+00  0.50043E+00  0.45744E+00  0.40999E+00  0.36847E+00
  0.31975E+00  0.27902E+00  0.21496E+00  0.21050E+00  0.64770E-01 -0.25492E+00
 -0.39566E+00 -0.39853E+00 -0.45906E+00 -0.49736E+00 -0.54367E+00 -0.58694E+00
 -0.63989E+00 -0.68423E+00 -0.75112E+00 -0.82946E+00 -0.90489E+00 -0.96647E+00
 -0.10532E+01 -0.11070E+01 -0.12429E+01 -0.14716E+01 -0.16105E+01 -0.16696E+01
 -0.17625E+01 -0.18360E+01 -0.19139E+01 -0.19810E+01 -0.20517E+01 -0.21101E+01
 -0.21756E+01 -0.22297E+01 -0.22957E+01 -0.23537E+01 -0.24202E+01 -0.25005E+01
 -0.25507E+01 -0.25435E+01 -0.26123E+01 -0.27033E+01 -0.28537E+01 -0.28558E+01
 -0.26387E+01 -0.26647E+01 -0.27677E+01 -0.26618E+01 -0.27209E+01 -0.28660E+01
 -0.29765E+01 -0.30881E+01 -0.32060E+01 -0.33068E+01 -0.34142E+01 -0.35141E+01
 -0.36014E+01 -0.37024E+01 -0.37988E+01 -0.38080E+01 -0.41103E+01 -0.36541E+01
 -0.21465E+01 -0.16928E+01 -0.20202E+01 -0.21345E+01 -0.23339E+01 -0.24859E+01
 -0.26048E+01 -0.27492E+01 -0.29175E+01 -0.30669E+01 -0.32120E+01 -0.33623E+01
 -0.35162E+01 -0.36157E+01 -0.38620E+01 -0.37134E+01 -0.30295E+01 -0.28614E+01
 -0.30654E+01 -0.31096E+01 -0.31945E+01 -0.32513E+01 -0.33540E+01 -0.33481E+01
 -0.31743E+01 -0.31693E+01 -0.32832E+01 -0.33383E+01 -0.34256E+01 -0.35102E+01
 -0.36150E+01 -0.37025E+01 -0.38537E+01 -0.40687E+01 -0.42334E+01 -0.43449E+01
 -0.44869E+01 -0.46132E+01 -0.47474E+01 -0.48679E+01 -0.49906E+01 -0.50963E+01
 -0.51672E+01 -0.51900E+01 -0.52568E+01 -0.53257E+01 -0.53894E+01 -0.54425E+01
 -0.54885E+01 -0.55517E+01 -0.56781E+01 -0.57457E+01 -0.57908E+01 -0.58446E+01
 -0.59011E+01 -0.59873E+01 -0.61456E+01 -0.62721E+01 -0.61269E+01 -0.57569E+01
 -0.56543E+01 -0.57206E+01 -0.58059E+01 -0.59249E+01 -0.60482E+01 -0.61588E+01
 -0.62759E+01 -0.63756E+01 -0.64848E+01 -0.65782E+01 -0.66725E+01 -0.67498E+01
 -0.68266E+01 -0.68819E+01 -0.69487E+01 -0.69719E+01 -0.70571E+01 -0.72511E+01
 -0.72822E+01 -0.71330E+01 -0.71271E+01 -0.71829E+01 -0.72611E+01 -0.73005E+01
 -0.72997E+01 -0.74046E+01 -0.71845E+01 -0.65769E+01 -0.64801E+01 -0.66589E+01
 -0.67476E+01 -0.68447E+01 -0.69940E+01 -0.71829E+01 -0.73227E+01 -0.74026E+01
 -0.74858E+01 -0.75918E+01 -0.75880E+01 -0.73610E+01 -0.74037E+01 -0.76872E+01
 -0.78119E+01 -0.78078E+01 -0.79544E+01 -0.82495E+01 -0.83761E+01 -0.83699E+01
 -0.84374E+01 -0.85265E+01 -0.85795E+01 -0.85937E+01 -0.86292E+01 -0.86505E+01
 -0.86908E+01 -0.87181E+01 -0.87907E+01 -0.88033E+01 -0.87214E+01 -0.87215E+01
 -0.88065E+01 -0.88453E+01 -0.89143E+01 -0.89885E+01 -0.90352E+01 -0.90387E+01
 -0.90529E+01 -0.90503E+01 -0.90351E+01 -0.89844E+01 -0.89264E+01 -0.88919E+01
 -0.87475E+01 -0.84292E+01 -0.82858E+01 -0.82475E+01 -0.81746E+01 -0.81285E+01
 -0.81138E+01 -0.80910E+01 -0.81122E+01 -0.80798E+01 -0.80250E+01 -0.79672E+01
 -0.79123E+01 -0.78408E+01 -0.77748E+01 -0.76911E+01 -0.76146E+01 -0.75217E+01
 -0.74352E+01 -0.73385E+01 -0.72499E+01 -0.71469E+01 -0.70535E+01 -0.69352E+01
 -0.68533E+01 -0.68049E+01 -0.67192E+01 -0.65753E+01 -0.64769E+01 -0.62964E+01
 -0.60240E+01 -0.58349E+01 -0.57217E+01 -0.55692E+01 -0.54338E+01 -0.52849E+01
 -0.51440E+01 -0.49908E+01 -0.48457E+01 -0.46917E+01 -0.45380E+01 -0.43565E+01
 -0.42082E+01 -0.40619E+01 -0.39276E+01 -0.37886E+01 -0.36718E+01 -0.35591E+01
 -0.34613E+01 -0.33944E+01 -0.33534E+01 -0.32425E+01 -0.31731E+01 -0.31362E+01
 -0.31062E+01 -0.30702E+01 -0.30508E+01 -0.30093E+01 -0.29660E+01 -0.29147E+01
 -0.28732E+01 -0.28077E+01 -0.27440E+01 -0.26575E+01 -0.25740E+01 -0.24808E+01
 -0.24057E+01 -0.23205E+01 -0.22479E+01 -0.21452E+01 -0.20737E+01 -0.20460E+01
 -0.20250E+01 -0.19869E+01 -0.19807E+01 -0.19375E+01 -0.18883E+01 -0.18955E+01
 -0.19983E+01 -0.20982E+01 -0.21898E+01 -0.22635E+01 -0.23370E+01 -0.23750E+01
 -0.23458E+01 -0.21724E+01 -0.20223E+01 -0.19138E+01 -0.17714E+01 -0.16675E+01
 -0.16783E+01 -0.17304E+01 -0.17477E+01 -0.16492E+01 -0.15415E+01 -0.14130E+01
 -0.12361E+01 -0.95344E+00 -0.61472E+00 -0.31789E+00 -0.13414E+00  0.36769E-01
  0.19028E+00  0.31657E+00  0.36444E+00  0.40418E+00  0.44788E+00  0.46711E+00
  0.43261E+00  0.43756E+00  0.39916E+00  0.31601E+00  0.45424E+00  0.84344E+00
  0.11700E+01  0.14203E+01  0.14526E+01  0.12884E+01  0.12551E+01  0.14646E+01
  0.18463E+01  0.23395E+01  0.26084E+01  0.25711E+01  0.24754E+01  0.27291E+01
  0.32845E+01  0.37216E+01  0.38700E+01  0.39425E+01  0.40153E+01  0.41948E+01
  0.44634E+01  0.47402E+01  0.48617E+01  0.48127E+01  0.46756E+01  0.45292E+01
  0.45212E+01  0.48059E+01  0.51283E+01  0.53288E+01  0.54801E+01  0.57100E+01
  0.58868E+01  0.60035E+01  0.61528E+01  0.63205E+01  0.64565E+01  0.66882E+01
  0.68991E+01  0.70928E+01  0.73453E+01  0.77558E+01  0.82270E+01  0.85957E+01
  0.88301E+01  0.90027E+01  0.90273E+01  0.89815E+01  0.90010E+01  0.89892E+01
  0.89804E+01  0.92512E+01  0.94998E+01  0.97192E+01  0.10071E+02  0.10452E+02
  0.10684E+02  0.10946E+02  0.11364E+02  0.11795E+02  0.12098E+02  0.12378E+02
  0.12683E+02  0.13062E+02  0.13488E+02  0.13962E+02  0.14321E+02  0.14559E+02
  0.14837E+02  0.15203E+02  0.15438E+02  0.15786E+02  0.16377E+02  0.16904E+02
  0.17385E+02  0.17815E+02  0.17915E+02  0.17932E+02  0.18080E+02  0.18334E+02
  0.18642E+02  0.19024E+02  0.19302E+02  0.19522E+02  0.19820E+02  0.20296E+02
  0.20995E+02  0.21863E+02  0.22600E+02  0.23054E+02  0.23181E+02  0.23382E+02
  0.23799E+02  0.24011E+02  0.24186E+02  0.24628E+02  0.24849E+02  0.25003E+02
  0.25185E+02  0.25285E+02  0.25515E+02  0.25998E+02  0.26468E+02  0.26820E+02
  0.27125E+02  0.27588E+02  0.28281E+02  0.29147E+02  0.29983E+02  0.30740E+02
  0.31428E+02  0.32041E+02  0.32561E+02  0.33020E+02  0.33085E+02  0.32965E+02
  0.33166E+02  0.33456E+02  0.33613E+02  0.33882E+02  0.34122E+02  0.34571E+02
  0.35515E+02  0.36205E+02  0.36211E+02  0.36475E+02  0.37038E+02  0.37676E+02
  0.38503E+02  0.38972E+02  0.39173E+02  0.39806E+02  0.40462E+02  0.41000E+02
  0.41943E+02  0.43318E+02  0.44558E+02  0.45519E+02  0.46105E+02  0.46034E+02
  0.45922E+02  0.46350E+02  0.46716E+02  0.46532E+02  0.45578E+02  0.44384E+02
  0.43157E+02  0.42450E+02  0.43268E+02  0.44448E+02  0.44709E+02  0.44856E+02
  0.44669E+02  0.44117E+02  0.44470E+02  0.45988E+02  0.47282E+02  0.47594E+02
  0.47587E+02  0.47530E+02  0.47284E+02  0.47038E+02  0.46342E+02  0.45274E+02
  0.44586E+02  0.43999E+02  0.43376E+02  0.43525E+02  0.43623E+02  0.43632E+02
  0.44514E+02  0.44983E+02  0.43928E+02  0.42513E+02  0.41442E+02  0.40641E+02
  0.40254E+02  0.40135E+02  0.39622E+02  0.38413E+02  0.37178E+02  0.36531E+02
  0.36053E+02  0.35760E+02  0.35551E+02  0.35369E+02  0.35644E+02  0.36220E+02
  0.36188E+02  0.35567E+02  0.34897E+02  0.34164E+02  0.33471E+02  0.32811E+02
  0.31343E+02  0.29673E+02  0.29230E+02  0.29401E+02  0.28728E+02  0.27670E+02
  0.26526E+02  0.24851E+02  0.23620E+02  0.23157E+02  0.22310E+02  0.21293E+02
  0.20570E+02  0.19921E+02  0.19192E+02  0.18018E+02  0.16355E+02  0.15507E+02
  0.15359E+02  0.14827E+02  0.14083E+02  0.12896E+02  0.10815E+02  0.88042E+01
  0.73150E+01  0.62472E+01  0.54959E+01  0.48587E+01  0.44883E+01  0.44814E+01
  0.41479E+01  0.34184E+01  0.28571E+01  0.15733E+01 -0.10090E+01 -0.34196E+01
 -0.58124E+01 -0.93755E+01 -0.13042E+02 -0.15420E+02 -0.17213E+02 -0.18634E+02
 -0.19677E+02 -0.20945E+02 -0.22807E+02 -0.25355E+02 -0.27833E+02 -0.29730E+02
 -0.31052E+02 -0.30625E+02 -0.29054E+02 -0.28174E+02 -0.27258E+02 -0.25277E+02
 -0.22360E+02 -0.18248E+02 -0.15197E+02 -0.16748E+02 -0.22161E+02 -0.27439E+02
 -0.30215E+02 -0.31728E+02 -0.34781E+02 -0.39790E+02 -0.45984E+02 -0.52428E+02
 -0.56841E+02 -0.57688E+02 -0.56622E+02 -0.56103E+02 -0.56724E+02 -0.59555E+02
 -0.65938E+02 -0.73161E+02 -0.77911E+02 -0.80834E+02 -0.83634E+02 -0.86616E+02
 -0.90630E+02 -0.93948E+02 -0.94756E+02 -0.91959E+02 -0.85078E+02 -0.81937E+02
 -0.87252E+02 -0.96353E+02 -0.10735E+03 -0.11868E+03 -0.12714E+03 -0.13160E+03
 -0.13264E+03 -0.13380E+03 -0.13877E+03 -0.14672E+03 -0.15374E+03 -0.15560E+03
 -0.14604E+03 -0.12075E+03 -0.89974E+02 -0.60005E+02 -0.27766E+02 -0.56788E+01
  0.21934E+01  0.12112E+02  0.30315E+02  0.44041E+02  0.43817E+02  0.41482E+02
  0.39444E+02  0.24872E+02  0.39102E+00 -0.24213E+02 -0.46883E+02 -0.67256E+02
 -0.80865E+02 -0.91966E+02 -0.11750E+03 -0.15564E+03 -0.18458E+03 -0.19325E+03
 -0.18572E+03 -0.16310E+03 -0.12895E+03 -0.93251E+02 -0.60899E+02 -0.36671E+02
 -0.15248E+02  0.11504E+02  0.34219E+02  0.47410E+02  0.54176E+02  0.50424E+02
  0.38370E+02  0.40794E+02  0.62753E+02  0.75111E+02  0.62671E+02  0.37404E+02
  0.12865E+02 -0.35964E+01 -0.19129E+02 -0.48180E+02 -0.88193E+02 -0.12346E+03
 -0.14637E+03 -0.15988E+03 -0.16850E+03 -0.18271E+03 -0.20792E+03 -0.22905E+03
 -0.23868E+03 -0.24153E+03 -0.23982E+03 -0.24085E+03 -0.22409E+03 -0.14610E+03
 -0.19804E+02  0.11253E+03  0.23823E+03  0.33453E+03  0.38522E+03  0.41552E+03
  0.44717E+03  0.46617E+03  0.43452E+03  0.34046E+03  0.21461E+03  0.92005E+02
 -0.51046E+00 -0.62888E+02 -0.12777E+03 -0.21301E+03 -0.31019E+03 -0.39828E+03
 -0.46096E+03 -0.50816E+03 -0.55813E+03 -0.61168E+03 -0.65516E+03 -0.67390E+03
 -0.67728E+03 -0.67655E+03 -0.64931E+03 -0.57995E+03 -0.48619E+03 -0.37553E+03
 -0.24316E+03 -0.10600E+03  0.37366E+02  0.18204E+03  0.27341E+03  0.33416E+03
  0.39661E+03  0.37816E+03  0.28243E+03  0.18686E+03  0.94130E+02 -0.58670E+00
 -0.87052E+02 -0.15914E+03 -0.20598E+03 -0.21603E+03 -0.18691E+03 -0.11723E+03
 -0.17075E+02  0.78551E+02  0.15484E+03  0.23350E+03  0.33120E+03  0.43611E+03
  0.53947E+03  0.64272E+03  0.71777E+03  0.76068E+03  0.77518E+03  0.72968E+03
  0.64230E+03  0.54319E+03  0.43919E+03  0.34572E+03  0.28311E+03  0.25732E+03
  0.26774E+03  0.30875E+03  0.33955E+03  0.32305E+03  0.27289E+03  0.22200E+03
  0.18335E+03  0.15110E+03  0.11919E+03  0.97013E+02  0.10100E+03  0.13008E+03
  0.15815E+03  0.15943E+03  0.14372E+03  0.13406E+03  0.93847E+02 -0.60973E+01
 -0.10461E+03 -0.16228E+03 -0.21374E+03 -0.27807E+03 -0.34845E+03 -0.42693E+03
 -0.50547E+03 -0.55987E+03 -0.57854E+03 -0.54301E+03 -0.45891E+03 -0.39282E+03
 -0.36702E+03 -0.35625E+03 -0.33954E+03 -0.29043E+03 -0.23890E+03 -0.22760E+03
 -0.21209E+03 -0.15942E+03 -0.10476E+03 -0.67607E+02 -0.41351E+02 -0.19984E+02
 -0.18519E+02 -0.35674E+02 -0.69214E+02 -0.12973E+03 -0.20832E+03 -0.32605E+03
 -0.47144E+03 -0.58234E+03 -0.63415E+03 -0.62281E+03 -0.58570E+03 -0.57568E+03
 -0.57411E+03 -0.55118E+03 -0.52145E+03 -0.51000E+03 -0.49594E+03 -0.43080E+03
 -0.31166E+03 -0.16981E+03 -0.39619E+02  0.61758E+02  0.15181E+03  0.25993E+03
  0.39715E+03  0.53649E+03  0.63020E+03  0.68016E+03  0.71773E+03  0.74472E+03
  0.75744E+03  0.73528E+03  0.66721E+03  0.59372E+03  0.52826E+03  0.43286E+03
  0.28808E+03  0.11307E+03 -0.60265E+02 -0.18363E+03 -0.22208E+03 -0.21173E+03
 -0.20179E+03 -0.19357E+03 -0.20268E+03 -0.22794E+03 -0.21552E+03 -0.13610E+03
 -0.18293E+02  0.60578E+02  0.62120E+02  0.15585E+02 -0.18073E+02  0.45036E+02
  0.20853E+03  0.39039E+03  0.53914E+03  0.62424E+03  0.62847E+03  0.58673E+03
  0.54239E+03  0.50607E+03  0.45715E+03  0.37079E+03  0.24066E+03  0.73313E+02
 -0.11885E+03 -0.29542E+03 -0.36755E+03 -0.27222E+03 -0.81830E+02  0.89279E+02
  0.21472E+03  0.27357E+03  0.25417E+03  0.20613E+03  0.16497E+03  0.14929E+03
  0.16535E+03  0.18079E+03  0.14250E+03  0.43183E+02  0.85416E+01  0.11553E+03
  0.26925E+03  0.39685E+03  0.44540E+03  0.38090E+03  0.29233E+03  0.27529E+03
  0.32085E+03  0.38387E+03  0.40518E+03  0.30920E+03  0.12008E+03 -0.44994E+02
 -0.90182E+02 -0.27662E+02  0.36281E+02  0.30264E+02 -0.56272E+02 -0.20068E+03
 -0.31497E+03 -0.35223E+03 -0.38300E+03 -0.43377E+03 -0.45625E+03 -0.41287E+03
 -0.30605E+03 -0.19662E+03 -0.12169E+03 -0.50127E+02 -0.55440E+01 -0.46687E+00
  0.50038E+02  0.15173E+03  0.22885E+03  0.24498E+03  0.23683E+03  0.23896E+03
  0.20416E+03  0.93876E+02 -0.66949E+02 -0.22047E+03 -0.32827E+03 -0.36647E+03
 -0.29573E+03 -0.17664E+03 -0.76491E+02  0.52684E+02  0.19734E+03  0.28723E+03
  0.33912E+03  0.40531E+03  0.47947E+03  0.56180E+03  0.63799E+03  0.65044E+03
  0.60846E+03  0.56159E+03  0.53165E+03  0.50871E+03  0.47188E+03  0.39895E+03
  0.26657E+03  0.10692E+03 -0.26785E+02 -0.89887E+02 -0.94646E+02 -0.10906E+03
 -0.14631E+03 -0.19261E+03 -0.24906E+03 -0.30319E+03 -0.34213E+03 -0.34479E+03
 -0.32511E+03 -0.31549E+03 -0.31181E+03 -0.31030E+03 -0.30423E+03 -0.27388E+03
 -0.25356E+03 -0.30375E+03 -0.40453E+03 -0.52696E+03 -0.61803E+03 -0.64509E+03
 -0.66882E+03 -0.69041E+03 -0.68583E+03 -0.67384E+03 -0.65270E+03 -0.60224E+03
 -0.54925E+03 -0.51660E+03 -0.47736E+03 -0.46085E+03 -0.52011E+03 -0.59630E+03
 -0.60207E+03 -0.59610E+03 -0.60997E+03 -0.60408E+03 -0.62942E+03 -0.64959E+03
 -0.63020E+03 -0.61857E+03 -0.60333E+03 -0.57827E+03 -0.50777E+03 -0.36748E+03
 -0.21121E+03 -0.20075E+02  0.18408E+03  0.30184E+03  0.38547E+03  0.48582E+03
  0.53048E+03  0.57048E+03  0.63459E+03  0.64048E+03  0.65842E+03  0.73929E+03
  0.80550E+03  0.86279E+03  0.82628E+03  0.74073E+03  0.82084E+03  0.85896E+03
  0.70860E+03  0.46360E+03  0.17178E+03 -0.44011E+02 -0.13200E+03 -0.23907E+03
 -0.29831E+03 -0.26836E+03 -0.23191E+03 -0.12218E+03 -0.40185E+02 -0.52482E+02
 -0.41953E+02 -0.47418E+00  0.56094E+02  0.11946E+03  0.16826E+03  0.20157E+03
  0.25032E+03  0.39775E+03  0.60632E+03  0.73380E+03  0.78700E+03  0.80067E+03
  0.73722E+03  0.73141E+03  0.81439E+03  0.84153E+03  0.81582E+03  0.78284E+03
  0.70208E+03  0.54798E+03  0.40607E+03  0.30973E+03  0.18890E+03  0.22302E+02
 -0.14418E+03 -0.30618E+03 -0.43278E+03 -0.43204E+03 -0.33921E+03 -0.27822E+03
 -0.23044E+03 -0.11507E+03  0.15012E+02  0.86614E+02  0.64743E+02 -0.10596E+03
 -0.34907E+03 -0.47941E+03 -0.47842E+03 -0.34438E+03 -0.95465E+02  0.64823E+02
  0.11340E+03  0.13821E+03  0.13931E+03  0.17746E+03  0.21686E+03  0.19736E+03
  0.10121E+03 -0.98188E+02 -0.29015E+03 -0.39855E+03 -0.40414E+03 -0.26648E+03
 -0.17311E+03 -0.10884E+03  0.78213E+02  0.17491E+03  0.16201E+03  0.20047E+03
  0.24614E+03  0.26229E+03  0.27765E+03  0.32459E+03  0.34581E+03  0.28323E+03
  0.19071E+03  0.95253E+02 -0.50310E+01 -0.52842E+02 -0.31386E+02  0.30833E+02
  0.95922E+02  0.55024E+02 -0.11179E+03 -0.20685E+03 -0.17378E+03 -0.12453E+03
 -0.11145E+03 -0.20668E+03 -0.38304E+03 -0.55986E+03 -0.77445E+03 -0.99995E+03
 -0.11475E+04 -0.12383E+04 -0.12712E+04 -0.12212E+04 -0.11477E+04 -0.11244E+04
 -0.11088E+04 -0.10210E+04 -0.89746E+03 -0.69285E+03 -0.50308E+03 -0.37001E+03
 -0.20337E+03 -0.15500E+02  0.21886E+03  0.48606E+03  0.74407E+03  0.88351E+03
  0.80100E+03  0.63911E+03  0.44740E+03  0.22353E+03  0.82703E+02  0.19042E+02
  0.11454E+02  0.26985E+02 -0.30802E+02 -0.20388E+03 -0.39476E+03 -0.52259E+03
 -0.57553E+03 -0.54782E+03 -0.42040E+03 -0.24616E+03 -0.13945E+03 -0.11820E+03
 -0.10317E+03 -0.48076E+02  0.83813E+02  0.29364E+03  0.48122E+03  0.58060E+03
  0.56945E+03  0.51056E+03  0.54097E+03  0.60154E+03  0.59690E+03  0.59149E+03
  0.60579E+03  0.60320E+03  0.58090E+03  0.51947E+03  0.41335E+03  0.25561E+03
  0.86607E+02 -0.10097E+02 -0.78658E+02 -0.14272E+03 -0.90849E+02  0.60698E+02
  0.22301E+03  0.37499E+03  0.40568E+03  0.36219E+03  0.37270E+03  0.34777E+03
  0.29041E+03  0.19957E+03  0.10017E+03  0.95091E+02  0.11177E+03  0.78368E+02
  0.12141E+02 -0.23151E+02  0.57289E+02  0.20380E+03  0.31935E+03  0.36842E+03
  0.32335E+03  0.18594E+03  0.68038E+02  0.38370E+02 -0.63146E+01 -0.10551E+03
 -0.20140E+03 -0.24870E+03 -0.22232E+03 -0.18665E+03 -0.19171E+03 -0.21403E+03
 -0.22594E+03 -0.19958E+03 -0.15754E+03 -0.12457E+03 -0.80411E+02 -0.64071E+02
 -0.10809E+03 -0.13838E+03 -0.16233E+03 -0.28501E+03 -0.40809E+03 -0.38043E+03
 -0.23178E+03 -0.54754E+02  0.35264E+02 -0.14856E+02 -0.17269E+03 -0.35165E+03
 -0.44327E+03 -0.45533E+03 -0.44408E+03 -0.40971E+03 -0.35243E+03 -0.28663E+03
 -0.22497E+03 -0.16936E+03 -0.85076E+02  0.17796E+02  0.66645E+02  0.83566E+02
  0.16147E+03  0.27532E+03  0.34882E+03  0.40169E+03  0.39689E+03  0.30524E+03
  0.23982E+03  0.21051E+03  0.13936E+03  0.22390E+02 -0.55738E+02 -0.63133E+02
 -0.60044E+02 -0.80467E+02 -0.13199E+03 -0.17544E+03 -0.19345E+03 -0.23306E+03
 -0.25472E+03 -0.22851E+03 -0.24734E+03 -0.31691E+03 -0.36317E+03 -0.40598E+03
 -0.46899E+03 -0.49365E+03 -0.42040E+03 -0.28128E+03 -0.11603E+03  0.42080E+02
  0.13343E+03  0.21088E+03  0.27146E+03  0.23199E+03  0.16416E+03  0.13351E+03
  0.14592E+03  0.14320E+03  0.68325E+02 -0.60154E+01 -0.57027E+02 -0.94750E+02
 -0.93783E+02 -0.63169E+02 -0.12551E+02  0.44401E+02  0.92695E+02  0.11800E+03
  0.94807E+02  0.48311E+02  0.13436E+02 -0.17235E+02 -0.21242E+02  0.20040E+02
  0.85744E+02  0.14185E+03  0.17149E+03  0.20194E+03  0.20959E+03  0.20362E+03
  0.29263E+03  0.43853E+03  0.54169E+03  0.60395E+03  0.62551E+03  0.63960E+03
  0.63261E+03  0.54187E+03  0.40560E+03  0.28177E+03  0.18552E+03  0.95379E+02
 -0.28065E+02 -0.14753E+03 -0.19535E+03 -0.15748E+03 -0.45927E+02  0.69240E+02
  0.10127E+03  0.54356E+02 -0.87403E+01 -0.35910E+02 -0.21275E+02 -0.32745E+02
 -0.11500E+03 -0.18793E+03 -0.18190E+03 -0.15854E+03 -0.17152E+03 -0.22740E+03
 -0.32037E+03 -0.35946E+03 -0.32410E+03 -0.28599E+03 -0.26208E+03 -0.26149E+03
 -0.26886E+03 -0.22437E+03 -0.11075E+03  0.16991E+02  0.11823E+03  0.17331E+03
  0.17108E+03  0.15654E+03  0.15439E+03  0.12953E+03  0.63604E+02 -0.19275E+02
 -0.83976E+02 -0.94491E+02 -0.58209E+02 -0.25524E+02 -0.14192E+02 -0.43769E+01
  0.24883E+02  0.78772E+02  0.17644E+03  0.30003E+03  0.36463E+03  0.36812E+03
  0.36222E+03  0.33712E+03  0.29701E+03  0.26718E+03  0.25778E+03  0.23898E+03
  0.13231E+03 -0.41698E+02 -0.17072E+03 -0.23001E+03 -0.24218E+03 -0.20153E+03
 -0.11912E+03 -0.36688E+02  0.55352E+01 -0.12279E+02 -0.12241E+03 -0.33739E+03
 -0.55509E+03 -0.69639E+03 -0.76967E+03 -0.71691E+03 -0.60534E+03 -0.57068E+03
 -0.52877E+03 -0.44841E+03 -0.38845E+03 -0.31247E+03 -0.22189E+03 -0.14353E+03
 -0.74973E+02 -0.13830E+02  0.20489E+02  0.13661E+02 -0.12148E+02 -0.20153E+02
  0.22705E+02  0.85659E+02  0.10747E+03  0.81784E+02  0.29964E+02 -0.24049E+02
 -0.74331E+02 -0.12466E+03 -0.16043E+03 -0.14867E+03 -0.54097E+02  0.78063E+02
  0.17108E+03  0.25026E+03  0.36063E+03  0.45577E+03  0.48747E+03  0.46709E+03
  0.43153E+03  0.40990E+03  0.39944E+03  0.38834E+03  0.37670E+03  0.36726E+03
  0.35314E+03  0.32583E+03  0.30361E+03  0.29750E+03  0.28583E+03  0.26519E+03
  0.23401E+03  0.16682E+03  0.10178E+03  0.90900E+02  0.10747E+03  0.12992E+03
  0.16522E+03  0.18132E+03  0.14937E+03  0.10029E+03  0.65678E+02  0.25447E+02
 -0.34785E+02 -0.88130E+02 -0.12806E+03 -0.16191E+03 -0.18023E+03 -0.17058E+03
 -0.13129E+03 -0.11875E+03 -0.19889E+03 -0.33262E+03 -0.43795E+03 -0.47044E+03
 -0.42980E+03 -0.36830E+03 -0.31247E+03 -0.26095E+03 -0.24339E+03 -0.26183E+03
 -0.28201E+03 -0.27661E+03 -0.24127E+03 -0.20263E+03 -0.16572E+03 -0.11249E+03
 -0.53953E+02 -0.10692E+02  0.10431E+02  0.14636E+02  0.31589E+02  0.57875E+02
  0.54409E+02  0.48876E+02  0.76442E+02  0.11525E+03  0.15827E+03  0.20660E+03
  0.25197E+03  0.29987E+03  0.34140E+03  0.33827E+03  0.27200E+03  0.18184E+03
  0.11975E+03  0.10870E+03  0.13375E+03  0.14490E+03  0.11995E+03  0.76534E+02
  0.22993E+02 -0.28240E+02 -0.61061E+02 -0.80176E+02 -0.77136E+02 -0.51644E+02
 -0.33402E+02 -0.29711E+02 -0.20164E+02  0.11950E+02  0.57013E+02  0.97531E+02
  0.12592E+03  0.13170E+03  0.12398E+03  0.12251E+03  0.11946E+03  0.11936E+03
  0.13335E+03  0.13419E+03  0.10555E+03  0.55869E+02 -0.48781E+00 -0.49766E+02
 -0.93554E+02 -0.13118E+03 -0.16006E+03 -0.18918E+03 -0.23545E+03 -0.29499E+03
 -0.32261E+03 -0.30000E+03 -0.26393E+03 -0.23827E+03 -0.20071E+03 -0.14379E+03
 -0.95940E+02 -0.66652E+02 -0.50743E+02 -0.39775E+02 -0.21260E+02 -0.38078E+01
 -0.15626E+02 -0.56589E+02 -0.92212E+02 -0.11250E+03 -0.12424E+03 -0.12606E+03
 -0.12484E+03 -0.12349E+03 -0.11956E+03 -0.11737E+03 -0.11933E+03 -0.11861E+03
 -0.10368E+03 -0.64362E+02 -0.15528E+01  0.59556E+02  0.94771E+02  0.10350E+03
  0.88859E+02  0.62570E+02  0.36561E+02  0.48203E+01 -0.24482E+02 -0.30302E+02
 -0.14721E+02  0.15715E+02  0.61777E+02  0.10860E+03  0.14226E+03  0.15446E+03
  0.14170E+03  0.12557E+03  0.11769E+03  0.10871E+03  0.10195E+03  0.96724E+02
  0.88239E+02  0.81909E+02  0.84850E+02  0.95075E+02  0.10163E+03  0.97888E+02
  0.91799E+02  0.89486E+02  0.87273E+02  0.87331E+02  0.87641E+02  0.85490E+02
  0.84194E+02  0.83900E+02  0.82526E+02  0.70171E+02  0.55981E+02  0.53459E+02
  0.44944E+02  0.21873E+02 -0.40164E+01 -0.24020E+02 -0.32372E+02 -0.40867E+02
 -0.62010E+02 -0.83895E+02 -0.95100E+02 -0.95382E+02 -0.89200E+02 -0.88026E+02
 -0.10111E+03 -0.10897E+03 -0.94467E+02 -0.78487E+02 -0.74081E+02 -0.75962E+02
 -0.83241E+02 -0.89020E+02 -0.85773E+02 -0.83456E+02 -0.87589E+02 -0.86831E+02
 -0.77474E+02 -0.62358E+02 -0.41950E+02 -0.18469E+02  0.89251E+01  0.32687E+02
  0.40098E+02  0.36787E+02  0.33345E+02  0.30753E+02  0.29874E+02  0.29911E+02
  0.25042E+02  0.10747E+02 -0.62720E+01 -0.17705E+02 -0.23369E+02 -0.21092E+02
 -0.10875E+02  0.34160E+01  0.18244E+02  0.26224E+02  0.24517E+02  0.20235E+02
  0.18287E+02  0.15437E+02  0.11195E+02  0.84846E+01  0.64679E+01  0.89449E+01
  0.15497E+02  0.17140E+02  0.19171E+02  0.24747E+02  0.25172E+02  0.22051E+02
  0.17064E+02  0.10696E+02  0.78581E+01  0.73242E+01  0.70654E+01  0.75965E+01
  0.67783E+01  0.43204E+01  0.27910E+01  0.22232E+01  0.12367E+01  0.75576E+00
  0.28144E+01  0.48690E+01  0.34741E+01  0.25519E+01  0.61773E+01  0.11206E+02
  0.15310E+02  0.18344E+02  0.18258E+02  0.11541E+02  0.30898E+01  0.27103E+01
  0.66920E+01  0.77039E+01  0.73009E+01  0.60853E+01  0.15641E+01 -0.45000E+01
 -0.10085E+02 -0.15756E+02 -0.19413E+02 -0.21222E+02 -0.24209E+02 -0.26469E+02
 -0.24007E+02 -0.16168E+02 -0.51949E+01  0.45714E+01  0.13156E+02  0.21741E+02
  0.27065E+02  0.28936E+02  0.30480E+02  0.32347E+02  0.34097E+02  0.35647E+02
  0.36347E+02  0.35761E+02  0.35041E+02  0.34025E+02  0.31495E+02  0.27232E+02
  0.20903E+02  0.13181E+02  0.62866E+01  0.21874E+01  0.13876E+01  0.28747E+01
  0.52311E+01  0.67694E+01  0.71809E+01  0.71805E+01  0.74047E+01  0.90900E+01
  0.12367E+02  0.15845E+02  0.18879E+02  0.20579E+02  0.20278E+02  0.18035E+02
  0.13618E+02  0.85751E+01  0.55882E+01  0.47348E+01  0.45693E+01  0.37575E+01
  0.20661E+01  0.96165E+00  0.10196E+01  0.55224E+00 -0.45680E+00 -0.59468E+00
 -0.84698E+00 -0.24991E+01 -0.38516E+01 -0.33989E+01 -0.29466E+01 -0.33662E+01
 -0.22010E+01  0.74485E+00  0.41791E+01  0.75103E+01  0.97188E+01  0.10639E+02
  0.10530E+02  0.96642E+01  0.87776E+01  0.75648E+01  0.59053E+01  0.45862E+01
  0.35390E+01  0.21771E+01  0.87689E+00 -0.55826E-02  0.16832E-01  0.17512E+01
  0.37057E+01  0.55641E+01  0.82888E+01  0.96582E+01  0.92633E+01  0.75484E+01
  0.57533E+01  0.56413E+01  0.58573E+01  0.51475E+01  0.38112E+01  0.23858E+01
  0.12346E+01  0.13436E+00 -0.11080E+01 -0.23829E+01 -0.29705E+01 -0.22521E+01
 -0.86195E+00 -0.11304E-01  0.25739E+00  0.55806E+00  0.90263E+00  0.49986E+00
  0.57279E-01  0.43933E+00  0.36020E+00 -0.45127E+00 -0.13188E+01 -0.31459E+01
 -0.63538E+01 -0.10294E+02 -0.13429E+02 -0.14387E+02 -0.14262E+02 -0.15046E+02
 -0.15796E+02 -0.14908E+02 -0.13362E+02 -0.12202E+02 -0.11273E+02 -0.10490E+02
 -0.91038E+01 -0.66328E+01 -0.37059E+01 -0.77075E+00  0.14415E+01  0.14991E+01
 -0.49573E-01 -0.23308E+01 -0.48237E+01 -0.62199E+01 -0.68171E+01 -0.70319E+01
 -0.64007E+01 -0.55620E+01 -0.49278E+01 -0.41526E+01 -0.30268E+01 -0.23743E+01
 -0.23410E+01 -0.16710E+01  0.26757E+00  0.24768E+01  0.41006E+01  0.52323E+01
  0.54224E+01  0.41158E+01  0.18578E+01 -0.48239E+00 -0.23103E+01 -0.25817E+01
 -0.73518E+00  0.11819E+01  0.15636E+01  0.13070E+01  0.13147E+01  0.14179E+01
  0.12121E+01  0.68632E+00  0.26884E+00 -0.51484E-01  0.45064E+00  0.29212E+01
  0.64075E+01  0.87800E+01  0.97654E+01  0.10422E+02  0.11938E+02  0.14389E+02
  0.16465E+02  0.17533E+02  0.17618E+02  0.16193E+02  0.13509E+02  0.11039E+02
  0.94859E+01  0.79655E+01  0.61897E+01  0.48014E+01  0.36153E+01  0.21538E+01
  0.59493E+00 -0.11882E+01 -0.29151E+01 -0.39719E+01 -0.45141E+01 -0.50630E+01
 -0.54795E+01 -0.52697E+01 -0.43381E+01 -0.33438E+01 -0.26293E+01 -0.20310E+01
 -0.16213E+01 -0.18586E+01 -0.28735E+01 -0.40151E+01 -0.53197E+01 -0.70349E+01
 -0.85940E+01 -0.97209E+01 -0.98374E+01 -0.92427E+01 -0.93355E+01 -0.10295E+02
 -0.11075E+02 -0.11289E+02 -0.11749E+02 -0.12972E+02 -0.14194E+02 -0.14227E+02
 -0.12798E+02 -0.10796E+02 -0.84720E+01 -0.57136E+01 -0.30699E+01 -0.99100E+00
  0.51881E+00  0.16713E+01  0.23482E+01  0.18690E+01  0.10748E+01  0.16430E+01
  0.30029E+01  0.40227E+01  0.49790E+01  0.57202E+01  0.58579E+01  0.55456E+01
  0.52278E+01  0.50831E+01  0.44801E+01  0.30807E+01  0.13306E+01 -0.46676E+00
 -0.15242E+01 -0.18190E+01 -0.20933E+01 -0.23490E+01 -0.28449E+01 -0.37006E+01
 -0.45017E+01 -0.54998E+01 -0.66370E+01 -0.75585E+01 -0.82869E+01 -0.85962E+01
 -0.81139E+01 -0.70880E+01 -0.58754E+01 -0.47858E+01 -0.35913E+01 -0.18780E+01
 -0.41080E-02  0.11983E+01  0.15368E+01  0.16900E+01  0.19013E+01  0.16004E+01
  0.10987E+01  0.99476E+00  0.85284E+00  0.61874E+00  0.54625E+00  0.47235E+00
  0.35030E+00 -0.90648E-01 -0.82194E+00 -0.13330E+01 -0.13639E+01 -0.11368E+01
 -0.88325E+00 -0.76438E+00 -0.99688E+00 -0.16134E+01 -0.24392E+01 -0.29077E+01
 -0.23392E+01 -0.10851E+01  0.11236E+00  0.12123E+01  0.24088E+01  0.35463E+01
  0.43585E+01  0.46066E+01  0.42032E+01  0.32864E+01  0.20098E+01  0.26291E+00
 -0.13549E+01 -0.26584E+01 -0.42990E+01 -0.58464E+01 -0.68594E+01 -0.77585E+01
 -0.85001E+01 -0.90722E+01 -0.95907E+01 -0.10033E+02 -0.10317E+02 -0.10335E+02
 -0.10092E+02 -0.96019E+01 -0.88175E+01 -0.79866E+01 -0.72454E+01 -0.66132E+01
 -0.62141E+01 -0.60822E+01 -0.64861E+01 -0.73847E+01 -0.80349E+01 -0.84969E+01
 -0.92084E+01 -0.10072E+02 -0.10850E+02 -0.11408E+02 -0.12161E+02 -0.13330E+02
 -0.14257E+02 -0.15019E+02 -0.15641E+02 -0.15693E+02 -0.15224E+02 -0.14351E+02
 -0.13080E+02 -0.11206E+02 -0.88139E+01 -0.66872E+01 -0.51989E+01 -0.43692E+01
 -0.38635E+01 -0.33917E+01 -0.27732E+01 -0.19152E+01 -0.74904E+00  0.80172E+00
  0.23328E+01  0.36179E+01  0.47591E+01  0.55145E+01  0.59258E+01  0.64306E+01
  0.70675E+01  0.76127E+01  0.81276E+01  0.91263E+01  0.10708E+02  0.11891E+02
  0.12785E+02  0.14098E+02  0.15622E+02  0.17049E+02  0.18292E+02  0.19066E+02
  0.19136E+02  0.18797E+02  0.18387E+02  0.17722E+02  0.16704E+02  0.15351E+02
  0.13886E+02  0.12589E+02  0.11208E+02  0.94460E+01  0.77419E+01  0.66397E+01
  0.58458E+01  0.51047E+01  0.46515E+01  0.46368E+01  0.52267E+01  0.64501E+01
  0.80700E+01  0.95389E+01  0.10641E+02  0.11683E+02  0.12667E+02  0.13248E+02
  0.13289E+02  0.12717E+02  0.11733E+02  0.10625E+02  0.92447E+01  0.74309E+01
  0.52437E+01  0.27476E+01  0.99273E-01 -0.25998E+01 -0.51001E+01 -0.72092E+01
 -0.89272E+01 -0.10220E+02 -0.11146E+02 -0.11775E+02 -0.11907E+02 -0.11486E+02
 -0.10526E+02 -0.92698E+01 -0.79250E+01 -0.62863E+01 -0.45079E+01 -0.29347E+01
 -0.15421E+01 -0.39358E+00  0.41903E+00  0.96371E+00  0.13313E+01  0.13147E+01
  0.73602E+00 -0.28023E+00 -0.16356E+01 -0.32975E+01 -0.51217E+01 -0.69118E+01
 -0.84910E+01 -0.97498E+01 -0.10706E+02 -0.11562E+02 -0.12263E+02 -0.12601E+02
 -0.12571E+02 -0.12072E+02 -0.11198E+02 -0.10393E+02 -0.94117E+01 -0.80937E+01
 -0.67766E+01 -0.54946E+01 -0.41728E+01 -0.29064E+01 -0.17398E+01 -0.76996E+00
 -0.13314E+00  0.10855E+00  0.23375E-02 -0.44130E+00 -0.11839E+01 -0.21599E+01
 -0.32199E+01 -0.42518E+01 -0.52790E+01 -0.61261E+01 -0.67717E+01 -0.74680E+01
 -0.81147E+01 -0.85162E+01 -0.85285E+01 -0.83156E+01 -0.81026E+01 -0.78593E+01
 -0.75134E+01 -0.69875E+01 -0.63698E+01 -0.57813E+01 -0.52859E+01 -0.49044E+01
 -0.45714E+01 -0.43477E+01 -0.42066E+01 -0.40870E+01 -0.38751E+01 -0.34898E+01
 -0.30500E+01 -0.26175E+01 -0.21422E+01 -0.17768E+01 -0.16615E+01 -0.16842E+01
 -0.16762E+01 -0.16371E+01 -0.15779E+01 -0.14500E+01 -0.14298E+01 -0.16208E+01
 -0.18949E+01 -0.22922E+01 -0.26975E+01 -0.31416E+01 -0.34816E+01 -0.34875E+01
 -0.35121E+01 -0.36650E+01 -0.37037E+01 -0.34063E+01 -0.29063E+01 -0.26176E+01
 -0.21512E+01 -0.12136E+01 -0.24706E+00  0.73362E+00  0.19236E+01  0.29924E+01
  0.38024E+01  0.46154E+01  0.53632E+01  0.58763E+01  0.62332E+01  0.65325E+01
  0.68444E+01  0.71401E+01  0.73473E+01  0.72528E+01  0.69908E+01  0.68051E+01
  0.62399E+01  0.51289E+01  0.40989E+01  0.32318E+01  0.21223E+01  0.99271E+00
  0.81166E-01 -0.67986E+00 -0.12702E+01 -0.16477E+01 -0.16687E+01 -0.13951E+01
 -0.95021E+00 -0.26425E+00  0.59022E+00  0.15537E+01  0.25672E+01  0.37203E+01
  0.50651E+01  0.61218E+01  0.68801E+01  0.75275E+01  0.80265E+01  0.82831E+01
  0.82234E+01  0.79357E+01  0.74331E+01  0.67070E+01  0.58718E+01  0.50153E+01
  0.42091E+01  0.34265E+01  0.26610E+01  0.19848E+01  0.14441E+01  0.98387E+00
  0.70522E+00  0.57776E+00  0.60315E+00  0.10198E+01  0.17453E+01  0.26850E+01
  0.38279E+01  0.50214E+01  0.61865E+01  0.71771E+01  0.77893E+01  0.83424E+01
  0.90355E+01  0.93091E+01  0.91933E+01  0.89322E+01  0.84004E+01  0.76093E+01
  0.65977E+01  0.54370E+01  0.42207E+01  0.29638E+01  0.17258E+01  0.60797E+00
 -0.32371E+00 -0.10175E+01 -0.14882E+01 -0.17523E+01 -0.17172E+01 -0.13055E+01
 -0.57275E+00  0.12268E+00  0.73341E+00  0.13716E+01  0.19840E+01  0.25638E+01
  0.30656E+01  0.33656E+01  0.34261E+01  0.32624E+01  0.28749E+01  0.23961E+01
  0.19073E+01  0.11419E+01  0.23763E+00 -0.67415E+00 -0.17709E+01 -0.29261E+01
 -0.40108E+01 -0.50575E+01 -0.60118E+01 -0.68820E+01 -0.76766E+01 -0.83407E+01
 -0.88822E+01 -0.93207E+01 -0.95796E+01 -0.97244E+01 -0.97657E+01 -0.95883E+01
 -0.92318E+01 -0.88272E+01 -0.84366E+01 -0.81471E+01 -0.79736E+01 -0.79074E+01
 -0.79404E+01 -0.80545E+01 -0.82328E+01 -0.84812E+01 -0.87789E+01 -0.91564E+01
 -0.95807E+01 -0.99790E+01 -0.10278E+02 -0.10450E+02 -0.10433E+02 -0.10218E+02
 -0.98399E+01 -0.92812E+01 -0.85407E+01 -0.76274E+01 -0.65407E+01 -0.53675E+01
 -0.41914E+01 -0.30943E+01 -0.20793E+01 -0.11381E+01 -0.27881E+00  0.44519E+00
  0.10358E+01  0.14438E+01  0.17542E+01  0.20610E+01  0.21855E+01  0.22836E+01
  0.25231E+01  0.25509E+01  0.24043E+01  0.22465E+01  0.21083E+01  0.20375E+01
  0.20715E+01  0.22740E+01  0.26771E+01  0.32889E+01  0.41233E+01  0.51239E+01
  0.62688E+01  0.75012E+01  0.87727E+01  0.10030E+02  0.11182E+02  0.12160E+02
  0.12838E+02  0.13138E+02  0.13258E+02  0.13119E+02  0.12603E+02  0.11776E+02
  0.10693E+02  0.93346E+01  0.77880E+01  0.62099E+01  0.46390E+01  0.30702E+01
  0.17465E+01  0.73239E+00 -0.53987E-01 -0.53328E+00 -0.62729E+00 -0.36724E+00
  0.23866E+00  0.11441E+01  0.23080E+01  0.36446E+01  0.50911E+01  0.65586E+01
  0.79443E+01  0.91504E+01  0.10108E+02  0.10746E+02  0.11031E+02  0.10926E+02
  0.10457E+02  0.96261E+01  0.84716E+01  0.70778E+01  0.55147E+01  0.38126E+01
  0.20707E+01  0.35999E+00 -0.12339E+01 -0.26742E+01 -0.39378E+01 -0.49321E+01
 -0.56413E+01 -0.59392E+01 -0.57396E+01 -0.53543E+01 -0.47579E+01 -0.38396E+01
 -0.27023E+01 -0.14170E+01 -0.38607E-01  0.13305E+01  0.25925E+01  0.36476E+01
  0.44273E+01  0.48759E+01  0.49517E+01  0.46344E+01  0.39491E+01  0.28349E+01
  0.15678E+01  0.28300E+00 -0.13666E+01 -0.31973E+01 -0.48787E+01 -0.64028E+01
 -0.76639E+01 -0.85971E+01 -0.91585E+01 -0.93283E+01 -0.91137E+01 -0.85448E+01
 -0.76474E+01 -0.64879E+01 -0.51151E+01 -0.36482E+01 -0.21685E+01 -0.70175E+00
  0.76899E+00  0.21773E+01  0.33099E+01  0.41321E+01  0.47104E+01  0.49629E+01
  0.48766E+01  0.44621E+01  0.36504E+01  0.26870E+01  0.16938E+01  0.22697E+00
 -0.15364E+01 -0.33191E+01 -0.50023E+01 -0.64524E+01 -0.77950E+01 -0.89190E+01
 -0.96364E+01 -0.99446E+01 -0.97740E+01 -0.92103E+01 -0.82953E+01 -0.69516E+01
 -0.52669E+01 -0.34323E+01 -0.15469E+01  0.32525E+00  0.20577E+01  0.36357E+01
  0.50392E+01  0.59788E+01  0.64553E+01  0.65580E+01  0.62651E+01  0.56059E+01
  0.46401E+01  0.34164E+01  0.20129E+01  0.50175E+00 -0.10354E+01 -0.25316E+01
 -0.38895E+01 -0.50574E+01 -0.59938E+01 -0.66634E+01 -0.70194E+01 -0.70492E+01
 -0.67449E+01 -0.61155E+01 -0.51705E+01 -0.39584E+01 -0.24789E+01 -0.79486E+00
  0.10104E+01  0.28808E+01  0.46899E+01  0.63555E+01  0.78459E+01  0.90687E+01
  0.99799E+01  0.10534E+02  0.10729E+02  0.10556E+02  0.10020E+02  0.91458E+01
  0.80001E+01  0.66372E+01  0.51372E+01  0.35697E+01  0.20236E+01  0.57131E+00
 -0.71471E+00 -0.17843E+01 -0.25733E+01 -0.30882E+01 -0.33237E+01 -0.32650E+01
 -0.29336E+01 -0.23645E+01 -0.15872E+01 -0.65042E+00  0.40558E+00  0.15248E+01
  0.26780E+01  0.38216E+01  0.48989E+01  0.58655E+01  0.66949E+01  0.73459E+01
  0.77992E+01  0.80136E+01  0.79944E+01  0.77355E+01  0.72317E+01  0.64908E+01
  0.55297E+01  0.43908E+01  0.31373E+01  0.18154E+01  0.48109E+00 -0.76220E+00
 -0.18431E+01 -0.27831E+01 -0.34989E+01 -0.39503E+01 -0.41221E+01 -0.39886E+01
 -0.35667E+01 -0.28916E+01 -0.20024E+01 -0.96024E+00  0.18019E+00  0.13512E+01
  0.24937E+01  0.35484E+01  0.44652E+01  0.51922E+01  0.57168E+01  0.60155E+01
  0.60686E+01  0.58747E+01  0.54519E+01  0.48115E+01  0.39805E+01  0.29877E+01
  0.18741E+01  0.67922E+00 -0.54703E+00 -0.17578E+01 -0.29014E+01 -0.39314E+01
 -0.47917E+01 -0.54524E+01 -0.58780E+01 -0.60606E+01 -0.59920E+01 -0.56651E+01
 -0.51068E+01 -0.43667E+01 -0.34843E+01 -0.25220E+01 -0.15410E+01 -0.61005E+00
  0.21333E+00  0.87329E+00  0.13243E+01  0.15500E+01  0.15513E+01  0.12872E+01
  0.78264E+00  0.88441E-01 -0.75343E+00 -0.16936E+01 -0.26641E+01 -0.36084E+01
 -0.44808E+01 -0.52323E+01 -0.58113E+01 -0.61967E+01 -0.63699E+01 -0.63335E+01
 -0.60968E+01 -0.56875E+01 -0.51355E+01 -0.44842E+01 -0.37725E+01 -0.30455E+01
 -0.23388E+01 -0.16892E+01 -0.11199E+01 -0.65299E+00 -0.29849E+00 -0.59142E-01
  0.70548E-01  0.83665E-01 -0.64202E-02 -0.18766E+00 -0.44246E+00 -0.75721E+00
 -0.11089E+01 -0.14781E+01 -0.18361E+01 -0.21590E+01 -0.24156E+01 -0.25817E+01
 -0.26295E+01 -0.25439E+01 -0.23123E+01 -0.19393E+01 -0.14346E+01 -0.82658E+00
 -0.14768E+00  0.55338E+00  0.12290E+01  0.18244E+01  0.22916E+01  0.25865E+01
  0.26911E+01  0.25907E+01  0.22886E+01  0.18039E+01  0.11803E+01  0.46394E+00
 -0.28412E+00 -0.10079E+01 -0.16481E+01 -0.21613E+01 -0.25103E+01 -0.26798E+01
 -0.26654E+01 -0.24839E+01 -0.21585E+01 -0.17363E+01 -0.12385E+01 -0.70598E+00
 -0.21671E+00  0.19587E+00  0.52640E+00  0.74627E+00  0.85056E+00  0.83474E+00
  0.70604E+00  0.47095E+00  0.14531E+00 -0.25969E+00 -0.72460E+00 -0.12358E+01
 -0.17711E+01 -0.23143E+01 -0.28401E+01 -0.33285E+01 -0.37514E+01 -0.40873E+01
 -0.43093E+01 -0.44009E+01 -0.43439E+01 -0.41340E+01 -0.37696E+01 -0.32658E+01
 -0.26416E+01 -0.19327E+01 -0.11767E+01 -0.42375E+00  0.27911E+00  0.87918E+00
  0.13352E+01  0.16079E+01  0.16763E+01  0.15272E+01  0.11701E+01  0.62354E+00
 -0.72620E-01 -0.87362E+00 -0.17204E+01 -0.25567E+01 -0.33215E+01 -0.39663E+01
 -0.44459E+01 -0.47346E+01 -0.48153E+01 -0.46918E+01 -0.43760E+01 -0.38984E+01
 -0.32918E+01 -0.26020E+01 -0.18707E+01 -0.11450E+01 -0.46189E+00  0.14100E+00
  0.63980E+00  0.10129E+01  0.12535E+01  0.13567E+01  0.13311E+01  0.11861E+01
  0.94196E+00  0.61716E+00  0.23912E+00 -0.16878E+00 -0.57628E+00 -0.95915E+00
 -0.12877E+01 -0.15407E+01 -0.16932E+01 -0.17300E+01 -0.16357E+01 -0.14067E+01
 -0.10405E+01 -0.54905E+00  0.53662E-01  0.73977E+00  0.14806E+01  0.22362E+01
  0.29700E+01  0.36391E+01  0.42099E+01  0.46484E+01  0.49347E+01  0.50523E+01
  0.50029E+01  0.47921E+01  0.44421E+01  0.39782E+01  0.34379E+01  0.28569E+01
  0.22785E+01  0.17379E+01  0.12729E+01  0.90957E+00  0.67150E+00  0.56769E+00
  0.60332E+00  0.76811E+00  0.10482E+01  0.14160E+01  0.18429E+01  0.22903E+01
  0.27234E+01  0.31022E+01  0.33961E+01  0.35739E+01  0.36184E+01  0.35159E+01
  0.32681E+01  0.28814E+01  0.23767E+01  0.17771E+01  0.11167E+01  0.42781E+00
 -0.25133E+00 -0.88916E+00 -0.14525E+01 -0.19187E+01 -0.22665E+01 -0.24869E+01
 -0.25732E+01 -0.25305E+01 -0.23648E+01 -0.20939E+01 -0.17340E+01 -0.13104E+01
 -0.84578E+00 -0.36958E+00  0.93119E-01  0.51231E+00  0.86459E+00  0.11236E+01
  0.12722E+01  0.12927E+01  0.11792E+01  0.92761E+00  0.54801E+00  0.53591E-01
 -0.52870E+00 -0.11697E+01 -0.18290E+01 -0.24683E+01 -0.30427E+01 -0.35153E+01
 -0.38494E+01 -0.40214E+01 -0.40134E+01 -0.38243E+01 -0.34598E+01 -0.29427E+01
 -0.23004E+01 -0.15735E+01 -0.80248E+00 -0.34602E-01  0.68909E+00  0.13265E+01
  0.18472E+01  0.22238E+01  0.24431E+01  0.24966E+01  0.23896E+01  0.21318E+01
  0.17445E+01  0.12505E+01  0.68212E+00  0.69789E-01 -0.54982E+00 -0.11451E+01
 -0.16807E+01 -0.21294E+01 -0.24628E+01 -0.26634E+01 -0.27147E+01 -0.26130E+01
 -0.23577E+01 -0.19613E+01 -0.14394E+01 -0.82023E+00 -0.13360E+00  0.58135E+00
  0.12879E+01  0.19439E+01  0.25144E+01  0.29644E+01  0.32702E+01  0.34123E+01
  0.33853E+01  0.31894E+01  0.28400E+01  0.23569E+01  0.17724E+01  0.11201E+01
  0.44217E+00 -0.22317E+00 -0.83422E+00 -0.13576E+01 -0.17613E+01 -0.20255E+01
 -0.21346E+01 -0.20868E+01 -0.18852E+01 -0.15461E+01 -0.10890E+01 -0.54404E+00
  0.58614E-01  0.68220E+00  0.12940E+01  0.18582E+01  0.23469E+01  0.27323E+01
  0.29964E+01  0.31235E+01  0.31092E+01  0.29516E+01  0.26598E+01  0.22453E+01
  0.17295E+01  0.11345E+01  0.49138E+00 -0.17134E+00 -0.81881E+00 -0.14212E+01
 -0.19462E+01 -0.23695E+01 -0.26683E+01 -0.28305E+01 -0.28478E+01 -0.27240E+01
 -0.24680E+01 -0.20998E+01 -0.16419E+01 -0.11262E+01 -0.58330E+00 -0.48582E-01
  0.44787E+00  0.87552E+00  0.12132E+01  0.14420E+01  0.15544E+01  0.15466E+01
  0.14258E+01  0.12018E+01  0.89389E+00  0.52113E+00  0.10935E+00 -0.31879E+00
 -0.73677E+00 -0.11235E+01 -0.14568E+01 -0.17213E+01 -0.19018E+01 -0.19908E+01
 -0.19814E+01 -0.18750E+01 -0.16729E+01 -0.13847E+01 -0.10197E+01 -0.59446E+00
 -0.12445E+00  0.36873E+00  0.86633E+00  0.13449E+01  0.17859E+01  0.21686E+01
  0.24786E+01  0.27014E+01  0.28302E+01  0.28595E+01  0.27918E+01  0.26304E+01
  0.23859E+01  0.20697E+01  0.16987E+01  0.12884E+01  0.85916E+00  0.42781E+00
  0.14897E-01 -0.36418E+00 -0.69166E+00 -0.95607E+00 -0.11449E+01 -0.12535E+01
 -0.12771E+01 -0.12193E+01 -0.10845E+01 -0.88577E+00 -0.63569E+00 -0.35428E+00
 -0.59845E-01  0.22505E+00  0.48200E+00  0.69116E+00  0.83961E+00  0.91556E+00
