  0.25650E+00  0.48357E+00  0.40645E+00  0.43527E+00  0.42059E+00  0.42863E+00
  0.41941E+00  0.42742E+00  0.41832E+00  0.42506E+00  0.41657E+00  0.42106E+00
  0.41228E+00  0.41416E+00  0.40410E+00  0.40319E+00  0.39120E+00  0.38719E+00
  0.37282E+00  0.36579E+00  0.34930E+00  0.33972E+00  0.32171E+00  0.31051E+00
  0.29157E+00  0.27913E+00  0.25962E+00  0.24650E+00  0.22654E+00  0.21258E+00
  0.19237E+00  0.17840E+00  0.15898E+00  0.14607E+00  0.12840E+00  0.11739E+00
  0.10245E+00  0.95184E-01  0.85518E-01  0.83651E-01  0.77988E-01  0.78284E-01
  0.74098E-01  0.75513E-01  0.72338E-01  0.74671E-01  0.72974E-01  0.78278E-01
  0.81177E-01  0.90157E-01  0.10182E+00  0.10918E+00  0.97567E-01  0.10941E+00
  0.13033E+00  0.15165E+00  0.16952E+00  0.19184E+00  0.20909E+00  0.23073E+00
  0.24766E+00  0.26881E+00  0.28572E+00  0.30674E+00  0.32395E+00  0.34552E+00
  0.36348E+00  0.38626E+00  0.40522E+00  0.42976E+00  0.45092E+00  0.47515E+00
  0.50285E+00  0.51800E+00  0.50398E+00  0.51938E+00  0.54939E+00  0.57623E+00
  0.60070E+00  0.62875E+00  0.65174E+00  0.67790E+00  0.69911E+00  0.72319E+00
  0.74243E+00  0.76443E+00  0.78193E+00  0.80247E+00  0.81910E+00  0.83910E+00
  0.85530E+00  0.87693E+00  0.89315E+00  0.91638E+00  0.93877E+00  0.95076E+00
  0.10096E+01  0.11097E+01  0.12099E+01  0.13620E+01  0.14357E+01  0.14446E+01
  0.14726E+01  0.14986E+01  0.15179E+01  0.15417E+01  0.15600E+01  0.15791E+01
  0.15944E+01  0.16158E+01  0.16156E+01  0.16664E+01  0.17785E+01  0.18419E+01
  0.18065E+01  0.17277E+01  0.17065E+01  0.17346E+01  0.17438E+01  0.17602E+01
  0.17742E+01  0.17900E+01  0.18031E+01  0.18189E+01  0.18304E+01  0.18452E+01
  0.18546E+01  0.18683E+01  0.18767E+01  0.18830E+01  0.19022E+01  0.18778E+01
  0.17831E+01  0.17567E+01  0.17709E+01  0.17698E+01  0.17696E+01  0.17691E+01
  0.17669E+01  0.17665E+01  0.17481E+01  0.17831E+01  0.16819E+01  0.13997E+01
  0.13024E+01  0.13374E+01  0.13200E+01  0.13191E+01  0.13155E+01  0.13091E+01
  0.12991E+01  0.12906E+01  0.12685E+01  0.12342E+01  0.12031E+01  0.11765E+01
  0.11319E+01  0.11128E+01  0.10189E+01  0.82914E+00  0.73061E+00  0.70279E+00
  0.64661E+00  0.60265E+00  0.55868E+00  0.51852E+00  0.47949E+00  0.44569E+00
  0.40934E+00  0.37795E+00  0.33955E+00  0.30215E+00  0.26127E+00  0.20096E+00
  0.17508E+00  0.19926E+00  0.15507E+00  0.79265E-01 -0.44761E-01 -0.32458E-01
  0.17798E+00  0.20591E+00  0.13787E-01 -0.20931E+00 -0.36162E+00 -0.45290E+00
 -0.56540E+00 -0.66900E+00 -0.77428E+00 -0.87434E+00 -0.97369E+00 -0.10740E+01
 -0.11578E+01 -0.12620E+01 -0.13581E+01 -0.13751E+01 -0.16741E+01 -0.12446E+01
  0.20520E+00  0.60773E+00  0.34705E+00  0.35072E+00  0.35695E+00  0.56611E+00
  0.56399E+00  0.36769E+00  0.24437E+00  0.86195E-01 -0.79268E-01 -0.24650E+00
 -0.41649E+00 -0.54150E+00 -0.80151E+00 -0.68865E+00 -0.53812E-01  0.77356E-01
 -0.14977E+00 -0.22507E+00 -0.33468E+00 -0.44753E+00 -0.52163E+00 -0.70916E+00
 -0.10124E+01 -0.11585E+01 -0.12387E+01 -0.13621E+01 -0.14829E+01 -0.16104E+01
 -0.17576E+01 -0.18914E+01 -0.20835E+01 -0.23443E+01 -0.25517E+01 -0.27146E+01
 -0.29012E+01 -0.30813E+01 -0.32613E+01 -0.34356E+01 -0.36092E+01 -0.37638E+01
 -0.39564E+01 -0.42022E+01 -0.43995E+01 -0.45246E+01 -0.46453E+01 -0.47580E+01
 -0.48698E+01 -0.49760E+01 -0.50829E+01 -0.51893E+01 -0.53070E+01 -0.54247E+01
 -0.55437E+01 -0.56977E+01 -0.58748E+01 -0.60863E+01 -0.63909E+01 -0.66374E+01
 -0.68327E+01 -0.70339E+01 -0.72142E+01 -0.73926E+01 -0.75702E+01 -0.77679E+01
 -0.80162E+01 -0.82149E+01 -0.83786E+01 -0.85440E+01 -0.87014E+01 -0.88475E+01
 -0.89885E+01 -0.91157E+01 -0.92455E+01 -0.93396E+01 -0.94935E+01 -0.97294E+01
 -0.98779E+01 -0.99563E+01 -0.10077E+02 -0.10138E+02 -0.10115E+02 -0.10213E+02
 -0.10408E+02 -0.10554E+02 -0.11002E+02 -0.11628E+02 -0.11895E+02 -0.12007E+02
 -0.12180E+02 -0.12367E+02 -0.12459E+02 -0.12391E+02 -0.12476E+02 -0.12654E+02
 -0.12774E+02 -0.12937E+02 -0.12975E+02 -0.12845E+02 -0.12841E+02 -0.12867E+02
 -0.12887E+02 -0.13033E+02 -0.12912E+02 -0.12504E+02 -0.12267E+02 -0.12010E+02
 -0.11896E+02 -0.11937E+02 -0.11955E+02 -0.12010E+02 -0.12059E+02 -0.12099E+02
 -0.12152E+02 -0.12208E+02 -0.12261E+02 -0.12346E+02 -0.12479E+02 -0.12565E+02
 -0.12626E+02 -0.12689E+02 -0.12746E+02 -0.12788E+02 -0.12807E+02 -0.12831E+02
 -0.12770E+02 -0.12580E+02 -0.12488E+02 -0.12441E+02 -0.12335E+02 -0.12297E+02
 -0.12053E+02 -0.11503E+02 -0.11247E+02 -0.11192E+02 -0.11059E+02 -0.10959E+02
 -0.10890E+02 -0.10785E+02 -0.10661E+02 -0.10550E+02 -0.10446E+02 -0.10331E+02
 -0.10215E+02 -0.10089E+02 -0.99580E+01 -0.98155E+01 -0.96699E+01 -0.95182E+01
 -0.93458E+01 -0.92092E+01 -0.91394E+01 -0.89935E+01 -0.87970E+01 -0.85971E+01
 -0.84174E+01 -0.82706E+01 -0.80791E+01 -0.78469E+01 -0.76131E+01 -0.73970E+01
 -0.72276E+01 -0.70082E+01 -0.67600E+01 -0.65208E+01 -0.62822E+01 -0.60418E+01
 -0.58061E+01 -0.55676E+01 -0.53367E+01 -0.50910E+01 -0.48796E+01 -0.47089E+01
 -0.44977E+01 -0.42517E+01 -0.40283E+01 -0.38094E+01 -0.35783E+01 -0.34094E+01
 -0.33253E+01 -0.31849E+01 -0.30525E+01 -0.29371E+01 -0.27850E+01 -0.26309E+01
 -0.24944E+01 -0.23613E+01 -0.22266E+01 -0.21242E+01 -0.20756E+01 -0.19774E+01
 -0.18506E+01 -0.17265E+01 -0.15982E+01 -0.14625E+01 -0.13228E+01 -0.11942E+01
 -0.10909E+01 -0.97006E+00 -0.84539E+00 -0.70287E+00 -0.58011E+00 -0.50268E+00
 -0.42469E+00 -0.33694E+00 -0.27245E+00 -0.17763E+00 -0.66964E-01 -0.24750E-01
 -0.74813E-01 -0.13089E+00 -0.18668E+00 -0.21800E+00 -0.21638E+00 -0.22925E+00
 -0.19926E+00 -0.32952E-01  0.98428E-01  0.20301E+00  0.38331E+00  0.47573E+00
  0.43522E+00  0.35870E+00  0.32400E+00  0.39005E+00  0.47351E+00  0.57949E+00
  0.74413E+00  0.10089E+01  0.13298E+01  0.16258E+01  0.18503E+01  0.20229E+01
  0.21611E+01  0.22702E+01  0.23029E+01  0.23090E+01  0.23452E+01  0.23718E+01
  0.23105E+01  0.22468E+01  0.21608E+01  0.20517E+01  0.21260E+01  0.23996E+01
  0.26512E+01  0.27962E+01  0.28200E+01  0.27777E+01  0.27453E+01  0.28952E+01
  0.33148E+01  0.38022E+01  0.40459E+01  0.39992E+01  0.39083E+01  0.41531E+01
  0.47023E+01  0.51158E+01  0.52475E+01  0.53026E+01  0.53635E+01  0.55167E+01
  0.57551E+01  0.59896E+01  0.60633E+01  0.59377E+01  0.57840E+01  0.56643E+01
  0.56343E+01  0.58730E+01  0.61287E+01  0.61832E+01  0.63076E+01  0.65816E+01
  0.67724E+01  0.69213E+01  0.70415E+01  0.73863E+01  0.80448E+01  0.84608E+01
  0.86799E+01  0.89981E+01  0.93198E+01  0.97592E+01  0.10301E+02  0.10765E+02
  0.11074E+02  0.11288E+02  0.11377E+02  0.11379E+02  0.11432E+02  0.11537E+02
  0.11445E+02  0.11293E+02  0.11435E+02  0.11744E+02  0.12102E+02  0.12505E+02
  0.12796E+02  0.13084E+02  0.13449E+02  0.13965E+02  0.14552E+02  0.14972E+02
  0.15318E+02  0.15779E+02  0.16332E+02  0.16923E+02  0.17409E+02  0.17787E+02
  0.18219E+02  0.18717E+02  0.19137E+02  0.19549E+02  0.20038E+02  0.20602E+02
  0.21219E+02  0.21732E+02  0.21910E+02  0.22019E+02  0.22311E+02  0.22617E+02
  0.22959E+02  0.23388E+02  0.23690E+02  0.23914E+02  0.24228E+02  0.24689E+02
  0.25411E+02  0.26392E+02  0.27280E+02  0.27867E+02  0.28225E+02  0.28595E+02
  0.29210E+02  0.30051E+02  0.30484E+02  0.30416E+02  0.30501E+02  0.30638E+02
  0.30628E+02  0.30924E+02  0.31601E+02  0.32357E+02  0.33174E+02  0.34047E+02
  0.34606E+02  0.34888E+02  0.35134E+02  0.35292E+02  0.35357E+02  0.35531E+02
  0.35801E+02  0.36136E+02  0.36479E+02  0.36847E+02  0.37617E+02  0.38782E+02
  0.39796E+02  0.40554E+02  0.40942E+02  0.40878E+02  0.40680E+02  0.40534E+02
  0.40544E+02  0.40863E+02  0.41548E+02  0.42188E+02  0.42172E+02  0.42066E+02
  0.42537E+02  0.43666E+02  0.44836E+02  0.45272E+02  0.45286E+02  0.45351E+02
  0.45167E+02  0.45175E+02  0.45867E+02  0.46497E+02  0.46697E+02  0.46904E+02
  0.46888E+02  0.46672E+02  0.46819E+02  0.47163E+02  0.47439E+02  0.47709E+02
  0.47721E+02  0.47227E+02  0.46033E+02  0.44820E+02  0.44273E+02  0.44051E+02
  0.44197E+02  0.44577E+02  0.44371E+02  0.43542E+02  0.43009E+02  0.43388E+02
  0.43944E+02  0.44191E+02  0.44133E+02  0.43535E+02  0.42846E+02  0.42698E+02
  0.42599E+02  0.42153E+02  0.41387E+02  0.40213E+02  0.39196E+02  0.38593E+02
  0.37599E+02  0.36245E+02  0.34951E+02  0.33784E+02  0.33154E+02  0.33266E+02
  0.33498E+02  0.33305E+02  0.32383E+02  0.31236E+02  0.30450E+02  0.29872E+02
  0.29611E+02  0.29251E+02  0.27784E+02  0.25907E+02  0.24979E+02  0.24753E+02
  0.23911E+02  0.22246E+02  0.20962E+02  0.20818E+02  0.20881E+02  0.20534E+02
  0.20352E+02  0.19715E+02  0.17424E+02  0.14783E+02  0.13580E+02  0.13258E+02
  0.12988E+02  0.12991E+02  0.12270E+02  0.10146E+02  0.84000E+01  0.75432E+01
  0.60380E+01  0.42547E+01  0.28221E+01  0.12360E+01 -0.22980E+00 -0.16261E+01
 -0.33368E+01 -0.47666E+01 -0.55828E+01 -0.58396E+01 -0.60689E+01 -0.64028E+01
 -0.64181E+01 -0.68204E+01 -0.84977E+01 -0.10235E+02 -0.10611E+02 -0.10497E+02
 -0.11001E+02 -0.11977E+02 -0.13497E+02 -0.15943E+02 -0.19531E+02 -0.23325E+02
 -0.25691E+02 -0.25885E+02 -0.25177E+02 -0.25737E+02 -0.27339E+02 -0.28439E+02
 -0.29860E+02 -0.33434E+02 -0.37563E+02 -0.39390E+02 -0.40294E+02 -0.41661E+02
 -0.43050E+02 -0.44384E+02 -0.44526E+02 -0.42600E+02 -0.38982E+02 -0.34267E+02
 -0.31339E+02 -0.33307E+02 -0.37553E+02 -0.39346E+02 -0.38712E+02 -0.38908E+02
 -0.42487E+02 -0.45838E+02 -0.44072E+02 -0.40649E+02 -0.40533E+02 -0.43239E+02
 -0.47566E+02 -0.52608E+02 -0.57679E+02 -0.64003E+02 -0.71235E+02 -0.77237E+02
 -0.82144E+02 -0.87352E+02 -0.92544E+02 -0.94628E+02 -0.91954E+02 -0.87063E+02
 -0.82583E+02 -0.77271E+02 -0.68939E+02 -0.62600E+02 -0.64517E+02 -0.70742E+02
 -0.77052E+02 -0.84242E+02 -0.92707E+02 -0.10261E+03 -0.11136E+03 -0.11741E+03
 -0.12445E+03 -0.13184E+03 -0.13628E+03 -0.13921E+03 -0.13873E+03 -0.13257E+03
 -0.12116E+03 -0.99383E+02 -0.69168E+02 -0.36064E+02 -0.12085E+01  0.21818E+02
  0.25596E+02  0.28337E+02  0.41116E+02  0.53733E+02  0.63016E+02  0.70817E+02
  0.66585E+02  0.45732E+02  0.16336E+02 -0.91182E+01 -0.25302E+02 -0.38746E+02
 -0.53065E+02 -0.66935E+02 -0.81066E+02 -0.10135E+03 -0.12417E+03 -0.13568E+03
 -0.14088E+03 -0.14044E+03 -0.11827E+03 -0.81419E+02 -0.45682E+02 -0.13820E+02
  0.13612E+02  0.38838E+02  0.56494E+02  0.60202E+02  0.60982E+02  0.67413E+02
  0.75610E+02  0.84863E+02  0.95780E+02  0.10181E+03  0.10070E+03  0.96103E+02
  0.88695E+02  0.81740E+02  0.71413E+02  0.50272E+02  0.24030E+02  0.56660E+01
  0.13434E+01 -0.26164E+01 -0.22642E+02 -0.43421E+02 -0.40093E+02 -0.15974E+02
  0.11151E+02  0.31226E+02  0.45439E+02  0.67168E+02  0.10016E+03  0.11881E+03
  0.10854E+03  0.91936E+02  0.87349E+02  0.82039E+02  0.64128E+02  0.50367E+02
  0.51577E+02  0.51244E+02  0.36268E+02  0.47731E+01 -0.42052E+02 -0.93624E+02
 -0.14101E+03 -0.18205E+03 -0.21621E+03 -0.25174E+03 -0.29355E+03 -0.32434E+03
 -0.33259E+03 -0.32841E+03 -0.31604E+03 -0.30135E+03 -0.30152E+03 -0.31496E+03
 -0.32603E+03 -0.33346E+03 -0.31750E+03 -0.24733E+03 -0.15505E+03 -0.92066E+02
 -0.67317E+02 -0.64091E+02 -0.72575E+02 -0.98910E+02 -0.12991E+03 -0.18022E+03
 -0.25849E+03 -0.30520E+03 -0.32322E+03 -0.36027E+03 -0.40783E+03 -0.42523E+03
 -0.39498E+03 -0.33554E+03 -0.26315E+03 -0.19868E+03 -0.14558E+03 -0.81486E+02
 -0.35664E+01  0.90150E+02  0.20522E+03  0.31151E+03  0.37722E+03  0.42109E+03
  0.45741E+03  0.45903E+03  0.42245E+03  0.37400E+03  0.33255E+03  0.31166E+03
  0.30398E+03  0.28126E+03  0.23604E+03  0.18484E+03  0.13496E+03  0.87413E+02
  0.45453E+02  0.17466E+02 -0.36061E+01 -0.32117E+02 -0.38113E+02  0.83793E+01
  0.74997E+02  0.12947E+03  0.18027E+03  0.22157E+03  0.22390E+03  0.21459E+03
  0.22870E+03  0.22249E+03  0.17546E+03  0.10923E+03  0.25628E+02 -0.64394E+02
 -0.12364E+03 -0.15928E+03 -0.20081E+03 -0.23172E+03 -0.23325E+03 -0.20982E+03
 -0.18918E+03 -0.18667E+03 -0.19380E+03 -0.24256E+03 -0.35214E+03 -0.45366E+03
 -0.50870E+03 -0.54618E+03 -0.53194E+03 -0.41119E+03 -0.23060E+03 -0.76955E+02
  0.81033E+01  0.22423E+02 -0.29706E+01 -0.13441E+02  0.32469E+02  0.12623E+03
  0.20804E+03  0.23297E+03  0.20121E+03  0.19215E+03  0.25089E+03  0.27172E+03
  0.20077E+03  0.91719E+02 -0.13014E+01 -0.63781E+02 -0.10070E+03 -0.12840E+03
 -0.20101E+03 -0.31246E+03 -0.39890E+03 -0.43291E+03 -0.38467E+03 -0.24453E+03
 -0.41882E+02  0.19971E+03  0.42018E+03  0.57086E+03  0.67699E+03  0.74898E+03
  0.75204E+03  0.72710E+03  0.75586E+03  0.79416E+03  0.79817E+03  0.80497E+03
  0.77231E+03  0.70015E+03  0.63965E+03  0.52116E+03  0.34247E+03  0.17634E+03
  0.32393E+02 -0.82912E+02 -0.15362E+03 -0.17060E+03 -0.17385E+03 -0.20074E+03
 -0.23561E+03 -0.27818E+03 -0.32727E+03 -0.38686E+03 -0.45316E+03 -0.49048E+03
 -0.51891E+03 -0.53037E+03 -0.49056E+03 -0.43899E+03 -0.41032E+03 -0.38909E+03
 -0.36531E+03 -0.34901E+03 -0.34654E+03 -0.38435E+03 -0.48380E+03 -0.60453E+03
 -0.65590E+03 -0.59098E+03 -0.46515E+03 -0.34955E+03 -0.26840E+03 -0.16244E+03
 -0.16643E+02  0.54956E+02  0.27697E+02 -0.41578E+02 -0.11540E+03 -0.17287E+03
 -0.20712E+03 -0.17013E+03 -0.46690E+02  0.11883E+03  0.27917E+03  0.38364E+03
  0.41738E+03  0.41349E+03  0.42651E+03  0.47909E+03  0.52432E+03  0.51544E+03
  0.44227E+03  0.34030E+03  0.28834E+03  0.28416E+03  0.27523E+03  0.27020E+03
  0.27958E+03  0.28664E+03  0.24597E+03  0.15474E+03  0.69435E+02  0.32979E+02
  0.12358E+03  0.33537E+03  0.51183E+03  0.58701E+03  0.58353E+03  0.52443E+03
  0.50658E+03  0.56952E+03  0.64320E+03  0.71332E+03  0.77534E+03  0.77541E+03
  0.70134E+03  0.61361E+03  0.58297E+03  0.58239E+03  0.50762E+03  0.35493E+03
  0.18980E+03  0.31596E+02 -0.85461E+02 -0.15969E+03 -0.24841E+03 -0.33114E+03
 -0.35776E+03 -0.34825E+03 -0.31698E+03 -0.26865E+03 -0.21639E+03 -0.16314E+03
 -0.10281E+03  0.34718E+01  0.12769E+03  0.16351E+03  0.13772E+03  0.13149E+03
  0.15172E+03  0.22458E+03  0.27883E+03  0.24286E+03  0.16447E+03  0.43247E+02
 -0.89498E+02 -0.19903E+03 -0.28815E+03 -0.31561E+03 -0.32909E+03 -0.38484E+03
 -0.43759E+03 -0.51006E+03 -0.63179E+03 -0.69255E+03 -0.61561E+03 -0.48045E+03
 -0.33259E+03 -0.13801E+03  0.74069E+02  0.23261E+03  0.33180E+03  0.43082E+03
  0.51290E+03  0.52187E+03  0.50743E+03  0.47385E+03  0.39938E+03  0.37185E+03
  0.37950E+03  0.37576E+03  0.35013E+03  0.24156E+03  0.81621E+02 -0.89379E+02
 -0.29735E+03 -0.49501E+03 -0.64489E+03 -0.73273E+03 -0.71508E+03 -0.65353E+03
 -0.62264E+03 -0.61177E+03 -0.59779E+03 -0.57099E+03 -0.54550E+03 -0.51173E+03
 -0.42012E+03 -0.25787E+03 -0.16257E+03 -0.17863E+03 -0.20074E+03 -0.21169E+03
 -0.18990E+03 -0.15993E+03 -0.15159E+03 -0.16713E+03 -0.21132E+03 -0.29735E+03
 -0.41202E+03 -0.48111E+03 -0.53602E+03 -0.63568E+03 -0.70871E+03 -0.73425E+03
 -0.80286E+03 -0.88390E+03 -0.93688E+03 -0.98191E+03 -0.10163E+04 -0.10073E+04
 -0.93667E+03 -0.91247E+03 -0.73982E+03 -0.31919E+03 -0.82802E+02  0.36834E+02
  0.24813E+03  0.42772E+03  0.60160E+03  0.74249E+03  0.77266E+03  0.82620E+03
  0.87162E+03  0.89395E+03  0.99066E+03  0.11063E+04  0.11635E+04  0.11130E+04
  0.10100E+04  0.87722E+03  0.67357E+03  0.49126E+03  0.42742E+03  0.49666E+03
  0.61055E+03  0.65987E+03  0.65421E+03  0.60118E+03  0.49004E+03  0.37354E+03
  0.31166E+03  0.31019E+03  0.33927E+03  0.40459E+03  0.51414E+03  0.61421E+03
  0.71341E+03  0.85007E+03  0.95313E+03  0.90131E+03  0.71871E+03  0.56082E+03
  0.45566E+03  0.38534E+03  0.34019E+03  0.24554E+03  0.15203E+03  0.90807E+02
 -0.30045E+02 -0.20811E+03 -0.40160E+03 -0.54447E+03 -0.55050E+03 -0.43294E+03
 -0.29913E+03 -0.25475E+03 -0.25404E+03 -0.22169E+03 -0.21558E+03 -0.17694E+03
 -0.28343E+02  0.13913E+03  0.28639E+03  0.38183E+03  0.39809E+03  0.34785E+03
  0.24915E+03  0.14460E+03  0.14644E+02 -0.14189E+03 -0.29205E+03 -0.43078E+03
 -0.52245E+03 -0.61468E+03 -0.78258E+03 -0.90056E+03 -0.90528E+03 -0.87365E+03
 -0.78244E+03 -0.63949E+03 -0.52539E+03 -0.46415E+03 -0.42935E+03 -0.38733E+03
 -0.31771E+03 -0.21712E+03 -0.11133E+03 -0.48603E+02 -0.38057E+02 -0.62271E+02
 -0.83005E+02  0.94689E+01  0.19568E+03  0.31477E+03  0.29418E+03  0.17377E+03
  0.35624E+02 -0.56180E+02 -0.12760E+03 -0.21997E+03 -0.26330E+03 -0.25626E+03
 -0.29872E+03 -0.34915E+03 -0.38794E+03 -0.46567E+03 -0.53717E+03 -0.58486E+03
 -0.54347E+03 -0.44472E+03 -0.47639E+03 -0.48631E+03 -0.36492E+03 -0.81127E+02
  0.32502E+03  0.61020E+03  0.75044E+03  0.78158E+03  0.71738E+03  0.68160E+03
  0.64744E+03  0.56431E+03  0.50607E+03  0.45422E+03  0.33858E+03  0.17210E+03
  0.50977E+02  0.68533E+01 -0.10663E+02 -0.28489E+02 -0.46782E+02 -0.28709E+02
  0.77202E+02  0.16921E+03  0.20781E+03  0.21535E+03  0.96083E+02 -0.11194E+03
 -0.21558E+03 -0.21474E+03 -0.25664E+03 -0.34410E+03 -0.36985E+03 -0.29886E+03
 -0.22084E+03 -0.23743E+03 -0.29015E+03 -0.26420E+03 -0.20908E+03 -0.21456E+03
 -0.26217E+03 -0.37665E+03 -0.53581E+03 -0.60710E+03 -0.59385E+03 -0.58379E+03
 -0.57317E+03 -0.53474E+03 -0.46583E+03 -0.40537E+03 -0.47469E+03 -0.60086E+03
 -0.56847E+03 -0.40314E+03 -0.13493E+03  0.15587E+03  0.33838E+03  0.42842E+03
  0.43582E+03  0.45075E+03  0.50564E+03  0.51739E+03  0.54908E+03  0.64369E+03
  0.71837E+03  0.70292E+03  0.59550E+03  0.48479E+03  0.43522E+03  0.34595E+03
  0.19057E+03  0.11613E+03  0.11803E+03  0.14944E+03  0.30115E+03  0.48366E+03
  0.51302E+03  0.39121E+03  0.17076E+03 -0.86578E+02 -0.32580E+03 -0.49725E+03
 -0.50828E+03 -0.36205E+03 -0.14921E+03  0.92616E+01  0.10740E+03  0.21706E+03
  0.27497E+03  0.27982E+03  0.25578E+03  0.20104E+03  0.16979E+03  0.15076E+03
  0.88933E+02 -0.57952E+02 -0.25878E+03 -0.42297E+03 -0.51114E+03 -0.57128E+03
 -0.62899E+03 -0.63466E+03 -0.62423E+03 -0.64577E+03 -0.59997E+03 -0.44889E+03
 -0.28296E+03 -0.12286E+03  0.31276E+02  0.15284E+03  0.25823E+03  0.34131E+03
  0.37706E+03  0.36209E+03  0.28581E+03  0.14255E+03  0.50560E+01 -0.41252E+02
 -0.49808E+02 -0.80945E+02 -0.77711E+02 -0.31589E+02 -0.11664E+02 -0.26345E+02
 -0.49905E+02 -0.46924E+02  0.24356E+02  0.11762E+03  0.17414E+03  0.18570E+03
  0.13892E+03  0.89535E+02  0.13380E+03  0.24968E+03  0.33647E+03  0.36724E+03
  0.38669E+03  0.36049E+03  0.24440E+03  0.12222E+03  0.21570E+02 -0.41384E+02
  0.20790E+02  0.85228E+02  0.95007E+02  0.16133E+03  0.18327E+03  0.12358E+03
  0.71998E+02  0.71450E+02  0.91198E+02  0.68968E+02  0.58013E+02  0.74277E+02
  0.10790E+03  0.16759E+03  0.16925E+03  0.92514E+02  0.32475E+02  0.45879E+02
  0.10941E+03  0.13865E+03  0.10113E+03  0.37425E+01 -0.15157E+03 -0.30346E+03
 -0.46236E+03 -0.65272E+03 -0.81372E+03 -0.90981E+03 -0.89617E+03 -0.79098E+03
 -0.69999E+03 -0.65777E+03 -0.62235E+03 -0.57382E+03 -0.53396E+03 -0.49797E+03
 -0.41270E+03 -0.27695E+03 -0.15148E+03 -0.45898E+02  0.77947E+02  0.21481E+03
  0.35769E+03  0.49309E+03  0.57334E+03  0.57220E+03  0.46637E+03  0.31664E+03
  0.21809E+03  0.12144E+03 -0.25416E+01 -0.56998E+02 -0.16400E+02  0.81677E+02
  0.22048E+03  0.33520E+03  0.38729E+03  0.41958E+03  0.42482E+03  0.38003E+03
  0.31110E+03  0.21717E+03  0.14466E+03  0.14201E+03  0.18588E+03  0.27126E+03
  0.38638E+03  0.49098E+03  0.56634E+03  0.62588E+03  0.63625E+03  0.54659E+03
  0.41200E+03  0.26726E+03  0.45581E+02 -0.21571E+03 -0.39012E+03 -0.44757E+03
 -0.39861E+03 -0.29491E+03 -0.21464E+03 -0.15970E+03 -0.13119E+03 -0.16377E+03
 -0.24938E+03 -0.33827E+03 -0.37923E+03 -0.37524E+03 -0.38954E+03 -0.43280E+03
 -0.45699E+03 -0.46754E+03 -0.47310E+03 -0.47305E+03 -0.51092E+03 -0.59822E+03
 -0.70834E+03 -0.78163E+03 -0.73924E+03 -0.59041E+03 -0.38740E+03 -0.19122E+03
 -0.65492E+02  0.85008E+01  0.74151E+02  0.14884E+03  0.24485E+03  0.31398E+03
  0.32623E+03  0.33892E+03  0.34249E+03  0.32042E+03  0.36174E+03  0.45080E+03
  0.46946E+03  0.41097E+03  0.33907E+03  0.29103E+03  0.24945E+03  0.18635E+03
  0.13094E+03  0.11986E+03  0.14790E+03  0.20117E+03  0.28280E+03  0.37728E+03
  0.45828E+03  0.49045E+03  0.43788E+03  0.31345E+03  0.13960E+03 -0.59932E+02
 -0.20080E+03 -0.25429E+03 -0.25180E+03 -0.15322E+03  0.69134E+01  0.11891E+03
  0.16678E+03  0.16791E+03  0.16537E+03  0.18393E+03  0.18043E+03  0.12321E+03
  0.16886E+02 -0.90573E+02 -0.14134E+03 -0.11497E+03 -0.42341E+02  0.93340E+01
  0.90865E+01 -0.25434E+02 -0.79952E+02 -0.12935E+03 -0.12982E+03 -0.72853E+02
  0.48084E+01  0.62428E+02  0.58648E+02  0.66511E+01 -0.26031E+02 -0.31270E+02
 -0.23193E+02 -0.58335E+01  0.11320E+00 -0.23508E+02 -0.89037E+02 -0.15508E+03
 -0.15902E+03 -0.11573E+03 -0.63497E+02 -0.16624E+02  0.77215E+01  0.20944E+02
  0.36750E+02  0.21275E+02 -0.31537E+02 -0.57191E+02 -0.15019E+02  0.66793E+02
  0.15031E+03  0.21331E+03  0.22773E+03  0.18495E+03  0.13323E+03  0.95820E+02
  0.68773E+02  0.93550E+02  0.18455E+03  0.25270E+03  0.24160E+03  0.20313E+03
  0.16354E+03  0.13038E+03  0.10774E+03  0.74553E+02  0.32905E+02 -0.11561E+01
 -0.17980E+02 -0.36568E+02 -0.77212E+02 -0.11270E+03 -0.13720E+03 -0.16337E+03
 -0.16937E+03 -0.16474E+03 -0.18144E+03 -0.21432E+03 -0.22124E+03 -0.17807E+03
 -0.11068E+03 -0.33542E+02  0.56265E+02  0.13591E+03  0.17372E+03  0.15602E+03
  0.79239E+02 -0.18223E+02 -0.77763E+02 -0.99769E+02 -0.99994E+02 -0.72117E+02
 -0.19927E+02  0.42804E+02  0.81658E+02  0.60144E+02 -0.52248E+01 -0.64722E+02
 -0.10189E+03 -0.13246E+03 -0.17460E+03 -0.23492E+03 -0.28349E+03 -0.30056E+03
 -0.29710E+03 -0.28750E+03 -0.27497E+03 -0.23914E+03 -0.17349E+03 -0.84499E+02
 -0.47766E+01  0.26317E+02  0.38102E+02  0.65785E+02  0.89279E+02  0.87596E+02
  0.77909E+02  0.68448E+02  0.53825E+02  0.44958E+02  0.46881E+02  0.63578E+02
  0.80327E+02  0.69019E+02  0.28265E+02 -0.13077E+02 -0.25528E+02 -0.25034E+02
 -0.31966E+02 -0.37033E+02 -0.31135E+02 -0.14405E+02  0.51639E+01  0.95317E+01
  0.38120E-01  0.71834E+01  0.23928E+02  0.26105E+02  0.26886E+02  0.32898E+02
  0.38421E+02  0.42946E+02  0.35473E+02  0.28412E+02  0.43257E+02  0.62796E+02
  0.72178E+02  0.68061E+02  0.54654E+02  0.34861E+02  0.10959E+00 -0.33903E+02
 -0.45247E+02 -0.39347E+02 -0.18231E+02  0.19776E+02  0.49676E+02  0.55689E+02
  0.46528E+02  0.36149E+02  0.39912E+02  0.51914E+02  0.54533E+02  0.44051E+02
  0.23658E+02  0.22168E+01 -0.52014E+01  0.67600E+01  0.25809E+02  0.30196E+02
  0.95927E+01 -0.20441E+02 -0.39985E+02 -0.42611E+02 -0.36475E+02 -0.37893E+02
 -0.49811E+02 -0.51178E+02 -0.29336E+02 -0.67564E+01  0.78341E+01  0.22047E+02
  0.28434E+02  0.29406E+02  0.30937E+02  0.34520E+02  0.48737E+02  0.67412E+02
  0.74673E+02  0.66860E+02  0.55670E+02  0.53719E+02  0.50134E+02  0.29051E+02
 -0.16929E+01 -0.15932E+02 -0.59049E+00  0.23634E+02  0.36660E+02  0.39662E+02
  0.38443E+02  0.37422E+02  0.32065E+02  0.21148E+02  0.13687E+02  0.58272E+01
 -0.58528E+01 -0.16825E+02 -0.26856E+02 -0.35579E+02 -0.41025E+02 -0.41443E+02
 -0.38525E+02 -0.32295E+02 -0.20190E+02 -0.10326E+02 -0.82434E+01 -0.12345E+02
 -0.27877E+02 -0.44818E+02 -0.51286E+02 -0.60553E+02 -0.65337E+02 -0.51307E+02
 -0.31852E+02 -0.19340E+02 -0.24571E+02 -0.45389E+02 -0.63872E+02 -0.73678E+02
 -0.69226E+02 -0.56320E+02 -0.53000E+02 -0.53254E+02 -0.47407E+02 -0.35592E+02
 -0.18689E+02 -0.10169E+02 -0.15964E+02 -0.25103E+02 -0.32047E+02 -0.34055E+02
 -0.30373E+02 -0.26611E+02 -0.25124E+02 -0.26234E+02 -0.25655E+02 -0.24437E+02
 -0.29079E+02 -0.31695E+02 -0.26961E+02 -0.21700E+02 -0.17626E+02 -0.12692E+02
 -0.53777E+01  0.56642E+01  0.16605E+02  0.22661E+02  0.25679E+02  0.28458E+02
  0.30040E+02  0.30415E+02  0.27301E+02  0.18443E+02  0.14397E+02  0.22224E+02
  0.28488E+02  0.26306E+02  0.24902E+02  0.25791E+02  0.25896E+02  0.21848E+02
  0.10072E+02 -0.32869E+01 -0.12681E+02 -0.19571E+02 -0.23351E+02 -0.23451E+02
 -0.19162E+02 -0.10366E+02 -0.25028E+01 -0.16235E+00  0.27354E+01  0.11788E+02
  0.19143E+02  0.21577E+02  0.23838E+02  0.26903E+02  0.30611E+02  0.34077E+02
  0.37050E+02  0.40743E+02  0.44480E+02  0.44919E+02  0.40782E+02  0.34488E+02
  0.27673E+02  0.19996E+02  0.11557E+02  0.51110E+01  0.33309E+01  0.45088E+01
  0.56418E+01  0.59144E+01  0.53512E+01  0.50921E+01  0.71504E+01  0.10775E+02
  0.14337E+02  0.16921E+02  0.18414E+02  0.20023E+02  0.21953E+02  0.23282E+02
  0.24686E+02  0.27509E+02  0.31507E+02  0.35088E+02  0.36579E+02  0.35781E+02
  0.33394E+02  0.29612E+02  0.25538E+02  0.21799E+02  0.18409E+02  0.16045E+02
  0.14421E+02  0.12991E+02  0.11917E+02  0.11187E+02  0.10511E+02  0.89133E+01
  0.55244E+01  0.18190E+01 -0.39718E+00 -0.18804E+01 -0.19701E+01 -0.64530E+00
  0.44287E+00  0.14706E+01  0.19099E+01  0.12188E+01  0.89664E-01 -0.98776E+00
 -0.18299E+01 -0.34864E+01 -0.57961E+01 -0.65986E+01 -0.58877E+01 -0.45879E+01
 -0.24126E+01 -0.71106E+00 -0.10556E+01 -0.24080E+01 -0.33112E+01 -0.42259E+01
 -0.60196E+01 -0.82771E+01 -0.10080E+02 -0.11772E+02 -0.14118E+02 -0.16542E+02
 -0.18037E+02 -0.18364E+02 -0.18180E+02 -0.18740E+02 -0.19678E+02 -0.19976E+02
 -0.19617E+02 -0.18341E+02 -0.16071E+02 -0.13587E+02 -0.11838E+02 -0.10550E+02
 -0.77961E+01 -0.43867E+01 -0.28277E+01 -0.29458E+01 -0.40688E+01 -0.51681E+01
 -0.42113E+01 -0.14887E+01  0.14114E+01  0.42324E+01  0.67716E+01  0.81841E+01
  0.85624E+01  0.88492E+01  0.94687E+01  0.98455E+01  0.96533E+01  0.88142E+01
  0.71894E+01  0.59830E+01  0.60487E+01  0.66795E+01  0.78526E+01  0.92905E+01
  0.10498E+02  0.11417E+02  0.12326E+02  0.13206E+02  0.13350E+02  0.12883E+02
  0.12338E+02  0.12093E+02  0.12681E+02  0.13822E+02  0.14368E+02  0.13167E+02
  0.99293E+01  0.61660E+01  0.41279E+01  0.34884E+01  0.28884E+01  0.23487E+01
  0.24916E+01  0.35392E+01  0.52112E+01  0.66772E+01  0.70941E+01  0.70374E+01
  0.75062E+01  0.76804E+01  0.68997E+01  0.60675E+01  0.57143E+01  0.58727E+01
  0.58563E+01  0.42811E+01  0.17920E+01 -0.70976E+00 -0.29573E+01 -0.39773E+01
 -0.43084E+01 -0.50790E+01 -0.58249E+01 -0.57114E+01 -0.40371E+01 -0.13911E+01
  0.37972E+00  0.78560E+00  0.63782E+00  0.29699E+00  0.60535E-01 -0.21986E-01
  0.31471E-01  0.35137E+00  0.98606E+00  0.14869E+01  0.95064E+00 -0.47192E+00
 -0.17066E+01 -0.21828E+01 -0.24338E+01 -0.32338E+01 -0.38536E+01 -0.34065E+01
 -0.24882E+01 -0.23180E+01 -0.30558E+01 -0.40124E+01 -0.46419E+01 -0.46923E+01
 -0.43284E+01 -0.48144E+01 -0.70219E+01 -0.97114E+01 -0.11553E+02 -0.12667E+02
 -0.13004E+02 -0.12522E+02 -0.11301E+02 -0.96794E+01 -0.88074E+01 -0.89718E+01
 -0.87694E+01 -0.77190E+01 -0.74698E+01 -0.86405E+01 -0.10235E+02 -0.11771E+02
 -0.12488E+02 -0.12979E+02 -0.13976E+02 -0.14111E+02 -0.13363E+02 -0.12877E+02
 -0.12830E+02 -0.12998E+02 -0.12754E+02 -0.11846E+02 -0.10642E+02 -0.94291E+01
 -0.84337E+01 -0.74077E+01 -0.62547E+01 -0.56307E+01 -0.59336E+01 -0.67576E+01
 -0.71275E+01 -0.70892E+01 -0.73801E+01 -0.76194E+01 -0.70114E+01 -0.58157E+01
 -0.42453E+01 -0.20927E+01 -0.70429E-01  0.13363E+01  0.25274E+01  0.35345E+01
  0.45341E+01  0.54184E+01  0.58604E+01  0.64130E+01  0.75933E+01  0.85525E+01
  0.85851E+01  0.87936E+01  0.10129E+02  0.11635E+02  0.12607E+02  0.12872E+02
  0.12091E+02  0.10991E+02  0.10220E+02  0.94516E+01  0.86215E+01  0.75327E+01
  0.60506E+01  0.44539E+01  0.27789E+01  0.93958E+00 -0.87391E+00 -0.27096E+01
 -0.42977E+01 -0.52032E+01 -0.54074E+01 -0.52170E+01 -0.46760E+01 -0.39568E+01
 -0.36131E+01 -0.37263E+01 -0.39095E+01 -0.39918E+01 -0.38076E+01 -0.34199E+01
 -0.32375E+01 -0.34691E+01 -0.40170E+01 -0.43887E+01 -0.43184E+01 -0.42103E+01
 -0.41654E+01 -0.42955E+01 -0.48710E+01 -0.59379E+01 -0.72759E+01 -0.86591E+01
 -0.98011E+01 -0.10807E+02 -0.12024E+02 -0.13344E+02 -0.14403E+02 -0.15176E+02
 -0.15540E+02 -0.15380E+02 -0.15072E+02 -0.14965E+02 -0.14849E+02 -0.14634E+02
 -0.14494E+02 -0.14195E+02 -0.13343E+02 -0.11904E+02 -0.10206E+02 -0.86801E+01
 -0.71235E+01 -0.54065E+01 -0.39051E+01 -0.29853E+01 -0.24578E+01 -0.21616E+01
 -0.23142E+01 -0.28784E+01 -0.33045E+01 -0.35614E+01 -0.35495E+01 -0.34935E+01
 -0.38279E+01 -0.39315E+01 -0.34216E+01 -0.25927E+01 -0.18881E+01 -0.18265E+01
 -0.20460E+01 -0.20365E+01 -0.15897E+01 -0.81021E+00 -0.46075E+00 -0.59807E+00
 -0.65507E+00 -0.76735E+00 -0.10819E+01 -0.16462E+01 -0.23898E+01 -0.31246E+01
 -0.38481E+01 -0.45048E+01 -0.47206E+01 -0.45721E+01 -0.44008E+01 -0.39033E+01
 -0.26758E+01 -0.15452E+01 -0.84803E+00 -0.18522E-01  0.94265E+00  0.17986E+01
  0.26198E+01  0.33760E+01  0.41280E+01  0.47412E+01  0.49303E+01  0.47228E+01
  0.47829E+01  0.51178E+01  0.52490E+01  0.51412E+01  0.49196E+01  0.47079E+01
  0.46569E+01  0.49287E+01  0.54362E+01  0.57228E+01  0.59500E+01  0.65092E+01
  0.73567E+01  0.80857E+01  0.86444E+01  0.95534E+01  0.10900E+02  0.12131E+02
  0.12958E+02  0.13456E+02  0.13924E+02  0.14365E+02  0.14844E+02  0.15411E+02
  0.15957E+02  0.16295E+02  0.16315E+02  0.15956E+02  0.15022E+02  0.13393E+02
  0.11465E+02  0.96213E+01  0.79091E+01  0.60852E+01  0.42112E+01  0.26401E+01
  0.13535E+01  0.25547E+00 -0.40907E+00 -0.79359E+00 -0.88997E+00 -0.33765E+00
  0.10401E+01  0.27103E+01  0.40496E+01  0.52555E+01  0.65996E+01  0.77980E+01
  0.86748E+01  0.91246E+01  0.92446E+01  0.91256E+01  0.83879E+01  0.69270E+01
  0.51839E+01  0.32211E+01  0.11023E+01 -0.12258E+01 -0.37167E+01 -0.60318E+01
 -0.81091E+01 -0.10258E+02 -0.12527E+02 -0.14653E+02 -0.16344E+02 -0.17550E+02
 -0.18254E+02 -0.18696E+02 -0.18927E+02 -0.18569E+02 -0.17711E+02 -0.16546E+02
 -0.15062E+02 -0.13586E+02 -0.12201E+02 -0.10887E+02 -0.97758E+01 -0.89356E+01
 -0.83197E+01 -0.79973E+01 -0.79669E+01 -0.82277E+01 -0.87808E+01 -0.96887E+01
 -0.10693E+02 -0.11590E+02 -0.12663E+02 -0.13490E+02 -0.13661E+02 -0.13926E+02
 -0.14311E+02 -0.14483E+02 -0.14574E+02 -0.14599E+02 -0.14388E+02 -0.13890E+02
 -0.13206E+02 -0.12592E+02 -0.12024E+02 -0.11297E+02 -0.10296E+02 -0.92462E+01
 -0.82478E+01 -0.70984E+01 -0.58874E+01 -0.47477E+01 -0.35789E+01 -0.24465E+01
 -0.13669E+01 -0.39181E+00  0.67239E+00  0.20759E+01  0.34669E+01  0.45317E+01
  0.54100E+01  0.60258E+01  0.63608E+01  0.64953E+01  0.64859E+01  0.63123E+01
  0.60125E+01  0.55513E+01  0.49452E+01  0.43838E+01  0.40158E+01  0.36005E+01
  0.29667E+01  0.23301E+01  0.17171E+01  0.12017E+01  0.11213E+01  0.12053E+01
  0.14799E+01  0.20471E+01  0.26367E+01  0.33124E+01  0.41550E+01  0.51570E+01
  0.64539E+01  0.77255E+01  0.88313E+01  0.98286E+01  0.10604E+02  0.10984E+02
  0.11034E+02  0.10830E+02  0.10373E+02  0.96994E+01  0.87508E+01  0.74374E+01
  0.61765E+01  0.50532E+01  0.38604E+01  0.26870E+01  0.15443E+01  0.57013E+00
  0.88304E-02 -0.21244E+00 -0.50170E-01  0.43006E+00  0.11384E+01  0.19946E+01
  0.30264E+01  0.41639E+01  0.53181E+01  0.64504E+01  0.74785E+01  0.85869E+01
  0.98577E+01  0.10794E+02  0.11348E+02  0.11652E+02  0.11617E+02  0.11295E+02
  0.10819E+02  0.10141E+02  0.93607E+01  0.84477E+01  0.73487E+01  0.60666E+01
  0.46387E+01  0.32078E+01  0.19192E+01  0.78412E+00 -0.12910E+00 -0.73893E+00
 -0.10467E+01 -0.10285E+01 -0.60467E+00 -0.16693E+00  0.17197E+00  0.54044E+00
  0.98033E+00  0.14720E+01  0.19977E+01  0.26247E+01  0.32505E+01  0.36275E+01
  0.39254E+01  0.40985E+01  0.40031E+01  0.36524E+01  0.30591E+01  0.23090E+01
  0.15199E+01  0.50650E+00 -0.67005E+00 -0.18239E+01 -0.28546E+01 -0.37446E+01
 -0.44279E+01 -0.48334E+01 -0.49825E+01 -0.49226E+01 -0.46378E+01 -0.43026E+01
 -0.39458E+01 -0.34229E+01 -0.27680E+01 -0.20271E+01 -0.11390E+01 -0.26898E+00
  0.51039E+00  0.12268E+01  0.18592E+01  0.23017E+01  0.25527E+01  0.25442E+01
  0.22776E+01  0.18925E+01  0.13176E+01  0.61715E+00  0.20010E-01 -0.72175E+00
 -0.15951E+01 -0.24507E+01 -0.32855E+01 -0.40961E+01 -0.47530E+01 -0.53195E+01
 -0.59458E+01 -0.64647E+01 -0.67814E+01 -0.70425E+01 -0.71624E+01 -0.70853E+01
 -0.68394E+01 -0.64760E+01 -0.60096E+01 -0.55267E+01 -0.50797E+01 -0.47219E+01
 -0.44971E+01 -0.44515E+01 -0.45437E+01 -0.47862E+01 -0.51441E+01 -0.55656E+01
 -0.59785E+01 -0.63594E+01 -0.66617E+01 -0.68526E+01 -0.69012E+01 -0.68068E+01
 -0.64363E+01 -0.58141E+01 -0.50881E+01 -0.43182E+01 -0.34450E+01 -0.24670E+01
 -0.14190E+01 -0.36954E+00  0.64134E+00  0.15327E+01  0.22767E+01  0.28634E+01
  0.32975E+01  0.35869E+01  0.37257E+01  0.36953E+01  0.36350E+01  0.35066E+01
  0.32852E+01  0.30568E+01  0.28751E+01  0.27447E+01  0.26532E+01  0.26231E+01
  0.27619E+01  0.29955E+01  0.33305E+01  0.38172E+01  0.44544E+01  0.52315E+01
  0.61858E+01  0.72364E+01  0.83704E+01  0.94765E+01  0.10404E+02  0.11135E+02
  0.11867E+02  0.12531E+02  0.12696E+02  0.12440E+02  0.11993E+02  0.11253E+02
  0.10245E+02  0.89936E+01  0.75492E+01  0.60251E+01  0.45248E+01  0.30298E+01
  0.16497E+01  0.50519E+00 -0.32504E+00 -0.84053E+00 -0.10295E+01 -0.89960E+00
 -0.45474E+00  0.26756E+00  0.12459E+01  0.23846E+01  0.36018E+01  0.47494E+01
  0.57635E+01  0.66860E+01  0.74084E+01  0.78096E+01  0.79170E+01  0.76988E+01
  0.71710E+01  0.63587E+01  0.53152E+01  0.40307E+01  0.25719E+01  0.10206E+01
 -0.55890E+00 -0.21215E+01 -0.35835E+01 -0.49313E+01 -0.60819E+01 -0.69595E+01
 -0.75028E+01 -0.76966E+01 -0.76110E+01 -0.72585E+01 -0.65879E+01 -0.56740E+01
 -0.45387E+01 -0.32425E+01 -0.18364E+01 -0.40804E+00  0.97008E+00  0.21780E+01
  0.31352E+01  0.37549E+01  0.39868E+01  0.37947E+01  0.32431E+01  0.23780E+01
  0.11926E+01 -0.27957E+00 -0.18156E+01 -0.33797E+01 -0.49285E+01 -0.63320E+01
 -0.74979E+01 -0.84244E+01 -0.90396E+01 -0.93139E+01 -0.92145E+01 -0.87595E+01
 -0.79711E+01 -0.69033E+01 -0.56148E+01 -0.41288E+01 -0.24749E+01 -0.85601E+00
  0.69599E+00  0.21535E+01  0.34378E+01  0.44761E+01  0.52352E+01  0.56778E+01
  0.57950E+01  0.55284E+01  0.49504E+01  0.39564E+01  0.25383E+01  0.10259E+01
 -0.54687E+00 -0.22440E+01 -0.39206E+01 -0.54968E+01 -0.68464E+01 -0.79243E+01
 -0.86550E+01 -0.89959E+01 -0.89204E+01 -0.84137E+01 -0.74732E+01 -0.62160E+01
 -0.46818E+01 -0.29599E+01 -0.11363E+01  0.68406E+00  0.24102E+01  0.39173E+01
  0.51472E+01  0.60486E+01  0.65941E+01  0.67506E+01  0.65307E+01  0.59453E+01
  0.50542E+01  0.39035E+01  0.25776E+01  0.11284E+01 -0.35093E+00 -0.17983E+01
 -0.31519E+01 -0.43572E+01 -0.53322E+01 -0.60461E+01 -0.64502E+01 -0.65265E+01
 -0.62421E+01 -0.56195E+01 -0.46712E+01 -0.34355E+01 -0.19777E+01 -0.39219E+00
  0.13345E+01  0.31155E+01  0.48498E+01  0.64589E+01  0.78957E+01  0.90799E+01
  0.99733E+01  0.10523E+02  0.10729E+02  0.10567E+02  0.10057E+02  0.92121E+01
  0.80937E+01  0.67466E+01  0.52611E+01  0.36979E+01  0.21508E+01  0.68276E+00
 -0.62797E+00 -0.17255E+01 -0.25611E+01 -0.31119E+01 -0.33351E+01 -0.33053E+01
 -0.30174E+01 -0.24862E+01 -0.17496E+01 -0.86519E+00  0.13543E+00  0.11874E+01
  0.22589E+01  0.32922E+01  0.42642E+01  0.51301E+01  0.58735E+01  0.64458E+01
  0.68492E+01  0.70082E+01  0.69170E+01  0.66372E+01  0.61682E+01  0.54824E+01
  0.46353E+01  0.36137E+01  0.24722E+01  0.12568E+01  0.32966E-01 -0.11463E+01
 -0.21965E+01 -0.30859E+01 -0.37590E+01 -0.41854E+01 -0.43298E+01 -0.42017E+01
 -0.37954E+01 -0.31512E+01 -0.22931E+01 -0.12845E+01 -0.16927E+00  0.97487E+00
  0.21042E+01  0.31448E+01  0.40749E+01  0.48539E+01  0.54353E+01  0.57851E+01
  0.59283E+01  0.58398E+01  0.55405E+01  0.50266E+01  0.43322E+01  0.34696E+01
  0.24872E+01  0.14075E+01  0.28663E+00 -0.84578E+00 -0.19256E+01 -0.29398E+01
 -0.38348E+01 -0.45492E+01 -0.50350E+01 -0.53233E+01 -0.53713E+01 -0.51772E+01
 -0.47565E+01 -0.41539E+01 -0.33916E+01 -0.25364E+01 -0.16383E+01 -0.77349E+00
  0.10861E-01  0.64586E+00  0.11055E+01  0.13283E+01  0.13155E+01  0.10716E+01
  0.61282E+00 -0.47994E-01 -0.85411E+00 -0.17677E+01 -0.27178E+01 -0.36660E+01
 -0.45244E+01 -0.52502E+01 -0.58222E+01 -0.62224E+01 -0.64111E+01 -0.64049E+01
 -0.62019E+01 -0.58388E+01 -0.53349E+01 -0.47417E+01 -0.40863E+01 -0.34214E+01
 -0.27695E+01 -0.21730E+01 -0.16429E+01 -0.12107E+01 -0.87348E+00 -0.65023E+00
 -0.53380E+00 -0.52602E+00 -0.59758E+00 -0.75732E+00 -0.98066E+00 -0.12647E+01
 -0.15789E+01 -0.19158E+01 -0.22372E+01 -0.25287E+01 -0.27479E+01 -0.28793E+01
 -0.28845E+01 -0.27574E+01 -0.24743E+01 -0.20495E+01 -0.14832E+01 -0.81518E+00
 -0.70461E-01  0.68911E+00  0.14234E+01  0.20634E+01  0.25703E+01  0.28931E+01
  0.30032E+01  0.28712E+01  0.25414E+01  0.20200E+01  0.13499E+01  0.57544E+00
 -0.23012E+00 -0.10169E+01 -0.17118E+01 -0.22780E+01 -0.26659E+01 -0.28681E+01
 -0.28689E+01 -0.26951E+01 -0.23620E+01 -0.19209E+01 -0.14038E+01 -0.87270E+00
 -0.35576E+00  0.96661E-01  0.46608E+00  0.71928E+00  0.85739E+00  0.86430E+00
  0.75625E+00  0.52901E+00  0.20789E+00 -0.20517E+00 -0.68064E+00 -0.12132E+01
 -0.17699E+01 -0.23421E+01 -0.28931E+01 -0.34106E+01 -0.38548E+01 -0.42124E+01
 -0.44453E+01 -0.45454E+01 -0.44843E+01 -0.42670E+01 -0.38824E+01 -0.33558E+01
 -0.26975E+01 -0.19537E+01 -0.11540E+01 -0.35914E+00  0.39215E+00  0.10365E+01
  0.15414E+01  0.18571E+01  0.19717E+01  0.18620E+01  0.15464E+01  0.10338E+01
  0.37323E+00 -0.40055E+00 -0.12192E+01 -0.20361E+01 -0.27810E+01 -0.34149E+01
 -0.38827E+01 -0.41683E+01 -0.42444E+01 -0.41243E+01 -0.38102E+01 -0.33419E+01
 -0.27433E+01 -0.20704E+01 -0.13565E+01 -0.65943E+00 -0.81532E-02  0.54891E+00
  0.99659E+00  0.13033E+01  0.14721E+01  0.14896E+01  0.13764E+01  0.11349E+01
  0.79880E+00  0.38047E+00 -0.79061E-01 -0.56261E+00 -0.10274E+01 -0.14570E+01
 -0.18112E+01 -0.20784E+01 -0.22254E+01 -0.22488E+01 -0.21263E+01 -0.18671E+01
 -0.14623E+01 -0.93658E+00 -0.29702E+00  0.41673E+00  0.11839E+01  0.19544E+01
  0.27006E+01  0.33706E+01  0.39408E+01  0.43687E+01  0.46452E+01  0.47457E+01
  0.46826E+01  0.44536E+01  0.40920E+01  0.36146E+01  0.30698E+01  0.24850E+01
  0.19138E+01  0.13833E+01  0.94104E+00  0.60378E+00  0.40453E+00  0.34259E+00
  0.43180E+00  0.65105E+00  0.99461E+00  0.14236E+01  0.19169E+01  0.24246E+01
  0.29192E+01  0.33495E+01  0.36928E+01  0.39071E+01  0.39835E+01  0.38985E+01
  0.36629E+01  0.32737E+01  0.27621E+01  0.21426E+01  0.14602E+01  0.73948E+00
  0.30151E-01 -0.64371E+00 -0.12372E+01 -0.17352E+01 -0.21050E+01 -0.23458E+01
 -0.24404E+01 -0.24033E+01 -0.22315E+01 -0.19532E+01 -0.15764E+01 -0.11380E+01
 -0.65272E+00 -0.16123E+00  0.31953E+00  0.74934E+00  0.11142E+01  0.13785E+01
  0.15357E+01  0.15599E+01  0.14559E+01  0.12112E+01  0.84622E+00  0.36465E+00
 -0.19762E+00 -0.82213E+00 -0.14609E+01 -0.20872E+01 -0.26488E+01 -0.31205E+01
 -0.34573E+01 -0.36466E+01 -0.36612E+01 -0.35086E+01 -0.31839E+01 -0.27174E+01
 -0.21248E+01 -0.14537E+01 -0.73237E+00 -0.15373E-01  0.66765E+00  0.12667E+01
  0.17618E+01  0.21166E+01  0.23276E+01  0.23760E+01  0.22763E+01  0.20277E+01
  0.16596E+01  0.11844E+01  0.64252E+00  0.53403E-01 -0.53811E+00 -0.11114E+01
 -0.16231E+01 -0.20569E+01 -0.23762E+01 -0.25747E+01 -0.26271E+01 -0.25397E+01
 -0.23028E+01 -0.19383E+01 -0.14511E+01 -0.87782E+00 -0.23633E+00  0.42697E+00
  0.10876E+01  0.16966E+01  0.22315E+01  0.26500E+01  0.29397E+01  0.30726E+01
  0.30534E+01  0.28723E+01  0.25529E+01  0.21035E+01  0.15640E+01  0.95523E+00
  0.32594E+00 -0.29780E+00 -0.86764E+00 -0.13622E+01 -0.17420E+01 -0.19978E+01
 -0.21055E+01 -0.20730E+01 -0.18928E+01 -0.15899E+01 -0.11720E+01 -0.67660E+00
 -0.12151E+00  0.44959E+00  0.10165E+01  0.15364E+01  0.19933E+01  0.23512E+01
  0.26032E+01  0.27245E+01  0.27200E+01  0.25776E+01  0.23147E+01  0.19313E+01
  0.14566E+01  0.90037E+00  0.30111E+00 -0.32450E+00 -0.93439E+00 -0.15099E+01
 -0.20102E+01 -0.24219E+01 -0.27123E+01 -0.28784E+01 -0.29012E+01 -0.27925E+01
 -0.25495E+01 -0.21998E+01 -0.17539E+01 -0.12517E+01 -0.71218E+00 -0.17938E+00
  0.32686E+00  0.76638E+00  0.11269E+01  0.13789E+01  0.15229E+01  0.15441E+01
  0.14569E+01  0.12601E+01  0.98094E+00  0.62732E+00  0.23367E+00 -0.18767E+00
 -0.60101E+00 -0.99500E+00 -0.13376E+01 -0.16226E+01 -0.18243E+01 -0.19439E+01
 -0.19638E+01 -0.18937E+01 -0.17239E+01 -0.14717E+01 -0.11358E+01 -0.74061E+00
 -0.29059E+00  0.18421E+00  0.67545E+00  0.11506E+01  0.16008E+01  0.19951E+01
  0.23276E+01  0.25728E+01  0.27320E+01  0.27876E+01  0.27495E+01  0.26097E+01
  0.23869E+01  0.20815E+01  0.17196E+01  0.13071E+01  0.87480E+00  0.43129E+00
  0.84942E-02 -0.38589E+00 -0.72269E+00 -0.99823E+00 -0.11891E+01 -0.12995E+01
 -0.13146E+01 -0.12479E+01 -0.10951E+01 -0.87945E+00 -0.60562E+00 -0.30450E+00
  0.13982E-01  0.31642E+00  0.59314E+00  0.81399E+00  0.97525E+00  0.10554E+01
