 -0.59188E-01 -0.11478E+00 -0.10221E+00 -0.11454E+00 -0.11777E+00 -0.12717E+00
 -0.13349E+00 -0.14486E+00 -0.15336E+00 -0.16678E+00 -0.17792E+00 -0.19358E+00
 -0.20761E+00 -0.22587E+00 -0.24312E+00 -0.26454E+00 -0.28552E+00 -0.31073E+00
 -0.33601E+00 -0.36573E+00 -0.39613E+00 -0.43125E+00 -0.46758E+00 -0.50900E+00
 -0.55212E+00 -0.60078E+00 -0.65203E+00 -0.70936E+00 -0.76963E+00 -0.83614E+00
 -0.90566E+00 -0.98109E+00 -0.10594E+01 -0.11431E+01 -0.12294E+01 -0.13209E+01
 -0.14147E+01 -0.15135E+01 -0.16151E+01 -0.17223E+01 -0.18306E+01 -0.19412E+01
 -0.20505E+01 -0.21587E+01 -0.22610E+01 -0.23575E+01 -0.24438E+01 -0.25203E+01
 -0.25832E+01 -0.26366E+01 -0.26848E+01 -0.27337E+01 -0.27811E+01 -0.28294E+01
 -0.28766E+01 -0.29247E+01 -0.29716E+01 -0.30194E+01 -0.30659E+01 -0.31132E+01
 -0.31594E+01 -0.32063E+01 -0.32521E+01 -0.32988E+01 -0.33442E+01 -0.33903E+01
 -0.34354E+01 -0.34813E+01 -0.35259E+01 -0.35715E+01 -0.36158E+01 -0.36608E+01
 -0.37047E+01 -0.37491E+01 -0.37923E+01 -0.38362E+01 -0.38785E+01 -0.39214E+01
 -0.39629E+01 -0.40048E+01 -0.40452E+01 -0.40860E+01 -0.41253E+01 -0.41649E+01
 -0.42030E+01 -0.42414E+01 -0.42785E+01 -0.43158E+01 -0.43517E+01 -0.43880E+01
 -0.44230E+01 -0.44584E+01 -0.44925E+01 -0.45270E+01 -0.45603E+01 -0.45938E+01
 -0.46260E+01 -0.46584E+01 -0.46894E+01 -0.47204E+01 -0.47501E+01 -0.47796E+01
 -0.48076E+01 -0.48354E+01 -0.48615E+01 -0.48875E+01 -0.49117E+01 -0.49358E+01
 -0.49579E+01 -0.49801E+01 -0.50006E+01 -0.50210E+01 -0.50397E+01 -0.50585E+01
 -0.50758E+01 -0.50931E+01 -0.51089E+01 -0.51246E+01 -0.51389E+01 -0.51532E+01
 -0.51659E+01 -0.51786E+01 -0.51895E+01 -0.52003E+01 -0.52093E+01 -0.52180E+01
 -0.52248E+01 -0.52311E+01 -0.52354E+01 -0.52394E+01 -0.52412E+01 -0.52425E+01
 -0.52418E+01 -0.52406E+01 -0.52375E+01 -0.52340E+01 -0.52287E+01 -0.52233E+01
 -0.52162E+01 -0.52091E+01 -0.52005E+01 -0.51919E+01 -0.51818E+01 -0.51717E+01
 -0.51603E+01 -0.51486E+01 -0.51352E+01 -0.51217E+01 -0.51061E+01 -0.50901E+01
 -0.50720E+01 -0.50531E+01 -0.50320E+01 -0.50100E+01 -0.49856E+01 -0.49603E+01
 -0.49328E+01 -0.49044E+01 -0.48739E+01 -0.48428E+01 -0.48100E+01 -0.47769E+01
 -0.47424E+01 -0.47080E+01 -0.46727E+01 -0.46378E+01 -0.46023E+01 -0.45673E+01
 -0.45316E+01 -0.44965E+01 -0.44604E+01 -0.44244E+01 -0.43870E+01 -0.43492E+01
 -0.43094E+01 -0.42686E+01 -0.42251E+01 -0.41802E+01 -0.41323E+01 -0.40832E+01
 -0.40315E+01 -0.39776E+01 -0.39207E+01 -0.38629E+01 -0.38031E+01 -0.37430E+01
 -0.36818E+01 -0.36212E+01 -0.35602E+01 -0.35004E+01 -0.34408E+01 -0.33828E+01
 -0.33249E+01 -0.32685E+01 -0.32118E+01 -0.31559E+01 -0.30990E+01 -0.30420E+01
 -0.29830E+01 -0.29230E+01 -0.28600E+01 -0.27948E+01 -0.27266E+01 -0.26568E+01
 -0.25822E+01 -0.25046E+01 -0.24236E+01 -0.23402E+01 -0.22539E+01 -0.21662E+01
 -0.20762E+01 -0.19857E+01 -0.18937E+01 -0.18019E+01 -0.17090E+01 -0.16167E+01
 -0.15236E+01 -0.14310E+01 -0.13373E+01 -0.12438E+01 -0.11491E+01 -0.10540E+01
 -0.95734E+00 -0.86007E+00 -0.76038E+00 -0.66040E+00 -0.55885E+00 -0.45518E+00
 -0.34841E+00 -0.24044E+00 -0.12953E+00 -0.16964E-01  0.98373E-01  0.21520E+00
  0.33479E+00  0.45554E+00  0.57842E+00  0.70172E+00  0.82625E+00  0.95064E+00
  0.10747E+01  0.11966E+01  0.13186E+01  0.14388E+01  0.15575E+01  0.16733E+01
  0.17881E+01  0.18994E+01  0.20082E+01  0.21161E+01  0.22246E+01  0.23314E+01
  0.24387E+01  0.25456E+01  0.26537E+01  0.27620E+01  0.28720E+01  0.29826E+01
  0.30951E+01  0.32085E+01  0.33233E+01  0.34384E+01  0.35569E+01  0.36761E+01
  0.37964E+01  0.39190E+01  0.40445E+01  0.41703E+01  0.42976E+01  0.44245E+01
  0.45517E+01  0.46774E+01  0.48021E+01  0.49244E+01  0.50453E+01  0.51636E+01
  0.52811E+01  0.53971E+01  0.55137E+01  0.56312E+01  0.57510E+01  0.58725E+01
  0.59999E+01  0.61322E+01  0.62689E+01  0.64103E+01  0.65562E+01  0.67023E+01
  0.68536E+01  0.70063E+01  0.71597E+01  0.73109E+01  0.74593E+01  0.76070E+01
  0.77533E+01  0.78963E+01  0.80372E+01  0.81759E+01  0.83132E+01  0.84476E+01
  0.85812E+01  0.87116E+01  0.88396E+01  0.89629E+01  0.90839E+01  0.92005E+01
  0.93146E+01  0.94229E+01  0.95276E+01  0.96297E+01  0.97328E+01  0.98378E+01
  0.99464E+01  0.10060E+02  0.10176E+02  0.10297E+02  0.10420E+02  0.10543E+02
  0.10668E+02  0.10791E+02  0.10909E+02  0.11016E+02  0.11115E+02  0.11203E+02
  0.11276E+02  0.11336E+02  0.11386E+02  0.11428E+02  0.11465E+02  0.11488E+02
  0.11537E+02  0.11625E+02  0.11679E+02  0.11714E+02  0.11763E+02  0.11813E+02
  0.11870E+02  0.11933E+02  0.11999E+02  0.12065E+02  0.12133E+02  0.12199E+02
  0.12265E+02  0.12327E+02  0.12385E+02  0.12440E+02  0.12492E+02  0.12538E+02
  0.12579E+02  0.12615E+02  0.12645E+02  0.12669E+02  0.12680E+02  0.12672E+02
  0.12668E+02  0.12666E+02  0.12658E+02  0.12649E+02  0.12643E+02  0.12644E+02
  0.12654E+02  0.12673E+02  0.12704E+02  0.12750E+02  0.12800E+02  0.12892E+02
  0.13040E+02  0.13148E+02  0.13225E+02  0.13311E+02  0.13389E+02  0.13461E+02
  0.13524E+02  0.13576E+02  0.13611E+02  0.13656E+02  0.13724E+02  0.13754E+02
  0.13759E+02  0.13772E+02  0.13765E+02  0.13801E+02  0.13908E+02  0.13948E+02
  0.13937E+02  0.13947E+02  0.13951E+02  0.13954E+02  0.13960E+02  0.13960E+02
  0.13985E+02  0.14046E+02  0.14077E+02  0.14087E+02  0.14108E+02  0.14129E+02
  0.14150E+02  0.14170E+02  0.14184E+02  0.14193E+02  0.14192E+02  0.14179E+02
  0.14144E+02  0.14080E+02  0.14012E+02  0.13935E+02  0.13835E+02  0.13729E+02
  0.13601E+02  0.13431E+02  0.13308E+02  0.13238E+02  0.13127E+02  0.12997E+02
  0.12863E+02  0.12790E+02  0.12814E+02  0.12778E+02  0.12701E+02  0.12654E+02
  0.12531E+02  0.12365E+02  0.12237E+02  0.12079E+02  0.11968E+02  0.11986E+02
  0.11938E+02  0.11703E+02  0.11392E+02  0.11142E+02  0.11261E+02  0.11620E+02
  0.11419E+02  0.10655E+02  0.10115E+02  0.99581E+01  0.99987E+01  0.10190E+02
  0.10435E+02  0.10748E+02  0.11219E+02  0.11701E+02  0.11824E+02  0.11539E+02
  0.11028E+02  0.10303E+02  0.93747E+01  0.83928E+01  0.75380E+01  0.68787E+01
  0.64024E+01  0.61440E+01  0.65153E+01  0.79236E+01  0.95176E+01  0.98631E+01
  0.90456E+01  0.82525E+01  0.79880E+01  0.81007E+01  0.84711E+01  0.87518E+01
  0.85049E+01  0.79287E+01  0.72239E+01  0.65720E+01  0.65836E+01  0.69863E+01
  0.69084E+01  0.62265E+01  0.52624E+01  0.44094E+01  0.40794E+01  0.41520E+01
  0.43227E+01  0.48636E+01  0.58685E+01  0.65391E+01  0.59655E+01  0.45315E+01
  0.36233E+01  0.35913E+01  0.38253E+01  0.41150E+01  0.42470E+01  0.38569E+01
  0.32860E+01  0.28615E+01  0.26111E+01  0.30028E+01  0.38077E+01  0.42121E+01
  0.38907E+01  0.25946E+01  0.10583E+01  0.62381E+00  0.10536E+01  0.16109E+01
  0.21933E+01  0.24305E+01  0.21482E+01  0.17959E+01  0.16010E+01  0.13339E+01
  0.83904E+00  0.20485E+00 -0.35171E+00 -0.60910E+00 -0.10785E+01 -0.28064E+01
 -0.51238E+01 -0.57945E+01 -0.45292E+01 -0.28117E+01 -0.13004E+01 -0.32463E+00
 -0.43123E-02  0.65551E+00  0.18505E+01  0.25803E+01  0.27742E+01  0.25563E+01
  0.13747E+01 -0.88593E+00 -0.39817E+01 -0.75339E+01 -0.10466E+02 -0.11935E+02
 -0.12118E+02 -0.11261E+02 -0.91770E+01 -0.61769E+01 -0.36332E+01 -0.21339E+01
 -0.73015E+00  0.59557E+00  0.14919E+01  0.28025E+01  0.29155E+01 -0.81155E+00
 -0.56155E+01 -0.82182E+01 -0.93006E+01 -0.91610E+01 -0.82567E+01 -0.77556E+01
 -0.69734E+01 -0.49268E+01 -0.29259E+01 -0.26806E+01 -0.36051E+01 -0.43528E+01
 -0.49848E+01 -0.60496E+01 -0.71584E+01 -0.86664E+01 -0.11596E+02 -0.15313E+02
 -0.17183E+02 -0.14630E+02 -0.89106E+01 -0.41567E+01 -0.27925E+01 -0.38201E+01
 -0.47510E+01 -0.44596E+01 -0.30380E+01 -0.46260E+00  0.17145E+01  0.59572E+00
 -0.37914E+01 -0.97283E+01 -0.14609E+02 -0.15555E+02 -0.13876E+02 -0.12152E+02
 -0.12025E+02 -0.14239E+02 -0.16974E+02 -0.18558E+02 -0.18463E+02 -0.15625E+02
 -0.10272E+02 -0.57926E+01 -0.45201E+01 -0.60971E+01 -0.88139E+01 -0.98279E+01
 -0.85417E+01 -0.57581E+01 -0.35070E+01 -0.55621E+01 -0.12586E+02 -0.21432E+02
 -0.26760E+02 -0.25728E+02 -0.22063E+02 -0.19029E+02 -0.16248E+02 -0.15369E+02
 -0.17395E+02 -0.18728E+02 -0.17940E+02 -0.16028E+02 -0.12480E+02 -0.10711E+02
 -0.14172E+02 -0.19739E+02 -0.24503E+02 -0.27808E+02 -0.28260E+02 -0.27332E+02
 -0.26915E+02 -0.25945E+02 -0.25655E+02 -0.25177E+02 -0.20251E+02 -0.12969E+02
 -0.87788E+01 -0.90463E+01 -0.13130E+02 -0.18882E+02 -0.23321E+02 -0.26631E+02
 -0.29224E+02 -0.31063E+02 -0.32922E+02 -0.35642E+02 -0.39942E+02 -0.43030E+02
 -0.42298E+02 -0.39397E+02 -0.35778E+02 -0.32292E+02 -0.29529E+02 -0.27330E+02
 -0.26666E+02 -0.25739E+02 -0.21942E+02 -0.19549E+02 -0.22098E+02 -0.26775E+02
 -0.31198E+02 -0.33257E+02 -0.32632E+02 -0.34014E+02 -0.38770E+02 -0.43277E+02
 -0.46147E+02 -0.48793E+02 -0.52145E+02 -0.53816E+02 -0.53092E+02 -0.53228E+02
 -0.53494E+02 -0.50790E+02 -0.45608E+02 -0.39007E+02 -0.33532E+02 -0.32740E+02
 -0.32026E+02 -0.27268E+02 -0.24535E+02 -0.28409E+02 -0.36233E+02 -0.44427E+02
 -0.51568E+02 -0.56021E+02 -0.57628E+02 -0.56620E+02 -0.52474E+02 -0.49936E+02
 -0.52307E+02 -0.54214E+02 -0.52939E+02 -0.51757E+02 -0.49916E+02 -0.47903E+02
 -0.48291E+02 -0.48273E+02 -0.49312E+02 -0.54248E+02 -0.57661E+02 -0.56013E+02
 -0.51109E+02 -0.44943E+02 -0.41602E+02 -0.41279E+02 -0.39864E+02 -0.40335E+02
 -0.43908E+02 -0.44812E+02 -0.43773E+02 -0.46384E+02 -0.54082E+02 -0.64532E+02
 -0.72092E+02 -0.73489E+02 -0.70566E+02 -0.63792E+02 -0.55000E+02 -0.48839E+02
 -0.47703E+02 -0.50378E+02 -0.53069E+02 -0.50946E+02 -0.44645E+02 -0.41676E+02
 -0.45076E+02 -0.51297E+02 -0.55313E+02 -0.55619E+02 -0.53341E+02 -0.47181E+02
 -0.38577E+02 -0.32320E+02 -0.32099E+02 -0.37173E+02 -0.41943E+02 -0.44855E+02
 -0.47757E+02 -0.47636E+02 -0.44941E+02 -0.44418E+02 -0.44890E+02 -0.48384E+02
 -0.55788E+02 -0.58113E+02 -0.55489E+02 -0.55000E+02 -0.57511E+02 -0.61714E+02
 -0.63935E+02 -0.60841E+02 -0.52300E+02 -0.35820E+02 -0.14555E+02 -0.29420E+01
 -0.52293E+01 -0.13112E+02 -0.21301E+02 -0.23134E+02 -0.13111E+02  0.14657E+01
  0.74431E+01  0.49625E+00 -0.14069E+02 -0.26239E+02 -0.27270E+02 -0.22404E+02
 -0.23940E+02 -0.30921E+02 -0.38452E+02 -0.46251E+02 -0.45896E+02 -0.34712E+02
 -0.22591E+02 -0.11411E+02 -0.41677E+01 -0.38983E+01 -0.13473E+01  0.27310E+01
  0.33623E+01  0.57148E+01  0.56448E+01 -0.48933E+00 -0.57028E+01 -0.10808E+02
 -0.14221E+02 -0.91209E+01 -0.10531E+01  0.22426E+01 -0.38987E+01 -0.15937E+02
 -0.18843E+02 -0.13994E+02 -0.14720E+02 -0.21435E+02 -0.31487E+02 -0.40617E+02
 -0.39615E+02 -0.32061E+02 -0.29257E+02 -0.27371E+02 -0.19238E+02 -0.97633E+01
 -0.17351E+01  0.60704E+01  0.98820E+01  0.29465E+01 -0.14336E+02 -0.32168E+02
 -0.46524E+02 -0.55362E+02 -0.57875E+02 -0.47597E+02 -0.13841E+02  0.24139E+02
  0.50000E+02  0.70490E+02  0.85060E+02  0.97192E+02  0.11160E+03  0.12468E+03
  0.13117E+03  0.12621E+03  0.12429E+03  0.12971E+03  0.12195E+03  0.10356E+03
  0.90524E+02  0.87889E+02  0.86737E+02  0.83223E+02  0.81588E+02  0.75025E+02
  0.56185E+02  0.24679E+02 -0.22506E+01 -0.43537E+01  0.84103E+01  0.12929E+02
  0.55097E+01 -0.56866E+01 -0.83234E+01  0.91047E+01  0.28726E+02  0.50218E+02
  0.10778E+03  0.18457E+03  0.25422E+03  0.31360E+03  0.34449E+03  0.35770E+03
  0.36958E+03  0.36944E+03  0.35422E+03  0.32156E+03  0.26899E+03  0.21553E+03
  0.17832E+03  0.14852E+03  0.12139E+03  0.10295E+03  0.92266E+02  0.87457E+02
  0.74568E+02  0.35681E+02 -0.88719E+01 -0.29272E+02 -0.26554E+02 -0.13215E+02
 -0.10359E+01 -0.32124E+01  0.30244E+01  0.54966E+02  0.14078E+03  0.22698E+03
  0.29297E+03  0.34259E+03  0.39340E+03  0.44065E+03  0.46235E+03  0.46335E+03
  0.47365E+03  0.47833E+03  0.44080E+03  0.39144E+03  0.35621E+03  0.32507E+03
  0.29865E+03  0.25385E+03  0.17070E+03  0.62726E+02 -0.32819E+02 -0.82329E+02
 -0.97330E+02 -0.10602E+03 -0.10975E+03 -0.88966E+02 -0.46801E+02 -0.81558E+01
  0.30777E+02  0.77407E+02  0.13024E+03  0.19239E+03  0.24069E+03  0.25163E+03
  0.23267E+03  0.21541E+03  0.22500E+03  0.26095E+03  0.29983E+03  0.30902E+03
  0.29691E+03  0.27433E+03  0.23313E+03  0.17622E+03  0.12479E+03  0.98159E+02
  0.70682E+02  0.51161E+02  0.88618E+02  0.13935E+03  0.14354E+03  0.11300E+03
  0.62580E+02  0.10979E+02 -0.10614E+02 -0.17603E+02 -0.43524E+02 -0.77546E+02
 -0.10109E+03 -0.96324E+02 -0.65249E+02 -0.32873E+02  0.51971E+01  0.38579E+02
  0.56157E+02  0.89792E+02  0.12622E+03  0.13288E+03  0.12594E+03  0.10578E+03
  0.59349E+02 -0.48011E+01 -0.72846E+02 -0.11399E+03 -0.11527E+03 -0.10742E+03
 -0.13237E+03 -0.20890E+03 -0.29600E+03 -0.33512E+03 -0.32248E+03 -0.29365E+03
 -0.29395E+03 -0.33675E+03 -0.35625E+03 -0.32314E+03 -0.28828E+03 -0.24025E+03
 -0.14533E+03 -0.27893E+02  0.72276E+02  0.12551E+03  0.14892E+03  0.17958E+03
  0.19982E+03  0.17155E+03  0.90754E+02 -0.33255E+02 -0.17373E+03 -0.27948E+03
 -0.35615E+03 -0.42931E+03 -0.47123E+03 -0.47083E+03 -0.45373E+03 -0.45827E+03
 -0.47068E+03 -0.44112E+03 -0.38857E+03 -0.33656E+03 -0.27992E+03 -0.24116E+03
 -0.23573E+03 -0.23627E+03 -0.23464E+03 -0.23984E+03 -0.22371E+03 -0.17952E+03
 -0.14217E+03 -0.15130E+03 -0.21851E+03 -0.30302E+03 -0.35428E+03 -0.35835E+03
 -0.33973E+03 -0.30808E+03 -0.24836E+03 -0.18408E+03 -0.13533E+03 -0.97920E+02
 -0.85072E+02 -0.96668E+02 -0.11658E+03 -0.14729E+03 -0.20498E+03 -0.29580E+03
 -0.38748E+03 -0.43403E+03 -0.44996E+03 -0.46006E+03 -0.47606E+03 -0.52972E+03
 -0.58960E+03 -0.61397E+03 -0.62293E+03 -0.62998E+03 -0.63831E+03 -0.60899E+03
 -0.53121E+03 -0.45476E+03 -0.37632E+03 -0.28791E+03 -0.20056E+03 -0.95951E+02
  0.42468E+02  0.19164E+03  0.30331E+03  0.39286E+03  0.49650E+03  0.59326E+03
  0.67221E+03  0.72138E+03  0.73567E+03  0.74250E+03  0.74184E+03  0.76726E+03
  0.74928E+03  0.54522E+03  0.31683E+03  0.18179E+03  0.60116E+02 -0.72599E+02
 -0.18217E+03 -0.23471E+03 -0.28870E+03 -0.37548E+03 -0.40748E+03 -0.33027E+03
 -0.20093E+03 -0.94696E+02 -0.27671E+02  0.29966E+02  0.96917E+02  0.14102E+03
  0.15350E+03  0.19817E+03  0.29412E+03  0.40900E+03  0.50095E+03  0.53865E+03
  0.53049E+03  0.51467E+03  0.53288E+03  0.55441E+03  0.53372E+03  0.47661E+03
  0.36504E+03  0.20999E+03  0.80978E+02  0.71203E+01 -0.53366E+02 -0.12775E+03
 -0.18246E+03 -0.21773E+03 -0.26186E+03 -0.30032E+03 -0.27803E+03 -0.18617E+03
 -0.11553E+03 -0.11210E+03 -0.11611E+03 -0.14819E+03 -0.23740E+03 -0.27827E+03
 -0.24930E+03 -0.20111E+03 -0.14861E+03 -0.96160E+02 -0.29231E+02  0.18928E+02
  0.57417E+02  0.15858E+03  0.29850E+03  0.42884E+03  0.50309E+03  0.46839E+03
  0.40849E+03  0.43232E+03  0.46792E+03  0.45733E+03  0.43681E+03  0.38176E+03
  0.28212E+03  0.17712E+03  0.78991E+02 -0.28985E+02 -0.15875E+03 -0.27913E+03
 -0.35131E+03 -0.36274E+03 -0.32399E+03 -0.26033E+03 -0.18229E+03 -0.13867E+03
 -0.14914E+03 -0.13684E+03 -0.87940E+02 -0.42988E+02  0.10019E+02  0.75049E+02
  0.15114E+03  0.24132E+03  0.33032E+03  0.39582E+03  0.41995E+03  0.42021E+03
  0.41362E+03  0.39425E+03  0.37494E+03  0.36296E+03  0.33423E+03  0.30605E+03
  0.31113E+03  0.34240E+03  0.37789E+03  0.40732E+03  0.42056E+03  0.41527E+03
  0.42033E+03  0.40228E+03  0.34286E+03  0.26812E+03  0.16328E+03  0.53747E+02
 -0.11415E+02 -0.35904E+02 -0.68200E+02 -0.11081E+03 -0.13745E+03 -0.17217E+03
 -0.21428E+03 -0.21408E+03 -0.19889E+03 -0.22392E+03 -0.28072E+03 -0.35893E+03
 -0.44437E+03 -0.52722E+03 -0.60875E+03 -0.64887E+03 -0.66722E+03 -0.71780E+03
 -0.75298E+03 -0.75764E+03 -0.76155E+03 -0.60168E+03 -0.32218E+03 -0.19578E+03
 -0.19458E+03 -0.19277E+03 -0.12608E+03 -0.43847E+02 -0.14231E+02 -0.57858E+02
 -0.20039E+03 -0.33858E+03 -0.39659E+03 -0.43067E+03 -0.46486E+03 -0.48015E+03
 -0.49526E+03 -0.53241E+03 -0.54611E+03 -0.51057E+03 -0.42933E+03 -0.29821E+03
 -0.16473E+03 -0.10049E+03 -0.11320E+03 -0.17947E+03 -0.22626E+03 -0.19360E+03
 -0.13373E+03 -0.85368E+02 -0.52930E+02 -0.13343E+02  0.52241E+02  0.11030E+03
  0.13987E+03  0.13238E+03  0.13497E+03  0.13386E+03  0.63279E+02 -0.18915E+02
 -0.10509E+03 -0.20734E+03 -0.27894E+03 -0.32384E+03 -0.33451E+03 -0.31448E+03
 -0.27290E+03 -0.18641E+03 -0.72988E+02  0.34874E+02  0.11988E+03  0.17990E+03
  0.24315E+03  0.32160E+03  0.40615E+03  0.48441E+03  0.53169E+03  0.55259E+03
  0.54810E+03  0.49674E+03  0.41928E+03  0.34281E+03  0.28904E+03  0.28388E+03
  0.32159E+03  0.37325E+03  0.41615E+03  0.42943E+03  0.38631E+03  0.29680E+03
  0.18415E+03  0.52393E+02 -0.47475E+02 -0.80751E+02 -0.83778E+02 -0.97199E+02
 -0.10864E+03 -0.60804E+02  0.29119E+02  0.90641E+02  0.13092E+03  0.14045E+03
  0.98458E+02  0.92490E+02  0.15524E+03  0.20569E+03  0.20710E+03  0.17543E+03
  0.12858E+03  0.70750E+02  0.36644E+02  0.42484E+02  0.48730E+02  0.68969E+02
  0.11533E+03  0.16629E+03  0.22606E+03  0.26143E+03  0.24592E+03  0.21123E+03
  0.19278E+03  0.19971E+03  0.22734E+03  0.27737E+03  0.33088E+03  0.38323E+03
  0.43492E+03  0.45874E+03  0.47300E+03  0.46572E+03  0.41782E+03  0.33942E+03
  0.23070E+03  0.13699E+03  0.31447E+02 -0.88915E+02 -0.16273E+03 -0.19231E+03
 -0.24962E+03 -0.37854E+03 -0.47069E+03 -0.43443E+03 -0.36802E+03 -0.34316E+03
 -0.30784E+03 -0.26182E+03 -0.24629E+03 -0.24972E+03 -0.25933E+03 -0.26147E+03
 -0.25018E+03 -0.24150E+03 -0.25143E+03 -0.30386E+03 -0.35781E+03 -0.38194E+03
 -0.39893E+03 -0.40521E+03 -0.42126E+03 -0.41437E+03 -0.35890E+03 -0.30671E+03
 -0.24932E+03 -0.18837E+03 -0.15050E+03 -0.12614E+03 -0.10262E+03 -0.62141E+02
 -0.24841E+02 -0.27266E+02 -0.56427E+02 -0.79720E+02 -0.76827E+02 -0.16999E+02
  0.89760E+02  0.16258E+03  0.19646E+03  0.21486E+03  0.20322E+03  0.20911E+03
  0.24153E+03  0.23691E+03  0.19964E+03  0.16781E+03  0.13250E+03  0.58075E+02
 -0.35638E+02 -0.90517E+02 -0.10223E+03 -0.74493E+02 -0.13541E+02  0.48840E+02
  0.11367E+03  0.21290E+03  0.31358E+03  0.34184E+03  0.32193E+03  0.32712E+03
  0.37528E+03  0.45025E+03  0.50620E+03  0.50468E+03  0.45411E+03  0.38986E+03
  0.34199E+03  0.30024E+03  0.24465E+03  0.17154E+03  0.82491E+02  0.30407E+01
 -0.47758E+02 -0.91377E+02 -0.13936E+03 -0.19099E+03 -0.24417E+03 -0.29078E+03
 -0.33798E+03 -0.39086E+03 -0.42417E+03 -0.43884E+03 -0.42003E+03 -0.36926E+03
 -0.34959E+03 -0.35368E+03 -0.33879E+03 -0.30942E+03 -0.28138E+03 -0.25602E+03
 -0.25560E+03 -0.28694E+03 -0.31347E+03 -0.32167E+03 -0.30929E+03 -0.25846E+03
 -0.21650E+03 -0.21932E+03 -0.12712E+03  0.50204E+02  0.12213E+03  0.12719E+03
  0.14630E+03  0.21797E+03  0.34682E+03  0.44800E+03  0.46685E+03  0.43641E+03
  0.37086E+03  0.28665E+03  0.24599E+03  0.25598E+03  0.27293E+03  0.26504E+03
  0.24926E+03  0.19215E+03  0.12375E+03  0.14867E+03  0.21698E+03  0.27046E+03
  0.29138E+03  0.26778E+03  0.19906E+03  0.94293E+02  0.36678E+02  0.42985E+02
  0.83644E+02  0.12710E+03  0.10809E+03  0.57714E+02  0.69510E+01 -0.64262E+02
 -0.76618E+02 -0.19657E+01  0.82944E+02  0.16558E+03  0.23026E+03  0.24882E+03
  0.24102E+03  0.22460E+03  0.21212E+03  0.20197E+03  0.17209E+03  0.10664E+03
  0.21744E+02 -0.57353E+02 -0.12862E+03 -0.17499E+03 -0.18820E+03 -0.19884E+03
 -0.20316E+03 -0.19594E+03 -0.18418E+03 -0.15272E+03 -0.13405E+03 -0.17294E+03
 -0.23176E+03 -0.25554E+03 -0.25600E+03 -0.24085E+03 -0.20077E+03 -0.15173E+03
 -0.92209E+02 -0.29989E+02  0.88882E+01  0.42143E+02  0.82166E+02  0.11193E+03
  0.13335E+03  0.13339E+03  0.10249E+03  0.78722E+02  0.84513E+02  0.11060E+03
  0.16597E+03  0.21900E+03  0.20706E+03  0.14546E+03  0.67547E+02 -0.17888E+02
 -0.94950E+02 -0.13053E+03 -0.11010E+03 -0.59803E+02  0.80299E+01  0.45639E+02
  0.22182E+01 -0.81086E+02 -0.15556E+03 -0.22271E+03 -0.27770E+03 -0.30420E+03
 -0.29930E+03 -0.23993E+03 -0.13550E+03 -0.47584E+02  0.22323E+02  0.85057E+02
  0.10582E+03  0.84888E+02  0.49335E+02  0.20033E+02  0.76228E+01 -0.11736E+01
 -0.12537E+02 -0.38657E+02 -0.91004E+02 -0.11922E+03 -0.10155E+03 -0.72337E+02
 -0.54383E+02 -0.81770E+02 -0.16128E+03 -0.24118E+03 -0.28462E+03 -0.28052E+03
 -0.24122E+03 -0.20064E+03 -0.17560E+03 -0.16904E+03 -0.16528E+03 -0.16105E+03
 -0.17918E+03 -0.19429E+03 -0.14948E+03 -0.52645E+02  0.37449E+02  0.94253E+02
  0.11072E+03  0.93984E+02  0.85510E+02  0.94795E+02  0.10230E+03  0.99900E+02
  0.88367E+02  0.92871E+02  0.12469E+03  0.15840E+03  0.17975E+03  0.19883E+03
  0.22948E+03  0.26351E+03  0.27996E+03  0.26500E+03  0.20940E+03  0.14607E+03
  0.10281E+03  0.62390E+02  0.23668E+02 -0.20931E+02 -0.72291E+02 -0.92004E+02
 -0.81951E+02 -0.77694E+02 -0.83149E+02 -0.85875E+02 -0.78965E+02 -0.63194E+02
 -0.55224E+02 -0.58669E+02 -0.54142E+02 -0.49138E+02 -0.58977E+02 -0.83934E+02
 -0.11652E+03 -0.12923E+03 -0.11580E+03 -0.90361E+02 -0.55600E+02 -0.17579E+02
  0.10260E+02  0.25615E+02  0.37274E+02  0.35007E+02  0.13941E+02 -0.94561E+01
 -0.25725E+02 -0.32085E+02 -0.20108E+02  0.10580E+02  0.32410E+02  0.34019E+02
  0.25630E+02  0.56837E+01 -0.45495E+01  0.71545E+01  0.18941E+02  0.35693E+02
  0.73942E+02  0.12245E+03  0.15855E+03  0.18067E+03  0.20308E+03  0.21246E+03
  0.18960E+03  0.14684E+03  0.97716E+02  0.47408E+02  0.17802E+02  0.12053E+02
  0.35821E+01 -0.43240E+01 -0.54080E+01 -0.59871E+01  0.29029E+01  0.15838E+02
  0.19387E+02  0.78800E+01 -0.12620E+02 -0.18404E+02  0.46210E+01  0.43600E+02
  0.68651E+02  0.58098E+02  0.19344E+02 -0.23141E+02 -0.55501E+02 -0.72995E+02
 -0.71264E+02 -0.56372E+02 -0.36159E+02 -0.10451E+02  0.11789E+02  0.22815E+02
  0.19054E+02 -0.66758E+01 -0.48254E+02 -0.87043E+02 -0.10010E+03 -0.86170E+02
 -0.69540E+02 -0.61959E+02 -0.64977E+02 -0.78159E+02 -0.93784E+02 -0.10756E+03
 -0.11427E+03 -0.11067E+03 -0.10208E+03 -0.90199E+02 -0.74467E+02 -0.58980E+02
 -0.53862E+02 -0.65982E+02 -0.84213E+02 -0.93862E+02 -0.92957E+02 -0.90293E+02
 -0.94341E+02 -0.98998E+02 -0.93474E+02 -0.74701E+02 -0.46821E+02 -0.17008E+02
  0.10953E+02  0.27861E+02  0.32639E+02  0.33678E+02  0.26391E+02  0.14438E+02
  0.87957E+01  0.17749E+01 -0.85850E+01 -0.13109E+02 -0.17584E+02 -0.19467E+02
 -0.60790E+01  0.15064E+02  0.32579E+02  0.42308E+02  0.36599E+02  0.14504E+02
 -0.10550E+02 -0.29593E+02 -0.37038E+02 -0.23741E+02  0.52687E+01  0.36667E+02
  0.61166E+02  0.77841E+02  0.93695E+02  0.10351E+03  0.93941E+02  0.71568E+02
  0.50686E+02  0.35128E+02  0.23527E+02  0.14045E+02  0.82848E+01  0.41055E+01
  0.34661E+01  0.12004E+02  0.23040E+02  0.27988E+02  0.27574E+02  0.27130E+02
  0.25668E+02  0.17676E+02  0.78616E+01 -0.28900E+01 -0.20065E+02 -0.34901E+02
 -0.41650E+02 -0.43172E+02 -0.39560E+02 -0.32498E+02 -0.24321E+02 -0.18159E+02
 -0.13532E+02 -0.85079E+01 -0.57233E+01 -0.61978E+01 -0.63037E+01 -0.19111E+00
  0.14019E+02  0.32221E+02  0.48375E+02  0.57003E+02  0.55477E+02  0.45917E+02
  0.32359E+02  0.15773E+02 -0.12219E+01 -0.12022E+02 -0.15049E+02 -0.14097E+02
 -0.10389E+02 -0.60177E+01 -0.63635E+01 -0.90721E+01 -0.73068E+01 -0.19004E+01
  0.43408E+01  0.12156E+02  0.16571E+02  0.12690E+02  0.41368E+01 -0.20366E+01
 -0.21346E+01 -0.12240E+01 -0.14545E+01  0.76950E+00  0.47537E+01  0.87386E+01
  0.13015E+02  0.16518E+02  0.17513E+02  0.18130E+02  0.20566E+02  0.22795E+02
  0.24786E+02  0.28377E+02  0.30796E+02  0.29015E+02  0.25087E+02  0.21265E+02
  0.17478E+02  0.14720E+02  0.12509E+02  0.96673E+01  0.78065E+01  0.65586E+01
  0.44105E+01  0.22722E+01  0.27556E+00 -0.22347E+01 -0.53736E+01 -0.89013E+01
 -0.95430E+01 -0.54779E+01 -0.81745E-01  0.49889E+01  0.91289E+01  0.11104E+02
  0.12341E+02  0.13810E+02  0.14980E+02  0.14695E+02  0.11986E+02  0.86109E+01
  0.55243E+01  0.16559E+01 -0.23779E+01 -0.63496E+01 -0.10633E+02 -0.14189E+02
 -0.16886E+02 -0.19584E+02 -0.22804E+02 -0.25514E+02 -0.25350E+02 -0.22026E+02
 -0.17200E+02 -0.11809E+02 -0.61561E+01 -0.53456E+00  0.44322E+01  0.78850E+01
  0.95484E+01  0.10090E+02  0.10328E+02  0.10472E+02  0.10664E+02  0.10433E+02
  0.89278E+01  0.64567E+01  0.41790E+01  0.30563E+01  0.27982E+01  0.23507E+01
  0.14129E+01 -0.71628E-01 -0.17137E+01 -0.28729E+01 -0.38362E+01 -0.45637E+01
 -0.56728E+01 -0.80395E+01 -0.10399E+02 -0.12304E+02 -0.15044E+02 -0.18403E+02
 -0.21085E+02 -0.22145E+02 -0.21264E+02 -0.18836E+02 -0.15463E+02 -0.11786E+02
 -0.81299E+01 -0.44379E+01 -0.10614E+01  0.15583E+01  0.35648E+01  0.46785E+01
  0.46557E+01  0.41203E+01  0.30838E+01  0.84852E+00 -0.25723E+01 -0.63572E+01
 -0.94602E+01 -0.11243E+02 -0.12129E+02 -0.12646E+02 -0.13167E+02 -0.13687E+02
 -0.13003E+02 -0.10321E+02 -0.58461E+01 -0.94755E-01  0.51787E+01  0.91169E+01
  0.12378E+02  0.14415E+02  0.15839E+02  0.17865E+02  0.18448E+02  0.16321E+02
  0.13949E+02  0.12362E+02  0.11038E+02  0.10217E+02  0.95283E+01  0.91416E+01
  0.95892E+01  0.10678E+02  0.11811E+02  0.12442E+02  0.12517E+02  0.11790E+02
  0.10605E+02  0.95087E+01  0.86727E+01  0.87321E+01  0.99889E+01  0.12089E+02
  0.14257E+02  0.15396E+02  0.15853E+02  0.16251E+02  0.15757E+02  0.14377E+02
  0.12703E+02  0.10280E+02  0.67875E+01  0.29008E+01 -0.54624E+00 -0.33194E+01
 -0.56135E+01 -0.74456E+01 -0.83960E+01 -0.79497E+01 -0.62503E+01 -0.44518E+01
 -0.35471E+01 -0.31989E+01 -0.30329E+01 -0.30199E+01 -0.21238E+01  0.24225E+00
  0.30144E+01  0.48957E+01  0.50771E+01  0.39245E+01  0.28936E+01  0.23111E+01
  0.15921E+01  0.69958E+00 -0.42695E+00 -0.13639E+01 -0.18920E+01 -0.28341E+01
 -0.42056E+01 -0.51148E+01 -0.54896E+01 -0.54902E+01 -0.49982E+01 -0.48639E+01
 -0.57392E+01 -0.70429E+01 -0.81238E+01 -0.88852E+01 -0.95696E+01 -0.10104E+02
 -0.10508E+02 -0.10912E+02 -0.10553E+02 -0.90209E+01 -0.66861E+01 -0.35054E+01
  0.33244E-02  0.27333E+01  0.43976E+01  0.56098E+01  0.63054E+01  0.57561E+01
  0.41403E+01  0.16799E+01 -0.13202E+01 -0.37223E+01 -0.52729E+01 -0.63980E+01
 -0.70216E+01 -0.76781E+01 -0.86787E+01 -0.91514E+01 -0.89445E+01 -0.81163E+01
 -0.66094E+01 -0.54314E+01 -0.45770E+01 -0.32286E+01 -0.14437E+01  0.64340E+00
  0.28349E+01  0.48819E+01  0.65660E+01  0.77521E+01  0.83693E+01  0.83026E+01
  0.78829E+01  0.74923E+01  0.67534E+01  0.54652E+01  0.41127E+01  0.27557E+01
  0.18638E+01  0.19316E+01  0.25775E+01  0.36227E+01  0.42144E+01  0.37769E+01
  0.30553E+01  0.20801E+01  0.91452E+00  0.22734E+00 -0.14679E+00 -0.40920E+00
 -0.22414E-01  0.96961E+00  0.20261E+01  0.30061E+01  0.36913E+01  0.41115E+01
  0.45620E+01  0.45505E+01  0.41177E+01  0.42578E+01  0.47364E+01  0.47927E+01
  0.43624E+01  0.38226E+01  0.36546E+01  0.39285E+01  0.41032E+01  0.36684E+01
  0.28989E+01  0.23040E+01  0.16454E+01  0.79648E+00  0.11766E+00 -0.26290E+00
 -0.13980E+00  0.17692E+00  0.12813E+00 -0.53742E-01 -0.24045E-01  0.31077E+00
  0.10173E+01  0.17211E+01  0.20481E+01  0.21681E+01  0.20812E+01  0.16833E+01
  0.11097E+01  0.30893E+00 -0.64941E+00 -0.14901E+01 -0.23056E+01 -0.33428E+01
 -0.44603E+01 -0.52156E+01 -0.57222E+01 -0.60311E+01 -0.57322E+01 -0.52764E+01
 -0.51784E+01 -0.51936E+01 -0.51450E+01 -0.48526E+01 -0.41533E+01 -0.31151E+01
 -0.17570E+01 -0.34252E+00  0.77089E+00  0.16920E+01  0.23502E+01  0.26600E+01
  0.29773E+01  0.35351E+01  0.41218E+01  0.44131E+01  0.43555E+01  0.40443E+01
  0.37715E+01  0.37028E+01  0.35212E+01  0.31209E+01  0.28982E+01  0.29394E+01
  0.30024E+01  0.29015E+01  0.24304E+01  0.17482E+01  0.12896E+01  0.11664E+01
  0.12216E+01  0.13982E+01  0.16826E+01  0.19334E+01  0.20547E+01  0.20040E+01
  0.16507E+01  0.11316E+01  0.74911E+00  0.52509E+00  0.52451E+00  0.63732E+00
  0.57916E+00  0.39670E+00  0.11488E+00 -0.28100E+00 -0.76959E+00 -0.11798E+01
 -0.16262E+01 -0.25023E+01 -0.36185E+01 -0.48720E+01 -0.62276E+01 -0.73405E+01
 -0.80592E+01 -0.85662E+01 -0.90619E+01 -0.94136E+01 -0.95283E+01 -0.95605E+01
 -0.96255E+01 -0.96847E+01 -0.97728E+01 -0.95808E+01 -0.88550E+01 -0.80322E+01
 -0.71607E+01 -0.62000E+01 -0.51437E+01 -0.38817E+01 -0.25872E+01 -0.12952E+01
 -0.11211E+00  0.66910E+00  0.10895E+01  0.12794E+01  0.12267E+01  0.10674E+01
  0.89633E+00  0.71892E+00  0.58294E+00  0.47228E+00  0.45580E+00  0.58782E+00
  0.86232E+00  0.14190E+01  0.22923E+01  0.32490E+01  0.41342E+01  0.50179E+01
  0.59017E+01  0.66161E+01  0.70422E+01  0.70816E+01  0.66428E+01  0.59013E+01
  0.50555E+01  0.40514E+01  0.28703E+01  0.16328E+01  0.44092E+00 -0.49851E+00
 -0.10778E+01 -0.15239E+01 -0.18490E+01 -0.19698E+01 -0.19938E+01 -0.19558E+01
 -0.18420E+01 -0.17042E+01 -0.15280E+01 -0.11699E+01 -0.68851E+00 -0.11074E+00
  0.59849E+00  0.13072E+01  0.20008E+01  0.26868E+01  0.32458E+01  0.36470E+01
  0.38590E+01  0.37641E+01  0.33255E+01  0.25732E+01  0.14710E+01  0.63564E-01
 -0.13111E+01 -0.25932E+01 -0.39856E+01 -0.54099E+01 -0.66792E+01 -0.77089E+01
 -0.85027E+01 -0.89490E+01 -0.89922E+01 -0.86693E+01 -0.79723E+01 -0.70546E+01
 -0.60197E+01 -0.49532E+01 -0.38472E+01 -0.25757E+01 -0.11680E+01  0.31312E+00
  0.17395E+01  0.29990E+01  0.39484E+01  0.43577E+01  0.42159E+01  0.36586E+01
  0.28340E+01  0.19346E+01  0.11124E+01  0.36879E+00 -0.27224E+00 -0.78800E+00
 -0.11454E+01 -0.12570E+01 -0.11985E+01 -0.98804E+00 -0.52269E+00  0.25520E+00
  0.14006E+01  0.28497E+01  0.44691E+01  0.61007E+01  0.76234E+01  0.90576E+01
  0.10428E+02  0.11732E+02  0.12912E+02  0.13776E+02  0.14184E+02  0.14163E+02
  0.13737E+02  0.12945E+02  0.11781E+02  0.10272E+02  0.86433E+01  0.70161E+01
  0.54564E+01  0.40556E+01  0.27791E+01  0.15892E+01  0.48168E+00 -0.60380E+00
 -0.16438E+01 -0.24573E+01 -0.30079E+01 -0.32828E+01 -0.32667E+01 -0.29561E+01
 -0.23748E+01 -0.17765E+01 -0.11092E+01 -0.34429E+00  0.25155E+00  0.51153E+00
  0.34224E+00 -0.22860E+00 -0.11172E+01 -0.22003E+01 -0.32859E+01 -0.44317E+01
 -0.55388E+01 -0.63631E+01 -0.70107E+01 -0.74381E+01 -0.77040E+01 -0.79683E+01
 -0.80722E+01 -0.80400E+01 -0.79396E+01 -0.77724E+01 -0.73980E+01 -0.67095E+01
 -0.58363E+01 -0.48153E+01 -0.37201E+01 -0.27268E+01 -0.18573E+01 -0.11840E+01
 -0.81847E+00 -0.75667E+00 -0.97920E+00 -0.14868E+01 -0.20470E+01 -0.25705E+01
 -0.33011E+01 -0.41175E+01 -0.48503E+01 -0.55318E+01 -0.60768E+01 -0.63932E+01
 -0.64881E+01 -0.63751E+01 -0.61011E+01 -0.57201E+01 -0.51991E+01 -0.45760E+01
 -0.38529E+01 -0.29880E+01 -0.20488E+01 -0.98717E+00  0.14727E+00  0.12150E+01
  0.22310E+01  0.30273E+01  0.33423E+01  0.32690E+01  0.30203E+01  0.25623E+01
  0.19168E+01  0.11956E+01  0.39761E+00 -0.53931E+00 -0.15986E+01 -0.25594E+01
 -0.32636E+01 -0.37463E+01 -0.39690E+01 -0.39365E+01 -0.37238E+01 -0.33891E+01
 -0.29523E+01 -0.24037E+01 -0.17524E+01 -0.96772E+00  0.33021E-01  0.11055E+01
  0.20665E+01  0.31162E+01  0.41164E+01  0.47169E+01  0.48356E+01  0.44970E+01
  0.40241E+01  0.34476E+01  0.25982E+01  0.15560E+01  0.41608E+00 -0.72509E+00
 -0.18067E+01 -0.28035E+01 -0.36316E+01 -0.42487E+01 -0.46196E+01 -0.47239E+01
 -0.46041E+01 -0.42268E+01 -0.35620E+01 -0.27505E+01 -0.18857E+01 -0.98192E+00
 -0.11490E+00  0.66507E+00  0.13982E+01  0.20543E+01  0.25643E+01  0.28585E+01
  0.29377E+01  0.27832E+01  0.23828E+01  0.18515E+01  0.12506E+01  0.62196E+00
  0.35737E-01 -0.41709E+00 -0.57309E+00 -0.52950E+00 -0.46619E+00 -0.31580E+00
 -0.74903E-01  0.15869E+00  0.42536E+00  0.80283E+00  0.13896E+01  0.22277E+01
  0.31762E+01  0.41656E+01  0.51967E+01  0.61573E+01  0.70660E+01  0.78856E+01
  0.83815E+01  0.85913E+01  0.86757E+01  0.85908E+01  0.82521E+01  0.76788E+01
  0.69346E+01  0.60465E+01  0.51315E+01  0.42743E+01  0.34589E+01  0.27062E+01
  0.20455E+01  0.14531E+01  0.10674E+01  0.91326E+00  0.75821E+00  0.60889E+00
  0.52519E+00  0.48570E+00  0.50881E+00  0.54002E+00  0.52409E+00  0.46094E+00
  0.38889E+00  0.27287E+00  0.71346E-01 -0.24409E+00 -0.71637E+00 -0.13229E+01
 -0.20211E+01 -0.27823E+01 -0.35922E+01 -0.44171E+01 -0.51021E+01 -0.56410E+01
 -0.61466E+01 -0.65850E+01 -0.69307E+01 -0.71472E+01 -0.72128E+01 -0.71363E+01
 -0.68514E+01 -0.64096E+01 -0.58871E+01 -0.53364E+01 -0.47328E+01 -0.40158E+01
 -0.32707E+01 -0.25101E+01 -0.17251E+01 -0.10136E+01 -0.45050E+00 -0.25387E-01
  0.25668E+00  0.35016E+00  0.33807E+00  0.28192E+00  0.20916E+00  0.11398E+00
 -0.55509E-01 -0.22465E+00 -0.34976E+00 -0.49959E+00 -0.60941E+00 -0.63518E+00
 -0.63187E+00 -0.60470E+00 -0.52842E+00 -0.36282E+00 -0.97509E-01  0.21100E+00
  0.63215E+00  0.11867E+01  0.17343E+01  0.22821E+01  0.28221E+01  0.32004E+01
  0.34323E+01  0.35722E+01  0.36248E+01  0.36368E+01  0.35581E+01  0.34080E+01
  0.32582E+01  0.29404E+01  0.24763E+01  0.20644E+01  0.16714E+01  0.12298E+01
  0.74922E+00  0.24247E+00 -0.24063E+00 -0.68490E+00 -0.10658E+01 -0.13398E+01
 -0.15494E+01 -0.16288E+01 -0.15034E+01 -0.12994E+01 -0.10127E+01 -0.60951E+00
 -0.14899E+00  0.29670E+00  0.69149E+00  0.99745E+00  0.11649E+01  0.12558E+01
  0.12772E+01  0.11940E+01  0.10602E+01  0.78057E+00  0.31876E+00 -0.20492E+00
 -0.72719E+00 -0.12754E+01 -0.18461E+01 -0.23933E+01 -0.28614E+01 -0.32519E+01
 -0.35635E+01 -0.37478E+01 -0.38498E+01 -0.39032E+01 -0.38839E+01 -0.37305E+01
 -0.34264E+01 -0.30961E+01 -0.27446E+01 -0.22232E+01 -0.15510E+01 -0.96065E+00
 -0.35104E+00  0.38240E+00  0.98527E+00  0.13749E+01  0.16391E+01  0.17912E+01
  0.18410E+01  0.17828E+01  0.16445E+01  0.14545E+01  0.11881E+01  0.93505E+00
  0.76690E+00  0.59064E+00  0.45043E+00  0.43006E+00  0.49413E+00  0.63846E+00
  0.90242E+00  0.12579E+01  0.16730E+01  0.21031E+01  0.25150E+01  0.29076E+01
  0.32343E+01  0.34537E+01  0.36328E+01  0.38003E+01  0.38780E+01  0.38331E+01
  0.37301E+01  0.36053E+01  0.34609E+01  0.33013E+01  0.31272E+01  0.29385E+01
  0.27657E+01  0.26191E+01  0.24767E+01  0.23282E+01  0.21829E+01  0.20636E+01
  0.19298E+01  0.17635E+01  0.16618E+01  0.15788E+01  0.14670E+01  0.14060E+01
  0.13874E+01  0.13764E+01  0.13801E+01  0.13871E+01  0.13881E+01  0.13765E+01
  0.13470E+01  0.12979E+01  0.12227E+01  0.11079E+01  0.96718E+00  0.75759E+00
  0.48106E+00  0.21465E+00 -0.41727E-01 -0.25754E+00 -0.40980E+00 -0.54660E+00
 -0.65672E+00 -0.70030E+00 -0.69090E+00 -0.63768E+00 -0.54114E+00 -0.44295E+00
 -0.34565E+00 -0.27459E+00 -0.26192E+00 -0.26297E+00 -0.28513E+00 -0.36311E+00
 -0.45857E+00 -0.56892E+00 -0.69938E+00 -0.82800E+00 -0.94520E+00 -0.10456E+01
 -0.11205E+01 -0.11698E+01 -0.11923E+01 -0.12051E+01 -0.12076E+01 -0.11937E+01
 -0.11919E+01 -0.12144E+01 -0.12540E+01 -0.13183E+01 -0.14056E+01 -0.15130E+01
 -0.16348E+01 -0.17650E+01 -0.18976E+01 -0.20254E+01 -0.21454E+01 -0.22606E+01
 -0.23532E+01 -0.24756E+01 -0.26463E+01 -0.27585E+01 -0.28274E+01 -0.29162E+01
 -0.29995E+01 -0.30727E+01 -0.31397E+01 -0.31931E+01 -0.32251E+01 -0.32327E+01
 -0.32106E+01 -0.31589E+01 -0.30765E+01 -0.29670E+01 -0.28375E+01 -0.26876E+01
 -0.25212E+01 -0.23669E+01 -0.22283E+01 -0.21019E+01 -0.19989E+01 -0.19258E+01
 -0.18787E+01 -0.18571E+01 -0.18561E+01 -0.18710E+01 -0.18943E+01 -0.19199E+01
 -0.19391E+01 -0.19467E+01 -0.19353E+01 -0.19011E+01 -0.18392E+01 -0.17477E+01
 -0.16236E+01 -0.14669E+01 -0.12766E+01 -0.10557E+01 -0.80513E+00 -0.52988E+00
 -0.23885E+00  0.70682E-01  0.39525E+00  0.69976E+00  0.98139E+00  0.12430E+01
  0.14741E+01  0.16705E+01  0.18310E+01  0.19538E+01  0.20421E+01  0.20971E+01
  0.21242E+01  0.21267E+01  0.21099E+01  0.20770E+01  0.20328E+01  0.19801E+01
  0.19227E+01  0.18651E+01  0.18121E+01  0.17637E+01  0.17266E+01  0.17047E+01
  0.17030E+01  0.17237E+01  0.17697E+01  0.18401E+01  0.19343E+01  0.20467E+01
  0.21723E+01  0.23013E+01  0.24251E+01  0.25327E+01  0.26152E+01  0.26624E+01
  0.26691E+01  0.26299E+01  0.25453E+01  0.24161E+01  0.22493E+01  0.20511E+01
  0.18324E+01  0.16023E+01  0.13718E+01  0.11489E+01  0.94163E+00  0.75392E+00
  0.58940E+00  0.44741E+00  0.32796E+00  0.22772E+00  0.14516E+00  0.76650E-01
  0.21326E-01 -0.23335E-01 -0.57000E-01 -0.81466E-01 -0.96273E-01 -0.10397E+00
 -0.10595E+00 -0.10684E+00 -0.11031E+00 -0.12316E+00 -0.15030E+00 -0.19851E+00
 -0.27115E+00 -0.37213E+00 -0.50065E+00 -0.65577E+00 -0.83144E+00 -0.10216E+01
 -0.12162E+01 -0.14065E+01 -0.15811E+01 -0.17318E+01 -0.18496E+01 -0.19300E+01
 -0.19686E+01 -0.19660E+01 -0.19228E+01 -0.18444E+01 -0.17358E+01 -0.16049E+01
 -0.14586E+01 -0.13057E+01 -0.11528E+01 -0.10076E+01 -0.87530E+00 -0.76148E+00
 -0.66894E+00 -0.60100E+00 -0.55810E+00 -0.54154E+00 -0.54934E+00 -0.58094E+00
 -0.63259E+00 -0.70180E+00 -0.78322E+00 -0.87295E+00 -0.96478E+00 -0.10543E+01
 -0.11350E+01 -0.12029E+01 -0.12525E+01 -0.12819E+01 -0.12877E+01 -0.12708E+01
 -0.12310E+01 -0.11722E+01 -0.10973E+01 -0.10129E+01 -0.92395E+00 -0.83800E+00
 -0.76026E+00 -0.69769E+00 -0.65385E+00 -0.63334E+00 -0.63689E+00 -0.66587E+00
 -0.71756E+00 -0.79074E+00 -0.88006E+00 -0.98173E+00 -0.10889E+01 -0.11972E+01
 -0.12994E+01 -0.13909E+01 -0.14654E+01 -0.15200E+01 -0.15498E+01 -0.15539E+01
 -0.15300E+01 -0.14797E+01 -0.14033E+01 -0.13044E+01 -0.11858E+01 -0.10527E+01
 -0.90901E+00 -0.76086E+00 -0.61216E+00 -0.46885E+00 -0.33417E+00 -0.21316E+00
 -0.10797E+00 -0.22295E-01  0.43352E-01  0.86762E-01  0.10914E+00  0.11039E+00
  0.93882E-01  0.61709E-01  0.19424E-01 -0.28871E-01 -0.76142E-01 -0.11751E+00
 -0.14605E+00 -0.15786E+00 -0.14790E+00 -0.11495E+00 -0.57368E-01  0.22182E-01
  0.12171E+00  0.23524E+00  0.35786E+00  0.48155E+00  0.60047E+00  0.70641E+00
  0.79429E+00  0.85802E+00  0.89493E+00  0.90145E+00  0.87832E+00  0.82532E+00
  0.74609E+00  0.64352E+00  0.52346E+00  0.39061E+00  0.25227E+00  0.11350E+00
 -0.18201E-01 -0.13829E+00 -0.24034E+00 -0.32127E+00 -0.37663E+00 -0.40531E+00
 -0.40506E+00 -0.37730E+00 -0.32209E+00 -0.24306E+00 -0.14262E+00 -0.26530E-01
  0.10104E+00  0.23299E+00  0.36423E+00  0.48726E+00  0.59742E+00  0.68851E+00
  0.75768E+00  0.80131E+00  0.81986E+00  0.81310E+00  0.78499E+00  0.73855E+00
  0.68052E+00  0.61593E+00  0.55250E+00  0.49529E+00  0.45099E+00  0.42276E+00
  0.41480E+00  0.42708E+00  0.46062E+00  0.51234E+00  0.58024E+00  0.65913E+00
  0.74564E+00  0.83360E+00  0.91968E+00  0.99872E+00  0.10688E+01  0.11265E+01
  0.11721E+01  0.12044E+01  0.12256E+01  0.12360E+01  0.12389E+01  0.12351E+01
  0.12280E+01  0.12176E+01  0.12063E+01  0.11936E+01  0.11807E+01  0.11660E+01
  0.11504E+01  0.11322E+01  0.11129E+01  0.10915E+01  0.10697E+01  0.10471E+01
  0.10260E+01  0.10061E+01  0.98924E+00  0.97434E+00  0.96254E+00  0.95174E+00
  0.94210E+00  0.93127E+00  0.91911E+00  0.90372E+00  0.88606E+00  0.86533E+00
  0.84400E+00  0.82256E+00  0.80459E+00  0.79113E+00  0.78556E+00  0.78828E+00
  0.80115E+00  0.82262E+00  0.85244E+00  0.88707E+00  0.92420E+00  0.95889E+00
  0.98844E+00  0.10078E+01  0.10152E+01  0.10074E+01  0.98457E+00  0.94587E+00
  0.89435E+00  0.83119E+00  0.76113E+00  0.68680E+00  0.61342E+00  0.54330E+00
  0.48056E+00  0.42615E+00  0.38245E+00  0.34817E+00  0.32375E+00  0.30632E+00
  0.29472E+00  0.28512E+00  0.27612E+00  0.26380E+00  0.24702E+00  0.22279E+00
  0.19083E+00  0.14926E+00  0.99306E-01  0.40199E-01 -0.25746E-01 -0.98026E-01
 -0.17330E+00 -0.25033E+00 -0.32531E+00 -0.39690E+00 -0.46164E+00 -0.51894E+00
 -0.56646E+00 -0.60520E+00 -0.63468E+00 -0.65762E+00 -0.67528E+00 -0.69194E+00
 -0.70995E+00 -0.73415E+00 -0.76676E+00 -0.81201E+00 -0.87101E+00 -0.94619E+00
 -0.10366E+01 -0.11427E+01 -0.12614E+01 -0.13908E+01 -0.15263E+01 -0.16644E+01
 -0.17990E+01 -0.19264E+01 -0.20400E+01 -0.21357E+01 -0.22077E+01 -0.22532E+01
 -0.22671E+01 -0.22486E+01 -0.21955E+01 -0.21091E+01 -0.19897E+01 -0.18422E+01
 -0.16696E+01 -0.14792E+01 -0.12771E+01 -0.10720E+01 -0.87096E+00 -0.68283E+00
 -0.51380E+00 -0.37105E+00 -0.25799E+00 -0.17840E+00 -0.13168E+00 -0.11758E+00
 -0.13146E+00 -0.16907E+00 -0.22256E+00 -0.28546E+00 -0.34817E+00 -0.40368E+00
 -0.44294E+00 -0.46035E+00 -0.44920E+00 -0.40697E+00 -0.33059E+00 -0.22173E+00
 -0.81628E-01  0.83990E-01  0.26998E+00  0.46722E+00  0.66806E+00  0.86188E+00
  0.10407E+01  0.11947E+01  0.13183E+01  0.14049E+01  0.14525E+01  0.14591E+01
  0.14278E+01  0.13614E+01  0.12670E+01  0.11502E+01  0.10206E+01  0.88522E+00
  0.75318E+00  0.63062E+00  0.52476E+00  0.43915E+00  0.37829E+00  0.34259E+00
  0.33359E+00  0.34878E+00  0.38697E+00  0.44353E+00  0.51517E+00  0.59559E+00
  0.68024E+00  0.76199E+00  0.83612E+00  0.89576E+00  0.93746E+00  0.95582E+00
  0.94968E+00  0.91696E+00  0.85940E+00  0.77862E+00  0.67980E+00  0.56731E+00
  0.44864E+00  0.32933E+00  0.21720E+00  0.11681E+00  0.34036E-01 -0.29302E-01
 -0.70675E-01 -0.91627E-01 -0.92864E-01 -0.78913E-01 -0.52411E-01 -0.19000E-01
