 -0.16117E+00 -0.30372E+00 -0.26415E+00 -0.28556E+00 -0.28589E+00 -0.29594E+00
 -0.30127E+00 -0.31303E+00 -0.32040E+00 -0.33350E+00 -0.34351E+00 -0.35769E+00
 -0.37016E+00 -0.38555E+00 -0.40016E+00 -0.41684E+00 -0.43341E+00 -0.45139E+00
 -0.46983E+00 -0.48911E+00 -0.50941E+00 -0.53028E+00 -0.55270E+00 -0.57577E+00
 -0.60118E+00 -0.62780E+00 -0.65811E+00 -0.69060E+00 -0.72788E+00 -0.76786E+00
 -0.81374E+00 -0.86276E+00 -0.91810E+00 -0.97680E+00 -0.10425E+01 -0.11120E+01
 -0.11888E+01 -0.12696E+01 -0.13588E+01 -0.14527E+01 -0.15536E+01 -0.16562E+01
 -0.17634E+01 -0.18683E+01 -0.19727E+01 -0.20694E+01 -0.21609E+01 -0.22400E+01
 -0.23100E+01 -0.23675E+01 -0.24237E+01 -0.24769E+01 -0.25324E+01 -0.25853E+01
 -0.26408E+01 -0.26936E+01 -0.27490E+01 -0.28017E+01 -0.28570E+01 -0.29094E+01
 -0.29646E+01 -0.30168E+01 -0.30717E+01 -0.31237E+01 -0.31786E+01 -0.32302E+01
 -0.32848E+01 -0.33364E+01 -0.33906E+01 -0.34419E+01 -0.34960E+01 -0.35468E+01
 -0.36005E+01 -0.36509E+01 -0.37040E+01 -0.37539E+01 -0.38063E+01 -0.38553E+01
 -0.39070E+01 -0.39552E+01 -0.40060E+01 -0.40532E+01 -0.41029E+01 -0.41489E+01
 -0.41975E+01 -0.42423E+01 -0.42900E+01 -0.43337E+01 -0.43802E+01 -0.44230E+01
 -0.44685E+01 -0.45104E+01 -0.45550E+01 -0.45961E+01 -0.46399E+01 -0.46800E+01
 -0.47228E+01 -0.47618E+01 -0.48036E+01 -0.48413E+01 -0.48817E+01 -0.49179E+01
 -0.49567E+01 -0.49911E+01 -0.50278E+01 -0.50602E+01 -0.50950E+01 -0.51254E+01
 -0.51580E+01 -0.51863E+01 -0.52171E+01 -0.52434E+01 -0.52723E+01 -0.52970E+01
 -0.53244E+01 -0.53475E+01 -0.53734E+01 -0.53950E+01 -0.54194E+01 -0.54394E+01
 -0.54622E+01 -0.54806E+01 -0.55014E+01 -0.55176E+01 -0.55362E+01 -0.55502E+01
 -0.55663E+01 -0.55775E+01 -0.55908E+01 -0.55993E+01 -0.56099E+01 -0.56154E+01
 -0.56232E+01 -0.56261E+01 -0.56314E+01 -0.56318E+01 -0.56347E+01 -0.56331E+01
 -0.56340E+01 -0.56305E+01 -0.56297E+01 -0.56243E+01 -0.56218E+01 -0.56146E+01
 -0.56102E+01 -0.56011E+01 -0.55944E+01 -0.55828E+01 -0.55734E+01 -0.55589E+01
 -0.55465E+01 -0.55287E+01 -0.55128E+01 -0.54916E+01 -0.54722E+01 -0.54473E+01
 -0.54244E+01 -0.53961E+01 -0.53700E+01 -0.53387E+01 -0.53098E+01 -0.52761E+01
 -0.52451E+01 -0.52096E+01 -0.51771E+01 -0.51405E+01 -0.51072E+01 -0.50697E+01
 -0.50356E+01 -0.49972E+01 -0.49620E+01 -0.49221E+01 -0.48851E+01 -0.48429E+01
 -0.48031E+01 -0.47574E+01 -0.47133E+01 -0.46633E+01 -0.46144E+01 -0.45594E+01
 -0.45058E+01 -0.44454E+01 -0.43864E+01 -0.43216E+01 -0.42589E+01 -0.41909E+01
 -0.41259E+01 -0.40565E+01 -0.39908E+01 -0.39213E+01 -0.38561E+01 -0.37877E+01
 -0.37235E+01 -0.36558E+01 -0.35921E+01 -0.35243E+01 -0.34599E+01 -0.33904E+01
 -0.33233E+01 -0.32501E+01 -0.31783E+01 -0.30992E+01 -0.30215E+01 -0.29369E+01
 -0.28519E+01 -0.27587E+01 -0.26662E+01 -0.25662E+01 -0.24675E+01 -0.23623E+01
 -0.22590E+01 -0.21503E+01 -0.20445E+01 -0.19339E+01 -0.18264E+01 -0.17146E+01
 -0.16065E+01 -0.14939E+01 -0.13845E+01 -0.12702E+01 -0.11591E+01 -0.10424E+01
 -0.92837E+00 -0.80856E+00 -0.69061E+00 -0.56701E+00 -0.44589E+00 -0.31760E+00
 -0.19032E+00 -0.56646E-01  0.75556E-01  0.21433E+00  0.35153E+00  0.49523E+00
  0.63713E+00  0.78504E+00  0.93069E+00  0.10816E+01  0.12293E+01  0.13820E+01
  0.15298E+01  0.16807E+01  0.18276E+01  0.19780E+01  0.21227E+01  0.22699E+01
  0.24120E+01  0.25559E+01  0.26932E+01  0.28347E+01  0.29723E+01  0.31133E+01
  0.32504E+01  0.33919E+01  0.35298E+01  0.36728E+01  0.38126E+01  0.39579E+01
  0.41003E+01  0.42485E+01  0.43936E+01  0.45438E+01  0.46928E+01  0.48476E+01
  0.49989E+01  0.51576E+01  0.53145E+01  0.54767E+01  0.56356E+01  0.57989E+01
  0.59577E+01  0.61197E+01  0.62759E+01  0.64341E+01  0.65859E+01  0.67396E+01
  0.68876E+01  0.70387E+01  0.71853E+01  0.73374E+01  0.74871E+01  0.76433E+01
  0.78001E+01  0.79664E+01  0.81321E+01  0.83074E+01  0.84825E+01  0.86631E+01
  0.88428E+01  0.90281E+01  0.92084E+01  0.93909E+01  0.95650E+01  0.97426E+01
  0.99130E+01  0.10084E+02  0.10247E+02  0.10413E+02  0.10571E+02  0.10731E+02
  0.10884E+02  0.11039E+02  0.11187E+02  0.11335E+02  0.11476E+02  0.11617E+02
  0.11750E+02  0.11884E+02  0.12008E+02  0.12134E+02  0.12255E+02  0.12382E+02
  0.12506E+02  0.12637E+02  0.12764E+02  0.12899E+02  0.13030E+02  0.13165E+02
  0.13294E+02  0.13425E+02  0.13545E+02  0.13659E+02  0.13760E+02  0.13854E+02
  0.13929E+02  0.13996E+02  0.14048E+02  0.14095E+02  0.14133E+02  0.14162E+02
  0.14210E+02  0.14299E+02  0.14348E+02  0.14383E+02  0.14423E+02  0.14468E+02
  0.14513E+02  0.14566E+02  0.14615E+02  0.14668E+02  0.14717E+02  0.14768E+02
  0.14813E+02  0.14858E+02  0.14893E+02  0.14928E+02  0.14956E+02  0.14981E+02
  0.14994E+02  0.15007E+02  0.15009E+02  0.15007E+02  0.14990E+02  0.14968E+02
  0.14935E+02  0.14902E+02  0.14859E+02  0.14819E+02  0.14775E+02  0.14741E+02
  0.14710E+02  0.14692E+02  0.14682E+02  0.14692E+02  0.14694E+02  0.14753E+02
  0.14874E+02  0.14943E+02  0.14967E+02  0.15006E+02  0.15031E+02  0.15052E+02
  0.15060E+02  0.15061E+02  0.15035E+02  0.15032E+02  0.15060E+02  0.15040E+02
  0.14980E+02  0.14935E+02  0.14868E+02  0.14844E+02  0.14870E+02  0.14844E+02
  0.14778E+02  0.14732E+02  0.14678E+02  0.14627E+02  0.14574E+02  0.14518E+02
  0.14484E+02  0.14490E+02  0.14457E+02  0.14404E+02  0.14356E+02  0.14311E+02
  0.14260E+02  0.14212E+02  0.14153E+02  0.14094E+02  0.14019E+02  0.13940E+02
  0.13838E+02  0.13713E+02  0.13578E+02  0.13444E+02  0.13287E+02  0.13121E+02
  0.12948E+02  0.12767E+02  0.12596E+02  0.12457E+02  0.12285E+02  0.12097E+02
  0.11910E+02  0.11754E+02  0.11637E+02  0.11515E+02  0.11383E+02  0.11272E+02
  0.11088E+02  0.10871E+02  0.10692E+02  0.10488E+02  0.10320E+02  0.10284E+02
  0.10183E+02  0.99081E+01  0.95611E+01  0.92888E+01  0.93543E+01  0.96596E+01
  0.94292E+01  0.86546E+01  0.80904E+01  0.78935E+01  0.78741E+01  0.80233E+01
  0.81788E+01  0.83456E+01  0.87242E+01  0.91709E+01  0.92055E+01  0.89813E+01
  0.87155E+01  0.80742E+01  0.71080E+01  0.61581E+01  0.53287E+01  0.46732E+01
  0.41779E+01  0.39133E+01  0.42155E+01  0.54237E+01  0.68180E+01  0.71245E+01
  0.63453E+01  0.55627E+01  0.52790E+01  0.53795E+01  0.57206E+01  0.59758E+01
  0.57136E+01  0.51416E+01  0.44786E+01  0.38274E+01  0.37242E+01  0.40791E+01
  0.40199E+01  0.33542E+01  0.24361E+01  0.15732E+01  0.10885E+01  0.10375E+01
  0.11672E+01  0.16752E+01  0.26365E+01  0.32970E+01  0.27322E+01  0.13241E+01
  0.43735E+00  0.41826E+00  0.65351E+00  0.95622E+00  0.11091E+01  0.76629E+00
  0.24487E+00 -0.11512E+00 -0.29401E+00  0.11936E+00  0.88099E+00  0.13067E+01
  0.98281E+00 -0.47482E+00 -0.21551E+01 -0.25890E+01 -0.21610E+01 -0.16041E+01
 -0.10190E+01 -0.74501E+00 -0.85209E+00 -0.10105E+01 -0.11502E+01 -0.13929E+01
 -0.18103E+01 -0.23054E+01 -0.28042E+01 -0.30869E+01 -0.35181E+01 -0.51318E+01
 -0.73383E+01 -0.79190E+01 -0.67162E+01 -0.51770E+01 -0.37711E+01 -0.27125E+01
 -0.21645E+01 -0.13989E+01 -0.25258E+00  0.52701E+00  0.83531E+00  0.71715E+00
 -0.34723E+00 -0.24670E+01 -0.54326E+01 -0.88483E+01 -0.11635E+02 -0.13001E+02
 -0.13180E+02 -0.12230E+02 -0.10086E+02 -0.72592E+01 -0.48817E+01 -0.33783E+01
 -0.19885E+01 -0.59120E+00  0.28256E+00  0.95028E+00  0.49646E+00 -0.24321E+01
 -0.60084E+01 -0.82630E+01 -0.94052E+01 -0.94373E+01 -0.88850E+01 -0.86549E+01
 -0.82973E+01 -0.71793E+01 -0.60063E+01 -0.57109E+01 -0.61855E+01 -0.66008E+01
 -0.67220E+01 -0.69442E+01 -0.70841E+01 -0.74175E+01 -0.94503E+01 -0.13276E+02
 -0.15899E+02 -0.14621E+02 -0.10693E+02 -0.70630E+01 -0.52981E+01 -0.52089E+01
 -0.54164E+01 -0.46575E+01 -0.30763E+01 -0.11210E+01  0.31047E+00 -0.83815E+00
 -0.49457E+01 -0.10334E+02 -0.14790E+02 -0.16556E+02 -0.16147E+02 -0.15327E+02
 -0.15048E+02 -0.14499E+02 -0.14026E+02 -0.15479E+02 -0.17334E+02 -0.16424E+02
 -0.13157E+02 -0.96322E+01 -0.70166E+01 -0.72750E+01 -0.10021E+02 -0.11571E+02
 -0.11154E+02 -0.93627E+01 -0.69857E+01 -0.69968E+01 -0.11129E+02 -0.17784E+02
 -0.22523E+02 -0.22076E+02 -0.19272E+02 -0.17869E+02 -0.16871E+02 -0.16085E+02
 -0.17710E+02 -0.20024E+02 -0.21479E+02 -0.22543E+02 -0.21239E+02 -0.18788E+02
 -0.18713E+02 -0.19225E+02 -0.19559E+02 -0.21970E+02 -0.24350E+02 -0.25838E+02
 -0.27597E+02 -0.26623E+02 -0.24058E+02 -0.23284E+02 -0.21647E+02 -0.17930E+02
 -0.15652E+02 -0.15175E+02 -0.15562E+02 -0.18426E+02 -0.23025E+02 -0.27988E+02
 -0.33084E+02 -0.36838E+02 -0.38763E+02 -0.40765E+02 -0.43300E+02 -0.43686E+02
 -0.41228E+02 -0.37626E+02 -0.34230E+02 -0.31855E+02 -0.29183E+02 -0.25505E+02
 -0.24161E+02 -0.24450E+02 -0.23682E+02 -0.25950E+02 -0.32380E+02 -0.38225E+02
 -0.42462E+02 -0.45454E+02 -0.46538E+02 -0.47919E+02 -0.50273E+02 -0.50489E+02
 -0.47440E+02 -0.43352E+02 -0.41534E+02 -0.41763E+02 -0.42264E+02 -0.44136E+02
 -0.47188E+02 -0.48393E+02 -0.47349E+02 -0.46041E+02 -0.46286E+02 -0.48877E+02
 -0.49162E+02 -0.44397E+02 -0.39502E+02 -0.38004E+02 -0.39790E+02 -0.43500E+02
 -0.47137E+02 -0.48188E+02 -0.46964E+02 -0.45533E+02 -0.43708E+02 -0.43760E+02
 -0.48809E+02 -0.54515E+02 -0.56944E+02 -0.58963E+02 -0.59418E+02 -0.57331E+02
 -0.56370E+02 -0.54877E+02 -0.54262E+02 -0.58076E+02 -0.59933E+02 -0.56169E+02
 -0.49017E+02 -0.39324E+02 -0.34630E+02 -0.37583E+02 -0.40148E+02 -0.42976E+02
 -0.46954E+02 -0.46295E+02 -0.43941E+02 -0.44830E+02 -0.48693E+02 -0.55713E+02
 -0.62230E+02 -0.64525E+02 -0.63271E+02 -0.58921E+02 -0.54645E+02 -0.52258E+02
 -0.51538E+02 -0.54316E+02 -0.57718E+02 -0.56431E+02 -0.49694E+02 -0.39965E+02
 -0.33886E+02 -0.35451E+02 -0.39264E+02 -0.42058E+02 -0.42992E+02 -0.39524E+02
 -0.34670E+02 -0.31776E+02 -0.31800E+02 -0.36218E+02 -0.43231E+02 -0.49446E+02
 -0.51114E+02 -0.46377E+02 -0.42377E+02 -0.43438E+02 -0.45810E+02 -0.49287E+02
 -0.52584E+02 -0.53746E+02 -0.54567E+02 -0.53962E+02 -0.52361E+02 -0.53015E+02
 -0.55406E+02 -0.56801E+02 -0.52497E+02 -0.38449E+02 -0.21020E+02 -0.10563E+02
 -0.73484E+01 -0.43588E+01  0.17621E+01  0.58782E+01  0.68872E+01  0.85058E+01
  0.39465E+01 -0.89671E+01 -0.21747E+02 -0.30727E+02 -0.32815E+02 -0.28286E+02
 -0.24465E+02 -0.23767E+02 -0.26446E+02 -0.33050E+02 -0.38923E+02 -0.41558E+02
 -0.41193E+02 -0.35224E+02 -0.27501E+02 -0.20870E+02 -0.98357E+01  0.45975E+01
  0.18946E+02  0.29362E+02  0.29117E+02  0.24911E+02  0.24153E+02  0.19491E+02
  0.12197E+02  0.89032E+01  0.52987E+01  0.75696E+00 -0.73043E+01 -0.21461E+02
 -0.28336E+02 -0.23795E+02 -0.19505E+02 -0.20998E+02 -0.27495E+02 -0.33167E+02
 -0.30458E+02 -0.23085E+02 -0.21847E+02 -0.25142E+02 -0.23381E+02 -0.15814E+02
 -0.94307E+01 -0.11206E+02 -0.20162E+02 -0.31263E+02 -0.41128E+02 -0.43696E+02
 -0.40256E+02 -0.38386E+02 -0.39360E+02 -0.30114E+02  0.11635E+01  0.36786E+02
  0.66152E+02  0.96401E+02  0.11977E+03  0.13652E+03  0.15282E+03  0.16465E+03
  0.16841E+03  0.15974E+03  0.15071E+03  0.14824E+03  0.13414E+03  0.11453E+03
  0.10557E+03  0.10005E+03  0.91242E+02  0.83230E+02  0.72830E+02  0.56931E+02
  0.38167E+02  0.18067E+02  0.10719E+02  0.22477E+02  0.42337E+02  0.63822E+02
  0.78859E+02  0.79156E+02  0.70618E+02  0.67147E+02  0.72284E+02  0.86760E+02
  0.11685E+03  0.15442E+03  0.18770E+03  0.21320E+03  0.22437E+03  0.22454E+03
  0.22470E+03  0.22666E+03  0.21999E+03  0.19882E+03  0.16731E+03  0.13315E+03
  0.11050E+03  0.10406E+03  0.10634E+03  0.10906E+03  0.10974E+03  0.11029E+03
  0.98730E+02  0.58581E+02  0.10557E+02 -0.11529E+02 -0.17209E+02 -0.23546E+02
 -0.27555E+02 -0.28063E+02  0.27740E+00  0.80626E+02  0.18344E+03  0.26860E+03
  0.31712E+03  0.33240E+03  0.34369E+03  0.36353E+03  0.37731E+03  0.38852E+03
  0.39952E+03  0.38834E+03  0.34645E+03  0.29964E+03  0.26960E+03  0.25778E+03
  0.25759E+03  0.24014E+03  0.17411E+03  0.68392E+02 -0.27661E+02 -0.72923E+02
 -0.65318E+02 -0.32123E+02 -0.30647E+01  0.20049E+02  0.56722E+02  0.11017E+03
  0.15317E+03  0.18569E+03  0.22992E+03  0.27098E+03  0.28691E+03  0.27474E+03
  0.26170E+03  0.29573E+03  0.36395E+03  0.41923E+03  0.44840E+03  0.44023E+03
  0.39947E+03  0.34677E+03  0.29312E+03  0.23677E+03  0.18119E+03  0.13521E+03
  0.67319E+02 -0.17903E+02 -0.67412E+02 -0.91397E+02 -0.10050E+03 -0.90549E+02
 -0.96986E+02 -0.11045E+03 -0.96088E+02 -0.71462E+02 -0.49751E+02 -0.23613E+02
  0.17690E+02  0.81103E+02  0.14168E+03  0.17554E+03  0.17141E+03  0.12845E+03
  0.83659E+02  0.61048E+02  0.30688E+02 -0.18586E+02 -0.59255E+02 -0.10759E+03
 -0.19199E+03 -0.28429E+03 -0.35945E+03 -0.40497E+03 -0.40497E+03 -0.36310E+03
 -0.30932E+03 -0.27130E+03 -0.26340E+03 -0.26783E+03 -0.22034E+03 -0.13979E+03
 -0.11497E+03 -0.10593E+03 -0.48996E+02 -0.44903E+01  0.47870E+01  0.18873E+02
  0.47126E+02  0.74547E+02  0.82990E+02  0.72097E+02  0.47321E+02  0.42710E+01
 -0.61988E+02 -0.13801E+03 -0.20182E+03 -0.24199E+03 -0.25178E+03 -0.23706E+03
 -0.24844E+03 -0.30840E+03 -0.35370E+03 -0.36029E+03 -0.35897E+03 -0.38005E+03
 -0.41969E+03 -0.43560E+03 -0.42644E+03 -0.40442E+03 -0.36140E+03 -0.30292E+03
 -0.25452E+03 -0.22530E+03 -0.21577E+03 -0.22769E+03 -0.23056E+03 -0.23292E+03
 -0.26395E+03 -0.29135E+03 -0.31319E+03 -0.34058E+03 -0.33405E+03 -0.29410E+03
 -0.26868E+03 -0.27537E+03 -0.29278E+03 -0.30131E+03 -0.30958E+03 -0.31997E+03
 -0.31819E+03 -0.32003E+03 -0.33421E+03 -0.31644E+03 -0.25056E+03 -0.18197E+03
 -0.13096E+03 -0.10769E+03 -0.13493E+03 -0.17113E+03 -0.19498E+03 -0.22756E+03
 -0.24525E+03 -0.26872E+03 -0.31029E+03 -0.32232E+03 -0.31722E+03 -0.31147E+03
 -0.30905E+03 -0.29822E+03 -0.25087E+03 -0.18739E+03 -0.11328E+03 -0.37282E+02
  0.16280E+02  0.80077E+02  0.17009E+03  0.26280E+03  0.34443E+03  0.41028E+03
  0.46337E+03  0.49670E+03  0.52255E+03  0.55907E+03  0.58953E+03  0.59910E+03
  0.51190E+03  0.26935E+03  0.50495E+02 -0.43993E+02 -0.11751E+03 -0.22603E+03
 -0.33974E+03 -0.40477E+03 -0.39131E+03 -0.31234E+03 -0.22209E+03 -0.15020E+03
 -0.92674E+02 -0.63455E+02 -0.54908E+02 -0.61469E+01  0.76636E+02  0.13563E+03
  0.16635E+03  0.19956E+03  0.23831E+03  0.27400E+03  0.29925E+03  0.29993E+03
  0.28120E+03  0.28001E+03  0.33442E+03  0.40419E+03  0.45544E+03  0.51447E+03
  0.53332E+03  0.49413E+03  0.47798E+03  0.51731E+03  0.55875E+03  0.56467E+03
  0.57303E+03  0.56451E+03  0.48387E+03  0.37494E+03  0.31031E+03  0.29244E+03
  0.28125E+03  0.23191E+03  0.12590E+03  0.40397E+02  0.34910E+02  0.59736E+02
  0.79606E+02  0.72642E+02  0.35306E+02  0.16879E+02  0.22170E+02  0.65885E+01
 -0.40601E+02 -0.81657E+02 -0.98967E+02 -0.98691E+02 -0.66291E+02 -0.16440E+02
  0.12891E+02  0.76021E+02  0.20706E+03  0.30609E+03  0.32464E+03  0.30025E+03
  0.26352E+03  0.25880E+03  0.31260E+03  0.36543E+03  0.32743E+03  0.19697E+03
  0.74833E+02  0.21475E+02  0.64982E+01  0.14043E+02  0.28051E+02  0.16483E+02
  0.15520E+02  0.49690E+02  0.86475E+02  0.12468E+03  0.12125E+03  0.53811E+02
 -0.50699E+01 -0.21948E+02 -0.40545E+02 -0.85348E+02 -0.13695E+03 -0.19758E+03
 -0.26685E+03 -0.32184E+03 -0.34974E+03 -0.35662E+03 -0.36669E+03 -0.38405E+03
 -0.38908E+03 -0.39208E+03 -0.40188E+03 -0.39838E+03 -0.39453E+03 -0.40693E+03
 -0.41525E+03 -0.40016E+03 -0.34828E+03 -0.26082E+03 -0.15644E+03 -0.60348E+02
 -0.64946E+01  0.26530E+01 -0.71581E+01 -0.26626E+02 -0.84682E+02 -0.16338E+03
 -0.24879E+03 -0.38221E+03 -0.52152E+03 -0.60409E+03 -0.63586E+03 -0.65303E+03
 -0.66759E+03 -0.66415E+03 -0.63767E+03 -0.61992E+03 -0.63042E+03 -0.61604E+03
 -0.57382E+03 -0.56907E+03 -0.59597E+03 -0.48227E+03 -0.24601E+03 -0.97134E+02
 -0.16942E+02  0.28482E+02  0.27678E+02  0.13093E+02  0.33018E+02  0.44606E+02
 -0.13951E+02 -0.31558E+02  0.16079E+02  0.60118E+02  0.10930E+03  0.11609E+03
  0.97538E+02  0.99886E+02  0.89555E+02  0.83410E+02  0.89944E+02  0.12361E+03
  0.18238E+03  0.22848E+03  0.25185E+03  0.22246E+03  0.16482E+03  0.12768E+03
  0.12236E+03  0.15322E+03  0.19422E+03  0.24134E+03  0.28202E+03  0.27842E+03
  0.24891E+03  0.24465E+03  0.27181E+03  0.29923E+03  0.31432E+03  0.34704E+03
  0.39548E+03  0.38458E+03  0.31586E+03  0.27460E+03  0.27908E+03  0.30858E+03
  0.31477E+03  0.25820E+03  0.21677E+03  0.20549E+03  0.18540E+03  0.18694E+03
  0.19346E+03  0.18299E+03  0.18364E+03  0.21864E+03  0.28742E+03  0.36326E+03
  0.42066E+03  0.45140E+03  0.45406E+03  0.43068E+03  0.38612E+03  0.32197E+03
  0.23270E+03  0.13218E+03  0.45842E+02 -0.26474E+02 -0.71665E+02 -0.88572E+02
 -0.11002E+03 -0.14085E+03 -0.19740E+03 -0.27021E+03 -0.30718E+03 -0.32156E+03
 -0.31091E+03 -0.23866E+03 -0.17843E+03 -0.17236E+03 -0.17960E+03 -0.21309E+03
 -0.25804E+03 -0.25210E+03 -0.18886E+03 -0.10846E+03 -0.42971E+02 -0.15217E+02
 -0.34366E+02 -0.54862E+02 -0.41602E+02 -0.18682E+02  0.86338E+01  0.53717E+02
  0.12226E+03  0.20040E+03  0.25600E+03  0.25675E+03  0.17685E+03  0.47171E+02
 -0.66158E+02 -0.15387E+03 -0.22261E+03 -0.26484E+03 -0.30580E+03 -0.34226E+03
 -0.35536E+03 -0.36781E+03 -0.38566E+03 -0.37329E+03 -0.30448E+03 -0.20772E+03
 -0.14230E+03 -0.15379E+03 -0.13331E+03 -0.33539E+02  0.44012E+02  0.92508E+02
  0.13415E+03  0.14086E+03  0.77350E+02 -0.32591E+02 -0.11746E+03 -0.18686E+03
 -0.24977E+03 -0.24992E+03 -0.19555E+03 -0.12680E+03 -0.65231E+02 -0.62593E+02
 -0.10590E+03 -0.14744E+03 -0.18482E+03 -0.19373E+03 -0.16336E+03 -0.10332E+03
 -0.60635E+02 -0.67522E+02 -0.56986E+02 -0.51965E+02 -0.87059E+02 -0.79479E+02
 -0.28772E+02  0.35631E+02  0.10401E+03  0.16213E+03  0.24543E+03  0.35114E+03
  0.44686E+03  0.53493E+03  0.60207E+03  0.61831E+03  0.62694E+03  0.65304E+03
  0.62214E+03  0.52752E+03  0.38866E+03  0.23025E+03  0.11284E+03 -0.14353E+01
 -0.10870E+03 -0.16456E+03 -0.21215E+03 -0.23541E+03 -0.23797E+03 -0.28605E+03
 -0.35659E+03 -0.41310E+03 -0.44642E+03 -0.45356E+03 -0.46944E+03 -0.50372E+03
 -0.52525E+03 -0.50211E+03 -0.44355E+03 -0.40305E+03 -0.36319E+03 -0.25768E+03
 -0.10895E+03  0.22140E+02  0.10675E+03  0.13637E+03  0.13245E+03  0.12256E+03
  0.98861E+02  0.36614E+02 -0.58852E+02 -0.16309E+03 -0.23883E+03 -0.24928E+03
 -0.19860E+03 -0.13162E+03 -0.90955E+02 -0.73244E+02 -0.70336E+02 -0.76856E+02
 -0.64488E+02 -0.26347E+02  0.11540E+02  0.64714E+02  0.15853E+03  0.26748E+03
  0.34763E+03  0.39777E+03  0.45244E+03  0.50164E+03  0.54302E+03  0.58682E+03
  0.59615E+03  0.57278E+03  0.55538E+03  0.55185E+03  0.57526E+03  0.61906E+03
  0.65042E+03  0.65368E+03  0.58757E+03  0.50219E+03  0.47307E+03  0.45488E+03
  0.42846E+03  0.36989E+03  0.29683E+03  0.23724E+03  0.16256E+03  0.30477E+02
 -0.10566E+03 -0.17457E+03 -0.18519E+03 -0.14674E+03 -0.73652E+02  0.31185E+01
  0.33235E+01 -0.29147E+02 -0.63099E+02 -0.17701E+03 -0.25549E+03 -0.26386E+03
 -0.31339E+03 -0.38550E+03 -0.43005E+03 -0.42614E+03 -0.41273E+03 -0.41275E+03
 -0.39413E+03 -0.37727E+03 -0.37298E+03 -0.35068E+03 -0.30306E+03 -0.24090E+03
 -0.18889E+03 -0.16222E+03 -0.14298E+03 -0.12234E+03 -0.87674E+02 -0.46089E+02
 -0.43402E+02 -0.80999E+02 -0.13736E+03 -0.19924E+03 -0.24888E+03 -0.28609E+03
 -0.33962E+03 -0.41426E+03 -0.45011E+03 -0.42521E+03 -0.36666E+03 -0.27209E+03
 -0.15291E+03 -0.36529E+02  0.70623E+02  0.16884E+03  0.25701E+03  0.31392E+03
  0.33769E+03  0.33181E+03  0.27854E+03  0.22014E+03  0.17182E+03  0.14212E+03
  0.19837E+03  0.28771E+03  0.32938E+03  0.35343E+03  0.35932E+03  0.33315E+03
  0.31273E+03  0.30783E+03  0.32809E+03  0.38046E+03  0.42548E+03  0.42639E+03
  0.36183E+03  0.26774E+03  0.20850E+03  0.17149E+03  0.13577E+03  0.10533E+03
  0.76948E+02  0.66356E+02  0.75556E+02  0.86851E+02  0.71104E+02  0.38627E+02
  0.44811E+02  0.56969E+02  0.18813E+02 -0.43586E+02 -0.93388E+02 -0.11746E+03
 -0.10865E+03 -0.10416E+03 -0.14776E+03 -0.18686E+03 -0.17531E+03 -0.15757E+03
 -0.15612E+03 -0.18972E+03 -0.28179E+03 -0.38728E+03 -0.46381E+03 -0.50807E+03
 -0.50463E+03 -0.45195E+03 -0.38400E+03 -0.31509E+03 -0.26809E+03 -0.26934E+03
 -0.28873E+03 -0.27888E+03 -0.22021E+03 -0.13701E+03 -0.49879E+02  0.34705E+02
  0.85836E+02  0.93264E+02  0.76148E+02  0.44070E+02 -0.40023E+01 -0.59944E+02
 -0.10237E+03 -0.12968E+03 -0.14012E+03 -0.12024E+03 -0.89594E+02 -0.50138E+02
  0.30189E+02  0.12839E+03  0.20114E+03  0.26302E+03  0.32513E+03  0.36805E+03
  0.39611E+03  0.42617E+03  0.45717E+03  0.47672E+03  0.47182E+03  0.43933E+03
  0.35946E+03  0.23373E+03  0.12530E+03  0.70145E+02  0.68418E+02  0.10300E+03
  0.12469E+03  0.10449E+03  0.44533E+02 -0.34184E+02 -0.77432E+02 -0.61325E+02
 -0.31380E+02 -0.88785E+01  0.72301E+01 -0.17611E+00 -0.13786E+02 -0.22994E+02
 -0.49470E+02 -0.88126E+02 -0.11933E+03 -0.13991E+03 -0.15482E+03 -0.17863E+03
 -0.21917E+03 -0.25232E+03 -0.26849E+03 -0.27684E+03 -0.26109E+03 -0.21714E+03
 -0.17028E+03 -0.13331E+03 -0.11019E+03 -0.96553E+02 -0.74484E+02 -0.63516E+02
 -0.83945E+02 -0.10812E+03 -0.11898E+03 -0.10852E+03 -0.67038E+02 -0.13407E+02
  0.26730E+02  0.38049E+02  0.10445E+02 -0.44073E+02 -0.92332E+02 -0.12608E+03
 -0.15662E+03 -0.17439E+03 -0.17327E+03 -0.15384E+03 -0.11079E+03 -0.55204E+02
  0.22063E+01  0.54894E+02  0.94815E+02  0.12869E+03  0.15155E+03  0.15290E+03
  0.13865E+03  0.10782E+03  0.70835E+02  0.41689E+02  0.16302E+02 -0.65466E+01
 -0.33353E+02 -0.69746E+02 -0.10095E+03 -0.10890E+03 -0.90911E+02 -0.67860E+02
 -0.55743E+02 -0.48982E+02 -0.49036E+02 -0.39435E+02  0.52623E+01  0.62625E+02
  0.10618E+03  0.13333E+03  0.14456E+03  0.14303E+03  0.12595E+03  0.10631E+03
  0.10292E+03  0.10606E+03  0.10943E+03  0.11416E+03  0.10821E+03  0.98951E+02
  0.10229E+03  0.10462E+03  0.83445E+02  0.46321E+02  0.20044E+02  0.12302E+02
  0.25711E+02  0.53421E+02  0.70013E+02  0.71912E+02  0.68821E+02  0.63410E+02
  0.55418E+02  0.41788E+02  0.27060E+02  0.10500E+02 -0.11446E+02 -0.29277E+02
 -0.40353E+02 -0.53355E+02 -0.64126E+02 -0.57324E+02 -0.37127E+02 -0.19501E+02
 -0.12426E+02 -0.22881E+02 -0.47653E+02 -0.68541E+02 -0.73478E+02 -0.67266E+02
 -0.61065E+02 -0.59652E+02 -0.65212E+02 -0.68771E+02 -0.58390E+02 -0.44198E+02
 -0.32836E+02 -0.23829E+02 -0.22974E+02 -0.29705E+02 -0.36902E+02 -0.39136E+02
 -0.37426E+02 -0.35443E+02 -0.30979E+02 -0.23307E+02 -0.21979E+02 -0.33827E+02
 -0.56105E+02 -0.82220E+02 -0.10101E+03 -0.10587E+03 -0.10303E+03 -0.95945E+02
 -0.82454E+02 -0.65011E+02 -0.46818E+02 -0.29945E+02 -0.14838E+02 -0.26130E+01
  0.18695E+01  0.22562E-01 -0.56780E+00  0.52503E+01  0.19553E+02  0.37669E+02
  0.57387E+02  0.78845E+02  0.93487E+02  0.10036E+03  0.10882E+03  0.11663E+03
  0.11591E+03  0.10572E+03  0.88325E+02  0.70841E+02  0.59126E+02  0.50876E+02
  0.42061E+02  0.35088E+02  0.30901E+02  0.23141E+02  0.11207E+02  0.69661E-01
 -0.75481E+01 -0.11288E+02 -0.11598E+02 -0.55585E+01  0.90892E+01  0.25757E+02
  0.35218E+02  0.33949E+02  0.23615E+02  0.76809E+01 -0.82454E+01 -0.16925E+02
 -0.18619E+02 -0.18167E+02 -0.13817E+02 -0.62495E+01 -0.69834E+00  0.48790E+01
  0.99357E+01  0.94248E+01  0.61346E+01  0.40377E+01  0.50260E+01  0.81464E+01
  0.91681E+01  0.81858E+01  0.46962E+01 -0.12549E+01 -0.45675E+01 -0.45448E+01
 -0.36456E+01  0.53317E+00  0.84772E+01  0.15305E+02  0.19770E+02  0.22357E+02
  0.23763E+02  0.25807E+02  0.27181E+02  0.26746E+02  0.25651E+02  0.23895E+02
  0.20637E+02  0.15936E+02  0.10950E+02  0.75140E+01  0.55684E+01  0.36331E+01
  0.24722E+01  0.31271E+01  0.44406E+01  0.52121E+01  0.58146E+01  0.65674E+01
  0.67898E+01  0.66011E+01  0.61776E+01  0.46516E+01  0.21753E+01  0.24056E+00
 -0.65331E-01  0.12226E+00 -0.49992E+00 -0.17779E+01 -0.36779E+01 -0.52855E+01
 -0.58181E+01 -0.69032E+01 -0.98063E+01 -0.14313E+02 -0.20080E+02 -0.26175E+02
 -0.31059E+02 -0.34620E+02 -0.37040E+02 -0.37726E+02 -0.37641E+02 -0.37447E+02
 -0.36521E+02 -0.35460E+02 -0.35089E+02 -0.34647E+02 -0.32620E+02 -0.28281E+02
 -0.21765E+02 -0.14598E+02 -0.86964E+01 -0.43264E+01 -0.13393E+01  0.53309E+00
  0.26317E+01  0.52240E+01  0.72177E+01  0.79005E+01  0.70786E+01  0.46272E+01
  0.97228E+00 -0.32942E+01 -0.79756E+01 -0.12399E+02 -0.16330E+02 -0.19287E+02
 -0.19807E+02 -0.18774E+02 -0.18530E+02 -0.18586E+02 -0.17754E+02 -0.16617E+02
 -0.15211E+02 -0.13361E+02 -0.10737E+02 -0.70809E+01 -0.33859E+01  0.61270E+00
  0.53415E+01  0.93030E+01  0.11830E+02  0.13652E+02  0.15001E+02  0.15572E+02
  0.15589E+02  0.14445E+02  0.11344E+02  0.76058E+01  0.42614E+01  0.13949E+01
 -0.52199E+00 -0.16672E+01 -0.18800E+01 -0.66122E+00  0.80921E+00  0.14299E+01
  0.16599E+01  0.21908E+01  0.34749E+01  0.50301E+01  0.68602E+01  0.95522E+01
  0.11926E+02  0.12926E+02  0.13318E+02  0.13825E+02  0.14276E+02  0.14248E+02
  0.13755E+02  0.12764E+02  0.11270E+02  0.99072E+01  0.86076E+01  0.64770E+01
  0.38672E+01  0.17051E+01  0.18301E+00 -0.97170E+00 -0.20677E+01 -0.26887E+01
 -0.24225E+01 -0.16502E+01 -0.56611E+00  0.75343E+00  0.21030E+01  0.42178E+01
  0.77286E+01  0.10874E+02  0.12219E+02  0.12411E+02  0.12000E+02  0.11557E+02
  0.11487E+02  0.10963E+02  0.94066E+01  0.74748E+01  0.59481E+01  0.47843E+01
  0.36035E+01  0.27342E+01  0.23559E+01  0.20498E+01  0.19749E+01  0.21158E+01
  0.21186E+01  0.24748E+01  0.30346E+01  0.30998E+01  0.33799E+01  0.38301E+01
  0.37761E+01  0.33259E+01  0.24113E+01  0.99540E+00 -0.98443E+00 -0.24663E+01
 -0.16179E+01  0.75324E+00  0.29095E+01  0.47649E+01  0.62218E+01  0.62981E+01
  0.50315E+01  0.33423E+01  0.11637E+01 -0.14768E+01 -0.40663E+01 -0.65973E+01
 -0.87154E+01 -0.99418E+01 -0.10648E+02 -0.10983E+02 -0.10355E+02 -0.84150E+01
 -0.61255E+01 -0.48624E+01 -0.41489E+01 -0.33694E+01 -0.29356E+01 -0.24862E+01
 -0.19549E+01 -0.18908E+01 -0.23888E+01 -0.35501E+01 -0.51030E+01 -0.66515E+01
 -0.84074E+01 -0.10497E+02 -0.12861E+02 -0.15070E+02 -0.16841E+02 -0.18550E+02
 -0.19527E+02 -0.18956E+02 -0.17617E+02 -0.16555E+02 -0.15827E+02 -0.15152E+02
 -0.14353E+02 -0.12628E+02 -0.10069E+02 -0.77625E+01 -0.58502E+01 -0.43303E+01
 -0.28368E+01 -0.10901E+01  0.33779E+00  0.14144E+01  0.23868E+01  0.34406E+01
  0.43769E+01  0.43017E+01  0.34379E+01  0.26940E+01  0.21860E+01  0.19248E+01
  0.19762E+01  0.23744E+01  0.28315E+01  0.27018E+01  0.20257E+01  0.10796E+01
 -0.12940E+00 -0.13651E+01 -0.22762E+01 -0.25776E+01 -0.23496E+01 -0.20471E+01
 -0.17400E+01 -0.11142E+01  0.55164E-02  0.13168E+01  0.22969E+01  0.28238E+01
  0.30276E+01  0.32175E+01  0.36665E+01  0.41558E+01  0.41880E+01  0.37254E+01
  0.33500E+01  0.32560E+01  0.32796E+01  0.33909E+01  0.34478E+01  0.35710E+01
  0.37228E+01  0.35994E+01  0.33333E+01  0.31145E+01  0.31137E+01  0.32080E+01
  0.32348E+01  0.33337E+01  0.36905E+01  0.45120E+01  0.57839E+01  0.70668E+01
  0.78123E+01  0.81056E+01  0.83417E+01  0.84914E+01  0.82823E+01  0.75638E+01
  0.65445E+01  0.54222E+01  0.42708E+01  0.30193E+01  0.14303E+01 -0.16440E+00
 -0.11181E+01 -0.14210E+01 -0.16019E+01 -0.19567E+01 -0.22168E+01 -0.21715E+01
 -0.21607E+01 -0.25061E+01 -0.32347E+01 -0.42316E+01 -0.51701E+01 -0.57396E+01
 -0.59050E+01 -0.59155E+01 -0.55508E+01 -0.47757E+01 -0.43437E+01 -0.44121E+01
 -0.47542E+01 -0.50960E+01 -0.51274E+01 -0.49624E+01 -0.45203E+01 -0.40113E+01
 -0.39294E+01 -0.40938E+01 -0.42874E+01 -0.46389E+01 -0.50338E+01 -0.52648E+01
 -0.54065E+01 -0.54604E+01 -0.52547E+01 -0.49826E+01 -0.47504E+01 -0.44286E+01
 -0.40082E+01 -0.36676E+01 -0.33963E+01 -0.29605E+01 -0.25374E+01 -0.21873E+01
 -0.16089E+01 -0.83330E+00 -0.31814E+00 -0.44611E-01  0.35752E+00  0.87758E+00
  0.13825E+01  0.16771E+01  0.15289E+01  0.92498E+00  0.20588E+00 -0.22739E+00
 -0.35467E+00 -0.25456E+00  0.13449E+00  0.56936E+00  0.99044E+00  0.15541E+01
  0.20151E+01  0.23009E+01  0.25295E+01  0.26050E+01  0.26020E+01  0.26813E+01
  0.27322E+01  0.27008E+01  0.27545E+01  0.26957E+01  0.23790E+01  0.20402E+01
  0.17274E+01  0.14666E+01  0.13642E+01  0.12447E+01  0.83424E+00  0.32963E+00
 -0.11052E+00 -0.54078E+00 -0.92235E+00 -0.12797E+01 -0.16105E+01 -0.19815E+01
 -0.25152E+01 -0.32450E+01 -0.40072E+01 -0.45311E+01 -0.47600E+01 -0.47579E+01
 -0.45835E+01 -0.43158E+01 -0.40431E+01 -0.38727E+01 -0.36493E+01 -0.33102E+01
 -0.30310E+01 -0.27538E+01 -0.24754E+01 -0.22263E+01 -0.17842E+01 -0.12205E+01
 -0.85348E+00 -0.73171E+00 -0.73836E+00 -0.83065E+00 -0.97372E+00 -0.10279E+01
 -0.96006E+00 -0.10269E+01 -0.11993E+01 -0.11357E+01 -0.84001E+00 -0.39082E+00
  0.41507E+00  0.15909E+01  0.27456E+01  0.37422E+01  0.46704E+01  0.55885E+01
  0.66204E+01  0.76688E+01  0.86273E+01  0.94340E+01  0.99060E+01  0.10163E+02
  0.10371E+02  0.10535E+02  0.10792E+02  0.10966E+02  0.10794E+02  0.10296E+02
  0.94979E+01  0.85672E+01  0.76804E+01  0.68593E+01  0.61661E+01  0.55970E+01
  0.50951E+01  0.46987E+01  0.43752E+01  0.39271E+01  0.33281E+01  0.28015E+01
  0.24536E+01  0.21859E+01  0.19093E+01  0.16929E+01  0.16320E+01  0.16852E+01
  0.17460E+01  0.17788E+01  0.17888E+01  0.16698E+01  0.13445E+01  0.80023E+00
  0.17925E+00 -0.27803E+00 -0.73284E+00 -0.13431E+01 -0.19990E+01 -0.26395E+01
 -0.31238E+01 -0.33204E+01 -0.31842E+01 -0.27893E+01 -0.23682E+01 -0.20551E+01
 -0.18245E+01 -0.15984E+01 -0.13093E+01 -0.10418E+01 -0.72273E+00 -0.26728E+00
  0.60251E-01  0.29763E+00  0.67833E+00  0.11378E+01  0.16621E+01  0.22600E+01
  0.27806E+01  0.31049E+01  0.32913E+01  0.34233E+01  0.35274E+01  0.35406E+01
  0.34261E+01  0.32754E+01  0.30810E+01  0.28142E+01  0.25464E+01  0.24550E+01
  0.25588E+01  0.24411E+01  0.20376E+01  0.17686E+01  0.16614E+01  0.15301E+01
  0.14670E+01  0.14413E+01  0.13889E+01  0.13156E+01  0.12468E+01  0.12663E+01
  0.13262E+01  0.12637E+01  0.10121E+01  0.64311E+00  0.12692E+00 -0.54356E+00
 -0.12109E+01 -0.18666E+01 -0.24834E+01 -0.29611E+01 -0.32159E+01 -0.32826E+01
 -0.32395E+01 -0.31789E+01 -0.31286E+01 -0.28275E+01 -0.23724E+01 -0.19986E+01
 -0.17560E+01 -0.16927E+01 -0.17924E+01 -0.20729E+01 -0.24630E+01 -0.28773E+01
 -0.31781E+01 -0.32434E+01 -0.32919E+01 -0.34161E+01 -0.34493E+01 -0.34719E+01
 -0.35235E+01 -0.34935E+01 -0.34397E+01 -0.33408E+01 -0.31501E+01 -0.29256E+01
 -0.26739E+01 -0.24304E+01 -0.21637E+01 -0.17925E+01 -0.13790E+01 -0.97425E+00
 -0.60430E+00 -0.32513E+00 -0.11328E+00 -0.13018E-01 -0.13646E-02  0.10155E-01
 -0.58759E-01 -0.25173E+00 -0.37908E+00 -0.23264E+00 -0.18017E+00 -0.61143E+00
 -0.12149E+01 -0.18034E+01 -0.23055E+01 -0.26663E+01 -0.30230E+01 -0.33846E+01
 -0.36853E+01 -0.38438E+01 -0.38265E+01 -0.36018E+01 -0.31096E+01 -0.24338E+01
 -0.16160E+01 -0.64920E+00  0.26403E+00  0.10454E+01  0.16646E+01  0.20629E+01
  0.24551E+01  0.29092E+01  0.32853E+01  0.33840E+01  0.32007E+01  0.28796E+01
  0.23034E+01  0.14677E+01  0.59199E+00 -0.26292E+00 -0.10964E+01 -0.18281E+01
 -0.24882E+01 -0.32064E+01 -0.39136E+01 -0.44671E+01 -0.47854E+01 -0.48397E+01
 -0.46415E+01 -0.42530E+01 -0.37924E+01 -0.33424E+01 -0.28905E+01 -0.23747E+01
 -0.17439E+01 -0.11011E+01 -0.51230E+00  0.44407E-01  0.55077E+00  0.99674E+00
  0.13634E+01  0.15892E+01  0.16469E+01  0.15345E+01  0.12477E+01  0.84614E+00
  0.39328E+00 -0.50219E-01 -0.48436E+00 -0.91102E+00 -0.11498E+01 -0.11951E+01
 -0.11656E+01 -0.91251E+00 -0.36836E+00  0.28984E+00  0.10958E+01  0.20393E+01
  0.29457E+01  0.37704E+01  0.44647E+01  0.50335E+01  0.54089E+01  0.55656E+01
  0.57662E+01  0.59114E+01  0.57677E+01  0.54583E+01  0.50974E+01  0.46478E+01
  0.40618E+01  0.33605E+01  0.25836E+01  0.17589E+01  0.91217E+00  0.10296E+00
 -0.60514E+00 -0.11428E+01 -0.15055E+01 -0.17585E+01 -0.18973E+01 -0.18999E+01
 -0.16759E+01 -0.12562E+01 -0.78236E+00 -0.25371E+00  0.32822E+00  0.89553E+00
  0.13868E+01  0.17854E+01  0.20947E+01  0.22916E+01  0.23720E+01  0.23052E+01
  0.20659E+01  0.16740E+01  0.11635E+01  0.59178E+00  0.95952E-01 -0.33121E+00
 -0.79408E+00 -0.12145E+01 -0.14823E+01 -0.15741E+01 -0.15571E+01 -0.14769E+01
 -0.12886E+01 -0.10416E+01 -0.72139E+00 -0.24466E+00  0.24819E+00  0.69310E+00
  0.12065E+01  0.17203E+01  0.21515E+01  0.25304E+01  0.28705E+01  0.31658E+01
  0.33767E+01  0.34896E+01  0.35471E+01  0.35365E+01  0.33479E+01  0.29919E+01
  0.25821E+01  0.20920E+01  0.15212E+01  0.89293E+00  0.22831E+00 -0.40768E+00
 -0.10097E+01 -0.15578E+01 -0.19754E+01 -0.22993E+01 -0.25602E+01 -0.26856E+01
 -0.26871E+01 -0.25973E+01 -0.24514E+01 -0.22847E+01 -0.20737E+01 -0.17374E+01
 -0.13162E+01 -0.90566E+00 -0.54786E+00 -0.22981E+00  0.49994E-01  0.17437E+00
  0.15245E+00  0.57701E-01 -0.15047E+00 -0.46393E+00 -0.90486E+00 -0.14516E+01
 -0.19781E+01 -0.24831E+01 -0.29869E+01 -0.34395E+01 -0.37706E+01 -0.39274E+01
 -0.39578E+01 -0.38524E+01 -0.35662E+01 -0.31432E+01 -0.26105E+01 -0.19716E+01
 -0.12599E+01 -0.49243E+00  0.31603E+00  0.10742E+01  0.17132E+01  0.23091E+01
  0.28168E+01  0.30926E+01  0.31304E+01  0.29904E+01  0.26586E+01  0.21270E+01
  0.14756E+01  0.76705E+00  0.31819E-01 -0.67536E+00 -0.13810E+01 -0.20912E+01
 -0.26427E+01 -0.30648E+01 -0.34805E+01 -0.37910E+01 -0.39756E+01 -0.40120E+01
 -0.38529E+01 -0.35939E+01 -0.32276E+01 -0.27823E+01 -0.23306E+01 -0.17736E+01
 -0.12590E+01 -0.10042E+01 -0.77529E+00 -0.42430E+00 -0.15005E+00 -0.20717E-01
 -0.58680E-02 -0.11830E+00 -0.32759E+00 -0.60195E+00 -0.97097E+00 -0.12834E+01
 -0.14509E+01 -0.16642E+01 -0.18518E+01 -0.18612E+01 -0.17504E+01 -0.15236E+01
 -0.11387E+01 -0.56406E+00  0.16051E+00  0.88735E+00  0.16000E+01  0.23208E+01
  0.30240E+01  0.37023E+01  0.42813E+01  0.46975E+01  0.49734E+01  0.51963E+01
  0.53313E+01  0.53368E+01  0.52469E+01  0.50871E+01  0.48859E+01  0.46608E+01
  0.44213E+01  0.41745E+01  0.39011E+01  0.36405E+01  0.34080E+01  0.31710E+01
  0.29709E+01  0.28395E+01  0.27298E+01  0.26388E+01  0.25930E+01  0.25828E+01
  0.26034E+01  0.26578E+01  0.27362E+01  0.28260E+01  0.29141E+01  0.29854E+01
  0.30122E+01  0.29938E+01  0.29220E+01  0.27497E+01  0.24906E+01  0.21632E+01
  0.17463E+01  0.13386E+01  0.97669E+00  0.54720E+00  0.84209E-01 -0.31504E+00
 -0.64874E+00 -0.93567E+00 -0.11619E+01 -0.13155E+01 -0.14134E+01 -0.14524E+01
 -0.14406E+01 -0.14209E+01 -0.13824E+01 -0.12992E+01 -0.12687E+01 -0.13041E+01
 -0.13287E+01 -0.13707E+01 -0.14523E+01 -0.15344E+01 -0.16178E+01 -0.17082E+01
 -0.17998E+01 -0.18910E+01 -0.19813E+01 -0.20807E+01 -0.21698E+01 -0.22416E+01
 -0.23491E+01 -0.24842E+01 -0.26211E+01 -0.27616E+01 -0.28986E+01 -0.30225E+01
 -0.31294E+01 -0.32126E+01 -0.32687E+01 -0.32985E+01 -0.33033E+01 -0.32800E+01
 -0.32574E+01 -0.31783E+01 -0.30288E+01 -0.29525E+01 -0.29372E+01 -0.29078E+01
 -0.28848E+01 -0.28670E+01 -0.28580E+01 -0.28519E+01 -0.28372E+01 -0.28090E+01
 -0.27630E+01 -0.26942E+01 -0.26021E+01 -0.24859E+01 -0.23475E+01 -0.21934E+01
 -0.20310E+01 -0.18572E+01 -0.16787E+01 -0.15041E+01 -0.13417E+01 -0.11907E+01
 -0.10535E+01 -0.93286E+00 -0.83062E+00 -0.74554E+00 -0.67897E+00 -0.62920E+00
 -0.59570E+00 -0.57560E+00 -0.56719E+00 -0.56542E+00 -0.56666E+00 -0.56369E+00
 -0.55137E+00 -0.52190E+00 -0.47054E+00 -0.39090E+00 -0.28079E+00 -0.13860E+00
  0.35037E-01  0.23084E+00  0.43949E+00  0.66637E+00  0.89725E+00  0.11200E+01
  0.13277E+01  0.15106E+01  0.16620E+01  0.17793E+01  0.18593E+01  0.19030E+01
  0.19108E+01  0.18863E+01  0.18311E+01  0.17498E+01  0.16446E+01  0.15208E+01
  0.13816E+01  0.12325E+01  0.10792E+01  0.92920E+00  0.78842E+00  0.66689E+00
  0.57146E+00  0.51051E+00  0.48910E+00  0.51242E+00  0.58033E+00  0.69190E+00
  0.84101E+00  0.10204E+01  0.12181E+01  0.14227E+01  0.16198E+01  0.17975E+01
  0.19432E+01  0.20489E+01  0.21075E+01  0.21177E+01  0.20798E+01  0.19992E+01
  0.18823E+01  0.17392E+01  0.15790E+01  0.14131E+01  0.12494E+01  0.10973E+01
  0.96143E+00  0.84728E+00  0.75598E+00  0.68979E+00  0.64724E+00  0.62850E+00
  0.63102E+00  0.65433E+00  0.69508E+00  0.75172E+00  0.81970E+00  0.89581E+00
  0.97312E+00  0.10464E+01  0.11067E+01  0.11473E+01  0.11590E+01  0.11365E+01
  0.10733E+01  0.96788E+00  0.81902E+00  0.63115E+00  0.40910E+00  0.16279E+00
 -0.98352E-01 -0.36142E+00 -0.61576E+00 -0.84905E+00 -0.10532E+01 -0.12197E+01
 -0.13454E+01 -0.14271E+01 -0.14672E+01 -0.14677E+01 -0.14354E+01 -0.13757E+01
 -0.12977E+01 -0.12081E+01 -0.11161E+01 -0.10275E+01 -0.95073E+00 -0.88962E+00
 -0.85007E+00 -0.83357E+00 -0.84364E+00 -0.87946E+00 -0.94153E+00 -0.10267E+01
 -0.11336E+01 -0.12567E+01 -0.13927E+01 -0.15343E+01 -0.16771E+01 -0.18134E+01
 -0.19383E+01 -0.20444E+01 -0.21281E+01 -0.21839E+01 -0.22105E+01 -0.22053E+01
 -0.21704E+01 -0.21068E+01 -0.20201E+01 -0.19145E+01 -0.17984E+01 -0.16777E+01
 -0.15616E+01 -0.14559E+01 -0.13683E+01 -0.13026E+01 -0.12634E+01 -0.12508E+01
 -0.12656E+01 -0.13044E+01 -0.13646E+01 -0.14394E+01 -0.15242E+01 -0.16111E+01
 -0.16945E+01 -0.17662E+01 -0.18220E+01 -0.18556E+01 -0.18647E+01 -0.18453E+01
 -0.17985E+01 -0.17232E+01 -0.16233E+01 -0.15001E+01 -0.13595E+01 -0.12043E+01
 -0.10408E+01 -0.87199E+00 -0.70362E+00 -0.53785E+00 -0.37929E+00 -0.22908E+00
 -0.90910E-01  0.35045E-01  0.14584E+00  0.24166E+00  0.32014E+00  0.38235E+00
  0.42707E+00  0.45677E+00  0.47190E+00  0.47694E+00  0.47436E+00  0.47027E+00
  0.46818E+00  0.47460E+00  0.49258E+00  0.52706E+00  0.57859E+00  0.64890E+00
  0.73500E+00  0.83508E+00  0.94254E+00  0.10527E+01  0.11574E+01  0.12507E+01
  0.13245E+01  0.13746E+01  0.13950E+01  0.13843E+01  0.13404E+01  0.12656E+01
  0.11613E+01  0.10333E+01  0.88544E+00  0.72529E+00  0.55758E+00  0.38984E+00
  0.22605E+00  0.72258E-01 -0.69445E-01 -0.19495E+00 -0.30425E+00 -0.39500E+00
 -0.46864E+00 -0.52390E+00 -0.56293E+00 -0.58506E+00 -0.59291E+00 -0.58629E+00
 -0.56848E+00 -0.54009E+00 -0.50517E+00 -0.46529E+00 -0.42530E+00 -0.38697E+00
 -0.35504E+00 -0.33046E+00 -0.31653E+00 -0.31223E+00 -0.31845E+00 -0.33168E+00
 -0.35058E+00 -0.36972E+00 -0.38661E+00 -0.39561E+00 -0.39470E+00 -0.37957E+00
 -0.35030E+00 -0.30489E+00 -0.24589E+00 -0.17375E+00 -0.93005E-01 -0.53949E-02
  0.83849E-01  0.17291E+00  0.25732E+00  0.33660E+00  0.40793E+00  0.47260E+00
  0.52978E+00  0.58246E+00  0.63080E+00  0.67843E+00  0.72578E+00  0.77564E+00
  0.82717E+00  0.88164E+00  0.93633E+00  0.99119E+00  0.10420E+01  0.10878E+01
  0.11244E+01  0.11510E+01  0.11647E+01  0.11665E+01  0.11550E+01  0.11326E+01
  0.10995E+01  0.10595E+01  0.10130E+01  0.96369E+00  0.91214E+00  0.86114E+00
  0.81039E+00  0.76282E+00  0.71742E+00  0.67709E+00  0.64143E+00  0.61351E+00
  0.59355E+00  0.58483E+00  0.58739E+00  0.60415E+00  0.63403E+00  0.67854E+00
  0.73455E+00  0.80132E+00  0.87375E+00  0.94942E+00  0.10215E+01  0.10868E+01
  0.11388E+01  0.11750E+01  0.11904E+01  0.11849E+01  0.11565E+01  0.11083E+01
  0.10414E+01  0.96175E+00  0.87285E+00  0.78215E+00  0.69391E+00  0.61527E+00
  0.54896E+00  0.49997E+00  0.46834E+00  0.45580E+00  0.45918E+00  0.47733E+00
  0.50439E+00  0.53757E+00  0.57013E+00  0.59877E+00  0.61747E+00  0.62429E+00
  0.61463E+00  0.58878E+00  0.54463E+00  0.48462E+00  0.40871E+00  0.32156E+00
  0.22477E+00  0.12414E+00  0.22217E-01 -0.74982E-01 -0.16532E+00 -0.24368E+00
 -0.30948E+00 -0.35954E+00 -0.39544E+00 -0.41645E+00 -0.42670E+00 -0.42759E+00
 -0.42513E+00 -0.42206E+00 -0.42510E+00 -0.43705E+00 -0.46398E+00 -0.50763E+00
 -0.57232E+00 -0.65744E+00 -0.76493E+00 -0.89137E+00 -0.10360E+01 -0.11928E+01
 -0.13582E+01 -0.15242E+01 -0.16857E+01 -0.18333E+01 -0.19616E+01 -0.20619E+01
 -0.21297E+01 -0.21587E+01 -0.21471E+01 -0.20917E+01 -0.19950E+01 -0.18578E+01
 -0.16867E+01 -0.14866E+01 -0.12679E+01 -0.10380E+01 -0.80913E+00 -0.58964E+00
 -0.39131E+00 -0.22106E+00 -0.87681E-01  0.57628E-02  0.54915E-01  0.61823E-01
  0.27484E-01 -0.40786E-01 -0.13729E+00 -0.25097E+00 -0.37311E+00 -0.49083E+00
 -0.59515E+00 -0.67415E+00 -0.72101E+00 -0.72717E+00 -0.69020E+00 -0.60682E+00
 -0.48005E+00 -0.31216E+00 -0.11180E+00  0.11404E+00  0.35272E+00  0.59448E+00
  0.82549E+00  0.10360E+01  0.12140E+01  0.13531E+01  0.14454E+01  0.14896E+01
  0.14839E+01  0.14327E+01  0.13394E+01  0.12131E+01  0.10608E+01  0.89428E+00
  0.72156E+00  0.55460E+00  0.40035E+00  0.26862E+00  0.16381E+00  0.92256E-01
  0.54780E-01  0.53974E-01  0.86522E-01  0.15118E+00  0.24115E+00  0.35196E+00
  0.47384E+00  0.60019E+00  0.72022E+00  0.82704E+00  0.91092E+00  0.96694E+00
  0.98835E+00  0.97441E+00  0.92265E+00  0.83783E+00  0.72249E+00  0.58528E+00
  0.43250E+00  0.27547E+00  0.12156E+00 -0.18505E-01 -0.13902E+00 -0.23214E+00
 -0.29614E+00 -0.32745E+00 -0.32868E+00 -0.30045E+00 -0.24879E+00 -0.17698E+00
