  0.25600E+00  0.48323E+00  0.40485E+00  0.43397E+00  0.41818E+00  0.42673E+00
  0.41675E+00  0.42570E+00  0.41653E+00  0.42499E+00  0.41726E+00  0.42437E+00
  0.41730E+00  0.42276E+00  0.41531E+00  0.41861E+00  0.40962E+00  0.41015E+00
  0.39893E+00  0.39635E+00  0.38277E+00  0.37752E+00  0.36257E+00  0.35645E+00
  0.34257E+00  0.33904E+00  0.33055E+00  0.33479E+00  0.33748E+00  0.35585E+00
  0.37607E+00  0.41451E+00  0.45741E+00  0.51995E+00  0.58775E+00  0.67420E+00
  0.76411E+00  0.86890E+00  0.97240E+00  0.10847E+01  0.11887E+01  0.12934E+01
  0.13820E+01  0.14635E+01  0.15220E+01  0.15673E+01  0.15842E+01  0.15842E+01
  0.15602E+01  0.15326E+01  0.14957E+01  0.14624E+01  0.14209E+01  0.13830E+01
  0.13377E+01  0.12974E+01  0.12506E+01  0.12089E+01  0.11615E+01  0.11193E+01
  0.10716E+01  0.10295E+01  0.98177E+00  0.93943E+00  0.89163E+00  0.84914E+00
  0.80099E+00  0.75808E+00  0.70939E+00  0.66564E+00  0.61603E+00  0.57116E+00
  0.52029E+00  0.47396E+00  0.42158E+00  0.37358E+00  0.31957E+00  0.26989E+00
  0.21406E+00  0.16267E+00  0.10529E+00  0.52344E-01 -0.64693E-02 -0.60732E-01
 -0.12072E+00 -0.17614E+00 -0.23711E+00 -0.29335E+00 -0.35510E+00 -0.41216E+00
 -0.47462E+00 -0.53243E+00 -0.59562E+00 -0.65422E+00 -0.71823E+00 -0.77778E+00
 -0.84276E+00 -0.90334E+00 -0.96937E+00 -0.10311E+01 -0.10981E+01 -0.11611E+01
 -0.12293E+01 -0.12931E+01 -0.13623E+01 -0.14272E+01 -0.14972E+01 -0.15628E+01
 -0.16337E+01 -0.17001E+01 -0.17715E+01 -0.18383E+01 -0.19103E+01 -0.19776E+01
 -0.20501E+01 -0.21181E+01 -0.21909E+01 -0.22593E+01 -0.23328E+01 -0.24017E+01
 -0.24756E+01 -0.25451E+01 -0.26196E+01 -0.26895E+01 -0.27646E+01 -0.28350E+01
 -0.29104E+01 -0.29812E+01 -0.30569E+01 -0.31280E+01 -0.32042E+01 -0.32755E+01
 -0.33517E+01 -0.34233E+01 -0.34995E+01 -0.35711E+01 -0.36476E+01 -0.37193E+01
 -0.37956E+01 -0.38672E+01 -0.39436E+01 -0.40152E+01 -0.40913E+01 -0.41627E+01
 -0.42386E+01 -0.43097E+01 -0.43852E+01 -0.44557E+01 -0.45306E+01 -0.46005E+01
 -0.46748E+01 -0.47440E+01 -0.48175E+01 -0.48859E+01 -0.49584E+01 -0.50259E+01
 -0.50976E+01 -0.51640E+01 -0.52346E+01 -0.52999E+01 -0.53692E+01 -0.54333E+01
 -0.55013E+01 -0.55639E+01 -0.56305E+01 -0.56917E+01 -0.57566E+01 -0.58162E+01
 -0.58796E+01 -0.59375E+01 -0.59993E+01 -0.60556E+01 -0.61159E+01 -0.61707E+01
 -0.62293E+01 -0.62825E+01 -0.63394E+01 -0.63905E+01 -0.64454E+01 -0.64947E+01
 -0.65472E+01 -0.65938E+01 -0.66435E+01 -0.66871E+01 -0.67337E+01 -0.67743E+01
 -0.68181E+01 -0.68558E+01 -0.68970E+01 -0.69324E+01 -0.69717E+01 -0.70055E+01
 -0.70434E+01 -0.70763E+01 -0.71139E+01 -0.71462E+01 -0.71833E+01 -0.72144E+01
 -0.72511E+01 -0.72838E+01 -0.73205E+01 -0.73512E+01 -0.73851E+01 -0.74128E+01
 -0.74446E+01 -0.74709E+01 -0.75004E+01 -0.75236E+01 -0.75502E+01 -0.75712E+01
 -0.75956E+01 -0.76138E+01 -0.76354E+01 -0.76509E+01 -0.76705E+01 -0.76834E+01
 -0.77005E+01 -0.77115E+01 -0.77267E+01 -0.77366E+01 -0.77499E+01 -0.77584E+01
 -0.77711E+01 -0.77790E+01 -0.77902E+01 -0.77943E+01 -0.78018E+01 -0.78029E+01
 -0.78058E+01 -0.78025E+01 -0.77996E+01 -0.77891E+01 -0.77792E+01 -0.77617E+01
 -0.77457E+01 -0.77207E+01 -0.76971E+01 -0.76660E+01 -0.76364E+01 -0.75983E+01
 -0.75624E+01 -0.75180E+01 -0.74748E+01 -0.74237E+01 -0.73738E+01 -0.73152E+01
 -0.72577E+01 -0.71902E+01 -0.71225E+01 -0.70446E+01 -0.69667E+01 -0.68797E+01
 -0.67927E+01 -0.66966E+01 -0.66012E+01 -0.64977E+01 -0.63956E+01 -0.62862E+01
 -0.61791E+01 -0.60659E+01 -0.59565E+01 -0.58417E+01 -0.57306E+01 -0.56136E+01
 -0.55002E+01 -0.53814E+01 -0.52671E+01 -0.51480E+01 -0.50330E+01 -0.49114E+01
 -0.47927E+01 -0.46676E+01 -0.45463E+01 -0.44197E+01 -0.42974E+01 -0.41703E+01
 -0.40484E+01 -0.39227E+01 -0.38034E+01 -0.36814E+01 -0.35671E+01 -0.34506E+01
 -0.33417E+01 -0.32311E+01 -0.31283E+01 -0.30229E+01 -0.29241E+01 -0.28226E+01
 -0.27285E+01 -0.26324E+01 -0.25441E+01 -0.24536E+01 -0.23710E+01 -0.22871E+01
 -0.22125E+01 -0.21370E+01 -0.20679E+01 -0.19946E+01 -0.19266E+01 -0.18541E+01
 -0.17863E+01 -0.17121E+01 -0.16400E+01 -0.15596E+01 -0.14810E+01 -0.13951E+01
 -0.13126E+01 -0.12242E+01 -0.11398E+01 -0.10507E+01 -0.96822E+00 -0.88331E+00
 -0.80474E+00 -0.72067E+00 -0.63923E+00 -0.55032E+00 -0.46417E+00 -0.36958E+00
 -0.27294E+00 -0.16286E+00 -0.49565E-01  0.75835E-01  0.20259E+00  0.34035E+00
  0.47925E+00  0.62789E+00  0.77381E+00  0.92395E+00  0.10682E+01  0.12182E+01
  0.13645E+01  0.15164E+01  0.16628E+01  0.18139E+01  0.19627E+01  0.21204E+01
  0.22770E+01  0.24439E+01  0.26126E+01  0.27938E+01  0.29773E+01  0.31728E+01
  0.33699E+01  0.35777E+01  0.37856E+01  0.40038E+01  0.42215E+01  0.44478E+01
  0.46714E+01  0.49007E+01  0.51258E+01  0.53547E+01  0.55751E+01  0.57961E+01
  0.60061E+01  0.62145E+01  0.64112E+01  0.66055E+01  0.67870E+01  0.69657E+01
  0.71319E+01  0.72976E+01  0.74529E+01  0.76103E+01  0.77598E+01  0.79135E+01
  0.80577E+01  0.82051E+01  0.83455E+01  0.84899E+01  0.86311E+01  0.87759E+01
  0.89117E+01  0.90479E+01  0.91735E+01  0.92992E+01  0.94119E+01  0.95215E+01
  0.96197E+01  0.97173E+01  0.98029E+01  0.98873E+01  0.99571E+01  0.10021E+02
  0.10078E+02  0.10145E+02  0.10225E+02  0.10328E+02  0.10411E+02  0.10434E+02
  0.10353E+02  0.10222E+02  0.10147E+02  0.10231E+02  0.10402E+02  0.10469E+02
  0.10311E+02  0.10116E+02  0.10224E+02  0.10742E+02  0.11267E+02  0.11306E+02
  0.10843E+02  0.10405E+02  0.10440E+02  0.10943E+02  0.11589E+02  0.12224E+02
  0.12948E+02  0.13871E+02  0.14803E+02  0.15420E+02  0.15526E+02  0.15179E+02
  0.14515E+02  0.13698E+02  0.12890E+02  0.12213E+02  0.11635E+02  0.11204E+02
  0.11267E+02  0.12320E+02  0.14289E+02  0.16256E+02  0.17145E+02  0.16803E+02
  0.16072E+02  0.15910E+02  0.16530E+02  0.17488E+02  0.18170E+02  0.18238E+02
  0.17713E+02  0.16992E+02  0.16621E+02  0.16922E+02  0.17586E+02  0.17909E+02
  0.17464E+02  0.16525E+02  0.15664E+02  0.15250E+02  0.15321E+02  0.15960E+02
  0.17234E+02  0.18756E+02  0.19583E+02  0.19084E+02  0.17716E+02  0.16649E+02
  0.16568E+02  0.17225E+02  0.17878E+02  0.18060E+02  0.17714E+02  0.17046E+02
  0.16405E+02  0.16300E+02  0.17060E+02  0.18392E+02  0.19334E+02  0.19039E+02
  0.17565E+02  0.15935E+02  0.15192E+02  0.15620E+02  0.16760E+02  0.18009E+02
  0.18957E+02  0.19382E+02  0.19184E+02  0.18659E+02  0.18416E+02  0.18905E+02
  0.19742E+02  0.19782E+02  0.18173E+02  0.15364E+02  0.12725E+02  0.11556E+02
  0.12221E+02  0.14191E+02  0.16718E+02  0.19379E+02  0.21820E+02  0.23475E+02
  0.23870E+02  0.23363E+02  0.22976E+02  0.23358E+02  0.23701E+02  0.22161E+02
  0.17846E+02  0.12330E+02  0.86237E+01  0.86993E+01  0.11715E+02  0.15135E+02
  0.17402E+02  0.18988E+02  0.21092E+02  0.23963E+02  0.26175E+02  0.26552E+02
  0.25802E+02  0.24391E+02  0.21399E+02  0.16814E+02  0.12432E+02  0.10879E+02
  0.13672E+02  0.19523E+02  0.24874E+02  0.26811E+02  0.24962E+02  0.21130E+02
  0.18111E+02  0.17737E+02  0.18645E+02  0.17625E+02  0.13463E+02  0.84233E+01
  0.66719E+01  0.10318E+02  0.15960E+02  0.19134E+02  0.19995E+02  0.20973E+02
  0.22779E+02  0.24484E+02  0.25265E+02  0.25661E+02  0.26240E+02  0.25753E+02
  0.22047E+02  0.15142E+02  0.85355E+01  0.60953E+01  0.81490E+01  0.12547E+02
  0.16263E+02  0.16560E+02  0.14018E+02  0.11932E+02  0.13151E+02  0.18582E+02
  0.25014E+02  0.27407E+02  0.24986E+02  0.20957E+02  0.17428E+02  0.14595E+02
  0.12390E+02  0.10706E+02  0.95078E+01  0.81686E+01  0.55476E+01  0.33265E+01
  0.60140E+01  0.14064E+02  0.22186E+02  0.27060E+02  0.28648E+02  0.27667E+02
  0.25451E+02  0.22054E+02  0.17606E+02  0.14410E+02  0.13169E+02  0.10996E+02
  0.56480E+01 -0.58287E+00 -0.27746E+01  0.20760E+00  0.36593E+01  0.38353E+01
  0.15149E+01  0.46082E+00  0.40217E+01  0.11255E+02  0.19127E+02  0.26723E+02
  0.32904E+02  0.34067E+02  0.29077E+02  0.21769E+02  0.15709E+02  0.10883E+02
  0.50969E+01 -0.22144E+01 -0.83091E+01 -0.10650E+02 -0.10579E+02 -0.10582E+02
 -0.99621E+01 -0.53976E+01  0.40410E+01  0.13038E+02  0.15605E+02  0.13801E+02
  0.13496E+02  0.15637E+02  0.17825E+02  0.18401E+02  0.16580E+02  0.12752E+02
  0.62710E+01 -0.44266E+01 -0.16288E+02 -0.21936E+02 -0.17703E+02 -0.70153E+01
  0.32239E+01  0.76694E+01  0.62951E+01  0.30582E+01  0.13021E+01  0.28675E+01
  0.66865E+01  0.79417E+01  0.33583E+01 -0.44945E+01 -0.10224E+02 -0.10795E+02
 -0.81729E+01 -0.69544E+01 -0.92808E+01 -0.13568E+02 -0.17879E+02 -0.21773E+02
 -0.24431E+02 -0.22945E+02 -0.14970E+02 -0.37795E+01  0.28709E+01  0.23208E+01
 -0.15728E+01 -0.45649E+01 -0.42190E+01 -0.24259E+01 -0.38736E+01 -0.97832E+01
 -0.19647E+02 -0.33455E+02 -0.47238E+02 -0.53438E+02 -0.47956E+02 -0.34678E+02
 -0.23258E+02 -0.17778E+02 -0.13907E+02 -0.81886E+01  0.32470E+00  0.84049E+01
  0.86652E+01  0.58478E+00 -0.10740E+02 -0.22895E+02 -0.33531E+02 -0.39671E+02
 -0.40402E+02 -0.36506E+02 -0.30599E+02 -0.24813E+02 -0.19981E+02 -0.15806E+02
 -0.10756E+02 -0.59819E+01 -0.45649E+01 -0.75663E+01 -0.16665E+02 -0.29066E+02
 -0.34055E+02 -0.27205E+02 -0.14810E+02 -0.61310E+01 -0.78994E+01 -0.16301E+02
 -0.22433E+02 -0.23427E+02 -0.20431E+02 -0.14768E+02 -0.71362E+01  0.54031E+00
  0.17507E+01 -0.72669E+01 -0.20123E+02 -0.27564E+02 -0.26447E+02 -0.21005E+02
 -0.16426E+02 -0.11772E+02 -0.67610E+01 -0.62643E+01 -0.12914E+02 -0.22489E+02
 -0.27278E+02 -0.24560E+02 -0.20416E+02 -0.21462E+02 -0.27111E+02 -0.32806E+02
 -0.35758E+02 -0.34952E+02 -0.29556E+02 -0.21163E+02 -0.16809E+02 -0.20927E+02
 -0.28944E+02 -0.33095E+02 -0.29975E+02 -0.26090E+02 -0.31537E+02 -0.44901E+02
 -0.55917E+02 -0.59676E+02 -0.58112E+02 -0.55297E+02 -0.54893E+02 -0.55243E+02
 -0.52570E+02 -0.45403E+02 -0.33415E+02 -0.21403E+02 -0.18400E+02 -0.27547E+02
 -0.42462E+02 -0.51254E+02 -0.49916E+02 -0.48126E+02 -0.51552E+02 -0.55165E+02
 -0.53362E+02 -0.45239E+02 -0.39395E+02 -0.45270E+02 -0.59590E+02 -0.70965E+02
 -0.71260E+02 -0.62339E+02 -0.53815E+02 -0.53828E+02 -0.64686E+02 -0.80863E+02
 -0.90016E+02 -0.83454E+02 -0.64171E+02 -0.45525E+02 -0.45832E+02 -0.70524E+02
 -0.10116E+03 -0.11602E+03 -0.11040E+03 -0.94930E+02 -0.87372E+02 -0.94857E+02
 -0.10920E+03 -0.12086E+03 -0.12419E+03 -0.12183E+03 -0.12162E+03 -0.12771E+03
 -0.14195E+03 -0.15843E+03 -0.16588E+03 -0.16013E+03 -0.14646E+03 -0.13718E+03
 -0.13728E+03 -0.13741E+03 -0.13774E+03 -0.15027E+03 -0.17284E+03 -0.19226E+03
 -0.20132E+03 -0.19920E+03 -0.18931E+03 -0.17184E+03 -0.14545E+03 -0.11592E+03
 -0.93475E+02 -0.87982E+02 -0.92054E+02 -0.85382E+02 -0.71455E+02 -0.67969E+02
 -0.74304E+02 -0.78695E+02 -0.72707E+02 -0.56072E+02 -0.41959E+02 -0.41106E+02
 -0.47510E+02 -0.53581E+02 -0.60528E+02 -0.71720E+02 -0.90998E+02 -0.12365E+03
 -0.16762E+03 -0.20768E+03 -0.22553E+03 -0.21357E+03 -0.18609E+03 -0.16671E+03
 -0.15451E+03 -0.12436E+03 -0.64674E+02  0.50197E+01  0.56706E+02  0.83946E+02
  0.10262E+03  0.12496E+03  0.14844E+03  0.17019E+03  0.18894E+03  0.19818E+03
  0.19421E+03  0.17996E+03  0.16188E+03  0.14454E+03  0.12031E+03  0.78909E+02
  0.28752E+02 -0.16688E+02 -0.62807E+02 -0.11431E+03 -0.16363E+03 -0.20283E+03
 -0.22158E+03 -0.21787E+03 -0.20500E+03 -0.19771E+03 -0.20057E+03 -0.19533E+03
 -0.16275E+03 -0.11193E+03 -0.54468E+02  0.72373E+01  0.61502E+02  0.10391E+03
  0.14721E+03  0.19775E+03  0.24451E+03  0.27254E+03  0.27564E+03  0.26108E+03
  0.23931E+03  0.20304E+03  0.14085E+03  0.58693E+02 -0.28979E+02 -0.10865E+03
 -0.16939E+03 -0.19949E+03 -0.20423E+03 -0.21013E+03 -0.23194E+03 -0.26425E+03
 -0.29712E+03 -0.31712E+03 -0.31462E+03 -0.29871E+03 -0.28086E+03 -0.25944E+03
 -0.23350E+03 -0.20489E+03 -0.16676E+03 -0.10003E+03  0.11855E+02  0.12308E+03
  0.17302E+03  0.18982E+03  0.19937E+03  0.18664E+03  0.15968E+03  0.14056E+03
  0.14472E+03  0.16272E+03  0.17549E+03  0.17868E+03  0.17216E+03  0.15199E+03
  0.10549E+03  0.37696E+02 -0.21205E+02 -0.67341E+02 -0.11709E+03 -0.16567E+03
 -0.19815E+03 -0.19679E+03 -0.14368E+03 -0.57488E+02  0.22500E+02  0.72949E+02
  0.90617E+02  0.90764E+02  0.75277E+02  0.51443E+02  0.23009E+02 -0.34081E+02
 -0.10315E+03 -0.14180E+03 -0.14204E+03 -0.12643E+03 -0.12144E+03 -0.12290E+03
 -0.11118E+03 -0.85460E+02 -0.62933E+02 -0.57141E+02 -0.60557E+02 -0.57750E+02
 -0.35256E+02  0.12516E+02  0.92072E+02  0.21952E+03  0.37049E+03  0.49631E+03
  0.57982E+03  0.62840E+03  0.66109E+03  0.68721E+03  0.69764E+03  0.67105E+03
  0.60396E+03  0.53379E+03  0.47487E+03  0.41103E+03  0.34439E+03  0.29890E+03
  0.30143E+03  0.33685E+03  0.37489E+03  0.39474E+03  0.37494E+03  0.34347E+03
  0.35337E+03  0.38800E+03  0.38981E+03  0.37285E+03  0.38097E+03  0.43846E+03
  0.55960E+03  0.70286E+03  0.80078E+03  0.82592E+03  0.80063E+03  0.78863E+03
  0.81126E+03  0.81029E+03  0.75406E+03  0.66105E+03  0.55767E+03  0.48188E+03
  0.45665E+03  0.46252E+03  0.46964E+03  0.46058E+03  0.42735E+03  0.37998E+03
  0.30691E+03  0.18622E+03  0.42978E+02 -0.56604E+02 -0.71036E+02 -0.42214E+02
 -0.30540E+02 -0.44739E+02 -0.57410E+02 -0.94400E+01  0.13424E+03  0.28137E+03
  0.31795E+03  0.26413E+03  0.18566E+03  0.10013E+03  0.17604E+01 -0.97263E+02
 -0.13745E+03 -0.92172E+02 -0.11671E+01  0.94165E+02  0.16518E+03  0.19481E+03
  0.18977E+03  0.16604E+03  0.12098E+03  0.46641E+02 -0.55593E+02 -0.15488E+03
 -0.19061E+03 -0.12885E+03  0.26063E+02  0.23756E+03  0.43937E+03  0.59182E+03
  0.69914E+03  0.78666E+03  0.85711E+03  0.86746E+03  0.77534E+03  0.57334E+03
  0.32902E+03  0.15852E+03  0.90128E+02  0.67232E+02  0.28574E+02 -0.54744E+02
 -0.16437E+03 -0.28077E+03 -0.37887E+03 -0.44609E+03 -0.51343E+03 -0.56504E+03
 -0.54507E+03 -0.45570E+03 -0.36273E+03 -0.30878E+03 -0.25437E+03 -0.18646E+03
 -0.13999E+03 -0.14503E+03 -0.23538E+03 -0.39197E+03 -0.54858E+03 -0.62938E+03
 -0.59655E+03 -0.53389E+03 -0.52409E+03 -0.55168E+03 -0.62037E+03 -0.69870E+03
 -0.72031E+03 -0.69792E+03 -0.67171E+03 -0.68749E+03 -0.76065E+03 -0.84208E+03
 -0.91158E+03 -0.97316E+03 -0.97085E+03 -0.91312E+03 -0.88051E+03 -0.88510E+03
 -0.88796E+03 -0.83707E+03 -0.72036E+03 -0.59900E+03 -0.54132E+03 -0.54115E+03
 -0.53823E+03 -0.50808E+03 -0.48392E+03 -0.45882E+03 -0.39395E+03 -0.33295E+03
 -0.31297E+03 -0.29889E+03 -0.28282E+03 -0.28623E+03 -0.28788E+03 -0.26812E+03
 -0.26163E+03 -0.30275E+03 -0.40002E+03 -0.53687E+03 -0.63330E+03 -0.62532E+03
 -0.55594E+03 -0.46009E+03 -0.34836E+03 -0.26058E+03 -0.19469E+03 -0.13768E+03
 -0.12494E+03 -0.14634E+03 -0.14216E+03 -0.11561E+03 -0.10322E+03 -0.11267E+03
 -0.12282E+03 -0.10707E+03 -0.59456E+02  0.22536E+02  0.13080E+03  0.18906E+03
  0.15497E+03  0.11066E+03  0.90948E+02  0.50198E+02  0.59965E+01  0.43772E+01
  0.28009E+02  0.69445E+02  0.13528E+03  0.18254E+03  0.20827E+03  0.26800E+03
  0.37391E+03  0.47938E+03  0.54247E+03  0.56433E+03  0.55685E+03  0.51580E+03
  0.44012E+03  0.34710E+03  0.24934E+03  0.15780E+03  0.10336E+03  0.82952E+02
  0.57680E+02  0.76169E+01 -0.62093E+02 -0.12631E+03 -0.17847E+03 -0.21623E+03
 -0.21898E+03 -0.17132E+03 -0.86067E+02  0.26389E+02  0.15001E+03  0.22634E+03
  0.26108E+03  0.31924E+03  0.41986E+03  0.54378E+03  0.64111E+03  0.67686E+03
  0.66579E+03  0.62905E+03  0.58151E+03  0.53418E+03  0.47641E+03  0.40362E+03
  0.33499E+03  0.28575E+03  0.24998E+03  0.21108E+03  0.15611E+03  0.94512E+02
  0.49398E+02  0.38714E+02  0.58138E+02  0.93854E+02  0.12634E+03  0.11221E+03
  0.52842E+02  0.11326E+03  0.25674E+03  0.28549E+03  0.24287E+03  0.24062E+03
  0.25476E+03  0.25966E+03  0.29078E+03  0.31882E+03  0.38845E+03  0.48594E+03
  0.51414E+03  0.50556E+03  0.50059E+03  0.43671E+03  0.33259E+03  0.26196E+03
  0.18320E+03  0.23640E+02 -0.18387E+03 -0.35659E+03 -0.46058E+03 -0.49659E+03
 -0.45717E+03 -0.38726E+03 -0.34911E+03 -0.37750E+03 -0.47655E+03 -0.59357E+03
 -0.65698E+03 -0.66687E+03 -0.67956E+03 -0.69119E+03 -0.68355E+03 -0.63982E+03
 -0.53012E+03 -0.36209E+03 -0.17016E+03 -0.27223E+01  0.75663E+02  0.41980E+02
 -0.51134E+02 -0.15367E+03 -0.21985E+03 -0.21493E+03 -0.13378E+03 -0.18255E+02
  0.64667E+02  0.12603E+03  0.18381E+03  0.22160E+03  0.25387E+03  0.29465E+03
  0.37453E+03  0.49382E+03  0.60387E+03  0.67595E+03  0.69842E+03  0.69958E+03
  0.66445E+03  0.52472E+03  0.30471E+03  0.72573E+02 -0.12858E+03 -0.24735E+03
 -0.28367E+03 -0.30925E+03 -0.32458E+03 -0.28450E+03 -0.20362E+03 -0.10006E+03
  0.92639E+00  0.59109E+02  0.73560E+02  0.71713E+02  0.93750E+02  0.15367E+03
  0.22095E+03  0.29756E+03  0.36504E+03  0.37868E+03  0.33209E+03  0.20979E+03
  0.58552E+02 -0.33679E+02 -0.82357E+02 -0.14206E+03 -0.24537E+03 -0.39692E+03
 -0.54673E+03 -0.65344E+03 -0.69995E+03 -0.68349E+03 -0.63867E+03 -0.60898E+03
 -0.59299E+03 -0.57825E+03 -0.55704E+03 -0.50016E+03 -0.40948E+03 -0.30954E+03
 -0.18868E+03 -0.57860E+02  0.20928E+02  0.38812E+02  0.10923E+02 -0.57409E+02
 -0.10646E+03 -0.10603E+03 -0.53033E+02  0.53005E+02  0.15806E+03  0.22480E+03
  0.25987E+03  0.28600E+03  0.31625E+03  0.33443E+03  0.32869E+03  0.29824E+03
  0.25597E+03  0.22081E+03  0.18530E+03  0.17868E+03  0.24399E+03  0.33226E+03
  0.37777E+03  0.38709E+03  0.37749E+03  0.34301E+03  0.30121E+03  0.26246E+03
  0.21034E+03  0.15912E+03  0.88954E+02 -0.47935E+02 -0.20724E+03 -0.33551E+03
 -0.43072E+03 -0.46666E+03 -0.44054E+03 -0.40923E+03 -0.38640E+03 -0.36115E+03
 -0.34164E+03 -0.31280E+03 -0.26645E+03 -0.21596E+03 -0.16792E+03 -0.13463E+03
 -0.12229E+03 -0.13597E+03 -0.18065E+03 -0.24310E+03 -0.31218E+03 -0.35205E+03
 -0.35343E+03 -0.36287E+03 -0.38640E+03 -0.41784E+03 -0.45718E+03 -0.45227E+03
 -0.38727E+03 -0.30711E+03 -0.20663E+03 -0.11250E+03 -0.64354E+02 -0.88811E+01
  0.55515E+02  0.99087E+02  0.15375E+03  0.18694E+03  0.15474E+03  0.83955E+02
  0.50276E+01 -0.32159E+02 -0.19059E+02  0.13095E+02  0.77824E+02  0.14153E+03
  0.12997E+03  0.75837E+02  0.54793E+02  0.63116E+02  0.92751E+02  0.13620E+03
  0.16456E+03  0.20056E+03  0.25418E+03  0.31377E+03  0.41597E+03  0.54922E+03
  0.65527E+03  0.70917E+03  0.69394E+03  0.61752E+03  0.51863E+03  0.41975E+03
  0.34952E+03  0.31274E+03  0.28104E+03  0.25602E+03  0.22467E+03  0.17189E+03
  0.15012E+03  0.18247E+03  0.20337E+03  0.17542E+03  0.11912E+03  0.32586E+02
 -0.11026E+03 -0.25613E+03 -0.33675E+03 -0.38454E+03 -0.41137E+03 -0.40426E+03
 -0.37856E+03 -0.35398E+03 -0.34831E+03 -0.31599E+03 -0.21371E+03 -0.99575E+02
 -0.31954E+02  0.43488E+01  0.23561E+02  0.59234E+02  0.14346E+03  0.25046E+03
  0.34838E+03  0.37515E+03  0.30006E+03  0.18385E+03  0.71121E+02  0.16334E+02
  0.53655E+02  0.10006E+03  0.71595E+02 -0.32056E+02 -0.17713E+03 -0.32870E+03
 -0.43145E+03 -0.46697E+03 -0.44910E+03 -0.38675E+03 -0.33057E+03 -0.27919E+03
 -0.19938E+03 -0.11756E+03 -0.26460E+02  0.85291E+02  0.18195E+03  0.24064E+03
  0.25090E+03  0.22017E+03  0.18032E+03  0.15488E+03  0.14144E+03  0.14561E+03
  0.16862E+03  0.17789E+03  0.17219E+03  0.14677E+03  0.86861E+02  0.23709E+02
 -0.10175E+02 -0.23332E+02 -0.53821E+02 -0.10451E+03 -0.13565E+03 -0.11747E+03
 -0.59041E+02  0.14141E+02  0.74074E+02  0.11561E+03  0.15327E+03  0.17960E+03
  0.18294E+03  0.15214E+03  0.10181E+03  0.67904E+02  0.71284E+02  0.10460E+03
  0.13681E+03  0.15167E+03  0.15803E+03  0.17162E+03  0.20256E+03  0.24148E+03
  0.24989E+03  0.22975E+03  0.21102E+03  0.16023E+03  0.66348E+02 -0.37099E+02
 -0.13274E+03 -0.19656E+03 -0.20629E+03 -0.16704E+03 -0.11780E+03 -0.91270E+02
 -0.97527E+02 -0.13238E+03 -0.16142E+03 -0.16460E+03 -0.15249E+03 -0.13624E+03
 -0.14013E+03 -0.18934E+03 -0.27101E+03 -0.33173E+03 -0.31029E+03 -0.19000E+03
 -0.23343E+02  0.11948E+03  0.20819E+03  0.23826E+03  0.21040E+03  0.14764E+03
  0.81818E+02  0.24443E+02 -0.16024E+02 -0.27662E+02 -0.15917E+02  0.24247E+02
  0.10415E+03  0.19708E+03  0.26063E+03  0.28190E+03  0.27187E+03  0.24133E+03
  0.20310E+03  0.17801E+03  0.17561E+03  0.16688E+03  0.12766E+03  0.81148E+02
  0.59132E+02  0.70835E+02  0.10292E+03  0.13072E+03  0.12321E+03  0.77801E+02
  0.26912E+02 -0.20743E+02 -0.51563E+02 -0.41365E+02 -0.87087E+01  0.25000E+02
  0.46726E+02  0.41856E+02  0.27729E+02  0.27142E+02  0.43790E+02  0.68926E+02
  0.90561E+02  0.10347E+03  0.92307E+02  0.39972E+02 -0.32086E+02 -0.85291E+02
 -0.12291E+03 -0.15368E+03 -0.16332E+03 -0.16349E+03 -0.17316E+03 -0.18993E+03
 -0.20548E+03 -0.20868E+03 -0.18999E+03 -0.14696E+03 -0.82516E+02 -0.17480E+02
  0.27731E+02  0.47393E+02  0.41598E+02  0.30994E+02  0.36348E+02  0.62176E+02
  0.10746E+03  0.14770E+03  0.14874E+03  0.11738E+03  0.71479E+02  0.18099E+02
 -0.20602E+02 -0.53615E+02 -0.93875E+02 -0.12107E+03 -0.12921E+03 -0.10770E+03
 -0.63247E+02 -0.36629E+02 -0.33524E+02 -0.43822E+02 -0.69816E+02 -0.94127E+02
 -0.11210E+03 -0.13868E+03 -0.16591E+03 -0.17315E+03 -0.14374E+03 -0.82598E+02
 -0.13222E+02  0.44624E+02  0.78552E+02  0.98741E+02  0.12214E+03  0.13691E+03
  0.13940E+03  0.14919E+03  0.15663E+03  0.14308E+03  0.11429E+03  0.76382E+02
  0.36372E+02  0.56427E+01 -0.10888E+02 -0.18237E+02 -0.24786E+02 -0.31248E+02
 -0.38875E+02 -0.58645E+02 -0.88308E+02 -0.11365E+03 -0.12621E+03 -0.11201E+03
 -0.79895E+02 -0.53880E+02 -0.32908E+02 -0.22994E+02 -0.32115E+02 -0.45521E+02
 -0.61507E+02 -0.85129E+02 -0.10222E+03 -0.10670E+03 -0.99063E+02 -0.82154E+02
 -0.71988E+02 -0.68715E+02 -0.65835E+02 -0.68052E+02 -0.65140E+02 -0.49595E+02
 -0.29967E+02 -0.87285E+01  0.66716E+01  0.63836E+01 -0.30055E+01 -0.10834E+02
 -0.13644E+02 -0.13092E+02 -0.11109E+02 -0.12316E+02 -0.24590E+02 -0.46511E+02
 -0.70607E+02 -0.91125E+02 -0.10094E+03 -0.10077E+03 -0.92599E+02 -0.72443E+02
 -0.42820E+02 -0.72404E+01  0.29536E+02  0.55126E+02  0.62159E+02  0.57079E+02
  0.49560E+02  0.45841E+02  0.48945E+02  0.51690E+02  0.46731E+02  0.33729E+02
  0.14564E+02 -0.70181E+01 -0.27928E+02 -0.43829E+02 -0.53632E+02 -0.59390E+02
 -0.59199E+02 -0.52993E+02 -0.45469E+02 -0.41439E+02 -0.41906E+02 -0.44443E+02
 -0.49003E+02 -0.58274E+02 -0.68198E+02 -0.71013E+02 -0.68015E+02 -0.60334E+02
 -0.42468E+02 -0.19427E+02 -0.24063E+01  0.70017E+01  0.98443E+01  0.87136E+01
  0.79464E+01  0.52135E+01  0.18752E+01  0.88597E+00 -0.10685E+01 -0.30151E+01
 -0.42182E+01 -0.59793E+01 -0.54037E+01 -0.38678E+01 -0.51901E+01 -0.73730E+01
 -0.96520E+01 -0.10358E+02 -0.32569E+01  0.11509E+02  0.28292E+02  0.42409E+02
  0.48318E+02  0.45440E+02  0.40483E+02  0.36012E+02  0.30576E+02  0.24723E+02
  0.20920E+02  0.21986E+02  0.26858E+02  0.30572E+02  0.30251E+02  0.29029E+02
  0.30710E+02  0.36237E+02  0.43275E+02  0.46770E+02  0.46285E+02  0.44777E+02
  0.44427E+02  0.46544E+02  0.48776E+02  0.46810E+02  0.39115E+02  0.26847E+02
  0.13706E+02  0.54652E+01  0.26021E+01 -0.25845E+00 -0.59177E+01 -0.13010E+02
 -0.19202E+02 -0.23089E+02 -0.24577E+02 -0.23195E+02 -0.18998E+02 -0.14243E+02
 -0.11866E+02 -0.13506E+02 -0.17857E+02 -0.22857E+02 -0.28538E+02 -0.34230E+02
 -0.37520E+02 -0.36573E+02 -0.32409E+02 -0.28465E+02 -0.26545E+02 -0.26307E+02
 -0.26188E+02 -0.25273E+02 -0.23568E+02 -0.20561E+02 -0.16893E+02 -0.12645E+02
 -0.68908E+01 -0.43452E+00  0.52248E+01  0.10402E+02  0.15616E+02  0.19549E+02
  0.21113E+02  0.20040E+02  0.17123E+02  0.13119E+02  0.82463E+01  0.39888E+01
  0.11794E+01 -0.76529E+00 -0.26163E+01 -0.51498E+01 -0.89774E+01 -0.13392E+02
 -0.16545E+02 -0.17687E+02 -0.16060E+02 -0.10635E+02 -0.24925E+01  0.59309E+01
  0.12910E+02  0.18027E+02  0.21856E+02  0.25983E+02  0.30208E+02  0.32583E+02
  0.32938E+02  0.30913E+02  0.26975E+02  0.23579E+02  0.21963E+02  0.22161E+02
  0.23557E+02  0.24188E+02  0.22696E+02  0.19565E+02  0.14911E+02  0.88853E+01
  0.32456E+01 -0.99842E+00 -0.45064E+01 -0.77159E+01 -0.10579E+02 -0.12925E+02
 -0.14190E+02 -0.14031E+02 -0.13049E+02 -0.11775E+02 -0.97172E+01 -0.65687E+01
 -0.30171E+01  0.76650E+00  0.48049E+01  0.88532E+01  0.13419E+02  0.18881E+02
  0.23566E+02  0.25237E+02  0.24859E+02  0.23990E+02  0.22585E+02  0.20849E+02
  0.18484E+02  0.15289E+02  0.11979E+02  0.91300E+01  0.74401E+01  0.67137E+01
  0.53473E+01  0.29269E+01  0.67954E+00 -0.10919E+01 -0.25377E+01 -0.30544E+01
 -0.21896E+01  0.65904E-01  0.30032E+01  0.62519E+01  0.10429E+02  0.15204E+02
  0.19342E+02  0.21850E+02  0.22541E+02  0.22279E+02  0.22202E+02  0.22821E+02
  0.23905E+02  0.25170E+02  0.26487E+02  0.27280E+02  0.26435E+02  0.23598E+02
  0.20140E+02  0.17005E+02  0.14131E+02  0.11508E+02  0.91312E+01  0.71111E+01
  0.51308E+01  0.33482E+01  0.22468E+01  0.11957E+01 -0.60564E+00 -0.29947E+01
 -0.52366E+01 -0.65211E+01 -0.65593E+01 -0.56457E+01 -0.39313E+01 -0.21448E+01
 -0.14261E+01 -0.15301E+01 -0.14982E+01 -0.15823E+01 -0.18973E+01 -0.15711E+01
 -0.47667E+00  0.10341E+01  0.26060E+01  0.36526E+01  0.38693E+01  0.34696E+01
  0.30540E+01  0.25215E+01  0.15002E+01 -0.21815E+00 -0.26983E+01 -0.51229E+01
 -0.71363E+01 -0.85437E+01 -0.89413E+01 -0.88314E+01 -0.89129E+01 -0.94408E+01
 -0.10525E+02 -0.12227E+02 -0.14040E+02 -0.15556E+02 -0.16730E+02 -0.17156E+02
 -0.16845E+02 -0.16280E+02 -0.15356E+02 -0.13919E+02 -0.12564E+02 -0.11189E+02
 -0.90080E+01 -0.64553E+01 -0.39963E+01 -0.15945E+01  0.57367E+00  0.24503E+01
  0.39092E+01  0.47745E+01  0.49162E+01  0.41005E+01  0.22856E+01  0.84139E-01
 -0.20407E+01 -0.40767E+01 -0.58920E+01 -0.76704E+01 -0.93492E+01 -0.10480E+02
 -0.11025E+02 -0.11293E+02 -0.11545E+02 -0.11879E+02 -0.12396E+02 -0.12903E+02
 -0.13142E+02 -0.12888E+02 -0.11927E+02 -0.10307E+02 -0.77746E+01 -0.44672E+01
 -0.12156E+01  0.15774E+01  0.38571E+01  0.57718E+01  0.74198E+01  0.85199E+01
  0.87782E+01  0.82489E+01  0.73868E+01  0.67831E+01  0.66513E+01  0.65217E+01
  0.59011E+01  0.45702E+01  0.24940E+01  0.32987E-01 -0.24881E+01 -0.47853E+01
 -0.64926E+01 -0.77686E+01 -0.89194E+01 -0.96424E+01 -0.95971E+01 -0.90537E+01
 -0.82525E+01 -0.73291E+01 -0.66413E+01 -0.62054E+01 -0.57990E+01 -0.53242E+01
 -0.45992E+01 -0.36192E+01 -0.23164E+01 -0.57714E+00  0.11946E+01  0.27463E+01
  0.42105E+01  0.55021E+01  0.62847E+01  0.63061E+01  0.58290E+01  0.55182E+01
  0.56478E+01  0.60547E+01  0.65588E+01  0.69975E+01  0.74168E+01  0.80651E+01
  0.89443E+01  0.97024E+01  0.10049E+02  0.10076E+02  0.10098E+02  0.10245E+02
  0.10215E+02  0.97564E+01  0.90110E+01  0.83128E+01  0.79455E+01  0.78327E+01
  0.78656E+01  0.80148E+01  0.81624E+01  0.81872E+01  0.80762E+01  0.77242E+01
  0.69509E+01  0.60410E+01  0.52551E+01  0.45880E+01  0.40018E+01  0.33255E+01
  0.27017E+01  0.24220E+01  0.24084E+01  0.24421E+01  0.25985E+01  0.29285E+01
  0.31890E+01  0.30261E+01  0.23788E+01  0.14249E+01  0.90152E-01 -0.16574E+01
 -0.36269E+01 -0.56473E+01 -0.74046E+01 -0.87620E+01 -0.97968E+01 -0.10567E+02
 -0.11215E+02 -0.11521E+02 -0.11104E+02 -0.10215E+02 -0.92423E+01 -0.83685E+01
 -0.77312E+01 -0.72235E+01 -0.66629E+01 -0.60072E+01 -0.52129E+01 -0.42926E+01
 -0.33135E+01 -0.23940E+01 -0.15580E+01 -0.82599E+00 -0.24559E+00  0.16067E+00
  0.51840E+00  0.10173E+01  0.15420E+01  0.20285E+01  0.25573E+01  0.29267E+01
  0.30198E+01  0.29013E+01  0.25849E+01  0.20546E+01  0.14040E+01  0.68929E+00
 -0.18027E-01 -0.52396E+00 -0.61999E+00 -0.41910E+00 -0.24670E+00 -0.24727E+00
 -0.50607E+00 -0.10582E+01 -0.17703E+01 -0.26427E+01 -0.36115E+01 -0.44311E+01
 -0.49723E+01 -0.52188E+01 -0.52136E+01 -0.50509E+01 -0.47667E+01 -0.45172E+01
 -0.45074E+01 -0.48782E+01 -0.56496E+01 -0.67523E+01 -0.79355E+01 -0.89271E+01
 -0.98024E+01 -0.10703E+02 -0.11592E+02 -0.12420E+02 -0.13068E+02 -0.13334E+02
 -0.13127E+02 -0.12615E+02 -0.12073E+02 -0.11679E+02 -0.11452E+02 -0.11289E+02
 -0.11067E+02 -0.10835E+02 -0.10644E+02 -0.10418E+02 -0.10059E+02 -0.95433E+01
 -0.88226E+01 -0.78048E+01 -0.64784E+01 -0.50796E+01 -0.37615E+01 -0.23966E+01
 -0.10679E+01 -0.30262E-01  0.79394E+00  0.16080E+01  0.24388E+01  0.31987E+01
  0.38190E+01  0.44098E+01  0.50425E+01  0.55854E+01  0.61279E+01  0.66512E+01
  0.70040E+01  0.72538E+01  0.74774E+01  0.75850E+01  0.75852E+01  0.75524E+01
  0.74791E+01  0.74234E+01  0.74710E+01  0.75715E+01  0.76271E+01  0.76037E+01
  0.75435E+01  0.74250E+01  0.72320E+01  0.70666E+01  0.69861E+01  0.69206E+01
  0.67727E+01  0.64835E+01  0.60497E+01  0.54785E+01  0.48926E+01  0.43080E+01
  0.36373E+01  0.28809E+01  0.20316E+01  0.11373E+01  0.29479E+00 -0.56541E+00
 -0.15147E+01 -0.25867E+01 -0.38530E+01 -0.52252E+01 -0.64620E+01 -0.75090E+01
 -0.83833E+01 -0.90978E+01 -0.96414E+01 -0.10051E+02 -0.10392E+02 -0.10615E+02
 -0.10649E+02 -0.10471E+02 -0.10167E+02 -0.99041E+01 -0.96503E+01 -0.92769E+01
 -0.87314E+01 -0.79857E+01 -0.70352E+01 -0.58983E+01 -0.46228E+01 -0.33595E+01
 -0.21566E+01 -0.10847E+01 -0.14355E+00  0.71042E+00  0.14148E+01  0.21310E+01
  0.28592E+01  0.34301E+01  0.37989E+01  0.39179E+01  0.37918E+01  0.34865E+01
  0.31433E+01  0.27972E+01  0.23839E+01  0.18266E+01  0.11332E+01  0.38637E+00
 -0.28652E+00 -0.75512E+00 -0.95070E+00 -0.90212E+00 -0.72323E+00 -0.54702E+00
 -0.43614E+00 -0.37080E+00 -0.22450E+00  0.80187E-01  0.51386E+00  0.10155E+01
  0.15186E+01  0.19740E+01  0.23912E+01  0.26727E+01  0.28310E+01  0.30180E+01
  0.32919E+01  0.36227E+01  0.39628E+01  0.43011E+01  0.47066E+01  0.52030E+01
  0.57471E+01  0.63103E+01  0.68515E+01  0.74108E+01  0.80578E+01  0.86206E+01
  0.89376E+01  0.89936E+01  0.87040E+01  0.81225E+01  0.75547E+01  0.71365E+01
  0.68574E+01  0.66708E+01  0.65425E+01  0.64498E+01  0.62952E+01  0.59945E+01
  0.55848E+01  0.51363E+01  0.46665E+01  0.40937E+01  0.33672E+01  0.24940E+01
  0.15662E+01  0.66595E+00 -0.24275E+00 -0.11452E+01 -0.19552E+01 -0.25646E+01
 -0.29214E+01 -0.31746E+01 -0.34543E+01 -0.37774E+01 -0.40985E+01 -0.43409E+01
 -0.44267E+01 -0.43616E+01 -0.42144E+01 -0.40557E+01 -0.39672E+01 -0.40086E+01
 -0.41447E+01 -0.44017E+01 -0.47914E+01 -0.52081E+01 -0.56615E+01 -0.61750E+01
 -0.66288E+01 -0.69304E+01 -0.70904E+01 -0.71409E+01 -0.69783E+01 -0.65628E+01
 -0.60175E+01 -0.53943E+01 -0.46953E+01 -0.40026E+01 -0.33798E+01 -0.27842E+01
 -0.21188E+01 -0.14261E+01 -0.81904E+00 -0.23504E+00  0.40228E+00  0.97814E+00
  0.14413E+01  0.18218E+01  0.21600E+01  0.25372E+01  0.30045E+01  0.35491E+01
  0.41305E+01  0.46745E+01  0.50625E+01  0.51900E+01  0.51132E+01  0.49645E+01
  0.47954E+01  0.45628E+01  0.43167E+01  0.40941E+01  0.38432E+01  0.35946E+01
  0.33190E+01  0.29306E+01  0.24851E+01  0.20486E+01  0.16827E+01  0.13840E+01
  0.11348E+01  0.94953E+00  0.78146E+00  0.58069E+00  0.34173E+00  0.83743E-01
 -0.13850E+00 -0.31980E+00 -0.42679E+00 -0.40119E+00 -0.25751E+00 -0.42007E-02
  0.31543E+00  0.72012E+00  0.13578E+01  0.21129E+01  0.27417E+01  0.31541E+01
  0.34316E+01  0.36729E+01  0.37998E+01  0.37285E+01  0.35158E+01  0.32119E+01
  0.27855E+01  0.22582E+01  0.16969E+01  0.11025E+01  0.49533E+00 -0.98273E-01
 -0.65540E+00 -0.11769E+01 -0.16831E+01 -0.21441E+01 -0.24915E+01 -0.27181E+01
 -0.27881E+01 -0.26192E+01 -0.22343E+01 -0.16750E+01 -0.10433E+01 -0.54907E+00
 -0.20916E+00  0.26306E-01  0.15507E+00  0.16865E+00  0.11194E+00  0.14567E-01
 -0.60082E-01 -0.14142E-01  0.10309E+00  0.26338E+00  0.43747E+00  0.60318E+00
  0.83458E+00  0.10524E+01  0.11926E+01  0.11954E+01  0.10646E+01  0.87669E+00
  0.65164E+00  0.42941E+00  0.25809E+00  0.18653E+00  0.19394E+00  0.21858E+00
  0.27600E+00  0.35506E+00  0.41999E+00  0.46542E+00  0.46054E+00  0.38573E+00
  0.19565E+00 -0.14354E+00 -0.52305E+00 -0.91373E+00 -0.13333E+01 -0.17135E+01
 -0.20015E+01 -0.22510E+01 -0.24005E+01 -0.23231E+01 -0.20982E+01 -0.17815E+01
 -0.13279E+01 -0.71192E+00 -0.84078E-01  0.49455E+00  0.11451E+01  0.17758E+01
  0.23592E+01  0.28740E+01  0.32368E+01  0.34551E+01  0.34671E+01  0.32894E+01
  0.30664E+01  0.27922E+01  0.24076E+01  0.19240E+01  0.13523E+01  0.73825E+00
  0.16972E+00 -0.36417E+00 -0.85632E+00 -0.11984E+01 -0.14036E+01 -0.15226E+01
 -0.15304E+01 -0.14265E+01 -0.12008E+01 -0.84776E+00 -0.36002E+00  0.23984E+00
  0.92142E+00  0.16323E+01  0.22994E+01  0.29184E+01  0.35019E+01  0.40163E+01
  0.44133E+01  0.46220E+01  0.46144E+01  0.43939E+01  0.39886E+01  0.34454E+01
  0.28030E+01  0.21493E+01  0.15388E+01  0.90733E+00  0.28125E+00 -0.41146E+00
 -0.11885E+01 -0.18325E+01 -0.23106E+01 -0.26743E+01 -0.28949E+01 -0.29764E+01
 -0.29091E+01 -0.26982E+01 -0.24027E+01 -0.20672E+01 -0.16404E+01 -0.10980E+01
 -0.53295E+00 -0.77521E-01  0.28327E+00  0.59962E+00  0.85584E+00  0.10426E+01
  0.11635E+01  0.12086E+01  0.12086E+01  0.11506E+01  0.97470E+00  0.74786E+00
  0.53481E+00  0.35724E+00  0.17707E+00 -0.57869E-01 -0.20936E+00 -0.28014E+00
 -0.36759E+00 -0.39058E+00 -0.34027E+00 -0.27506E+00 -0.20717E+00 -0.17644E+00
 -0.84591E-01  0.67005E-01  0.19430E+00  0.30821E+00  0.41303E+00  0.50654E+00
  0.59529E+00  0.68977E+00  0.80674E+00  0.94794E+00  0.10854E+01  0.12457E+01
  0.14717E+01  0.16566E+01  0.18211E+01  0.20684E+01  0.23589E+01  0.26507E+01
  0.29376E+01  0.32028E+01  0.34368E+01  0.36222E+01  0.37757E+01  0.39032E+01
  0.39631E+01  0.39223E+01  0.37912E+01  0.35866E+01  0.33877E+01  0.31378E+01
  0.27248E+01  0.22756E+01  0.18369E+01  0.13946E+01  0.97999E+00  0.56841E+00
  0.21395E+00 -0.83367E-01 -0.34754E+00 -0.53075E+00 -0.61439E+00 -0.61655E+00
 -0.50497E+00 -0.30051E+00 -0.47054E-01  0.24380E+00  0.53478E+00  0.83282E+00
  0.11251E+01  0.13449E+01  0.14780E+01  0.15230E+01  0.14594E+01  0.13056E+01
  0.10638E+01  0.73680E+00  0.34408E+00 -0.13290E+00 -0.65583E+00 -0.11830E+01
 -0.16987E+01 -0.21815E+01 -0.26023E+01 -0.29493E+01 -0.32067E+01 -0.33756E+01
 -0.34507E+01 -0.34156E+01 -0.33131E+01 -0.31699E+01 -0.29083E+01 -0.25885E+01
 -0.23036E+01 -0.19578E+01 -0.15511E+01 -0.11943E+01 -0.89397E+00 -0.64577E+00
 -0.45008E+00 -0.30254E+00 -0.20834E+00 -0.18320E+00 -0.23236E+00 -0.33865E+00
 -0.46740E+00 -0.59721E+00 -0.72382E+00 -0.85865E+00 -0.98791E+00 -0.11015E+01
 -0.11831E+01 -0.12171E+01 -0.12010E+01 -0.11444E+01 -0.10440E+01 -0.90523E+00
 -0.73444E+00 -0.53394E+00 -0.30903E+00 -0.81876E-01  0.12592E+00  0.29507E+00
  0.42168E+00  0.50388E+00  0.53928E+00  0.52510E+00  0.47588E+00  0.38674E+00
  0.26467E+00  0.13456E+00  0.69309E-02 -0.10005E+00 -0.16822E+00 -0.19170E+00
 -0.16737E+00 -0.11816E+00 -0.43769E-01  0.56216E-01  0.16999E+00  0.28315E+00
  0.38163E+00  0.45101E+00  0.48565E+00  0.47523E+00  0.41561E+00  0.30343E+00
  0.14630E+00 -0.51605E-01 -0.29020E+00 -0.54833E+00 -0.80602E+00 -0.10663E+01
 -0.13029E+01 -0.15132E+01 -0.16907E+01 -0.18214E+01 -0.19001E+01 -0.19224E+01
 -0.18848E+01 -0.17917E+01 -0.16455E+01 -0.14544E+01 -0.12250E+01 -0.96973E+00
 -0.70237E+00 -0.44162E+00 -0.19884E+00  0.14141E-01  0.18187E+00  0.27584E+00
  0.27513E+00  0.18300E+00  0.26798E-01 -0.18180E+00 -0.44414E+00 -0.76407E+00
 -0.11269E+01 -0.15103E+01 -0.18895E+01 -0.22477E+01 -0.25650E+01 -0.28245E+01
 -0.30085E+01 -0.31076E+01 -0.31137E+01 -0.30265E+01 -0.28468E+01 -0.25835E+01
 -0.22464E+01 -0.18523E+01 -0.14172E+01 -0.96217E+00 -0.50601E+00 -0.70491E-01
  0.32699E+00  0.66781E+00  0.93939E+00  0.11295E+01  0.12330E+01  0.12460E+01
  0.11724E+01  0.10170E+01  0.79226E+00  0.51026E+00  0.18943E+00 -0.15358E+00
 -0.49844E+00 -0.82802E+00 -0.11244E+01 -0.13745E+01 -0.15664E+01 -0.16939E+01
 -0.17527E+01 -0.17449E+01 -0.16730E+01 -0.15458E+01 -0.13712E+01 -0.11618E+01
 -0.92862E+00 -0.68558E+00 -0.44379E+00 -0.21678E+00 -0.14178E-01  0.15264E+00
  0.27664E+00  0.34961E+00  0.36825E+00  0.32849E+00  0.23159E+00  0.78687E-01
 -0.12372E+00 -0.36937E+00 -0.64673E+00 -0.94524E+00 -0.12501E+01 -0.15487E+01
 -0.18259E+01 -0.20704E+01 -0.22704E+01 -0.24191E+01 -0.25108E+01 -0.25461E+01
 -0.25261E+01 -0.24588E+01 -0.23516E+01 -0.22171E+01 -0.20660E+01 -0.19118E+01
 -0.17643E+01 -0.16342E+01 -0.15270E+01 -0.14478E+01 -0.13963E+01 -0.13722E+01
 -0.13701E+01 -0.13859E+01 -0.14120E+01 -0.14432E+01 -0.14723E+01 -0.14962E+01
 -0.15099E+01 -0.15136E+01 -0.15055E+01 -0.14885E+01 -0.14633E+01 -0.14342E+01
 -0.14024E+01 -0.13719E+01 -0.13431E+01 -0.13185E+01 -0.12966E+01 -0.12780E+01
 -0.12598E+01 -0.12418E+01 -0.12205E+01 -0.11959E+01 -0.11652E+01 -0.11296E+01
 -0.10879E+01 -0.10427E+01 -0.99380E+00 -0.94449E+00 -0.89482E+00 -0.84718E+00
 -0.80067E+00 -0.75612E+00 -0.71085E+00 -0.66440E+00 -0.61281E+00 -0.55506E+00
 -0.48763E+00 -0.41091E+00 -0.32368E+00 -0.22852E+00 -0.12747E+00 -0.26085E-01
  0.71503E-01  0.15803E+00  0.22889E+00  0.27770E+00  0.30209E+00  0.29895E+00
  0.27008E+00  0.21686E+00  0.14552E+00  0.61526E-01 -0.26064E-01 -0.11034E+00
 -0.18234E+00 -0.23700E+00 -0.26874E+00 -0.27687E+00 -0.26092E+00 -0.22551E+00
 -0.17471E+00 -0.11664E+00 -0.57424E-01 -0.54449E-02  0.34514E-01  0.57042E-01
  0.61539E-01  0.47319E-01  0.18695E-01 -0.20867E-01 -0.64029E-01 -0.10559E+00
 -0.13809E+00 -0.15793E+00 -0.16054E+00 -0.14599E+00 -0.11405E+00 -0.68915E-01
 -0.13888E-01  0.44201E-01  0.10099E+00  0.14964E+00  0.18706E+00  0.20904E+00
  0.21562E+00  0.20616E+00  0.18420E+00  0.15215E+00  0.11576E+00  0.78672E-01
  0.46739E-01  0.22740E-01  0.10804E-01  0.11250E-01  0.25484E-01  0.51194E-01
  0.87370E-01  0.12991E+00  0.17692E+00  0.22415E+00  0.27028E+00  0.31247E+00
  0.35118E+00  0.38549E+00  0.41743E+00  0.44733E+00  0.47788E+00  0.50925E+00
  0.54318E+00  0.57827E+00  0.61453E+00  0.64864E+00  0.67900E+00  0.70131E+00
  0.71381E+00  0.71293E+00  0.69863E+00  0.66991E+00  0.62976E+00  0.58032E+00
  0.52759E+00  0.47612E+00  0.43324E+00  0.40378E+00  0.39413E+00  0.40686E+00
  0.44494E+00  0.50685E+00  0.59121E+00  0.69224E+00  0.80457E+00  0.91956E+00
  0.10303E+01  0.11279E+01  0.12067E+01  0.12605E+01  0.12875E+01  0.12859E+01
  0.12584E+01  0.12079E+01  0.11409E+01  0.10627E+01  0.98113E+00  0.90180E+00
  0.83118E+00  0.77235E+00  0.72887E+00  0.70049E+00  0.68746E+00  0.68686E+00
  0.69713E+00  0.71417E+00  0.73623E+00  0.75984E+00  0.78436E+00  0.80767E+00
  0.83040E+00  0.85166E+00  0.87266E+00  0.89269E+00  0.91280E+00  0.93173E+00
  0.94958E+00  0.96435E+00  0.97543E+00  0.98034E+00  0.97875E+00  0.96857E+00
  0.95022E+00  0.92284E+00  0.88837E+00  0.84725E+00  0.80265E+00  0.75614E+00
  0.71130E+00  0.66947E+00  0.63360E+00  0.60389E+00  0.58172E+00  0.56515E+00
  0.55377E+00  0.54415E+00  0.53452E+00  0.52104E+00  0.50199E+00  0.47457E+00
  0.43858E+00  0.39329E+00  0.34075E+00  0.28221E+00  0.22155E+00  0.16108E+00
  0.10503E+00  0.55225E-01  0.14736E-01 -0.16504E-01 -0.37710E-01 -0.51202E-01
 -0.58393E-01 -0.63492E-01 -0.69240E-01 -0.80285E-01 -0.99391E-01 -0.13040E+00
 -0.17442E+00 -0.23356E+00 -0.30669E+00 -0.39350E+00 -0.49075E+00 -0.59621E+00
 -0.70522E+00 -0.81440E+00 -0.91862E+00 -0.10146E+01 -0.10978E+01 -0.11661E+01
 -0.12161E+01 -0.12474E+01 -0.12577E+01 -0.12480E+01 -0.12179E+01 -0.11690E+01
 -0.11019E+01 -0.10191E+01 -0.92198E+00 -0.81367E+00 -0.69608E+00 -0.57304E+00
 -0.44702E+00 -0.32225E+00 -0.20140E+00 -0.88671E-01  0.13591E-01  0.10197E+00
  0.17541E+00  0.23214E+00  0.27296E+00  0.29811E+00  0.31050E+00  0.31248E+00
  0.30862E+00  0.30220E+00  0.29841E+00  0.30060E+00  0.31291E+00  0.33711E+00
  0.37528E+00  0.42682E+00  0.49103E+00  0.56445E+00  0.64432E+00  0.72548E+00
  0.80406E+00  0.87461E+00  0.93395E+00  0.97827E+00  0.10064E+01  0.10170E+01
  0.10116E+01  0.99122E+00  0.95943E+00  0.91860E+00  0.87279E+00  0.82437E+00
  0.77657E+00  0.73055E+00  0.68822E+00  0.64917E+00  0.61419E+00  0.58211E+00
  0.55318E+00  0.52626E+00  0.50195E+00  0.47935E+00  0.45936E+00  0.44126E+00
  0.42565E+00  0.41114E+00  0.39711E+00  0.38106E+00  0.36120E+00  0.33390E+00
  0.29692E+00  0.24692E+00  0.18272E+00  0.10277E+00  0.85326E-02 -0.98238E-01
 -0.21281E+00 -0.33037E+00 -0.44362E+00 -0.54615E+00 -0.63039E+00 -0.69107E+00
 -0.72290E+00 -0.72416E+00 -0.69378E+00 -0.63482E+00 -0.55082E+00 -0.44862E+00
 -0.33486E+00 -0.21808E+00 -0.10517E+00 -0.36061E-02  0.81862E-01  0.14657E+00
  0.18929E+00  0.20866E+00  0.20618E+00  0.18294E+00  0.14190E+00  0.85101E-01
  0.15771E-01 -0.64227E-01 -0.15172E+00 -0.24491E+00 -0.34045E+00 -0.43585E+00
 -0.52656E+00 -0.60891E+00 -0.67716E+00 -0.72653E+00 -0.75112E+00 -0.74692E+00
 -0.70949E+00 -0.63732E+00 -0.53008E+00 -0.39035E+00 -0.22223E+00 -0.33213E-01
  0.16868E+00  0.37275E+00  0.56940E+00  0.74778E+00  0.89956E+00  0.10166E+01
