  0.29202E+00  0.54634E+00  0.46178E+00  0.49170E+00  0.47817E+00  0.48492E+00
  0.47810E+00  0.48542E+00  0.47976E+00  0.48680E+00  0.48306E+00  0.48894E+00
  0.48638E+00  0.49092E+00  0.48854E+00  0.49129E+00  0.48800E+00  0.48847E+00
  0.48362E+00  0.48149E+00  0.47488E+00  0.47060E+00  0.46312E+00  0.45831E+00
  0.45214E+00  0.44990E+00  0.44895E+00  0.45395E+00  0.46337E+00  0.48128E+00
  0.50669E+00  0.54274E+00  0.58860E+00  0.64618E+00  0.71417E+00  0.79276E+00
  0.88006E+00  0.97439E+00  0.10730E+01  0.11728E+01  0.12706E+01  0.13622E+01
  0.14444E+01  0.15133E+01  0.15668E+01  0.16016E+01  0.16160E+01  0.16084E+01
  0.15849E+01  0.15518E+01  0.15161E+01  0.14774E+01  0.14374E+01  0.13941E+01
  0.13504E+01  0.13049E+01  0.12599E+01  0.12132E+01  0.11676E+01  0.11204E+01
  0.10746E+01  0.10275E+01  0.98159E+00  0.93426E+00  0.88844E+00  0.84085E+00
  0.79453E+00  0.74636E+00  0.69941E+00  0.65033E+00  0.60240E+00  0.55226E+00
  0.50325E+00  0.45167E+00  0.40123E+00  0.34824E+00  0.29635E+00  0.24185E+00
  0.18844E+00  0.13239E+00  0.77556E-01  0.20059E-01 -0.36113E-01 -0.94916E-01
 -0.15235E+00 -0.21236E+00 -0.27078E+00 -0.33175E+00 -0.39111E+00 -0.45301E+00
 -0.51313E+00 -0.57584E+00 -0.63673E+00 -0.70019E+00 -0.76174E+00 -0.82594E+00
 -0.88824E+00 -0.95324E+00 -0.10163E+01 -0.10823E+01 -0.11462E+01 -0.12131E+01
 -0.12781E+01 -0.13460E+01 -0.14118E+01 -0.14808E+01 -0.15476E+01 -0.16175E+01
 -0.16852E+01 -0.17559E+01 -0.18243E+01 -0.18955E+01 -0.19646E+01 -0.20363E+01
 -0.21057E+01 -0.21779E+01 -0.22476E+01 -0.23200E+01 -0.23901E+01 -0.24628E+01
 -0.25331E+01 -0.26063E+01 -0.26769E+01 -0.27505E+01 -0.28217E+01 -0.28958E+01
 -0.29675E+01 -0.30421E+01 -0.31144E+01 -0.31895E+01 -0.32622E+01 -0.33375E+01
 -0.34102E+01 -0.34857E+01 -0.35584E+01 -0.36339E+01 -0.37066E+01 -0.37820E+01
 -0.38544E+01 -0.39296E+01 -0.40019E+01 -0.40770E+01 -0.41490E+01 -0.42239E+01
 -0.42959E+01 -0.43706E+01 -0.44423E+01 -0.45166E+01 -0.45878E+01 -0.46617E+01
 -0.47324E+01 -0.48054E+01 -0.48751E+01 -0.49473E+01 -0.50158E+01 -0.50868E+01
 -0.51542E+01 -0.52239E+01 -0.52900E+01 -0.53585E+01 -0.54235E+01 -0.54908E+01
 -0.55544E+01 -0.56205E+01 -0.56829E+01 -0.57479E+01 -0.58091E+01 -0.58728E+01
 -0.59326E+01 -0.59949E+01 -0.60531E+01 -0.61136E+01 -0.61701E+01 -0.62288E+01
 -0.62833E+01 -0.63399E+01 -0.63922E+01 -0.64466E+01 -0.64966E+01 -0.65487E+01
 -0.65964E+01 -0.66459E+01 -0.66909E+01 -0.67379E+01 -0.67802E+01 -0.68245E+01
 -0.68643E+01 -0.69060E+01 -0.69434E+01 -0.69829E+01 -0.70183E+01 -0.70561E+01
 -0.70900E+01 -0.71266E+01 -0.71597E+01 -0.71953E+01 -0.72275E+01 -0.72615E+01
 -0.72927E+01 -0.73279E+01 -0.73590E+01 -0.73920E+01 -0.74203E+01 -0.74505E+01
 -0.74768E+01 -0.75057E+01 -0.75299E+01 -0.75561E+01 -0.75777E+01 -0.76019E+01
 -0.76214E+01 -0.76427E+01 -0.76593E+01 -0.76777E+01 -0.76921E+01 -0.77075E+01
 -0.77187E+01 -0.77317E+01 -0.77406E+01 -0.77519E+01 -0.77584E+01 -0.77682E+01
 -0.77739E+01 -0.77830E+01 -0.77874E+01 -0.77932E+01 -0.77942E+01 -0.77973E+01
 -0.77944E+01 -0.77935E+01 -0.77850E+01 -0.77771E+01 -0.77616E+01 -0.77466E+01
 -0.77244E+01 -0.77013E+01 -0.76711E+01 -0.76414E+01 -0.76046E+01 -0.75677E+01
 -0.75244E+01 -0.74812E+01 -0.74310E+01 -0.73817E+01 -0.73256E+01 -0.72696E+01
 -0.72069E+01 -0.71429E+01 -0.70706E+01 -0.69968E+01 -0.69149E+01 -0.68320E+01
 -0.67407E+01 -0.66485E+01 -0.65483E+01 -0.64480E+01 -0.63406E+01 -0.62339E+01
 -0.61210E+01 -0.60104E+01 -0.58952E+01 -0.57832E+01 -0.56668E+01 -0.55534E+01
 -0.54356E+01 -0.53213E+01 -0.52034E+01 -0.50895E+01 -0.49715E+01 -0.48557E+01
 -0.47341E+01 -0.46146E+01 -0.44901E+01 -0.43685E+01 -0.42422E+01 -0.41192E+01
 -0.39924E+01 -0.38701E+01 -0.37451E+01 -0.36259E+01 -0.35056E+01 -0.33918E+01
 -0.32773E+01 -0.31702E+01 -0.30626E+01 -0.29615E+01 -0.28590E+01 -0.27633E+01
 -0.26666E+01 -0.25767E+01 -0.24859E+01 -0.24015E+01 -0.23158E+01 -0.22371E+01
 -0.21575E+01 -0.20840E+01 -0.20081E+01 -0.19364E+01 -0.18604E+01 -0.17886E+01
 -0.17126E+01 -0.16395E+01 -0.15603E+01 -0.14828E+01 -0.13995E+01 -0.13189E+01
 -0.12339E+01 -0.11528E+01 -0.10677E+01 -0.98692E+00 -0.90378E+00 -0.82704E+00
 -0.74750E+00 -0.66994E+00 -0.58473E+00 -0.50030E+00 -0.40824E+00 -0.31531E+00
 -0.21176E+00 -0.10421E+00  0.15489E-01  0.13763E+00  0.26928E+00  0.40199E+00
  0.54371E+00  0.68511E+00  0.83161E+00  0.97293E+00  0.11170E+01  0.12567E+01
  0.14017E+01  0.15437E+01  0.16902E+01  0.18340E+01  0.19847E+01  0.21351E+01
  0.22955E+01  0.24584E+01  0.26328E+01  0.28111E+01  0.30009E+01  0.31931E+01
  0.33952E+01  0.35978E+01  0.38077E+01  0.40162E+01  0.42324E+01  0.44472E+01
  0.46679E+01  0.48857E+01  0.51079E+01  0.53259E+01  0.55465E+01  0.57592E+01
  0.59723E+01  0.61772E+01  0.63815E+01  0.65760E+01  0.67683E+01  0.69489E+01
  0.71262E+01  0.72929E+01  0.74571E+01  0.76123E+01  0.77669E+01  0.79143E+01
  0.80601E+01  0.81969E+01  0.83352E+01  0.84708E+01  0.86138E+01  0.87519E+01
  0.88933E+01  0.90285E+01  0.91660E+01  0.92963E+01  0.94255E+01  0.95449E+01
  0.96617E+01  0.97677E+01  0.98716E+01  0.99612E+01  0.10043E+02  0.10107E+02
  0.10171E+02  0.10231E+02  0.10312E+02  0.10406E+02  0.10492E+02  0.10511E+02
  0.10443E+02  0.10319E+02  0.10263E+02  0.10353E+02  0.10539E+02  0.10619E+02
  0.10489E+02  0.10314E+02  0.10449E+02  0.10962E+02  0.11478E+02  0.11522E+02
  0.11094E+02  0.10668E+02  0.10707E+02  0.11190E+02  0.11816E+02  0.12421E+02
  0.13127E+02  0.14010E+02  0.14911E+02  0.15504E+02  0.15618E+02  0.15283E+02
  0.14653E+02  0.13871E+02  0.13113E+02  0.12472E+02  0.11936E+02  0.11528E+02
  0.11611E+02  0.12644E+02  0.14557E+02  0.16445E+02  0.17307E+02  0.16974E+02
  0.16262E+02  0.16079E+02  0.16666E+02  0.17568E+02  0.18210E+02  0.18253E+02
  0.17734E+02  0.17018E+02  0.16665E+02  0.16953E+02  0.17594E+02  0.17909E+02
  0.17498E+02  0.16595E+02  0.15778E+02  0.15375E+02  0.15441E+02  0.16048E+02
  0.17278E+02  0.18719E+02  0.19485E+02  0.18973E+02  0.17632E+02  0.16575E+02
  0.16505E+02  0.17125E+02  0.17737E+02  0.17888E+02  0.17548E+02  0.16889E+02
  0.16270E+02  0.16166E+02  0.16904E+02  0.18180E+02  0.19086E+02  0.18778E+02
  0.17344E+02  0.15743E+02  0.14993E+02  0.15350E+02  0.16391E+02  0.17542E+02
  0.18423E+02  0.18792E+02  0.18587E+02  0.18050E+02  0.17808E+02  0.18291E+02
  0.19105E+02  0.19142E+02  0.17599E+02  0.14824E+02  0.12243E+02  0.11132E+02
  0.11781E+02  0.13646E+02  0.16071E+02  0.18624E+02  0.20946E+02  0.22493E+02
  0.22850E+02  0.22292E+02  0.21852E+02  0.22168E+02  0.22453E+02  0.20987E+02
  0.16969E+02  0.11808E+02  0.83568E+01  0.83815E+01  0.11214E+02  0.14642E+02
  0.17065E+02  0.18787E+02  0.20844E+02  0.23030E+02  0.24653E+02  0.25565E+02
  0.25548E+02  0.24286E+02  0.21393E+02  0.16667E+02  0.11852E+02  0.99152E+01
  0.12106E+02  0.16915E+02  0.21587E+02  0.23645E+02  0.22182E+02  0.18789E+02
  0.16463E+02  0.16943E+02  0.19065E+02  0.19295E+02  0.15451E+02  0.10253E+02
  0.82919E+01  0.10393E+02  0.14258E+02  0.17316E+02  0.18653E+02  0.19908E+02
  0.22323E+02  0.24495E+02  0.25126E+02  0.24923E+02  0.24761E+02  0.23656E+02
  0.19975E+02  0.14077E+02  0.82979E+01  0.51967E+01  0.63198E+01  0.10557E+02
  0.15243E+02  0.18178E+02  0.17741E+02  0.15236E+02  0.14920E+02  0.18242E+02
  0.22457E+02  0.24110E+02  0.21900E+02  0.17871E+02  0.14867E+02  0.12433E+02
  0.90493E+01  0.64169E+01  0.64926E+01  0.76550E+01  0.78410E+01  0.79401E+01
  0.10299E+02  0.16372E+02  0.24502E+02  0.29453E+02  0.29468E+02  0.27567E+02
  0.24584E+02  0.19426E+02  0.12982E+02  0.78048E+01  0.53725E+01  0.35947E+01
 -0.31855E+00 -0.41412E+01 -0.28169E+01  0.37508E+01  0.92211E+01  0.77855E+01
  0.27177E+01  0.19580E+01  0.72034E+01  0.14625E+02  0.21374E+02  0.26629E+02
  0.29780E+02  0.29801E+02  0.25836E+02  0.19468E+02  0.14114E+02  0.94721E+01
  0.23525E+01 -0.65941E+01 -0.12501E+02 -0.13300E+02 -0.12761E+02 -0.14393E+02
 -0.14543E+02 -0.70262E+01  0.62587E+01  0.16676E+02  0.19234E+02  0.16392E+02
  0.14580E+02  0.17153E+02  0.20206E+02  0.19028E+02  0.14272E+02  0.69683E+01
 -0.37313E+01 -0.16150E+02 -0.25651E+02 -0.28079E+02 -0.22490E+02 -0.12454E+02
 -0.30780E+01  0.33623E+01  0.67970E+01  0.80858E+01  0.98328E+01  0.13318E+02
  0.16309E+02  0.15155E+02  0.75970E+01 -0.43117E+01 -0.14686E+02 -0.19996E+02
 -0.21854E+02 -0.22830E+02 -0.22939E+02 -0.21229E+02 -0.18464E+02 -0.16442E+02
 -0.14830E+02 -0.11152E+02 -0.47232E+01  0.17654E+01  0.49995E+01  0.27360E+01
 -0.28388E+01 -0.64285E+01 -0.73402E+01 -0.80332E+01 -0.94732E+01 -0.13309E+02
 -0.20682E+02 -0.29685E+02 -0.37360E+02 -0.41246E+02 -0.40674E+02 -0.37691E+02
 -0.33334E+02 -0.27615E+02 -0.19559E+02 -0.73338E+01  0.40110E+01  0.71104E+01
  0.35101E+01 -0.23278E+01 -0.79515E+01 -0.12021E+02 -0.16394E+02 -0.22270E+02
 -0.27369E+02 -0.30234E+02 -0.31167E+02 -0.30736E+02 -0.27733E+02 -0.21090E+02
 -0.13621E+02 -0.85308E+01 -0.79352E+01 -0.13985E+02 -0.22342E+02 -0.24625E+02
 -0.17661E+02 -0.30335E+01  0.10587E+02  0.11523E+02 -0.59086E+00 -0.17285E+02
 -0.29791E+02 -0.33543E+02 -0.30722E+02 -0.24636E+02 -0.17252E+02 -0.12251E+02
 -0.11409E+02 -0.12367E+02 -0.11547E+02 -0.71425E+01 -0.22359E+01 -0.82733E+00
 -0.22161E+01 -0.51451E+01 -0.96736E+01 -0.16376E+02 -0.24866E+02 -0.31215E+02
 -0.32344E+02 -0.30400E+02 -0.28795E+02 -0.28451E+02 -0.28715E+02 -0.29067E+02
 -0.29022E+02 -0.27101E+02 -0.22117E+02 -0.16362E+02 -0.13677E+02 -0.16482E+02
 -0.22037E+02 -0.24160E+02 -0.23502E+02 -0.26020E+02 -0.33537E+02 -0.44221E+02
 -0.54396E+02 -0.59808E+02 -0.61120E+02 -0.62399E+02 -0.64867E+02 -0.68091E+02
 -0.67783E+02 -0.57118E+02 -0.37584E+02 -0.19138E+02 -0.10126E+02 -0.10040E+02
 -0.10477E+02 -0.82520E+01 -0.86677E+01 -0.15909E+02 -0.32394E+02 -0.55846E+02
 -0.78544E+02 -0.96592E+02 -0.10692E+03 -0.10588E+03 -0.95365E+02 -0.81020E+02
 -0.68023E+02 -0.58146E+02 -0.51259E+02 -0.49587E+02 -0.54156E+02 -0.61152E+02
 -0.65038E+02 -0.61969E+02 -0.54592E+02 -0.51900E+02 -0.57320E+02 -0.67085E+02
 -0.78132E+02 -0.86004E+02 -0.88056E+02 -0.90459E+02 -0.98244E+02 -0.11097E+03
 -0.12403E+03 -0.12920E+03 -0.12470E+03 -0.11492E+03 -0.10763E+03 -0.11220E+03
 -0.12717E+03 -0.14234E+03 -0.14865E+03 -0.14536E+03 -0.14279E+03 -0.14708E+03
 -0.15473E+03 -0.16302E+03 -0.16702E+03 -0.16509E+03 -0.16858E+03 -0.18322E+03
 -0.19950E+03 -0.20781E+03 -0.20151E+03 -0.17715E+03 -0.13873E+03 -0.99907E+02
 -0.76712E+02 -0.65955E+02 -0.54727E+02 -0.40845E+02 -0.23021E+02 -0.52347E+01
  0.41008E+00 -0.42865E+01 -0.78963E+01 -0.98769E+01 -0.12921E+02 -0.16198E+02
 -0.21461E+02 -0.30792E+02 -0.44594E+02 -0.62768E+02 -0.83982E+02 -0.10726E+03
 -0.13102E+03 -0.14557E+03 -0.13796E+03 -0.11558E+03 -0.10128E+03 -0.10090E+03
 -0.96863E+02 -0.70080E+02 -0.19668E+02  0.36326E+02  0.78144E+02  0.97130E+02
  0.94992E+02  0.82954E+02  0.77045E+02  0.82639E+02  0.91565E+02  0.90367E+02
  0.68745E+02  0.33135E+02  0.12234E+01 -0.20893E+02 -0.38297E+02 -0.54720E+02
 -0.73060E+02 -0.92257E+02 -0.10502E+03 -0.11505E+03 -0.12848E+03 -0.13866E+03
 -0.14783E+03 -0.16880E+03 -0.20523E+03 -0.24580E+03 -0.27327E+03 -0.28864E+03
 -0.29616E+03 -0.27354E+03 -0.20422E+03 -0.10288E+03  0.45418E+01  0.92478E+02
  0.15098E+03  0.19515E+03  0.23895E+03  0.27325E+03  0.28241E+03  0.26144E+03
  0.21350E+03  0.15217E+03  0.91050E+02  0.33000E+02 -0.23655E+02 -0.81085E+02
 -0.13763E+03 -0.19310E+03 -0.24196E+03 -0.27049E+03 -0.27266E+03 -0.24592E+03
 -0.18615E+03 -0.10478E+03 -0.23278E+02  0.53330E+02  0.12431E+03  0.17306E+03
  0.18562E+03  0.17139E+03  0.15578E+03  0.14627E+03  0.11428E+03  0.67730E+02
  0.49194E+02  0.47850E+02  0.55430E+02  0.75390E+02  0.78342E+02  0.45042E+02
 -0.16099E+02 -0.78245E+02 -0.11940E+03 -0.13385E+03 -0.11917E+03 -0.78428E+02
 -0.15288E+02  0.51618E+02  0.88353E+02  0.93738E+02  0.87007E+02  0.64899E+02
  0.20244E+02 -0.40927E+02 -0.10493E+03 -0.14312E+03 -0.14523E+03 -0.13321E+03
 -0.12556E+03 -0.12488E+03 -0.11188E+03 -0.90430E+02 -0.76307E+02 -0.51985E+02
 -0.22551E+02 -0.77952E+01 -0.63713E-01  0.19409E+02  0.60358E+02  0.11035E+03
  0.15918E+03  0.21249E+03  0.26710E+03  0.30331E+03  0.30588E+03  0.28446E+03
  0.25112E+03  0.20879E+03  0.16308E+03  0.12331E+03  0.12403E+03  0.18897E+03
  0.30030E+03  0.43399E+03  0.56167E+03  0.64901E+03  0.67428E+03  0.65160E+03
  0.60739E+03  0.53596E+03  0.44447E+03  0.36089E+03  0.29556E+03  0.24060E+03
  0.18043E+03  0.12435E+03  0.77916E+02  0.35525E+02  0.14786E+02  0.10168E+02
 -0.98710E+01 -0.36805E+02 -0.41125E+02 -0.37710E+02 -0.14269E+02  0.77492E+02
  0.22549E+03  0.36960E+03  0.44816E+03  0.44490E+03  0.40789E+03  0.38182E+03
  0.39676E+03  0.47142E+03  0.55111E+03  0.56796E+03  0.53450E+03  0.50390E+03
  0.50679E+03  0.53571E+03  0.55961E+03  0.56869E+03  0.58289E+03  0.59490E+03
  0.58286E+03  0.53782E+03  0.46782E+03  0.40231E+03  0.37089E+03  0.37960E+03
  0.37943E+03  0.32755E+03  0.28029E+03  0.31389E+03  0.42093E+03  0.56655E+03
  0.70392E+03  0.76063E+03  0.73472E+03  0.68905E+03  0.66210E+03  0.65291E+03
  0.63104E+03  0.60184E+03  0.60088E+03  0.62567E+03  0.65320E+03  0.66867E+03
  0.65706E+03  0.60613E+03  0.51880E+03  0.39461E+03  0.23667E+03  0.65670E+02
 -0.82457E+02 -0.15801E+03 -0.15165E+03 -0.10917E+03 -0.74875E+02 -0.69593E+02
 -0.76735E+02 -0.66835E+02 -0.42193E+02 -0.49525E+02 -0.15546E+03 -0.35765E+03
 -0.57377E+03 -0.70862E+03 -0.68908E+03 -0.55171E+03 -0.42697E+03 -0.39908E+03
 -0.45223E+03 -0.50993E+03 -0.54312E+03 -0.56066E+03 -0.53048E+03 -0.45462E+03
 -0.39002E+03 -0.36984E+03 -0.37830E+03 -0.39774E+03 -0.44941E+03 -0.51093E+03
 -0.54028E+03 -0.54658E+03 -0.54682E+03 -0.56080E+03 -0.57692E+03 -0.56316E+03
 -0.51485E+03 -0.42137E+03 -0.33566E+03 -0.36122E+03 -0.47039E+03 -0.58949E+03
 -0.68462E+03 -0.71136E+03 -0.66693E+03 -0.56974E+03 -0.45545E+03 -0.39172E+03
 -0.38009E+03 -0.37491E+03 -0.40183E+03 -0.45821E+03 -0.48760E+03 -0.47867E+03
 -0.43807E+03 -0.39259E+03 -0.37806E+03 -0.39584E+03 -0.42321E+03 -0.45864E+03
 -0.52178E+03 -0.60335E+03 -0.64478E+03 -0.61284E+03 -0.50954E+03 -0.32360E+03
 -0.14220E+03 -0.12421E+03 -0.26972E+03 -0.40745E+03 -0.41524E+03 -0.32595E+03
 -0.25780E+03 -0.30748E+03 -0.44611E+03 -0.54185E+03 -0.53118E+03 -0.44597E+03
 -0.31575E+03 -0.19428E+03 -0.11083E+03 -0.32449E+02  0.20457E+02  0.11254E+02
 -0.10891E+02 -0.41861E+01  0.78849E+01  0.14940E+02  0.20698E+02  0.29086E+02
  0.46211E+02  0.65305E+02  0.69816E+02  0.32813E+02 -0.53997E+02 -0.12735E+03
 -0.16398E+03 -0.25097E+03 -0.38455E+03 -0.45186E+03 -0.43094E+03 -0.38771E+03
 -0.35464E+03 -0.35328E+03 -0.38054E+03 -0.36123E+03 -0.26236E+03 -0.13333E+03
 -0.19240E+02  0.61547E+02  0.92808E+02  0.67161E+02  0.21015E+02  0.10501E+02
  0.40892E+02  0.63046E+02  0.55692E+02  0.47605E+02  0.51243E+02  0.62457E+02
  0.71958E+02  0.67550E+02  0.55223E+02  0.34758E+02  0.66962E+01 -0.28553E+02
 -0.63293E+02 -0.67867E+02 -0.14629E+02  0.58490E+02  0.79012E+02  0.46238E+02
 -0.16164E+02 -0.71524E+02 -0.56236E+02  0.36261E+02  0.16896E+03  0.30271E+03
  0.41352E+03  0.51157E+03  0.60125E+03  0.65977E+03  0.67916E+03  0.67162E+03
  0.65561E+03  0.65251E+03  0.67184E+03  0.70413E+03  0.74026E+03  0.77762E+03
  0.82210E+03  0.88144E+03  0.96038E+03  0.10391E+04  0.10793E+04  0.10766E+04
  0.10322E+04  0.83847E+03  0.59420E+03  0.50601E+03  0.48949E+03  0.40047E+03
  0.27854E+03  0.19161E+03  0.13051E+03  0.12041E+03  0.97022E+02  0.56081E+02
  0.82109E+02  0.12760E+03  0.12789E+03  0.12151E+03  0.88049E+02 -0.16596E+02
 -0.11163E+03 -0.10775E+03 -0.46154E+02 -0.88249E+01  0.46384E+01  0.33304E+02
  0.54256E+02  0.33665E+02 -0.43600E+02 -0.14794E+03 -0.21187E+03 -0.22689E+03
 -0.25697E+03 -0.32518E+03 -0.37888E+03 -0.40194E+03 -0.40120E+03 -0.39232E+03
 -0.38590E+03 -0.34595E+03 -0.25692E+03 -0.16048E+03 -0.99954E+02 -0.99725E+02
 -0.16763E+03 -0.24499E+03 -0.26706E+03 -0.21737E+03 -0.13072E+03 -0.39848E+02
  0.62020E+02  0.14444E+03  0.19243E+03  0.22437E+03  0.22855E+03  0.20769E+03
  0.15778E+03  0.91252E+02  0.40079E+02  0.10610E+01 -0.28128E+02 -0.61879E+02
 -0.75915E+02 -0.28927E+02  0.12877E+02 -0.20091E+02 -0.11203E+03 -0.22904E+03
 -0.30758E+03 -0.26733E+03 -0.16064E+03 -0.10805E+03 -0.12561E+03 -0.16080E+03
 -0.15056E+03 -0.79128E+02 -0.11020E+02 -0.18098E+00 -0.44328E+02 -0.98102E+02
 -0.11217E+03 -0.11003E+03 -0.10527E+03 -0.86776E+02 -0.85567E+02 -0.10539E+03
 -0.15962E+03 -0.26049E+03 -0.34206E+03 -0.37463E+03 -0.38816E+03 -0.39678E+03
 -0.40444E+03 -0.39446E+03 -0.35898E+03 -0.30483E+03 -0.21976E+03 -0.10761E+03
 -0.28384E+02 -0.17685E+02 -0.46924E+02 -0.86091E+02 -0.10556E+03 -0.94455E+02
 -0.90085E+02 -0.99909E+02 -0.80924E+02 -0.47687E+02 -0.23245E+02  0.16693E+02
  0.71459E+02  0.15642E+03  0.25528E+03  0.29608E+03  0.26121E+03  0.17804E+03
  0.92270E+02  0.44307E+02  0.51817E+02  0.11966E+03  0.21270E+03  0.27115E+03
  0.25596E+03  0.19058E+03  0.15952E+03  0.17072E+03  0.15060E+03  0.92348E+02
  0.30003E+02 -0.38247E+02 -0.96060E+02 -0.88523E+02 -0.17959E+01  0.13134E+03
  0.25822E+03  0.30135E+03  0.26328E+03  0.21099E+03  0.12633E+03 -0.15825E+02
 -0.17294E+03 -0.31637E+03 -0.41652E+03 -0.42643E+03 -0.36822E+03 -0.28854E+03
 -0.21062E+03 -0.18125E+03 -0.22485E+03 -0.30257E+03 -0.34777E+03 -0.30586E+03
 -0.19120E+03 -0.65682E+02  0.23052E+02  0.58640E+02  0.59390E+02  0.18123E+02
 -0.65980E+02 -0.16179E+03 -0.28539E+03 -0.43619E+03 -0.56173E+03 -0.64944E+03
 -0.68910E+03 -0.65887E+03 -0.60441E+03 -0.53140E+03 -0.42624E+03 -0.36591E+03
 -0.36173E+03 -0.36992E+03 -0.39725E+03 -0.39938E+03 -0.34148E+03 -0.25923E+03
 -0.16407E+03 -0.57103E+02  0.97516E+02  0.32431E+03  0.53529E+03  0.66242E+03
  0.72350E+03  0.71411E+03  0.64449E+03  0.60004E+03  0.62003E+03  0.68145E+03
  0.74514E+03  0.73372E+03  0.64046E+03  0.53494E+03  0.44235E+03  0.38596E+03
  0.37207E+03  0.34678E+03  0.28188E+03  0.19243E+03  0.10626E+03  0.54348E+02
  0.20167E+02 -0.99842E+01 -0.11589E+02  0.92774E+01  0.45347E+02  0.91116E+02
  0.10119E+03  0.77295E+02  0.84843E+02  0.12104E+03  0.12038E+03  0.77737E+02
  0.59505E+02  0.73157E+02  0.86620E+02  0.11608E+03  0.12682E+03  0.79486E+02
  0.68571E+00 -0.65740E+02 -0.82392E+02 -0.78461E+02 -0.99738E+02 -0.13049E+03
 -0.16783E+03 -0.23513E+03 -0.29434E+03 -0.32051E+03 -0.33247E+03 -0.33567E+03
 -0.34640E+03 -0.34654E+03 -0.32719E+03 -0.33044E+03 -0.34305E+03 -0.35410E+03
 -0.36775E+03 -0.33066E+03 -0.23334E+03 -0.14070E+03 -0.89179E+02 -0.54695E+02
 -0.25640E+02  0.97649E+01  0.60259E+02  0.11360E+03  0.19198E+03  0.26614E+03
  0.29058E+03  0.30074E+03  0.30728E+03  0.30625E+03  0.31663E+03  0.32478E+03
  0.31504E+03  0.29822E+03  0.30020E+03  0.35007E+03  0.46057E+03  0.59591E+03
  0.70485E+03  0.76641E+03  0.74220E+03  0.63357E+03  0.49476E+03  0.35222E+03
  0.21282E+03  0.91849E+02  0.20828E+02  0.10046E+02  0.40859E+02  0.86814E+02
  0.11863E+03  0.10116E+03  0.27515E+02 -0.80282E+02 -0.19180E+03 -0.27527E+03
 -0.33768E+03 -0.40051E+03 -0.47571E+03 -0.55123E+03 -0.59781E+03 -0.60111E+03
 -0.56242E+03 -0.49932E+03 -0.43467E+03 -0.38672E+03 -0.36791E+03 -0.36789E+03
 -0.34019E+03 -0.27969E+03 -0.22042E+03 -0.14397E+03 -0.56729E+02 -0.17140E+01
  0.12783E+02 -0.37336E+01 -0.28977E+02 -0.35047E+02 -0.28702E+01  0.56346E+02
  0.12466E+03  0.20271E+03  0.27583E+03  0.33548E+03  0.38870E+03  0.42730E+03
  0.43871E+03  0.41077E+03  0.33285E+03  0.21639E+03  0.94469E+02  0.61659E+01
 -0.19409E+02  0.63676E+01  0.32760E+02  0.30031E+02  0.13668E+02  0.82739E+00
 -0.18031E+01  0.21161E+02  0.72838E+02  0.13306E+03  0.18148E+03  0.18603E+03
  0.12905E+03  0.57667E+02  0.39930E+02  0.85850E+02  0.14368E+03  0.15750E+03
  0.11094E+03  0.29670E+02 -0.38515E+02 -0.41740E+02  0.23348E+02  0.95275E+02
  0.11630E+03  0.74772E+02 -0.66251E+00 -0.64230E+02 -0.71283E+02 -0.22936E+02
  0.30258E+02  0.64722E+02  0.72093E+02  0.50333E+02  0.35309E+02  0.43494E+02
  0.65608E+02  0.95980E+02  0.11144E+03  0.94736E+02  0.50678E+02 -0.38240E+01
 -0.49232E+02 -0.76120E+02 -0.71190E+02 -0.23057E+02  0.42863E+02  0.86083E+02
  0.10688E+03  0.11153E+03  0.87390E+02  0.48187E+02  0.10493E+02 -0.28341E+02
 -0.64861E+02 -0.91604E+02 -0.10786E+03 -0.11802E+03 -0.12525E+03 -0.11769E+03
 -0.94018E+02 -0.74419E+02 -0.73128E+02 -0.99218E+02 -0.14391E+03 -0.18654E+03
 -0.22208E+03 -0.24196E+03 -0.23250E+03 -0.20921E+03 -0.18342E+03 -0.15087E+03
 -0.12928E+03 -0.11103E+03 -0.79535E+02 -0.41889E+02  0.92008E+01  0.61921E+02
  0.10309E+03  0.14510E+03  0.17340E+03  0.17626E+03  0.16921E+03  0.14975E+03
  0.12025E+03  0.97744E+02  0.80172E+02  0.58431E+02  0.25483E+02 -0.13379E+02
 -0.42525E+02 -0.52629E+02 -0.40785E+02 -0.24212E+02 -0.21436E+02 -0.14933E+02
  0.69806E+01  0.25604E+02  0.39916E+02  0.53257E+02  0.53220E+02  0.43105E+02
  0.34207E+02  0.27215E+02  0.16098E+02 -0.13584E+01 -0.21485E+02 -0.46342E+02
 -0.78418E+02 -0.10607E+03 -0.11907E+03 -0.11242E+03 -0.85485E+02 -0.63847E+02
 -0.63224E+02 -0.77816E+02 -0.10805E+03 -0.13333E+03 -0.13485E+03 -0.13259E+03
 -0.14255E+03 -0.16284E+03 -0.19003E+03 -0.20566E+03 -0.19893E+03 -0.17745E+03
 -0.14475E+03 -0.11493E+03 -0.98143E+02 -0.84726E+02 -0.75293E+02 -0.68503E+02
 -0.54659E+02 -0.40394E+02 -0.30463E+02 -0.19632E+02 -0.90059E+01 -0.13197E+01
  0.16328E+01 -0.46296E+01 -0.26657E+02 -0.63330E+02 -0.10095E+03 -0.12713E+03
 -0.13440E+03 -0.12068E+03 -0.95535E+02 -0.66789E+02 -0.39556E+02 -0.19478E+02
 -0.24056E+01  0.14182E+02  0.28134E+02  0.42284E+02  0.58419E+02  0.71551E+02
  0.77818E+02  0.76671E+02  0.68450E+02  0.61724E+02  0.63915E+02  0.73806E+02
  0.86271E+02  0.94066E+02  0.92098E+02  0.76337E+02  0.49537E+02  0.22592E+02
  0.46640E+01  0.77708E+00  0.88480E+01  0.19312E+02  0.22731E+02  0.18058E+02
  0.15515E+02  0.26183E+02  0.44456E+02  0.54214E+02  0.52776E+02  0.47821E+02
  0.44034E+02  0.48131E+02  0.61445E+02  0.73166E+02  0.77649E+02  0.76801E+02
  0.73280E+02  0.72830E+02  0.72945E+02  0.67201E+02  0.55378E+02  0.34671E+02
  0.59606E+01 -0.23644E+02 -0.49082E+02 -0.63336E+02 -0.62746E+02 -0.54321E+02
 -0.44067E+02 -0.35179E+02 -0.31784E+02 -0.31449E+02 -0.29138E+02 -0.23478E+02
 -0.12270E+02  0.35158E+01  0.16641E+02  0.23541E+02  0.24682E+02  0.20756E+02
  0.13277E+02  0.33467E+01 -0.68497E+01 -0.12939E+02 -0.11215E+02 -0.25236E+01
  0.94371E+01  0.19476E+02  0.23674E+02  0.23014E+02  0.18250E+02  0.10454E+02
  0.27995E+01 -0.24176E+01 -0.33050E+01  0.32034E+00  0.57297E+01  0.11174E+02
  0.16035E+02  0.17336E+02  0.14173E+02  0.10033E+02  0.78546E+01  0.84931E+01
  0.10969E+02  0.13101E+02  0.13810E+02  0.13070E+02  0.11466E+02  0.95973E+01
  0.69299E+01  0.27563E+01 -0.37766E+01 -0.12763E+02 -0.22197E+02 -0.30218E+02
 -0.35614E+02 -0.37446E+02 -0.35469E+02 -0.30374E+02 -0.24702E+02 -0.20367E+02
 -0.17275E+02 -0.13481E+02 -0.76000E+01 -0.12502E+01  0.41671E+01  0.79844E+01
  0.10273E+02  0.13193E+02  0.18552E+02  0.24928E+02  0.29628E+02  0.31480E+02
  0.29767E+02  0.24485E+02  0.16387E+02  0.75397E+01  0.55961E+00 -0.46156E+01
 -0.93088E+01 -0.14323E+02 -0.19612E+02 -0.24021E+02 -0.26297E+02 -0.26907E+02
 -0.27375E+02 -0.27299E+02 -0.25876E+02 -0.23606E+02 -0.20896E+02 -0.18070E+02
 -0.15426E+02 -0.12573E+02 -0.88989E+01 -0.53888E+01 -0.25519E+01  0.20791E+00
  0.19453E+01  0.26672E+01  0.28383E+01  0.22727E+01  0.20322E+01  0.24508E+01
  0.21008E+01  0.17043E+00 -0.33736E+01 -0.84720E+01 -0.13736E+02 -0.17897E+02
 -0.21701E+02 -0.25463E+02 -0.28129E+02 -0.29127E+02 -0.28316E+02 -0.25403E+02
 -0.20667E+02 -0.15076E+02 -0.94713E+01 -0.44273E+01 -0.36770E+00  0.31673E+01
  0.71684E+01  0.11307E+02  0.15165E+02  0.19512E+02  0.24542E+02  0.29138E+02
  0.32557E+02  0.34703E+02  0.34238E+02  0.31221E+02  0.27846E+02  0.25090E+02
  0.23041E+02  0.21052E+02  0.18116E+02  0.14316E+02  0.98232E+01  0.50370E+01
  0.13135E+01 -0.81954E+00 -0.20425E+01 -0.24562E+01 -0.23278E+01 -0.24986E+01
 -0.28413E+01 -0.24955E+01 -0.50360E+00  0.29746E+01  0.63701E+01  0.87933E+01
  0.10112E+02  0.10371E+02  0.98938E+01  0.90171E+01  0.81008E+01  0.76551E+01
  0.81579E+01  0.94399E+01  0.10655E+02  0.11219E+02  0.11453E+02  0.11657E+02
  0.10990E+02  0.91085E+01  0.64714E+01  0.33868E+01  0.22854E+00 -0.26340E+01
 -0.44066E+01 -0.49619E+01 -0.49165E+01 -0.42671E+01 -0.31204E+01 -0.23717E+01
 -0.27997E+01 -0.42883E+01 -0.55878E+01 -0.53060E+01 -0.35841E+01 -0.11570E+01
  0.17543E+01  0.45709E+01  0.66927E+01  0.86248E+01  0.10539E+02  0.11845E+02
  0.12833E+02  0.13735E+02  0.14036E+02  0.13430E+02  0.12151E+02  0.10739E+02
  0.94106E+01  0.84735E+01  0.78890E+01  0.73077E+01  0.66020E+01  0.53649E+01
  0.40479E+01  0.31261E+01  0.22671E+01  0.14474E+01  0.68398E+00 -0.13414E+00
 -0.84563E+00 -0.11621E+01 -0.13736E+01 -0.16227E+01 -0.16066E+01 -0.15090E+01
 -0.14072E+01 -0.10317E+01 -0.50276E+00  0.16065E+00  0.15091E+01  0.30906E+01
  0.37421E+01  0.38063E+01  0.39421E+01  0.43500E+01  0.53080E+01  0.68019E+01
  0.86831E+01  0.10629E+02  0.12180E+02  0.13174E+02  0.13616E+02  0.13124E+02
  0.11479E+02  0.87791E+01  0.50587E+01  0.10775E+01 -0.22131E+01 -0.43679E+01
 -0.53313E+01 -0.55038E+01 -0.53843E+01 -0.50758E+01 -0.43912E+01 -0.37608E+01
 -0.38991E+01 -0.48732E+01 -0.58341E+01 -0.56240E+01 -0.44387E+01 -0.31901E+01
 -0.22365E+01 -0.16070E+01 -0.93090E+00  0.12731E-01  0.98387E+00  0.16808E+01
  0.19046E+01  0.16854E+01  0.12754E+01  0.94321E+00  0.82018E+00  0.91705E+00
  0.85475E+00  0.31099E+00 -0.46761E+00 -0.11233E+01 -0.13942E+01 -0.15188E+01
 -0.21757E+01 -0.33453E+01 -0.44325E+01 -0.53073E+01 -0.61488E+01 -0.68010E+01
 -0.71186E+01 -0.69615E+01 -0.60856E+01 -0.48593E+01 -0.39417E+01 -0.35760E+01
 -0.36813E+01 -0.37798E+01 -0.35751E+01 -0.31851E+01 -0.25345E+01 -0.17232E+01
 -0.10774E+01 -0.70293E+00 -0.61638E+00 -0.83297E+00 -0.13859E+01 -0.22803E+01
 -0.32926E+01 -0.43082E+01 -0.54346E+01 -0.64750E+01 -0.70520E+01 -0.70938E+01
 -0.68087E+01 -0.64267E+01 -0.60699E+01 -0.57252E+01 -0.53155E+01 -0.48343E+01
 -0.43512E+01 -0.41265E+01 -0.43455E+01 -0.47531E+01 -0.48946E+01 -0.44366E+01
 -0.36497E+01 -0.30939E+01 -0.29362E+01 -0.29469E+01 -0.29303E+01 -0.27296E+01
 -0.20786E+01 -0.96350E+00  0.64446E+00  0.26621E+01  0.46788E+01  0.64645E+01
  0.78141E+01  0.86399E+01  0.92782E+01  0.10110E+02  0.10994E+02  0.11513E+02
  0.11426E+02  0.10849E+02  0.10010E+02  0.90594E+01  0.82209E+01  0.74588E+01
  0.65079E+01  0.52999E+01  0.37907E+01  0.21647E+01  0.76487E+00 -0.18392E+00
 -0.45687E+00 -0.23964E+00  0.19440E-01  0.31515E+00  0.60683E+00  0.69911E+00
  0.63844E+00  0.52212E+00  0.45262E+00  0.55409E+00  0.79592E+00  0.11099E+01
  0.14325E+01  0.17329E+01  0.19093E+01  0.18934E+01  0.16591E+01  0.12041E+01
  0.51923E+00 -0.33974E+00 -0.10832E+01 -0.17067E+01 -0.24891E+01 -0.33428E+01
 -0.41326E+01 -0.48939E+01 -0.56533E+01 -0.63811E+01 -0.71021E+01 -0.77765E+01
 -0.83322E+01 -0.87514E+01 -0.91007E+01 -0.93653E+01 -0.94927E+01 -0.95157E+01
 -0.92964E+01 -0.86655E+01 -0.77391E+01 -0.66062E+01 -0.53668E+01 -0.41768E+01
 -0.30518E+01 -0.19896E+01 -0.10143E+01 -0.10840E+00  0.66899E+00  0.12845E+01
  0.16623E+01  0.17072E+01  0.14006E+01  0.87115E+00  0.18476E+00 -0.69693E+00
 -0.16819E+01 -0.27509E+01 -0.39615E+01 -0.51222E+01 -0.59531E+01 -0.63689E+01
 -0.64754E+01 -0.63697E+01 -0.60929E+01 -0.56315E+01 -0.49669E+01 -0.41935E+01
 -0.35234E+01 -0.30360E+01 -0.27084E+01 -0.25113E+01 -0.23594E+01 -0.21047E+01
 -0.17251E+01 -0.14006E+01 -0.13395E+01 -0.14847E+01 -0.17676E+01 -0.23378E+01
 -0.31244E+01 -0.38485E+01 -0.44761E+01 -0.50597E+01 -0.55859E+01 -0.61009E+01
 -0.67047E+01 -0.74986E+01 -0.83480E+01 -0.89300E+01 -0.93592E+01 -0.98159E+01
 -0.10296E+02 -0.10809E+02 -0.11245E+02 -0.11390E+02 -0.11248E+02 -0.10919E+02
 -0.10367E+02 -0.96292E+01 -0.88702E+01 -0.81956E+01 -0.76365E+01 -0.71889E+01
 -0.68390E+01 -0.64682E+01 -0.59714E+01 -0.54236E+01 -0.49453E+01 -0.45772E+01
 -0.42887E+01 -0.39814E+01 -0.35225E+01 -0.27707E+01 -0.17688E+01 -0.58251E+00
  0.71863E+00  0.19776E+01  0.31493E+01  0.42537E+01  0.53117E+01  0.64430E+01
  0.76029E+01  0.85803E+01  0.92784E+01  0.97047E+01  0.99061E+01  0.10057E+02
  0.10216E+02  0.10359E+02  0.10472E+02  0.10599E+02  0.10777E+02  0.10947E+02
  0.11089E+02  0.11222E+02  0.11380E+02  0.11641E+02  0.11979E+02  0.12366E+02
  0.12862E+02  0.13479E+02  0.14171E+02  0.14841E+02  0.15377E+02  0.15768E+02
  0.15920E+02  0.15781E+02  0.15271E+02  0.14382E+02  0.13340E+02  0.12178E+02
  0.10984E+02  0.98294E+01  0.85457E+01  0.70364E+01  0.53555E+01  0.36563E+01
  0.19849E+01  0.33581E+00 -0.13077E+01 -0.29074E+01 -0.43716E+01 -0.55614E+01
 -0.63599E+01 -0.67415E+01 -0.67682E+01 -0.65332E+01 -0.60963E+01 -0.54774E+01
 -0.47215E+01 -0.39267E+01 -0.32867E+01 -0.29208E+01 -0.27919E+01 -0.28105E+01
 -0.29420E+01 -0.32605E+01 -0.38945E+01 -0.47187E+01 -0.55482E+01 -0.62995E+01
 -0.69122E+01 -0.73886E+01 -0.77743E+01 -0.80969E+01 -0.83712E+01 -0.85254E+01
 -0.84629E+01 -0.81628E+01 -0.76032E+01 -0.68190E+01 -0.59037E+01 -0.48213E+01
 -0.36410E+01 -0.25172E+01 -0.13444E+01 -0.16928E-02  0.13609E+01  0.26285E+01
  0.37287E+01  0.46253E+01  0.53133E+01  0.57898E+01  0.61089E+01  0.63230E+01
  0.64202E+01  0.63892E+01  0.62280E+01  0.59722E+01  0.56347E+01  0.52305E+01
  0.47168E+01  0.40516E+01  0.33472E+01  0.27629E+01  0.24340E+01  0.23916E+01
  0.25565E+01  0.29358E+01  0.35188E+01  0.42519E+01  0.50625E+01  0.58295E+01
  0.63875E+01  0.66439E+01  0.65977E+01  0.62940E+01  0.58167E+01  0.52317E+01
  0.44840E+01  0.35582E+01  0.24606E+01  0.11851E+01 -0.80967E-01 -0.11676E+01
 -0.21558E+01 -0.31645E+01 -0.41887E+01 -0.51430E+01 -0.60477E+01 -0.68657E+01
 -0.74336E+01 -0.77336E+01 -0.78915E+01 -0.79847E+01 -0.80110E+01 -0.79149E+01
 -0.76431E+01 -0.71112E+01 -0.63217E+01 -0.55201E+01 -0.49355E+01 -0.45343E+01
 -0.42515E+01 -0.39919E+01 -0.36182E+01 -0.31117E+01 -0.25787E+01 -0.21529E+01
 -0.19185E+01 -0.18703E+01 -0.19245E+01 -0.19580E+01 -0.19194E+01 -0.17994E+01
 -0.15976E+01 -0.13460E+01 -0.11947E+01 -0.11792E+01 -0.11518E+01 -0.10754E+01
 -0.97086E+00 -0.86062E+00 -0.84853E+00 -0.94774E+00 -0.11242E+01 -0.12859E+01
 -0.13465E+01 -0.12981E+01 -0.11470E+01 -0.93280E+00 -0.70235E+00 -0.47496E+00
 -0.29196E+00 -0.12577E+00  0.76233E-01  0.34313E+00  0.66082E+00  0.89508E+00
  0.10068E+01  0.10888E+01  0.11940E+01  0.15002E+01  0.20855E+01  0.27776E+01
  0.33136E+01  0.35498E+01  0.35823E+01  0.35072E+01  0.32896E+01  0.29499E+01
  0.26012E+01  0.22281E+01  0.16890E+01  0.94546E+00  0.79677E-01 -0.73796E+00
 -0.13847E+01 -0.18443E+01 -0.21572E+01 -0.24015E+01 -0.26663E+01 -0.29600E+01
 -0.32505E+01 -0.34610E+01 -0.34510E+01 -0.32716E+01 -0.30839E+01 -0.28869E+01
 -0.26871E+01 -0.24671E+01 -0.21942E+01 -0.18698E+01 -0.15269E+01 -0.11576E+01
 -0.80960E+00 -0.59688E+00 -0.48498E+00 -0.42689E+00 -0.34795E+00 -0.19853E+00
 -0.92270E-01 -0.51767E-01 -0.11054E+00 -0.23122E+00 -0.35474E+00 -0.44519E+00
 -0.40715E+00 -0.21592E+00  0.57665E-01  0.28937E+00  0.45469E+00  0.63965E+00
  0.87760E+00  0.11931E+01  0.15842E+01  0.19887E+01  0.23614E+01  0.26636E+01
  0.29223E+01  0.31958E+01  0.34196E+01  0.36014E+01  0.37791E+01  0.38929E+01
  0.39039E+01  0.39035E+01  0.39014E+01  0.38505E+01  0.38825E+01  0.40681E+01
  0.43319E+01  0.45475E+01  0.47128E+01  0.47953E+01  0.47273E+01  0.47150E+01
  0.47914E+01  0.48476E+01  0.48328E+01  0.46980E+01  0.45230E+01  0.43119E+01
  0.39368E+01  0.34278E+01  0.28612E+01  0.22378E+01  0.15816E+01  0.92741E+00
  0.29166E+00 -0.22414E+00 -0.56850E+00 -0.82044E+00 -0.96292E+00 -0.96164E+00
 -0.86636E+00 -0.69768E+00 -0.47149E+00 -0.18953E+00  0.13912E+00  0.50554E+00
  0.86078E+00  0.11550E+01  0.13973E+01  0.15999E+01  0.17753E+01  0.19165E+01
  0.19542E+01  0.18486E+01  0.16020E+01  0.12743E+01  0.92716E+00  0.57438E+00
  0.20909E+00 -0.20994E+00 -0.66542E+00 -0.10393E+01 -0.13564E+01 -0.15554E+01
 -0.15815E+01 -0.15728E+01 -0.15078E+01 -0.13357E+01 -0.11102E+01 -0.83948E+00
 -0.54228E+00 -0.24006E+00  0.84003E-01  0.43077E+00  0.70320E+00  0.82629E+00
  0.85131E+00  0.89470E+00  0.94294E+00  0.94810E+00  0.92522E+00  0.87857E+00
  0.78398E+00  0.62149E+00  0.35978E+00  0.62155E-01 -0.14278E+00 -0.27648E+00
 -0.38220E+00 -0.45953E+00 -0.44606E+00 -0.27895E+00 -0.10330E+00  0.69438E-01
  0.31234E+00  0.50504E+00  0.59744E+00  0.63213E+00  0.63427E+00  0.66019E+00
  0.60512E+00  0.44559E+00  0.24771E+00  0.49711E-02 -0.27269E+00 -0.57268E+00
 -0.88525E+00 -0.11763E+01 -0.13992E+01 -0.15218E+01 -0.15462E+01 -0.15572E+01
 -0.16151E+01 -0.15644E+01 -0.13610E+01 -0.10894E+01 -0.74812E+00 -0.35376E+00
  0.51337E-01  0.45368E+00  0.84563E+00  0.12362E+01  0.15895E+01  0.18460E+01
  0.19701E+01  0.19585E+01  0.18414E+01  0.16760E+01  0.14111E+01  0.10778E+01
  0.77358E+00  0.40885E+00 -0.26153E-02 -0.40834E+00 -0.82313E+00 -0.11981E+01
 -0.15387E+01 -0.17840E+01 -0.18627E+01 -0.18036E+01 -0.16250E+01 -0.13140E+01
 -0.92225E+00 -0.47899E+00 -0.10364E-01  0.44228E+00  0.89881E+00  0.13548E+01
  0.18092E+01  0.22701E+01  0.26553E+01  0.28854E+01  0.29599E+01  0.28866E+01
  0.26864E+01  0.23670E+01  0.19359E+01  0.14711E+01  0.10032E+01  0.54620E+00
  0.13004E+00 -0.22267E+00 -0.50120E+00 -0.69028E+00 -0.79224E+00 -0.79818E+00
 -0.70683E+00 -0.53542E+00 -0.26587E+00  0.77002E-01  0.35737E+00  0.60436E+00
  0.91102E+00  0.11771E+01  0.13576E+01  0.14925E+01  0.15376E+01  0.14831E+01
  0.13512E+01  0.11558E+01  0.89549E+00  0.56650E+00  0.17914E+00 -0.23194E+00
 -0.63344E+00 -0.10069E+01 -0.13447E+01 -0.16191E+01 -0.18173E+01 -0.19348E+01
 -0.19884E+01 -0.19914E+01 -0.19352E+01 -0.18062E+01 -0.16261E+01 -0.14186E+01
 -0.11999E+01 -0.97899E+00 -0.77147E+00 -0.59917E+00 -0.49413E+00 -0.46962E+00
 -0.52610E+00 -0.65616E+00 -0.85572E+00 -0.11126E+01 -0.14145E+01 -0.17224E+01
 -0.20172E+01 -0.23009E+01 -0.25508E+01 -0.27395E+01 -0.28455E+01 -0.28576E+01
 -0.27848E+01 -0.26174E+01 -0.23686E+01 -0.20542E+01 -0.16918E+01 -0.13076E+01
 -0.92864E+00 -0.57210E+00 -0.25789E+00  0.18409E-03  0.18665E+00  0.29837E+00
  0.33387E+00  0.29830E+00  0.19803E+00  0.27287E-01 -0.19880E+00 -0.42907E+00
 -0.64917E+00 -0.83766E+00 -0.98370E+00 -0.10817E+01 -0.11154E+01 -0.10750E+01
 -0.95937E+00 -0.76702E+00 -0.50524E+00 -0.18139E+00  0.19020E+00  0.59453E+00
  0.10080E+01  0.14083E+01  0.17730E+01  0.20878E+01  0.23279E+01  0.24638E+01
  0.24721E+01  0.23592E+01  0.21440E+01  0.18476E+01  0.14710E+01  0.10191E+01
  0.50981E+00 -0.24396E-01 -0.55649E+00 -0.10603E+01 -0.15150E+01 -0.18972E+01
 -0.21916E+01 -0.23852E+01 -0.24750E+01 -0.24603E+01 -0.23490E+01 -0.21512E+01
 -0.18851E+01 -0.15685E+01 -0.12248E+01 -0.87490E+00 -0.54303E+00 -0.24846E+00
 -0.11582E-01  0.15414E+00  0.23555E+00  0.22766E+00  0.12676E+00 -0.62338E-01
 -0.33331E+00 -0.67167E+00 -0.10626E+01 -0.14842E+01 -0.19163E+01 -0.23342E+01
 -0.27169E+01 -0.30420E+01 -0.32939E+01 -0.34573E+01 -0.35254E+01 -0.34936E+01
 -0.33662E+01 -0.31491E+01 -0.28563E+01 -0.25011E+01 -0.21031E+01 -0.16792E+01
 -0.12504E+01 -0.83243E+00 -0.44312E+00 -0.94036E-01  0.20255E+00  0.44107E+00
  0.61553E+00  0.72657E+00  0.77430E+00  0.76508E+00  0.70414E+00  0.60223E+00
  0.46835E+00  0.31610E+00  0.15644E+00  0.38674E-02 -0.13097E+00 -0.23530E+00
 -0.30137E+00 -0.32089E+00 -0.29147E+00 -0.21093E+00 -0.84147E-01  0.83932E-01
  0.28235E+00  0.49985E+00  0.72132E+00  0.93351E+00  0.11207E+01  0.12717E+01
  0.13751E+01  0.14256E+01  0.14188E+01  0.13576E+01  0.12454E+01  0.10920E+01
  0.90649E+00  0.70245E+00  0.49080E+00  0.28457E+00  0.92199E-01 -0.77146E-01
 -0.22009E+00 -0.33350E+00 -0.41980E+00 -0.48091E+00 -0.52379E+00 -0.55347E+00
 -0.57851E+00 -0.60417E+00 -0.63802E+00 -0.68333E+00 -0.74472E+00 -0.82201E+00
 -0.91663E+00 -0.10252E+01 -0.11463E+01 -0.12749E+01 -0.14081E+01 -0.15399E+01
 -0.16678E+01 -0.17862E+01 -0.18932E+01 -0.19841E+01 -0.20578E+01 -0.21104E+01
 -0.21415E+01 -0.21481E+01 -0.21306E+01 -0.20871E+01 -0.20195E+01 -0.19273E+01
 -0.18143E+01 -0.16827E+01 -0.15388E+01 -0.13867E+01 -0.12346E+01 -0.10881E+01
 -0.95575E+00 -0.84236E+00 -0.75465E+00 -0.69452E+00 -0.66461E+00 -0.66226E+00
 -0.68508E+00 -0.72551E+00 -0.77688E+00 -0.82834E+00 -0.87130E+00 -0.89472E+00
 -0.89170E+00 -0.85466E+00 -0.78163E+00 -0.67107E+00 -0.52754E+00 -0.35592E+00
 -0.16643E+00  0.31629E-01  0.22548E+00  0.40540E+00  0.56012E+00  0.68337E+00
  0.76884E+00  0.81633E+00  0.82593E+00  0.80344E+00  0.75418E+00  0.68779E+00
  0.61182E+00  0.53643E+00  0.46805E+00  0.41415E+00  0.37760E+00  0.36161E+00
  0.36457E+00  0.38580E+00  0.42033E+00  0.46488E+00  0.51311E+00  0.56159E+00
  0.60456E+00  0.63985E+00  0.66373E+00  0.67596E+00  0.67478E+00  0.66174E+00
  0.63623E+00  0.60045E+00  0.55409E+00  0.49922E+00  0.43525E+00  0.36405E+00
  0.28487E+00  0.19989E+00  0.10896E+00  0.15196E-01 -0.80129E-01 -0.17254E+00
 -0.25954E+00 -0.33573E+00 -0.39835E+00 -0.44252E+00 -0.46695E+00 -0.46898E+00
 -0.45021E+00 -0.41130E+00 -0.35722E+00 -0.29183E+00 -0.22263E+00 -0.15493E+00
 -0.96421E-01 -0.51413E-01 -0.25265E-01 -0.18929E-01 -0.33672E-01 -0.66001E-01
 -0.11295E+00 -0.16733E+00 -0.22328E+00 -0.27224E+00 -0.30837E+00 -0.32436E+00
 -0.31718E+00 -0.28339E+00 -0.22418E+00 -0.14089E+00 -0.39018E-01  0.76467E-01
  0.19726E+00  0.31726E+00  0.42801E+00  0.52479E+00  0.60161E+00  0.65684E+00
  0.68838E+00  0.69817E+00  0.68751E+00  0.66099E+00  0.62174E+00  0.57534E+00
  0.52471E+00  0.47470E+00  0.42708E+00  0.38506E+00  0.34893E+00  0.32089E+00
  0.30039E+00  0.28913E+00  0.28680E+00  0.29546E+00  0.31505E+00  0.34770E+00
  0.39305E+00  0.45271E+00  0.52501E+00  0.60977E+00  0.70350E+00  0.80393E+00
  0.90558E+00  0.10049E+01  0.10955E+01  0.11738E+01  0.12345E+01  0.12755E+01
  0.12940E+01  0.12910E+01  0.12668E+01  0.12254E+01  0.11702E+01  0.11072E+01
  0.10412E+01  0.97866E+00  0.92331E+00  0.88019E+00  0.85102E+00  0.83770E+00
  0.83879E+00  0.85360E+00  0.87828E+00  0.91029E+00  0.94461E+00  0.97882E+00
  0.10086E+01  0.10327E+01  0.10484E+01  0.10564E+01  0.10556E+01  0.10478E+01
  0.10325E+01  0.10118E+01  0.98506E+00  0.95341E+00  0.91543E+00  0.87142E+00
  0.81925E+00  0.75883E+00  0.68809E+00  0.60742E+00  0.51564E+00  0.41434E+00
  0.30359E+00  0.18642E+00  0.64149E-01 -0.59390E-01 -0.18242E+00 -0.30082E+00
 -0.41311E+00 -0.51588E+00 -0.60845E+00 -0.68843E+00 -0.75640E+00 -0.81114E+00
 -0.85386E+00 -0.88428E+00 -0.90378E+00 -0.91220E+00 -0.91096E+00 -0.89955E+00
 -0.87903E+00 -0.84852E+00 -0.80916E+00 -0.76021E+00 -0.70316E+00 -0.63796E+00
 -0.56711E+00 -0.49156E+00 -0.41483E+00 -0.33875E+00 -0.26734E+00 -0.20257E+00
 -0.14805E+00 -0.10488E+00 -0.75250E-01 -0.58470E-01 -0.54702E-01 -0.61200E-01
 -0.76247E-01 -0.95452E-01 -0.11597E+00 -0.13299E+00 -0.14383E+00 -0.14471E+00
 -0.13447E+00 -0.11129E+00 -0.76268E-01 -0.29960E-01  0.24212E-01  0.84118E-01
  0.14537E+00  0.20537E+00  0.25991E+00  0.30759E+00  0.34573E+00  0.37439E+00
  0.39274E+00  0.40263E+00  0.40425E+00  0.40003E+00  0.39016E+00  0.37662E+00
  0.35900E+00  0.33820E+00  0.31297E+00  0.28394E+00  0.24983E+00  0.21164E+00
  0.16930E+00  0.12535E+00  0.80900E-01  0.39718E-01  0.38893E-02 -0.22804E-01
 -0.39046E-01 -0.42865E-01 -0.35242E-01 -0.16928E-01  0.79481E-02  0.35744E-01
  0.60196E-01  0.76622E-01  0.78849E-01  0.63503E-01  0.27135E-01 -0.29993E-01
 -0.10711E+00 -0.19969E+00 -0.30292E+00 -0.40901E+00 -0.51138E+00 -0.60175E+00
 -0.67455E+00 -0.72399E+00 -0.74787E+00 -0.74461E+00 -0.71634E+00 -0.66540E+00
 -0.59736E+00 -0.51689E+00 -0.43062E+00 -0.34343E+00 -0.26099E+00 -0.18656E+00
 -0.12388E+00 -0.74196E-01 -0.39527E-01 -0.19863E-01 -0.16610E-01 -0.29204E-01
 -0.58875E-01 -0.10505E+00 -0.16846E+00 -0.24768E+00 -0.34175E+00 -0.44731E+00
 -0.56082E+00 -0.67580E+00 -0.78599E+00 -0.88270E+00 -0.95853E+00 -0.10046E+01
 -0.10146E+01 -0.98266E+00 -0.90690E+00 -0.78627E+00 -0.62479E+00 -0.42768E+00
 -0.20447E+00  0.34967E-01  0.27801E+00  0.51311E+00  0.72778E+00  0.91253E+00
