  0.34620E+00  0.65266E+00  0.54726E+00  0.58548E+00  0.56395E+00  0.57390E+00
  0.55975E+00  0.56976E+00  0.55641E+00  0.56563E+00  0.55427E+00  0.56210E+00
  0.55239E+00  0.55931E+00  0.55101E+00  0.55771E+00  0.55115E+00  0.55871E+00
  0.55428E+00  0.56329E+00  0.56185E+00  0.57331E+00  0.57561E+00  0.59075E+00
  0.59776E+00  0.61732E+00  0.62912E+00  0.65246E+00  0.66818E+00  0.69543E+00
  0.71602E+00  0.74876E+00  0.77605E+00  0.81573E+00  0.85133E+00  0.90145E+00
  0.95295E+00  0.10262E+01  0.11088E+01  0.12173E+01  0.13322E+01  0.14596E+01
  0.15712E+01  0.16688E+01  0.17275E+01  0.17588E+01  0.17534E+01  0.17390E+01
  0.17195E+01  0.17292E+01  0.17695E+01  0.18604E+01  0.19806E+01  0.21245E+01
  0.22510E+01  0.23489E+01  0.23907E+01  0.23932E+01  0.23657E+01  0.23501E+01
  0.23511E+01  0.23844E+01  0.24227E+01  0.24526E+01  0.24321E+01  0.23559E+01
  0.22092E+01  0.20213E+01  0.18067E+01  0.16083E+01  0.14370E+01  0.13188E+01
  0.12440E+01  0.12208E+01  0.12267E+01  0.12600E+01  0.12879E+01  0.12969E+01
  0.12449E+01  0.11184E+01  0.89043E+00  0.57690E+00  0.18746E+00 -0.23058E+00
 -0.65312E+00 -0.10417E+01 -0.13998E+01 -0.17225E+01 -0.20376E+01 -0.23440E+01
 -0.26517E+01 -0.29297E+01 -0.31619E+01 -0.33110E+01 -0.33808E+01 -0.33761E+01
 -0.33488E+01 -0.33406E+01 -0.34106E+01 -0.35780E+01 -0.38606E+01 -0.42087E+01
 -0.45868E+01 -0.49422E+01 -0.52522E+01 -0.54930E+01 -0.56868E+01 -0.58430E+01
 -0.59950E+01 -0.61395E+01 -0.62810E+01 -0.63867E+01 -0.64476E+01 -0.64400E+01
 -0.63851E+01 -0.62992E+01 -0.62345E+01 -0.62159E+01 -0.62736E+01 -0.63953E+01
 -0.65721E+01 -0.67582E+01 -0.69504E+01 -0.71381E+01 -0.73505E+01 -0.76122E+01
 -0.79641E+01 -0.83945E+01 -0.88813E+01 -0.93447E+01 -0.97156E+01 -0.99166E+01
 -0.99374E+01 -0.98043E+01 -0.96324E+01 -0.95231E+01 -0.95877E+01 -0.98726E+01
 -0.10367E+02 -0.10948E+02 -0.11532E+02 -0.12015E+02 -0.12219E+02 -0.12157E+02
 -0.11968E+02 -0.11614E+02 -0.11276E+02 -0.11067E+02 -0.11005E+02 -0.11076E+02
 -0.11189E+02 -0.11279E+02 -0.11321E+02 -0.11226E+02 -0.11094E+02 -0.10943E+02
 -0.10804E+02 -0.10720E+02 -0.10652E+02 -0.10538E+02 -0.10395E+02 -0.10134E+02
 -0.97455E+01 -0.94850E+01 -0.93727E+01 -0.92616E+01 -0.95416E+01 -0.96786E+01
 -0.89708E+01 -0.80933E+01 -0.72392E+01 -0.68397E+01 -0.71030E+01 -0.63939E+01
 -0.60139E+01 -0.69897E+01 -0.71475E+01 -0.59736E+01 -0.54739E+01 -0.66838E+01
 -0.78433E+01 -0.71238E+01 -0.64197E+01 -0.79133E+01 -0.85471E+01 -0.69279E+01
 -0.67935E+01 -0.78246E+01 -0.71238E+01 -0.55479E+01 -0.38135E+01 -0.36959E+01
 -0.60204E+01 -0.60112E+01 -0.42101E+01 -0.47098E+01 -0.46069E+01 -0.34853E+01
 -0.26301E+01 -0.12254E+01 -0.14205E+01 -0.16964E+01 -0.67245E-01 -0.89283E+00
 -0.29017E+01 -0.18603E+01 -0.65853E+00 -0.14213E+00  0.41719E+00 -0.11140E+01
 -0.22898E+01  0.10381E+01  0.47800E+01  0.46618E+01  0.31385E+01  0.47394E+01
  0.78620E+01  0.64427E+01  0.53609E+01  0.87202E+01  0.10269E+02  0.69298E+01
  0.35843E+01  0.49299E+01  0.80384E+01  0.84972E+01  0.59545E+01  0.61237E+01
  0.99524E+01  0.10964E+02  0.96445E+01  0.10246E+02  0.11929E+02  0.11879E+02
  0.12012E+02  0.11768E+02  0.10352E+02  0.12552E+02  0.16403E+02  0.17641E+02
  0.17780E+02  0.15251E+02  0.12675E+02  0.16929E+02  0.20859E+02  0.23498E+02
  0.25314E+02  0.18511E+02  0.14920E+02  0.21863E+02  0.24405E+02  0.24589E+02
  0.25175E+02  0.23107E+02  0.24427E+02  0.25633E+02  0.26762E+02  0.31622E+02
  0.29900E+02  0.24166E+02  0.29230E+02  0.34688E+02  0.33141E+02  0.34996E+02
  0.35637E+02  0.34287E+02  0.36473E+02  0.32789E+02  0.30233E+02  0.36614E+02
  0.40613E+02  0.42797E+02  0.39545E+02  0.32845E+02  0.35341E+02  0.42600E+02
  0.43892E+02  0.38636E+02  0.34185E+02  0.35162E+02  0.38669E+02  0.39956E+02
  0.39586E+02  0.39848E+02  0.37835E+02  0.34955E+02  0.31873E+02  0.30252E+02
  0.35831E+02  0.35416E+02  0.27107E+02  0.26444E+02  0.30591E+02  0.30002E+02
  0.25840E+02  0.24831E+02  0.30492E+02  0.32806E+02  0.22706E+02  0.77930E+01
  0.10913E+02  0.33400E+02  0.38207E+02  0.21320E+02  0.13994E+02  0.20564E+02
  0.21492E+02  0.17220E+02  0.25530E+02  0.30282E+02  0.20468E+02  0.11561E+02
 -0.34740E+01 -0.34189E+01  0.67840E+01  0.17819E+01  0.10632E+02  0.17595E+02
  0.57423E+01  0.37696E+01 -0.43119E+01 -0.15463E+02 -0.56689E+01  0.13280E+02
  0.22793E+02  0.80955E+01 -0.10479E+02 -0.26948E+01  0.21029E+02  0.14592E+02
 -0.43699E+01  0.89739E+01  0.19559E+02  0.99300E+01  0.60450E+01  0.11859E+02
  0.23479E+02  0.16016E+02  0.33445E+00  0.71679E+01  0.11761E+02  0.95358E+01
  0.10084E+02  0.81493E+01  0.42016E+01 -0.23922E+01 -0.56326E+01 -0.12927E+01
  0.36064E+01 -0.15554E+01 -0.64172E+01 -0.53287E+01 -0.11928E+02 -0.21828E+02
 -0.24284E+02 -0.13002E+02 -0.53071E+01 -0.13939E+02 -0.20480E+02 -0.33611E+02
 -0.44123E+02 -0.33474E+02 -0.41703E+02 -0.55572E+02 -0.37843E+02 -0.30174E+02
 -0.47810E+02 -0.70039E+02 -0.58902E+02 -0.26419E+02 -0.28596E+02 -0.46689E+02
 -0.61554E+02 -0.60095E+02 -0.37576E+02 -0.45357E+02 -0.64424E+02 -0.49696E+02
 -0.54090E+02 -0.86321E+02 -0.10240E+03 -0.10004E+03 -0.85184E+02 -0.84591E+02
 -0.11131E+03 -0.12150E+03 -0.10866E+03 -0.11029E+03 -0.11587E+03 -0.10969E+03
 -0.11145E+03 -0.88398E+02 -0.52612E+02 -0.55217E+02 -0.59219E+02 -0.48273E+02
 -0.41905E+02 -0.38313E+02 -0.46646E+02 -0.67476E+02 -0.60332E+02 -0.50651E+02
 -0.82381E+02 -0.10461E+03 -0.82978E+02 -0.61523E+02 -0.85058E+02 -0.10861E+03
 -0.11578E+03 -0.11160E+03 -0.80241E+02 -0.91001E+02 -0.11005E+03 -0.61558E+02
 -0.18029E+02 -0.25745E+01  0.12488E+01  0.89598E+01  0.55046E+02  0.62972E+02
  0.36805E+02  0.27639E+02  0.11986E+02 -0.51830E+01 -0.33587E+02 -0.42235E+02
 -0.27181E+02 -0.50021E+02 -0.76466E+02 -0.70145E+02 -0.72648E+02 -0.68724E+02
 -0.55218E+02 -0.10025E+03 -0.15368E+03 -0.16310E+03 -0.17991E+03 -0.20405E+03
 -0.23360E+03 -0.27919E+03 -0.27557E+03 -0.28240E+03 -0.36241E+03 -0.39972E+03
 -0.38330E+03 -0.41928E+03 -0.48453E+03 -0.50005E+03 -0.49803E+03 -0.48542E+03
 -0.41280E+03 -0.30105E+03 -0.17940E+03 -0.59086E+02  0.53334E+02  0.14491E+03
  0.19222E+03  0.23258E+03  0.34405E+03  0.52372E+03  0.66252E+03  0.68107E+03
  0.66235E+03  0.69784E+03  0.67235E+03  0.57058E+03  0.54696E+03  0.54332E+03
  0.46482E+03  0.41841E+03  0.43703E+03  0.43154E+03  0.39203E+03  0.35241E+03
  0.29404E+03  0.15680E+03  0.31636E+02  0.45537E+02  0.10980E+03  0.16278E+03
  0.21123E+03  0.21066E+03  0.23243E+03  0.37247E+03  0.48334E+03  0.45804E+03
  0.42151E+03  0.39907E+03  0.32580E+03  0.20570E+03  0.99913E+01 -0.14342E+03
 -0.85445E+02  0.41479E+01 -0.33697E+02 -0.76218E+02 -0.13764E+03 -0.24492E+03
 -0.23133E+03 -0.12907E+03 -0.41712E+02  0.24902E+02  0.29904E+02  0.44675E+02
  0.56505E+02  0.38446E+02  0.73010E+02  0.96163E+02  0.98921E+02  0.13145E+03
  0.14065E+03  0.13561E+03  0.18911E+03  0.20426E+03  0.97372E+02  0.67947E+02
  0.10778E+03 -0.84174E+01 -0.12277E+03 -0.11267E+03 -0.84216E+02 -0.56597E+02
 -0.79366E+02 -0.15736E+03 -0.18175E+03 -0.19496E+03 -0.24920E+03 -0.21690E+03
 -0.13153E+03 -0.56757E+02 -0.34479E+02 -0.53174E+02 -0.11195E+03 -0.18730E+03
 -0.17429E+03 -0.26287E+03 -0.41541E+03 -0.33219E+03 -0.16353E+03 -0.11237E+03
 -0.98430E+02 -0.15144E+03 -0.26789E+03 -0.27279E+03 -0.25479E+03 -0.33512E+03
 -0.34201E+03 -0.24812E+03 -0.12199E+03  0.37067E+02  0.17034E+03  0.26129E+03
  0.25274E+03  0.13941E+03  0.92349E+01 -0.17209E+03 -0.27558E+03 -0.19401E+03
 -0.10973E+03 -0.47772E+02  0.13436E+01 -0.42213E+01 -0.38183E+01  0.22493E+01
  0.14608E+02  0.67586E+02  0.12450E+03  0.10759E+03  0.73780E+02  0.12836E+03
  0.15638E+03  0.96220E+02  0.90851E+02  0.13571E+03  0.11268E+03  0.23160E+02
 -0.84285E+02 -0.17706E+03 -0.25308E+03 -0.29089E+03 -0.26309E+03 -0.27368E+03
 -0.32707E+03 -0.26997E+03 -0.12676E+03 -0.38571E+02  0.15026E+02  0.83486E+02
  0.15833E+03  0.18116E+03  0.17157E+03  0.18847E+03  0.16302E+03  0.13420E+03
  0.17911E+03  0.15079E+03 -0.65825E+02 -0.21929E+03 -0.22230E+03 -0.21914E+03
 -0.10339E+03  0.27953E+02  0.50243E+02  0.97284E+02  0.11410E+03  0.66008E+02
  0.12539E+03  0.30931E+03  0.36055E+03  0.21195E+03  0.14348E+03  0.18112E+03
  0.14942E+03  0.92939E+02  0.15005E+03  0.30733E+03  0.38619E+03  0.34872E+03
  0.28495E+03  0.22311E+03  0.83776E+02 -0.38963E+02  0.77781E+01  0.48981E+02
 -0.67305E+02 -0.20885E+03 -0.30333E+03 -0.40890E+03 -0.44548E+03 -0.35295E+03
 -0.32396E+03 -0.32290E+03 -0.13126E+03  0.78635E+02  0.11729E+03  0.11842E+03
  0.16665E+03  0.13073E+03  0.10142E+03  0.16433E+03  0.15473E+03  0.13547E+03
  0.20470E+03  0.19275E+03  0.72203E+02  0.19159E+00 -0.17756E+02 -0.56577E+00
  0.46326E+02  0.84165E+02  0.95906E+02  0.48854E+02 -0.22017E+02 -0.62569E+02
 -0.46680E+02 -0.73298E+01 -0.18199E+02 -0.79986E+02 -0.18998E+03 -0.26023E+03
 -0.19026E+03 -0.32921E+02 -0.47333E+01 -0.10593E+03 -0.12796E+03 -0.77358E+02
 -0.51360E+02 -0.82109E+02 -0.43027E+02  0.73838E+02  0.12382E+03  0.12259E+03
  0.11648E+03  0.89677E+02  0.16679E+02 -0.76409E+02 -0.11714E+03 -0.10084E+03
 -0.10228E+03 -0.15139E+03 -0.22839E+03 -0.26664E+03 -0.19365E+03 -0.10463E+03
 -0.94778E+02 -0.14022E+03 -0.18664E+03 -0.16301E+03 -0.13091E+03 -0.18004E+03
 -0.25842E+03 -0.31040E+03 -0.32919E+03 -0.33368E+03 -0.34877E+03 -0.34184E+03
 -0.25721E+03 -0.11495E+03  0.29663E+01  0.89851E+02  0.16884E+03  0.20843E+03
  0.16691E+03  0.11668E+03  0.11749E+03  0.10377E+03  0.98490E+02  0.65629E+02
 -0.18552E+02 -0.24230E+02  0.39204E+02  0.48643E+02  0.15622E+02  0.47865E+01
 -0.29643E+02 -0.42249E+02  0.22939E+02  0.49481E+02 -0.46572E+02 -0.15499E+03
 -0.15208E+03 -0.12305E+03 -0.11576E+03 -0.10192E+03 -0.71435E+02  0.39548E+02
  0.18491E+03  0.25590E+03  0.27892E+03  0.30179E+03  0.24952E+03  0.17544E+03
  0.20910E+03  0.20409E+03  0.15299E+03  0.17075E+03  0.15764E+03  0.15459E+03
  0.27723E+03  0.34891E+03  0.19447E+03  0.65817E+01 -0.49175E+02 -0.32938E+02
 -0.38644E+02 -0.83888E+02 -0.99601E+02 -0.42507E+02  0.44999E+02  0.88236E+02
  0.92951E+02  0.34500E+02 -0.70541E+02 -0.84720E+02 -0.35716E+01  0.10157E+03
  0.19237E+03  0.16963E+03  0.61457E+02 -0.22552E+02 -0.58702E+02 -0.15156E+02
  0.29504E+02 -0.59891E+01 -0.30632E+02 -0.31175E+02 -0.32716E+02 -0.77824E+01
  0.14752E+02  0.22055E+02 -0.10982E+02 -0.55360E+02 -0.52916E+02 -0.53487E+02
 -0.85417E+02 -0.94258E+02 -0.53498E+02  0.49172E+01  0.73658E+02  0.13137E+03
  0.13219E+03  0.10053E+03  0.85051E+02  0.91451E+02  0.97916E+02  0.99580E+02
  0.75783E+02  0.32101E+02  0.45919E+02  0.12015E+03  0.17660E+03  0.16304E+03
  0.61596E+02 -0.44826E+02 -0.79722E+02 -0.10735E+03 -0.14509E+03 -0.14861E+03
 -0.99628E+02 -0.32032E+02 -0.18740E+02 -0.29929E+02 -0.23120E+02 -0.21623E+02
  0.92581E+01  0.49118E+02  0.36552E+02  0.35382E+02  0.62884E+02  0.53230E+02
  0.37052E+02  0.23381E+02 -0.55755E+01 -0.11973E+02 -0.10212E+02 -0.88955E+00
 -0.21532E+01 -0.19172E+02 -0.70534E+01 -0.19066E+02 -0.30106E+02 -0.44788E+01
  0.78158E+01  0.47374E+02  0.65805E+02 -0.88918E+01 -0.11626E+03 -0.17626E+03
 -0.16133E+03 -0.13624E+03 -0.14940E+03 -0.18085E+03 -0.16307E+03 -0.78111E+02
 -0.83375E+01  0.39274E+02  0.76395E+02  0.82106E+02  0.96817E+02  0.11924E+03
  0.10540E+03  0.52113E+02  0.17833E+01 -0.29278E+02 -0.51794E+02 -0.59684E+02
 -0.78408E+02 -0.86262E+02 -0.76069E+02 -0.11109E+03 -0.16720E+03 -0.15753E+03
 -0.73961E+02 -0.92079E+01 -0.32028E+02 -0.89719E+02 -0.90747E+02  0.53249E+00
  0.12612E+03  0.13772E+03  0.42238E+02  0.12053E+02  0.63191E+02  0.10740E+03
  0.10852E+03  0.25401E+02 -0.79342E+02 -0.84625E+02 -0.29219E+02  0.55695E+02
  0.12217E+03  0.70759E+02  0.32841E+02  0.66256E+02  0.52791E+02 -0.30610E+01
 -0.59969E+02 -0.12801E+03 -0.16288E+03 -0.93303E+02 -0.15223E+01  0.44711E+01
 -0.44316E+02 -0.40186E+02  0.22948E+02  0.51066E+02  0.36671E+01 -0.90986E+02
 -0.11164E+03 -0.27509E+02  0.16703E+02 -0.69742E+01 -0.22621E+02 -0.32669E+01
  0.36674E+02  0.89864E+02  0.13984E+03  0.12274E+03  0.26727E+02 -0.21704E+02
 -0.16632E+02 -0.81175E+02 -0.10548E+03 -0.48070E+02 -0.15398E+02  0.20722E+02
  0.35181E+02 -0.29784E+02 -0.35084E+02  0.79105E+02  0.18499E+03  0.24340E+03
  0.20561E+03  0.12534E+03  0.10961E+03  0.19991E+02 -0.11080E+03 -0.83369E+02
 -0.18952E+02 -0.50239E+02 -0.94038E+02 -0.91887E+02 -0.38820E+02 -0.10437E+01
 -0.14215E+02 -0.11905E+02  0.19957E+02  0.66036E+02  0.10756E+03  0.60855E+02
 -0.20627E+02 -0.79012E+01  0.26256E+02  0.23536E+02  0.14112E+02  0.22542E+02
  0.41847E+02  0.40853E+02  0.31723E+02  0.86884E+01 -0.14565E+02 -0.18368E+02
  0.81147E+01  0.51561E+02  0.81439E+02  0.98940E+02  0.69763E+02  0.29649E+01
 -0.38918E+02 -0.55398E+02 -0.60873E+02 -0.72089E+02 -0.91978E+02 -0.10464E+03
 -0.94474E+02 -0.65901E+02 -0.59243E+02 -0.47407E+02  0.35885E+01  0.42830E+02
  0.63794E+02  0.72823E+02  0.39240E+02  0.69774E+01  0.98712E+01  0.14130E+02
  0.14218E+02  0.13125E+02 -0.11625E+02 -0.45205E+02 -0.71088E+02 -0.99964E+02
 -0.76534E+02 -0.10797E+02  0.86401E+01 -0.81105E+01 -0.11823E+02  0.19396E+01
 -0.72418E+01 -0.37222E+02 -0.24750E+02  0.21604E+02  0.50065E+02  0.29592E+02
 -0.13669E+02 -0.24355E+02 -0.99270E+01  0.17277E+02  0.16696E+02 -0.23061E+02
 -0.28047E+02 -0.12165E+02 -0.16699E+02 -0.26478E+02 -0.19099E+02  0.20058E+02
  0.51345E+02  0.66373E+02  0.77101E+02  0.58059E+02  0.22262E+02 -0.33496E+01
 -0.17883E+02 -0.22204E+02 -0.25777E+02 -0.32657E+02 -0.11953E+02  0.28837E+01
 -0.25975E+02 -0.35762E+02 -0.10935E+02  0.63329E+01  0.64497E+01 -0.18838E+02
 -0.51498E+02 -0.47791E+02 -0.33551E+02 -0.41056E+02 -0.63168E+02 -0.72389E+02
 -0.29483E+02 -0.36253E+01 -0.28126E+02 -0.38935E+02 -0.46871E+02 -0.36448E+02
  0.15599E+02  0.60908E+02  0.78060E+02  0.78106E+02  0.60301E+02  0.25626E+02
  0.66437E+00 -0.45799E+01  0.14800E+02  0.49666E+02  0.57988E+02  0.46108E+02
  0.38108E+02  0.29868E+02  0.82880E+01 -0.39302E+02 -0.91770E+02 -0.89594E+02
 -0.53686E+02 -0.41983E+02 -0.16665E+02  0.15025E+02  0.25416E+02  0.43607E+02
  0.49752E+02  0.31006E+02  0.24685E+02  0.35715E+02  0.30381E+02  0.11738E+01
 -0.18736E+02 -0.13315E+02 -0.30987E+01  0.77619E+01  0.22067E+02  0.12461E+02
  0.23414E+01  0.79359E+01 -0.12270E+02 -0.37805E+02 -0.36035E+02 -0.19079E+02
 -0.59715E+01  0.55904E+01  0.14589E+02  0.67585E+01 -0.77430E+00  0.12048E+02
  0.36698E+02  0.58116E+02  0.43039E+02 -0.18589E+02 -0.48967E+02 -0.16159E+02
  0.10624E+02  0.28900E+01 -0.95032E+01 -0.49814E+01  0.15498E+02  0.33606E+02
  0.38576E+02  0.17780E+02 -0.16108E+02 -0.12365E+02  0.25929E+02  0.33625E+02
 -0.10168E+02 -0.51034E+02 -0.46841E+02 -0.21992E+02 -0.26780E+02 -0.40511E+02
 -0.36562E+02 -0.41310E+02 -0.54666E+02 -0.69153E+02 -0.89713E+02 -0.93785E+02
 -0.42651E+02  0.45601E+02  0.10437E+03  0.10683E+03  0.90136E+02  0.85337E+02
  0.87125E+02  0.88106E+02  0.76751E+02  0.46192E+02  0.91549E+01 -0.56427E+01
 -0.30830E+01 -0.10358E+02 -0.10657E+02 -0.81386E+01 -0.12433E+02 -0.20825E+02
 -0.42730E+02 -0.57528E+02 -0.65861E+02 -0.65071E+02 -0.30341E+02  0.16091E+01
 -0.42281E+01 -0.12060E+02  0.25669E+00  0.12285E+02 -0.20672E+01 -0.38306E+02
 -0.49401E+02 -0.24595E+02  0.18398E+01  0.94713E+01  0.72209E+01  0.20994E+02
  0.23160E+02 -0.26340E+01 -0.14701E+02 -0.15311E+02  0.92698E-01  0.34534E+02
  0.45892E+02  0.29266E+02  0.13074E+02  0.60453E+01 -0.71389E+01 -0.17110E+02
 -0.23302E+01  0.90226E+01  0.21283E+00 -0.66023E+01  0.68233E+00  0.20414E+02
  0.21927E+02  0.14576E+02  0.24144E+02  0.16312E+02 -0.38884E+01 -0.20062E+02
 -0.24217E+02 -0.93813E+01 -0.29156E+02 -0.55707E+02 -0.27976E+02 -0.17700E+02
 -0.36683E+02 -0.23564E+02 -0.78275E+00 -0.37031E+01 -0.47699E+01  0.21952E+02
  0.41376E+02  0.39291E+02  0.43835E+02  0.51331E+02  0.44860E+02  0.39290E+02
  0.42355E+02  0.26352E+02 -0.42653E+01 -0.33856E+01  0.10926E+02 -0.38433E+01
 -0.15769E+02 -0.87055E+01 -0.83670E+01  0.10332E+01  0.12508E+02  0.11699E+02
  0.15166E+02  0.39917E+01 -0.13177E+02 -0.10833E+02 -0.19438E+02 -0.39882E+02
 -0.37174E+02 -0.27183E+02 -0.25503E+02 -0.13592E+02  0.13652E+02  0.33100E+02
  0.23426E+02  0.11059E+02  0.97217E+01  0.17727E+01 -0.87462E+01 -0.13268E+02
 -0.75672E+01 -0.21400E+01 -0.63248E+01  0.48550E+01  0.22589E+02  0.17143E+02
  0.87374E+01  0.64932E+01  0.93630E+01  0.16758E+02  0.45368E+01 -0.83304E+01
 -0.57181E+01 -0.12588E+02 -0.11685E+02 -0.32171E+01 -0.16357E+02 -0.26143E+02
 -0.18709E+02 -0.10004E+02 -0.62063E+01 -0.99108E+01 -0.88466E+01 -0.48048E+01
 -0.88919E+00  0.80977E+01  0.11772E+02  0.99815E+01  0.25426E+01  0.12410E+01
  0.18405E+02  0.30512E+02  0.25597E+02  0.17440E+02  0.82586E+01 -0.13937E+01
 -0.37187E+01  0.33375E+00  0.37979E+01  0.46610E+01  0.85719E+01  0.26916E+02
  0.38781E+02  0.22316E+02  0.11333E+02  0.12437E+02  0.41651E+01 -0.11400E+02
 -0.26592E+02 -0.31088E+02 -0.20569E+02  0.13032E+01  0.12028E+02  0.41337E+01
  0.93062E+01  0.17556E+02  0.66616E+01  0.70421E+01  0.12623E+02 -0.90361E+00
 -0.12683E+02 -0.21930E+02 -0.33107E+02 -0.32550E+02 -0.35770E+02 -0.43278E+02
 -0.37061E+02 -0.25471E+02 -0.16714E+02 -0.89117E+01  0.68186E+01  0.34397E+02
  0.58003E+02  0.59017E+02  0.47693E+02  0.51217E+02  0.63972E+02  0.66498E+02
  0.61476E+02  0.45888E+02  0.25700E+01 -0.41629E+02 -0.54200E+02 -0.65035E+02
 -0.80852E+02 -0.83006E+02 -0.80064E+02 -0.63976E+02 -0.33626E+02 -0.99534E+01
  0.14391E+02  0.36422E+02  0.38614E+02  0.37444E+02  0.35196E+02  0.22119E+02
  0.99848E+01  0.11100E+00 -0.69763E+01  0.19868E+00  0.80645E+01 -0.54258E+01
 -0.14599E+02 -0.82350E+01 -0.14692E+02 -0.17474E+02  0.24327E+00  0.12827E+02
  0.25853E+02  0.45713E+02  0.41545E+02  0.13591E+02 -0.21235E+01 -0.81306E+01
 -0.27038E+02 -0.49643E+02 -0.71593E+02 -0.72481E+02 -0.24440E+02  0.37494E+02
  0.57767E+02  0.41430E+02  0.25317E+02  0.23402E+02  0.24176E+02  0.18472E+02
  0.83011E+01 -0.12348E+02 -0.33426E+02 -0.36353E+02 -0.31279E+02 -0.31804E+02
 -0.28471E+02 -0.26514E+02 -0.21475E+02 -0.31714E+01 -0.36770E+01 -0.13697E+02
 -0.61504E+01 -0.60599E+01 -0.73575E+01  0.71302E+01  0.10855E+02 -0.23730E+01
 -0.81501E+01  0.23434E+01  0.10899E+02  0.15383E+02  0.18964E+02  0.11021E+02
  0.70554E+01  0.15907E+02  0.18082E+02  0.14498E+02  0.23337E+02  0.21829E+02
 -0.37731E+00 -0.20475E+01  0.53609E+01  0.26057E+00 -0.60188E+00  0.72133E+01
  0.10722E+02  0.15288E+01  0.34967E+00 -0.19940E+01 -0.16187E+02 -0.24122E+02
 -0.30424E+02 -0.28595E+02 -0.18011E+02 -0.55367E+01  0.20826E+02  0.32868E+02
  0.18066E+02  0.43578E+01 -0.86648E+01 -0.19070E+02 -0.11037E+02 -0.19843E+01
 -0.94064E+01 -0.16881E+02 -0.10903E+02  0.12490E+02  0.30860E+02  0.29300E+02
  0.29953E+02  0.30336E+02  0.13756E+02 -0.68087E+01 -0.14925E+02 -0.10148E+02
 -0.19467E+01  0.27929E+00 -0.97026E+01 -0.30963E+02 -0.43102E+02 -0.46277E+02
 -0.49548E+02 -0.39582E+02 -0.17800E+02  0.19504E+01  0.17798E+02  0.25712E+02
  0.20350E+02  0.19692E+02  0.28115E+02  0.21836E+02  0.89322E+01  0.12020E+02
  0.16829E+02  0.13719E+02  0.10362E+02 -0.28022E+01 -0.24967E+02 -0.26864E+02
 -0.13950E+02 -0.26693E+02 -0.53272E+02 -0.50366E+02 -0.21594E+02 -0.18266E+01
  0.88990E+00  0.76379E+01  0.34641E+02  0.73188E+02  0.91541E+02  0.75841E+02
  0.43467E+02  0.15729E+02  0.65351E+01  0.17125E+02  0.24099E+02  0.92072E+01
 -0.60499E+01 -0.10563E+02 -0.75943E+01 -0.85897E+01 -0.24596E+02 -0.27004E+02
 -0.81755E+01  0.24193E+01 -0.50579E+01 -0.18388E+02 -0.24151E+02 -0.17661E+02
 -0.15801E+02 -0.35447E+02 -0.53368E+02 -0.34267E+02  0.95156E+01  0.23890E+02
  0.90460E+01  0.76154E+00 -0.23165E+01  0.47440E+01  0.19220E+02  0.20566E+02
  0.22041E+02  0.22524E+02  0.93564E+01  0.42231E+01  0.95493E+01  0.76565E+01
 -0.42848E+01 -0.20209E+02 -0.32591E+02 -0.35234E+02 -0.23235E+02 -0.13831E+02
 -0.21276E+02 -0.25529E+02 -0.16765E+02  0.15542E+01  0.17990E+02  0.22373E+02
  0.26501E+02  0.32962E+02  0.29633E+02  0.15721E+02  0.77187E+01  0.18809E+01
 -0.64142E+01 -0.52107E+01  0.95678E+00  0.46899E+01 -0.20754E+01 -0.13713E+02
 -0.16038E+02 -0.20678E+02 -0.26046E+02 -0.16309E+02 -0.44574E+01 -0.71022E+01
 -0.11571E+02  0.43559E+00  0.16846E+02  0.13507E+02  0.36048E+01  0.76555E+01
  0.13225E+02  0.11596E+02  0.43614E+01 -0.35264E+01 -0.63020E+01 -0.50610E+01
 -0.58782E+00  0.97688E+01  0.21543E+02  0.26777E+02  0.23754E+02  0.16925E+02
  0.11527E+02  0.50862E+01 -0.76954E+01 -0.29109E+02 -0.43845E+02 -0.43039E+02
 -0.41731E+02 -0.37675E+02 -0.15931E+02  0.43047E+01  0.41959E+01  0.99774E+01
  0.21127E+02  0.17491E+02  0.12722E+02  0.87813E+01  0.12996E+01  0.12120E+01
  0.88559E+01  0.12314E+02  0.12693E+02  0.24296E+02  0.34613E+02  0.24525E+02
  0.10098E+02 -0.61806E+01 -0.23646E+02 -0.28711E+02 -0.29653E+02 -0.26532E+02
 -0.11951E+02  0.52962E+01  0.92603E+01  0.29168E+01  0.22755E+01  0.11202E+02
  0.20003E+02  0.13981E+02  0.50309E+01  0.75423E+01  0.58319E+01 -0.39215E+01
 -0.14520E+02 -0.21580E+02 -0.17924E+02 -0.61907E+01  0.54164E+01  0.12163E+02
  0.16995E+02  0.21202E+02  0.25853E+02  0.26669E+02  0.18946E+02  0.18048E+02
  0.21354E+02  0.87710E+01 -0.74280E+01 -0.16311E+02 -0.18494E+02 -0.11731E+02
 -0.71369E+01 -0.15098E+02 -0.25324E+02 -0.14518E+02  0.29374E+00 -0.14296E+01
 -0.28591E+01  0.15888E+01  0.76073E+01  0.97288E+01  0.66451E+01  0.21943E+01
 -0.35552E+01 -0.73100E+01 -0.93489E+01 -0.11856E+02 -0.83403E+01  0.60465E+01
  0.18601E+02  0.16702E+02  0.72550E+01  0.80108E+00 -0.14226E+01 -0.48221E+01
 -0.72155E+01 -0.75812E+01 -0.14852E+02 -0.19550E+02 -0.11659E+02 -0.66125E+01
  0.16244E+01  0.13453E+02  0.14611E+02  0.11263E+02  0.86505E+01  0.12097E+02
  0.87536E+01 -0.40460E+01 -0.95141E+01 -0.14502E+02 -0.18643E+02 -0.97020E+01
 -0.11003E+01 -0.39128E+01 -0.69970E+01 -0.10322E+02 -0.12145E+02 -0.12416E+02
 -0.25602E+02 -0.36775E+02 -0.33420E+02 -0.26164E+02 -0.12647E+02  0.12184E+02
  0.39283E+02  0.52535E+02  0.60057E+02  0.62877E+02  0.54717E+02  0.45584E+02
  0.33448E+02  0.16062E+02  0.18032E+01 -0.56687E+01 -0.68618E+01 -0.63258E+01
 -0.14472E+02 -0.25595E+02 -0.30480E+02 -0.23014E+02 -0.51973E+00  0.22252E+02
  0.26492E+02  0.10022E+02 -0.52150E+01 -0.12171E+02 -0.19626E+02 -0.20437E+02
 -0.14039E+02 -0.11091E+02 -0.88778E+01 -0.48184E+01 -0.65619E+00  0.57547E+01
  0.81749E+01  0.51393E+01  0.74195E+01  0.13811E+02  0.81407E+01  0.90566E+00
  0.62872E+01  0.53789E+01 -0.30466E+01 -0.11898E+02 -0.24065E+02 -0.21151E+02
 -0.77698E+01 -0.91270E+01 -0.10392E+02 -0.19304E+01 -0.17836E+01 -0.22719E+01
  0.20805E+01 -0.21545E+01 -0.55796E+01 -0.24781E+01  0.17407E+01  0.41656E+01
  0.20608E+01 -0.43459E+01 -0.10692E+02 -0.88327E+01 -0.27001E+01 -0.40713E+01
 -0.20188E+02 -0.29186E+02 -0.13435E+02  0.11894E+01  0.60256E+01  0.82206E+01
  0.44741E+01  0.32470E+00  0.44222E+01  0.13980E+02  0.17113E+02  0.14783E+02
  0.11595E+02  0.57609E+01  0.47008E+01  0.86331E+01  0.13926E+02  0.19429E+02
  0.23791E+02  0.23388E+02  0.16852E+02  0.11788E+02 -0.30193E+00 -0.13131E+02
 -0.62954E+01  0.41125E+01  0.48316E+00 -0.54188E+01 -0.80241E+01 -0.11370E+02
 -0.10225E+02 -0.97529E+01 -0.19903E+02 -0.30743E+02 -0.25291E+02 -0.11881E+02
 -0.12577E+02 -0.10945E+02  0.51098E+01  0.10975E+02  0.11993E+02  0.20498E+02
  0.24168E+02  0.22458E+02  0.18979E+02  0.18214E+02  0.18955E+02  0.56841E+01
 -0.14701E+02 -0.21543E+02 -0.21054E+02 -0.25880E+02 -0.20925E+02 -0.44547E+01
 -0.20689E+01 -0.15825E+02 -0.23185E+02 -0.15171E+02 -0.71326E+01 -0.82209E+00
  0.58082E+01  0.34514E+01  0.16172E+01  0.10869E+00 -0.19106E+00  0.11315E+02
  0.21676E+02  0.22120E+02  0.16848E+02  0.13696E+02  0.13481E+02  0.63686E+01
  0.13944E+01  0.69097E+01  0.73106E+01  0.97877E+01  0.20121E+02  0.15534E+02
 -0.19481E+01 -0.16563E+02 -0.21074E+02 -0.20209E+02 -0.22620E+02 -0.20464E+02
 -0.16306E+02 -0.79662E+01  0.29320E+01 -0.20211E+01 -0.10968E+02 -0.15529E+02
 -0.22011E+02 -0.20047E+02 -0.75291E+01  0.64729E+01  0.12674E+02  0.79209E+01
  0.76314E+01  0.17988E+02  0.26891E+02  0.23382E+02  0.11728E+02  0.24076E+01
 -0.28932E+01 -0.36286E+01 -0.28489E+01 -0.13591E+01  0.21756E+01  0.42075E+01
 -0.34510E-01 -0.74934E+01 -0.66629E+01 -0.36033E+01 -0.19375E+01  0.85731E+01
  0.16818E+02  0.15375E+02  0.13342E+02  0.92738E+01  0.13539E+01 -0.11376E+01
  0.17606E+01 -0.65804E+00 -0.78282E+01 -0.11117E+02 -0.76218E+01 -0.21018E+01
  0.57638E+00  0.41175E-01 -0.43404E+01 -0.78378E+01 -0.44628E+01 -0.15452E+01
  0.17949E+01  0.10401E+02  0.13018E+02  0.55121E+01 -0.50244E+01 -0.82416E+01
 -0.21588E+01 -0.59184E+00 -0.69743E+01 -0.75057E+01  0.12239E+01  0.65484E+01
  0.91522E+01  0.13517E+02  0.87985E+01  0.15613E+01  0.14397E+01 -0.19334E+01
 -0.89762E+01 -0.13585E+02 -0.18024E+02 -0.20985E+02 -0.17265E+02 -0.11091E+02
 -0.93132E+01 -0.13627E+02 -0.21304E+02 -0.24771E+02 -0.23856E+02 -0.24512E+02
 -0.22318E+02 -0.17068E+02 -0.17140E+02 -0.11619E+02  0.64227E+01  0.22227E+02
  0.29570E+02  0.32980E+02  0.34909E+02  0.39073E+02  0.42815E+02  0.36980E+02
  0.26577E+02  0.18928E+02  0.77835E+01 -0.32223E+01 -0.68014E+01 -0.16524E+02
 -0.34388E+02 -0.34759E+02 -0.16336E+02 -0.20296E+01  0.13142E+01  0.10519E+01
  0.39604E+01  0.10359E+02  0.20003E+02  0.24889E+02  0.18185E+02  0.14161E+02
  0.18014E+02  0.12667E+02 -0.61756E+01 -0.18970E+02 -0.20848E+02 -0.28889E+02
 -0.28757E+02 -0.77396E+01 -0.11406E+01 -0.76905E+01  0.14587E+01  0.14291E+02
  0.17617E+02  0.17293E+02  0.21508E+02  0.20727E+02  0.18960E+01 -0.11990E+02
 -0.21213E+01  0.81090E+01  0.63328E+00 -0.95035E+01 -0.11057E+02 -0.11058E+02
 -0.80409E+01  0.15994E+01  0.93544E+00 -0.81988E+01 -0.64410E+01 -0.43529E+01
 -0.61373E+01  0.37845E+01  0.17440E+02  0.19614E+02  0.17325E+02  0.16097E+02
  0.68503E+01 -0.84903E+01 -0.17351E+02 -0.20024E+02 -0.19763E+02 -0.12446E+02
 -0.16790E+01  0.50812E+01  0.69558E+01  0.27959E+01  0.22168E+01  0.60803E+01
  0.33867E+01 -0.41813E+01 -0.75384E+01  0.36060E+00  0.64875E+01  0.10466E+02
  0.17838E+02  0.14880E+02  0.54454E+01 -0.56344E+01 -0.13725E+02 -0.12513E+02
 -0.95754E+01 -0.40830E+01  0.57508E+01  0.11655E+02  0.43829E+01 -0.47617E+01
 -0.22332E+01 -0.52783E+01 -0.13296E+02 -0.12394E+02 -0.12296E+02 -0.12879E+02
 -0.63365E+01  0.38706E+01  0.10402E+02  0.10072E+02  0.93666E+01  0.83065E+01
  0.19779E+01 -0.78722E+00  0.50828E+00 -0.34826E+01 -0.80374E+01 -0.60349E+01
 -0.18802E+01  0.17847E+01  0.68922E+01  0.11208E+02  0.14564E+02  0.17831E+02
  0.17409E+02  0.92796E+01 -0.44577E+01 -0.14420E+02 -0.16323E+02 -0.10597E+02
 -0.70555E+00  0.60557E+00 -0.27788E+00  0.45384E+01  0.48627E+01  0.32482E+01
  0.45381E+01  0.47765E+01  0.14738E+01 -0.12944E+01 -0.23465E+01 -0.83182E+01
 -0.15232E+02 -0.13496E+02 -0.60284E+01 -0.12968E+01 -0.22531E+01 -0.66789E+01
 -0.79687E+01 -0.52530E+01 -0.33660E+01  0.27808E+01  0.64323E+01  0.12075E+01
 -0.22419E+01  0.32237E+00  0.78043E+01  0.66416E+01 -0.72117E+01 -0.14356E+02
 -0.12585E+02 -0.12625E+02 -0.93762E+01  0.57418E+00  0.10969E+01 -0.63370E+01
 -0.33660E+01  0.11681E+01  0.30391E+01  0.10211E+02  0.99210E+01  0.24632E+01
 -0.47872E+00 -0.41727E+00  0.31789E+01  0.58154E+01  0.37058E+01 -0.33035E+01
 -0.15114E+02 -0.19756E+02 -0.13386E+02 -0.59185E+01 -0.66038E+01 -0.66386E+01
  0.48113E+01  0.14609E+02  0.18198E+02  0.18212E+02  0.11222E+02  0.61216E+01
  0.14878E+01 -0.70562E+01 -0.94520E+01 -0.79267E+01 -0.38233E+01  0.48100E+01
  0.67718E+01 -0.68455E+00 -0.87626E+01 -0.10591E+02 -0.46511E+01  0.25390E+01
  0.67866E+01  0.60121E+01 -0.12267E+01 -0.41803E+01  0.56499E+01  0.19964E+02
  0.26306E+02  0.15730E+02  0.89809E+00 -0.22338E+01 -0.24753E+01 -0.65662E+00
  0.80040E+01  0.10951E+02  0.48228E+01  0.35295E+01  0.54010E+01  0.26864E+01
  0.75937E+00 -0.24921E+01 -0.67496E+01 -0.28752E+01  0.57127E-01 -0.38933E+01
 -0.31849E+01  0.18658E+01  0.39559E+01  0.44663E+01  0.64039E+01  0.74149E+01
  0.28701E+01 -0.35295E+01 -0.33603E+01 -0.43798E+00  0.29479E+00 -0.46233E+00
 -0.43757E+01 -0.27537E+01  0.37713E+01  0.16283E+01 -0.22292E+01 -0.27585E+01
  0.47892E+00  0.55951E+01  0.49925E+01  0.39274E+01  0.94702E+00 -0.70704E+01
 -0.11185E+02 -0.68847E+01 -0.33828E+01 -0.31015E+01 -0.26689E+01 -0.53248E+01
 -0.66339E+01 -0.74248E+01 -0.50143E+01  0.46645E+01  0.97839E+01  0.52090E+01
  0.12597E+01  0.36808E+01  0.65505E+01  0.77761E+01  0.62640E+01  0.10040E+01
 -0.39502E+01 -0.58990E+01 -0.48643E+01 -0.41225E+01 -0.49875E+01 -0.67899E+01
 -0.53826E+01  0.20290E+01  0.59224E+01  0.33353E+01  0.30405E+00 -0.92532E+00
 -0.23704E+01 -0.32796E+01 -0.38771E+00 -0.21217E+01 -0.45862E+01  0.18288E+01
  0.58769E+01  0.54799E+01  0.55510E+01  0.27642E+01  0.14307E+01  0.26699E+01
  0.16536E+01  0.18776E+01  0.76898E+00 -0.38405E+01 -0.44816E+01 -0.31250E+01
 -0.28419E+01 -0.18210E+01 -0.35658E+01 -0.65411E+01 -0.51552E+01 -0.18161E+01
  0.21636E+01  0.52154E+01  0.39235E+01  0.22256E+01  0.58591E+00 -0.34245E+01
 -0.47355E+01 -0.27940E+01 -0.25285E+01 -0.31021E+01 -0.11512E+01  0.32574E+01
  0.69089E+01  0.88530E+01  0.66547E+01  0.83467E+00 -0.17375E+01 -0.12496E+01
 -0.26023E+01 -0.48686E+01 -0.46207E+01 -0.33330E+01 -0.42113E+01 -0.40292E+01
  0.80680E-01  0.14047E+01 -0.77954E+00 -0.11139E+01  0.28241E+00  0.12886E+01
  0.10462E+01  0.75581E+00  0.11751E+01  0.17502E+01 -0.12105E+00 -0.22132E+01
 -0.98846E+00 -0.45184E+00  0.13261E+01  0.44264E+01  0.26297E+01 -0.15652E+01
 -0.37710E+01 -0.43161E+01 -0.55445E+01 -0.73891E+01 -0.76123E+01 -0.67223E+01
 -0.59550E+01 -0.21225E+01  0.32843E+01  0.34053E+01  0.56271E+00 -0.57417E+00
  0.39666E-01  0.19009E+01  0.26056E+01  0.15300E+01  0.14304E+01  0.14955E+01
  0.16716E+00  0.68597E+00  0.23115E+01  0.14932E+01 -0.61426E+00 -0.79332E+00
  0.63568E-01 -0.21215E+01 -0.49793E+01 -0.45475E+01 -0.17065E+01  0.16516E+01
  0.43559E+01  0.50003E+01  0.50895E+01  0.63028E+01  0.60178E+01  0.38066E+01
  0.20971E+01  0.15763E+01  0.13030E+01  0.21994E+01  0.38920E+01  0.32595E+01
  0.26598E+01  0.30231E+01  0.18079E+01  0.11950E+01  0.18629E+01  0.17734E+01
  0.17383E+01  0.22610E+01  0.76101E+00 -0.10068E+01 -0.91462E+00 -0.98559E+00
 -0.82153E+00 -0.16864E+00 -0.10027E+01 -0.36123E+01 -0.48682E+01 -0.26030E+01
  0.69725E-01  0.53248E-01 -0.34266E+00  0.71090E+00  0.19388E+01  0.33301E+01
  0.45256E+01  0.40680E+01  0.28911E+01  0.16786E+01  0.33257E+00 -0.16820E+01
 -0.45865E+01 -0.60048E+01 -0.43219E+01 -0.17350E+01 -0.15668E+01 -0.29810E+01
 -0.46114E+01 -0.63124E+01 -0.62194E+01 -0.35343E+01 -0.63495E+00 -0.36766E+00
 -0.95822E+00 -0.49702E+00 -0.53838E+00 -0.48336E+00  0.11167E+01  0.19339E+01
  0.30497E+00 -0.12856E+01 -0.13902E+01 -0.18035E-01  0.23405E+01  0.38066E+01
  0.28669E+01  0.37541E-01 -0.22835E+01 -0.28407E+01 -0.30464E+01 -0.41678E+01
 -0.56036E+01 -0.60943E+01 -0.50971E+01 -0.30607E+01 -0.91274E+00 -0.97935E-01
 -0.45806E+00 -0.78265E+00 -0.79578E+00  0.68096E-01  0.15346E+01  0.22572E+01
  0.21254E+01  0.20254E+01  0.19568E+01  0.20533E+01  0.30226E+01  0.47091E+01
  0.53236E+01  0.37764E+01  0.26216E+01  0.19999E+01  0.17949E+01  0.33755E+01
  0.38223E+01  0.32168E+01  0.22850E+01  0.70732E+00  0.47943E+00 -0.11666E-01
 -0.42150E+00  0.83870E+00  0.30038E+00 -0.10036E+01  0.87512E+00  0.29003E+01
  0.28922E+01  0.25248E+01  0.27992E+01  0.43204E+01  0.42252E+01  0.12520E+00
 -0.35296E+01 -0.35762E+01 -0.23778E+01 -0.19202E+01 -0.23260E+01 -0.25218E+01
 -0.16238E+01  0.54813E+00  0.31741E+01  0.40642E+01  0.19601E+01 -0.86316E+00
 -0.20398E+01 -0.17911E+01 -0.31394E-01  0.38863E+00 -0.22013E+01 -0.29793E+01
 -0.15468E+01 -0.13861E+01 -0.77114E+00  0.34577E+00 -0.68243E+00 -0.13837E+01
 -0.43349E-01  0.10223E+01  0.15310E+01  0.13061E+01  0.13597E+00 -0.87483E+00
 -0.20243E+01 -0.28010E+01 -0.29617E+01 -0.29986E+01 -0.34063E+01 -0.46516E+01
 -0.44242E+01 -0.27566E+01 -0.26146E+01 -0.27396E+01 -0.17786E+01 -0.16011E+01
 -0.23309E+01 -0.30227E+01 -0.34783E+01 -0.32646E+01 -0.25672E+01 -0.21044E+01
 -0.15256E+01 -0.43820E+00  0.33170E+00 -0.22196E+00 -0.78234E+00  0.46330E+00
  0.13394E+01  0.70588E+00  0.10774E+01  0.15483E+01  0.60836E+00  0.11321E+01
  0.31258E+01  0.45299E+01  0.47848E+01  0.32823E+01  0.20150E+01  0.22007E+01
  0.28598E+01  0.34353E+01  0.29323E+01  0.12963E+01  0.48741E-01  0.18575E-01
  0.30800E+00 -0.31927E-01 -0.10956E+00  0.51644E+00  0.98958E+00  0.13381E+01
  0.24365E+01  0.37133E+01  0.37552E+01  0.33378E+01  0.37663E+01  0.42418E+01
  0.35739E+01  0.22285E+01  0.97305E+00 -0.28988E-01 -0.41196E+00  0.27740E+00
  0.10019E+01  0.70888E+00  0.57362E+00  0.80435E+00  0.68106E+00  0.36681E+00
 -0.26076E+00 -0.11310E+01 -0.15851E+01 -0.11213E+01 -0.14274E+00  0.41013E+00
  0.80150E+00  0.13632E+01  0.15364E+01  0.16374E+01  0.18201E+01  0.11148E+01
 -0.30575E+00 -0.12281E+01 -0.15987E+01 -0.19071E+01 -0.22475E+01 -0.25009E+01
 -0.24642E+01 -0.23779E+01 -0.23435E+01 -0.21515E+01 -0.19431E+01 -0.17096E+01
 -0.14952E+01 -0.13272E+01 -0.98861E+00 -0.80554E+00 -0.90602E+00 -0.13147E+01
 -0.18344E+01 -0.17222E+01 -0.13894E+01 -0.13817E+01 -0.11840E+01 -0.80996E+00
 -0.83083E+00 -0.11317E+01 -0.13403E+01 -0.17965E+01 -0.24952E+01 -0.28821E+01
 -0.28910E+01 -0.27273E+01 -0.25138E+01 -0.22866E+01 -0.19304E+01 -0.15353E+01
 -0.11733E+01 -0.52159E+00  0.87737E-01  0.20974E+00  0.12559E+00  0.17755E-01
 -0.17819E-01  0.36740E-03  0.39554E+00  0.12760E+01  0.17978E+01  0.20445E+01
  0.25281E+01  0.28408E+01  0.30295E+01  0.31573E+01  0.29967E+01  0.26775E+01
  0.21960E+01  0.16147E+01  0.11991E+01  0.99582E+00  0.10361E+01  0.13817E+01
  0.19204E+01  0.25013E+01  0.28591E+01  0.30760E+01  0.34014E+01  0.34565E+01
  0.33587E+01  0.33453E+01  0.29729E+01  0.24489E+01  0.21623E+01  0.18541E+01
  0.14366E+01  0.94604E+00  0.42292E+00 -0.72334E-01 -0.56094E+00 -0.82116E+00
 -0.79549E+00 -0.69226E+00 -0.58138E+00 -0.49932E+00 -0.48539E+00 -0.51166E+00
 -0.57753E+00 -0.65277E+00 -0.53282E+00 -0.31502E+00 -0.30377E+00 -0.43401E+00
 -0.61124E+00 -0.96899E+00 -0.14984E+01 -0.20688E+01 -0.26166E+01 -0.30283E+01
 -0.31745E+01 -0.31871E+01 -0.31656E+01 -0.30713E+01 -0.30237E+01 -0.30807E+01
 -0.31109E+01 -0.30792E+01 -0.30639E+01 -0.30691E+01 -0.29853E+01 -0.27858E+01
 -0.26135E+01 -0.24911E+01 -0.23162E+01 -0.20936E+01 -0.18912E+01 -0.17488E+01
 -0.16145E+01 -0.14907E+01 -0.14941E+01 -0.16084E+01 -0.17119E+01 -0.18701E+01
 -0.20063E+01 -0.20175E+01 -0.19088E+01 -0.15404E+01 -0.97832E+00 -0.40094E+00
  0.13468E+00  0.58056E+00  0.97274E+00  0.11899E+01  0.11246E+01  0.10918E+01
  0.12239E+01  0.13473E+01  0.14952E+01  0.17071E+01  0.18704E+01  0.19217E+01
  0.19347E+01  0.19463E+01  0.19729E+01  0.20466E+01  0.21576E+01  0.23022E+01
  0.24647E+01  0.26331E+01  0.27900E+01  0.28695E+01  0.29440E+01  0.30283E+01
  0.30697E+01  0.31024E+01  0.30920E+01  0.29847E+01  0.27811E+01  0.24915E+01
  0.21975E+01  0.19873E+01  0.18581E+01  0.18122E+01  0.18604E+01  0.19503E+01
  0.20110E+01  0.19839E+01  0.18927E+01  0.17778E+01  0.16581E+01  0.15293E+01
  0.13878E+01  0.12422E+01  0.10453E+01  0.78403E+00  0.50063E+00  0.17546E+00
 -0.21719E+00 -0.63808E+00 -0.10220E+01 -0.12307E+01 -0.12774E+01 -0.13256E+01
 -0.12661E+01 -0.11230E+01 -0.10785E+01 -0.11090E+01 -0.11918E+01 -0.13602E+01
 -0.16152E+01 -0.19576E+01 -0.22831E+01 -0.25694E+01 -0.29340E+01 -0.33122E+01
 -0.36285E+01 -0.38643E+01 -0.39615E+01 -0.39475E+01 -0.38450E+01 -0.36639E+01
 -0.34394E+01 -0.31935E+01 -0.29670E+01 -0.27747E+01 -0.26103E+01 -0.24498E+01
 -0.22506E+01 -0.20817E+01 -0.19180E+01 -0.17241E+01 -0.16109E+01 -0.15657E+01
 -0.14864E+01 -0.13651E+01 -0.12653E+01 -0.11989E+01 -0.11057E+01 -0.97982E+00
 -0.81249E+00 -0.60946E+00 -0.41582E+00 -0.25072E+00 -0.73864E-01  0.15628E+00
  0.44539E+00  0.79633E+00  0.11909E+01  0.16330E+01  0.20427E+01  0.23168E+01
  0.25153E+01  0.26115E+01  0.26095E+01  0.26018E+01  0.26207E+01  0.27238E+01
  0.28617E+01  0.30026E+01  0.32058E+01  0.34067E+01  0.35746E+01  0.37088E+01
  0.37408E+01  0.36623E+01  0.34873E+01  0.32941E+01  0.31454E+01  0.30126E+01
  0.29587E+01  0.29447E+01  0.29241E+01  0.29647E+01  0.30459E+01  0.31130E+01
  0.31596E+01  0.31423E+01  0.30632E+01  0.29011E+01  0.26058E+01  0.22272E+01
  0.18025E+01  0.13416E+01  0.90145E+00  0.50270E+00  0.12162E+00 -0.24185E+00
 -0.56264E+00 -0.83737E+00 -0.10849E+01 -0.13248E+01 -0.15430E+01 -0.17206E+01
 -0.18698E+01 -0.19817E+01 -0.20432E+01 -0.21158E+01 -0.21915E+01 -0.22685E+01
 -0.24545E+01 -0.26837E+01 -0.29058E+01 -0.31936E+01 -0.34768E+01 -0.37064E+01
 -0.39419E+01 -0.41900E+01 -0.43995E+01 -0.45521E+01 -0.46365E+01 -0.46439E+01
 -0.45505E+01 -0.43699E+01 -0.41595E+01 -0.39215E+01 -0.36456E+01 -0.33729E+01
 -0.31345E+01 -0.29432E+01 -0.28004E+01 -0.26306E+01 -0.24058E+01 -0.22078E+01
 -0.19882E+01 -0.17120E+01 -0.14376E+01 -0.11302E+01 -0.77174E+00 -0.41888E+00
 -0.70398E-01  0.27547E+00  0.58601E+00  0.86773E+00  0.11178E+01  0.13087E+01
  0.14685E+01  0.16093E+01  0.17370E+01  0.18613E+01  0.19912E+01  0.21582E+01
  0.23676E+01  0.25626E+01  0.27406E+01  0.29264E+01  0.31082E+01  0.33148E+01
  0.35590E+01  0.37699E+01  0.39497E+01  0.41570E+01  0.43032E+01  0.43371E+01
  0.43007E+01  0.42021E+01  0.40669E+01  0.39000E+01  0.37110E+01  0.35140E+01
  0.33180E+01  0.31411E+01  0.29837E+01  0.28247E+01  0.26624E+01  0.25009E+01
  0.23210E+01  0.21313E+01  0.19550E+01  0.17890E+01  0.16289E+01  0.14536E+01
  0.12602E+01  0.10459E+01  0.80178E+00  0.52716E+00  0.23628E+00 -0.80702E-01
 -0.41620E+00 -0.73954E+00 -0.10792E+01 -0.14415E+01 -0.17749E+01 -0.20573E+01
 -0.23107E+01 -0.25447E+01 -0.27107E+01 -0.28555E+01 -0.30261E+01 -0.31758E+01
 -0.33021E+01 -0.34064E+01 -0.34713E+01 -0.35156E+01 -0.35531E+01 -0.35881E+01
 -0.36292E+01 -0.36851E+01 -0.37582E+01 -0.38445E+01 -0.39177E+01 -0.39559E+01
 -0.39421E+01 -0.38745E+01 -0.37699E+01 -0.36403E+01 -0.34878E+01 -0.33302E+01
 -0.31737E+01 -0.30123E+01 -0.28473E+01 -0.26746E+01 -0.24796E+01 -0.22652E+01
 -0.20370E+01 -0.17995E+01 -0.15769E+01 -0.13663E+01 -0.11393E+01 -0.90723E+00
 -0.67316E+00 -0.43433E+00 -0.19656E+00  0.35540E-01  0.25382E+00  0.44891E+00
  0.62191E+00  0.77249E+00  0.90837E+00  0.10431E+01  0.11922E+01  0.13659E+01
  0.15685E+01  0.17911E+01  0.20215E+01  0.22329E+01  0.23980E+01  0.25127E+01
  0.25833E+01  0.26140E+01  0.26178E+01  0.26089E+01  0.26051E+01  0.26147E+01
  0.26406E+01  0.26793E+01  0.27161E+01  0.27326E+01  0.27182E+01  0.26653E+01
  0.25721E+01  0.24395E+01  0.22871E+01  0.21350E+01  0.19994E+01  0.18870E+01
  0.17708E+01  0.16523E+01  0.15709E+01  0.15065E+01  0.14433E+01  0.13927E+01
  0.13382E+01  0.12569E+01  0.11448E+01  0.99035E+00  0.79750E+00  0.58893E+00
  0.36689E+00  0.13497E+00 -0.79748E-01 -0.26415E+00 -0.40932E+00 -0.51510E+00
 -0.58157E+00 -0.61412E+00 -0.63853E+00 -0.67083E+00 -0.71245E+00 -0.77790E+00
 -0.86064E+00 -0.95890E+00 -0.10622E+01 -0.11450E+01 -0.12220E+01 -0.12919E+01
 -0.13293E+01 -0.13407E+01 -0.13286E+01 -0.12908E+01 -0.12449E+01 -0.12058E+01
 -0.11498E+01 -0.11129E+01 -0.11221E+01 -0.11380E+01 -0.11493E+01 -0.11545E+01
 -0.11359E+01 -0.10913E+01 -0.10254E+01 -0.93720E+00 -0.83058E+00 -0.72223E+00
 -0.61793E+00 -0.52392E+00 -0.45076E+00 -0.39807E+00 -0.35196E+00 -0.30408E+00
 -0.24675E+00 -0.17502E+00 -0.92129E-01 -0.82309E-02  0.75059E-01  0.15627E+00
  0.22999E+00  0.28834E+00  0.32581E+00  0.33838E+00  0.33546E+00  0.32540E+00
  0.31203E+00  0.30275E+00  0.30803E+00  0.33068E+00  0.37236E+00  0.42916E+00
  0.49598E+00  0.56670E+00  0.63287E+00  0.68241E+00  0.71206E+00  0.72280E+00
  0.71670E+00  0.69217E+00  0.65377E+00  0.60698E+00  0.55263E+00  0.49039E+00
  0.42597E+00  0.36149E+00  0.30039E+00  0.24440E+00  0.19662E+00  0.15803E+00
  0.12971E+00  0.11294E+00  0.11030E+00  0.12041E+00  0.14310E+00  0.17466E+00
  0.21118E+00  0.24689E+00  0.27778E+00  0.29826E+00  0.30746E+00  0.30462E+00
  0.28885E+00  0.25650E+00  0.20787E+00  0.14182E+00  0.59357E-01 -0.34006E-01
 -0.12878E+00 -0.21722E+00 -0.28682E+00 -0.32971E+00 -0.34325E+00 -0.33064E+00
