 -0.51173E+00 -0.96418E+00 -0.81496E+00 -0.87183E+00 -0.84542E+00 -0.86027E+00
 -0.84412E+00 -0.85844E+00 -0.84265E+00 -0.85482E+00 -0.84106E+00 -0.85061E+00
 -0.83906E+00 -0.84717E+00 -0.83756E+00 -0.84453E+00 -0.83554E+00 -0.84104E+00
 -0.83046E+00 -0.82903E+00 -0.81075E+00 -0.80012E+00 -0.77261E+00 -0.74919E+00
 -0.70720E+00 -0.66642E+00 -0.60775E+00 -0.55100E+00 -0.47699E+00 -0.40277E+00
 -0.31056E+00 -0.21623E+00 -0.10352E+00  0.11737E-01  0.14460E+00  0.27959E+00
  0.43084E+00  0.58350E+00  0.75171E+00  0.92224E+00  0.11089E+01  0.12994E+01
  0.15065E+01  0.17166E+01  0.19395E+01  0.21598E+01  0.23852E+01  0.26006E+01
  0.28151E+01  0.30174E+01  0.32201E+01  0.34146E+01  0.36129E+01  0.38039E+01
  0.39937E+01  0.41655E+01  0.43205E+01  0.44410E+01  0.45317E+01  0.45819E+01
  0.46043E+01  0.45962E+01  0.45738E+01  0.45339E+01  0.44872E+01  0.44220E+01
  0.43407E+01  0.42257E+01  0.40782E+01  0.38853E+01  0.36567E+01  0.33904E+01
  0.31090E+01  0.28240E+01  0.25579E+01  0.23098E+01  0.20897E+01  0.18839E+01
  0.16890E+01  0.14835E+01  0.12643E+01  0.10202E+01  0.76441E+00  0.50319E+00
  0.26169E+00  0.48967E-01 -0.11785E+00 -0.24592E+00 -0.33722E+00 -0.41407E+00
 -0.48474E+00 -0.56687E+00 -0.65564E+00 -0.75158E+00 -0.83449E+00 -0.89561E+00
 -0.91365E+00 -0.88646E+00 -0.80855E+00 -0.69341E+00 -0.54555E+00 -0.39780E+00
 -0.26275E+00 -0.15153E+00 -0.56568E-01  0.28164E-01  0.12986E+00  0.26143E+00
  0.44095E+00  0.66032E+00  0.91194E+00  0.11659E+01  0.14074E+01  0.16168E+01
  0.17963E+01  0.19471E+01  0.20926E+01  0.22466E+01  0.24349E+01  0.26603E+01
  0.29257E+01  0.32078E+01  0.34841E+01  0.37172E+01  0.38946E+01  0.40095E+01
  0.40895E+01  0.41634E+01  0.42706E+01  0.44249E+01  0.46291E+01  0.48473E+01
  0.50446E+01  0.51776E+01  0.52322E+01  0.52077E+01  0.51369E+01  0.50504E+01
  0.49841E+01  0.49366E+01  0.49025E+01  0.48619E+01  0.47888E+01  0.46694E+01
  0.45330E+01  0.43641E+01  0.42173E+01  0.41124E+01  0.38844E+01  0.35674E+01
  0.33158E+01  0.29961E+01  0.26128E+01  0.22744E+01  0.19736E+01  0.17377E+01
  0.15822E+01  0.14044E+01  0.12477E+01  0.10602E+01  0.70973E+00  0.35356E+00
  0.41060E-02 -0.46591E+00 -0.95664E+00 -0.14307E+01 -0.17776E+01 -0.18499E+01
 -0.18525E+01 -0.18913E+01 -0.18663E+01 -0.19758E+01 -0.22796E+01 -0.27323E+01
 -0.31316E+01 -0.34603E+01 -0.37980E+01 -0.28087E+01 -0.22857E+01 -0.52172E+01
 -0.62392E+01 -0.28241E+01 -0.34177E+01 -0.75253E+01 -0.65739E+01 -0.43063E+01
 -0.55837E+01 -0.74638E+01 -0.73232E+01 -0.57180E+01 -0.76347E+01 -0.10805E+02
 -0.73759E+01 -0.53143E+01 -0.10806E+02 -0.11449E+02 -0.68202E+01 -0.69826E+01
 -0.10744E+02 -0.14262E+02 -0.14226E+02 -0.12523E+02 -0.15633E+02 -0.18270E+02
 -0.14889E+02 -0.12487E+02 -0.12113E+02 -0.12009E+02 -0.13337E+02 -0.13031E+02
 -0.12965E+02 -0.15066E+02 -0.15899E+02 -0.18113E+02 -0.19245E+02 -0.15619E+02
 -0.14768E+02 -0.14611E+02 -0.12498E+02 -0.13209E+02 -0.98266E+01 -0.51647E+01
 -0.12001E+02 -0.18895E+02 -0.13857E+02 -0.98704E+01 -0.13803E+02 -0.15528E+02
 -0.89904E+01 -0.33404E+01 -0.79643E+01 -0.10853E+02 -0.47090E+01 -0.38848E+01
 -0.10447E+02 -0.10073E+02 -0.41854E+01 -0.26693E+01 -0.56081E+01 -0.67898E+01
 -0.95317E+00  0.29834E+01 -0.98287E+00 -0.26735E+01  0.16129E+01  0.14121E+01
 -0.45269E+01  0.48862E+00  0.77619E+01 -0.57537E+01 -0.12790E+02  0.68879E+01
  0.94611E+01 -0.13805E+02 -0.12956E+02  0.92789E+01  0.78994E+01 -0.11397E+02
 -0.39202E+01  0.59609E+01 -0.10327E+02 -0.70716E+01  0.62869E+01 -0.15189E+02
 -0.27081E+02 -0.33677E+01 -0.10260E+02 -0.31619E+02 -0.23331E+02 -0.20336E+02
 -0.27736E+02 -0.38939E+02 -0.47782E+02 -0.34470E+02 -0.37423E+02 -0.60721E+02
 -0.53600E+02 -0.38643E+02 -0.35796E+02 -0.46567E+02 -0.63479E+02 -0.51445E+02
 -0.46399E+02 -0.69037E+02 -0.76672E+02 -0.50742E+02 -0.35109E+02 -0.39435E+02
 -0.11509E+02  0.83434E+01 -0.11128E+02 -0.17625E+02  0.94950E+01  0.12293E+02
 -0.34648E+02 -0.19715E+02  0.33776E+02  0.16707E+02 -0.15974E+02 -0.63032E+01
  0.18673E+02  0.18080E+01 -0.20841E+02 -0.67184E+00 -0.13866E+02 -0.44993E+02
 -0.18611E+02  0.19586E+01  0.15316E+02  0.56236E+02  0.75554E+02  0.92702E+02
  0.13514E+03  0.16243E+03  0.18257E+03  0.19545E+03  0.19935E+03  0.20957E+03
  0.18781E+03  0.21434E+03  0.25396E+03  0.21108E+03  0.23187E+03  0.26499E+03
  0.22162E+03  0.23468E+03  0.29571E+03  0.33412E+03  0.32915E+03  0.27831E+03
  0.25374E+03  0.22293E+03  0.12554E+03  0.69233E+02  0.71215E+02  0.36844E+02
 -0.68972E+01 -0.20817E+02 -0.36770E+00  0.46725E+02  0.89643E+02  0.12908E+03
  0.12749E+03  0.97436E+02  0.92213E+02  0.76226E+02 -0.20442E+02 -0.13752E+03
 -0.19994E+03 -0.24054E+03 -0.25029E+03 -0.26564E+03 -0.31072E+03 -0.33769E+03
 -0.39326E+03 -0.47579E+03 -0.49058E+03 -0.46311E+03 -0.46138E+03 -0.46141E+03
 -0.43844E+03 -0.40314E+03 -0.32629E+03 -0.15382E+03 -0.17748E+02  0.17211E+02
  0.16610E+02  0.27210E+02  0.10935E+03  0.13965E+03  0.12331E+03  0.11430E+03
  0.32251E+02 -0.40107E+02 -0.39223E+02 -0.43360E+02 -0.13159E+02  0.32195E+02
  0.31466E+02  0.92549E+02  0.22444E+03  0.29236E+03  0.30605E+03  0.32844E+03
  0.32399E+03  0.25409E+03  0.14627E+03  0.45743E+02 -0.91012E+02 -0.27962E+03
 -0.43525E+03 -0.47710E+03 -0.43345E+03 -0.34787E+03 -0.21782E+03 -0.18330E+03
 -0.18348E+03 -0.10513E+03 -0.13817E+02  0.17188E+03  0.31349E+03  0.29429E+03
  0.24839E+03  0.24286E+03  0.21735E+03  0.16718E+03  0.17104E+03  0.79083E+02
 -0.58904E+01  0.68370E+02  0.53577E+02  0.12233E+02  0.94788E+02  0.96311E+02
  0.71140E+02  0.36310E+02 -0.12104E+03 -0.21587E+03 -0.23437E+03 -0.30323E+03
 -0.38585E+03 -0.41014E+03 -0.28609E+03 -0.89880E+02  0.26856E+02  0.12061E+03
  0.23574E+03  0.29102E+03  0.22496E+03  0.18084E+03  0.22862E+03  0.25392E+03
  0.27565E+03  0.27658E+03  0.17764E+03  0.23679E+02 -0.13631E+03 -0.27516E+03
 -0.32701E+03 -0.23411E+03 -0.12073E+03 -0.67334E+02 -0.16173E+02  0.12765E+02
  0.70318E+02  0.16075E+03  0.12907E+03  0.13369E+02 -0.38233E+02 -0.39457E+02
 -0.23441E+02 -0.52156E+02 -0.98855E+02 -0.55164E+02  0.47418E+02  0.15316E+03
  0.19312E+03  0.96780E+02  0.42476E+01 -0.12690E+02 -0.67140E+02 -0.11637E+03
 -0.62349E+02  0.52691E+02  0.74197E+02 -0.33269E+02 -0.78749E+02 -0.82240E+02
 -0.22349E+03 -0.28466E+03 -0.21005E+03 -0.18391E+03 -0.12154E+03 -0.32737E+02
  0.25229E+02 -0.19978E+02 -0.12370E+03 -0.10181E+03  0.68907E+01  0.15048E+03
  0.24903E+03  0.25534E+03  0.26913E+03  0.28822E+03  0.27475E+03  0.28173E+03
  0.27419E+03  0.20024E+03  0.97816E+02 -0.99030E+01  0.75626E+01  0.11409E+03
  0.36132E+02 -0.86461E+02 -0.10981E+03 -0.20016E+03 -0.25281E+03 -0.25812E+03
 -0.33643E+03 -0.37123E+03 -0.30841E+03 -0.22837E+03 -0.19089E+03 -0.14103E+03
 -0.45642E+02  0.82697E+01  0.19282E+02  0.95148E+02  0.20430E+03  0.26742E+03
  0.31541E+03  0.28741E+03  0.18178E+03  0.89915E+02  0.20158E+00 -0.15706E+02
 -0.22847E+02 -0.15808E+03 -0.18962E+03 -0.46207E+02  0.79189E+01 -0.33411E+01
  0.17348E+02  0.33679E+02  0.80221E+02  0.15111E+03  0.16232E+03  0.10867E+03
  0.75866E+02  0.16534E+02 -0.72305E+02 -0.54715E+02  0.12672E+02  0.77380E+02
  0.16018E+03  0.12952E+03 -0.74395E+01 -0.44878E+02 -0.12189E+02 -0.30700E+02
 -0.15720E+02  0.31427E+02  0.85211E+02  0.15432E+03  0.93098E+02 -0.59338E+02
 -0.11720E+03 -0.10824E+03 -0.12514E+03 -0.12664E+03 -0.13574E+03 -0.17640E+03
 -0.14784E+03 -0.10238E+03 -0.68511E+02  0.63831E+01  0.11210E+03  0.20289E+03
  0.20928E+03  0.14060E+03  0.84568E+02  0.61668E+02  0.49631E+02  0.78854E+02
  0.13378E+03  0.12184E+03  0.62198E+02  0.22968E+02 -0.41337E+01  0.17463E+02
  0.37892E+02 -0.91612E+01 -0.57158E+02 -0.74218E+02 -0.49435E+02 -0.19388E+02
 -0.40732E+02 -0.10599E+03 -0.15649E+03 -0.13572E+03 -0.10156E+03 -0.11421E+03
 -0.10618E+03 -0.87674E+02 -0.11647E+03 -0.12062E+03 -0.64955E+02 -0.12377E+02
  0.61547E+01 -0.36606E+01 -0.32148E+02  0.54985E+01  0.97877E+02  0.99788E+02
  0.90615E+02  0.16178E+03  0.18147E+03  0.16707E+03  0.15018E+03  0.56754E+02
  0.25195E+02  0.11783E+03  0.13516E+03  0.41021E+02 -0.63275E+02 -0.16322E+03
 -0.18910E+03 -0.13526E+03 -0.13687E+03 -0.16306E+03 -0.11088E+03 -0.42491E+02
  0.14114E+02  0.46046E+02  0.50226E+01 -0.51716E+02 -0.54813E+02 -0.20306E+02
 -0.25009E+02 -0.65825E+02 -0.46599E+02  0.24252E+02  0.56098E+02  0.47225E+02
  0.66232E+02  0.51048E+02 -0.30512E+02 -0.42624E+02  0.19130E+01  0.51248E+02
  0.10196E+03  0.84281E+02  0.34085E+02 -0.54504E+01 -0.24877E+02  0.89251E+01
  0.33580E+02  0.37664E+02  0.31785E+02  0.72636E+01  0.24409E+02  0.16277E+02
 -0.39215E+02 -0.52445E+02 -0.66699E+02 -0.85126E+02 -0.54393E+02 -0.27504E+02
 -0.43699E+02 -0.37238E+02 -0.97100E+01 -0.25338E+02 -0.32746E+02 -0.29619E+02
 -0.52492E+02 -0.66473E+02 -0.68789E+02 -0.37140E+02  0.16829E+02  0.24523E+02
 -0.30193E+01 -0.51272E+01  0.19091E+02  0.41032E+02  0.61666E+02  0.50077E+02
  0.11255E+02  0.43580E+01  0.15843E+02  0.15420E+02  0.22847E+02  0.51215E+02
  0.72661E+02  0.74208E+02  0.58063E+02  0.39593E+02  0.44196E+02  0.34931E+02
 -0.89179E+01 -0.22801E+02 -0.41153E+01 -0.15348E+02 -0.37400E+02 -0.49733E+02
 -0.40072E+02 -0.14619E+02 -0.27045E+02 -0.34547E+02 -0.13106E+02 -0.14155E+02
 -0.13062E+02 -0.14560E+02 -0.62228E+02 -0.99556E+02 -0.70470E+02 -0.26340E+02
 -0.13974E+02  0.16601E+02  0.53488E+02  0.75356E+02  0.10307E+03  0.11369E+03
  0.10939E+03  0.70565E+02  0.87095E+01 -0.27564E+02 -0.43173E+02 -0.46158E+02
 -0.26538E+02  0.21370E+02  0.62314E+02  0.49850E+02  0.36132E+01 -0.23431E+02
 -0.21788E+02 -0.24895E+02 -0.28568E+02 -0.40128E+02 -0.69357E+02 -0.82787E+02
 -0.72703E+02 -0.27586E+02  0.30249E+02  0.75482E+02  0.11253E+03  0.12639E+03
  0.12259E+03  0.99892E+02  0.86872E+02  0.99806E+02  0.79495E+02  0.64621E+02
  0.89464E+02  0.65745E+02  0.64678E+00 -0.23391E+02 -0.31859E+02 -0.58806E+02
 -0.73760E+02 -0.83978E+02 -0.87854E+02 -0.62608E+02 -0.37100E+02 -0.41676E+02
 -0.59874E+02 -0.66235E+02 -0.50527E+02 -0.13774E+02  0.10783E+02 -0.14671E+02
 -0.42725E+02 -0.16942E+02  0.53367E+02  0.10701E+03  0.83723E+02  0.30957E+02
 -0.29232E+01 -0.20107E+02 -0.11024E+02  0.23589E+01  0.19527E+02  0.49741E+02
  0.50577E+02  0.24206E+02  0.11202E+02  0.39407E+01 -0.13323E+02 -0.45549E+02
 -0.97869E+02 -0.13213E+03 -0.12158E+03 -0.94404E+02 -0.54213E+02 -0.14130E+02
  0.28750E+01  0.81811E+01 -0.69600E+01 -0.15855E+02  0.59893E+00  0.32595E+02
  0.78003E+02  0.81698E+02  0.46434E+02  0.15700E+02 -0.71587E+01 -0.23588E+02
 -0.60033E+02 -0.10667E+03 -0.11037E+03 -0.60840E+02 -0.30399E+02 -0.60917E+02
 -0.78352E+02 -0.56240E+02 -0.18185E+02  0.12449E+02 -0.42798E+01 -0.13481E+02
  0.26248E+02  0.63192E+02  0.76700E+02  0.65909E+02  0.46684E+02  0.43993E+02
  0.48312E+02  0.58434E+02  0.44674E+02  0.17378E+02  0.33608E+02  0.35558E+02
 -0.49830E+01  0.17755E+01  0.37545E+02  0.13784E+02 -0.42010E+02 -0.75057E+02
 -0.79677E+02 -0.62740E+02 -0.51767E+02 -0.46827E+02  0.76304E+01  0.61839E+02
  0.53543E+02  0.54696E+02  0.74953E+02  0.65574E+02  0.39082E+02  0.12975E+01
 -0.26437E+02 -0.14562E+02 -0.26728E+02 -0.73888E+02 -0.74389E+02 -0.38208E+02
 -0.15784E+02  0.98310E+01  0.36438E+02  0.14473E+02 -0.51156E+02 -0.10002E+03
 -0.95372E+02 -0.59520E+02 -0.38308E+02 -0.23086E+02  0.11083E+02  0.15612E+02
 -0.55491E+01  0.21282E+02  0.77906E+02  0.10417E+03  0.70239E+02  0.12365E+02
  0.14319E+01  0.15932E+02  0.74626E+01 -0.25454E+02 -0.43131E+02 -0.30775E+02
 -0.61886E+01 -0.10896E+02 -0.63709E+02 -0.91567E+02 -0.71147E+02 -0.60566E+02
 -0.42537E+02 -0.33102E+01  0.16471E+02  0.49459E+02  0.98069E+02  0.12034E+03
  0.10989E+03  0.93880E+02  0.87816E+02  0.87263E+02  0.83074E+02  0.67745E+02
  0.48838E+02  0.44754E+02  0.75167E+02  0.95811E+02  0.10651E+03  0.11990E+03
  0.70249E+02 -0.32909E+01 -0.37935E+02 -0.59236E+02 -0.67629E+02 -0.79871E+02
 -0.93325E+02 -0.69440E+02 -0.56516E+02 -0.78861E+02 -0.96473E+02 -0.10896E+03
 -0.12078E+03 -0.11626E+03 -0.79918E+02 -0.33776E+02  0.15800E+02  0.80069E+02
  0.10952E+03  0.10298E+03  0.93545E+02  0.87528E+02  0.84951E+02  0.70132E+02
  0.47321E+02  0.34012E+02  0.24626E+02  0.21834E+02  0.31342E+02  0.19064E+02
 -0.29439E+01 -0.63000E+01 -0.22482E+02 -0.37535E+02 -0.29162E+02 -0.16664E+02
 -0.95739E+01 -0.16147E+02 -0.23246E+02 -0.37898E+02 -0.72362E+02 -0.70646E+02
 -0.48668E+02 -0.53125E+02 -0.58934E+02 -0.41543E+02 -0.11051E+02 -0.19656E+02
 -0.40888E+02 -0.33944E+02 -0.28040E+02 -0.38234E+02 -0.52163E+02 -0.45500E+02
 -0.30898E+02 -0.14944E+02  0.12088E+02  0.38321E+02  0.65777E+02  0.82527E+02
  0.65033E+02  0.38687E+02  0.33504E+02  0.45145E+02  0.36571E+02 -0.13429E+02
 -0.24734E+02  0.38827E+02  0.74109E+02  0.38485E+02  0.28603E+01 -0.22513E+02
 -0.38657E+02 -0.41889E+01  0.21876E+02  0.18364E+02  0.57781E+02  0.80739E+02
  0.27507E+02  0.68434E+01  0.48874E+02  0.47811E+02 -0.86305E+01 -0.49464E+02
 -0.66266E+02 -0.62464E+02 -0.21468E+02  0.21032E+02  0.33921E+02  0.10484E+02
 -0.45369E+02 -0.80941E+02 -0.77494E+02 -0.65051E+02 -0.55513E+02 -0.60271E+02
 -0.43414E+02 -0.98818E+01 -0.56271E+01 -0.39167E+01  0.54861E+01 -0.95155E+01
 -0.53017E+02 -0.76990E+02 -0.81207E+02 -0.73394E+02 -0.19199E+02  0.40079E+02
  0.51944E+02  0.35064E+02  0.21792E+02  0.27460E+02  0.42386E+02  0.37267E+02
  0.29154E+02  0.35711E+02  0.20763E+02 -0.10401E+02 -0.22898E+02 -0.46618E+02
 -0.77267E+02 -0.52213E+02 -0.31297E+01  0.21568E+02  0.36884E+02  0.29163E+02
  0.29702E+02  0.70322E+02  0.90106E+02  0.66699E+02  0.35448E+02  0.23271E+02
  0.25540E+02  0.51830E+02  0.82472E+02  0.90988E+02  0.88503E+02  0.72657E+02
  0.59642E+02  0.57821E+02  0.31254E+02 -0.29389E+02 -0.63473E+02 -0.43834E+02
 -0.12945E+02 -0.19549E+02 -0.45372E+02 -0.46765E+02 -0.38207E+02 -0.38797E+02
 -0.38981E+02 -0.34910E+02 -0.53075E+02 -0.64079E+02 -0.31783E+02 -0.12260E+02
 -0.27465E+00  0.18388E+02  0.99440E+01  0.84435E+01  0.53026E+01 -0.24136E+02
 -0.29109E+02 -0.20888E+02 -0.31475E+02 -0.26716E+02 -0.23957E+01  0.15602E+02
  0.12743E+02  0.72373E+01  0.45517E+01 -0.11299E+02 -0.52203E+02 -0.90104E+02
 -0.59260E+02 -0.11751E+02 -0.61645E+01 -0.14343E+02 -0.33223E+02 -0.25826E+02
  0.13659E+02  0.17416E+01 -0.39803E+02 -0.44138E+02 -0.24372E+02 -0.39450E+01
  0.10933E+02  0.25298E+02  0.33129E+02  0.19494E+02  0.10684E+02  0.26772E+02
  0.19400E+02 -0.17439E+01  0.15954E+02  0.58813E+02  0.10786E+03  0.12022E+03
  0.87527E+02  0.67333E+02  0.52436E+02  0.23781E+02  0.19761E+01 -0.76785E+01
 -0.22922E+02 -0.49239E+02 -0.66495E+02 -0.47132E+02 -0.75512E+01 -0.48551E+01
 -0.25887E+02 -0.16469E+02  0.52786E+01  0.19313E+02  0.22540E+02 -0.62236E+01
 -0.31094E+02 -0.40546E+02 -0.57863E+02 -0.42423E+02  0.31397E+00  0.20405E+02
  0.36355E+02  0.69275E+02  0.92653E+02  0.79209E+02  0.36438E+02  0.52116E+00
 -0.19867E+02 -0.39592E+02 -0.52484E+02 -0.55298E+02 -0.51214E+02 -0.33805E+02
 -0.40765E+01  0.95933E+01 -0.37187E+01 -0.12783E+02 -0.23996E+02 -0.33546E+02
 -0.23560E+02 -0.20813E+02 -0.17052E+02  0.25668E+01  0.25155E+02  0.39253E+02
  0.37576E+02  0.40363E+02  0.42589E+02  0.25989E+02  0.24394E+02  0.28948E+02
  0.10586E+01 -0.29353E+02 -0.26842E+02 -0.11801E+01  0.72063E+01 -0.54345E+01
  0.73337E+01  0.13783E+02 -0.15169E+02 -0.22100E+02 -0.13257E+02 -0.19991E+02
 -0.17725E+02  0.81861E+01  0.43702E+02  0.60416E+02  0.50066E+02  0.37814E+02
  0.30024E+02  0.17794E+02  0.22438E+01 -0.33505E+02 -0.76763E+02 -0.92956E+02
 -0.90907E+02 -0.80683E+02 -0.63438E+02 -0.41772E+02 -0.13255E+02  0.53537E+01
  0.14871E+02  0.34447E+02  0.44029E+02  0.42221E+02  0.34314E+02  0.21288E+02
  0.22402E+02  0.38422E+02  0.43420E+02  0.14838E+02 -0.22937E+02 -0.18950E+02
  0.23936E+02  0.52211E+02  0.53533E+02  0.33495E+02  0.54030E+01 -0.81089E+01
 -0.15748E+02 -0.23480E+02 -0.27116E+02 -0.29802E+02 -0.30670E+02 -0.35585E+02
 -0.28545E+02  0.34055E+01  0.34020E+02  0.47885E+02  0.44995E+02  0.39959E+02
  0.37093E+02  0.40674E+02  0.40957E+02 -0.46883E+00 -0.55172E+02 -0.67834E+02
 -0.53325E+02 -0.34579E+02 -0.14494E+02 -0.23266E+02 -0.40499E+02 -0.21265E+02
  0.96507E+01  0.32302E+02  0.43423E+02  0.41648E+02  0.35789E+02  0.31828E+02
  0.42443E+02  0.50755E+02  0.26790E+02 -0.78917E+01  0.94188E+00  0.20323E+02
 -0.95302E+01 -0.44805E+02 -0.57327E+02 -0.73083E+02 -0.78712E+02 -0.64485E+02
 -0.56769E+02 -0.37905E+02  0.85582E+00  0.20499E+02  0.18544E+02  0.16562E+02
  0.19846E+02  0.31204E+02  0.35867E+02  0.28256E+02  0.30222E+02  0.22170E+02
 -0.42044E+01 -0.14068E+02 -0.11246E+02 -0.15623E+02 -0.31197E+02 -0.49799E+02
 -0.58339E+02 -0.53836E+02 -0.35089E+02 -0.11104E+02  0.70824E+01  0.25059E+02
  0.45449E+02  0.55265E+02  0.51586E+02  0.39174E+02  0.25249E+02  0.24612E+02
  0.20916E+02  0.14270E+01  0.37166E+01  0.26027E+02  0.14418E+02 -0.23625E+02
 -0.36709E+02 -0.30693E+02 -0.26027E+02 -0.11228E+02 -0.10310E+01 -0.46023E+01
 -0.23269E+01  0.23984E+01 -0.45036E+01 -0.10132E+02 -0.39247E+01 -0.90927E+01
 -0.23538E+02 -0.33658E+02 -0.46971E+02 -0.49555E+02 -0.37846E+02 -0.30193E+02
 -0.22885E+02 -0.51838E+01  0.13118E+02  0.24880E+02  0.28232E+02  0.25129E+02
  0.28641E+02  0.40968E+02  0.51933E+02  0.42145E+02  0.14280E+02 -0.64392E+01
 -0.10778E+02 -0.81830E+01 -0.12809E+02 -0.26961E+02 -0.39198E+02 -0.29116E+02
  0.38634E+01  0.26977E+02  0.32192E+02  0.37174E+02  0.38101E+02  0.31924E+02
  0.34121E+02  0.41316E+02  0.38356E+02  0.29631E+02  0.20236E+02  0.40223E+01
 -0.18638E+02 -0.35498E+02 -0.52424E+02 -0.67097E+02 -0.60669E+02 -0.49445E+02
 -0.45675E+02 -0.30337E+02 -0.38962E+01  0.14944E+02  0.25362E+02  0.37314E+02
  0.48469E+02  0.34821E+02  0.89688E+01  0.21605E+01  0.70557E+01  0.14156E+02
  0.14545E+02  0.14610E+02  0.15675E+02  0.95834E+01  0.96866E+01  0.59220E+01
 -0.90074E+01 -0.10587E+02 -0.14693E+01 -0.10218E+02 -0.20182E+02 -0.63124E+01
  0.21265E+01 -0.70593E+01 -0.71227E+01 -0.68234E+00 -0.84266E+01 -0.23010E+02
 -0.24417E+02 -0.17201E+02 -0.99674E+01  0.13478E+01  0.12139E+02  0.14223E+02
  0.38989E+01 -0.13970E+01  0.50540E+01  0.69021E+01  0.50183E+01  0.82477E+01
  0.10637E+02  0.99327E+01  0.18692E+02  0.34590E+02  0.40457E+02  0.24978E+02
 -0.34522E+01 -0.27511E+02 -0.40167E+02 -0.37260E+02 -0.23390E+02 -0.13715E+02
 -0.29833E+01  0.93854E+01  0.12309E+02  0.14366E+02  0.19449E+02  0.18977E+02
  0.49159E+01 -0.21173E+02 -0.37741E+02 -0.34961E+02 -0.28933E+02 -0.27045E+02
 -0.24982E+02 -0.18851E+02 -0.62069E+01  0.59663E+01  0.13352E+02  0.21770E+02
  0.26827E+02  0.27451E+02  0.26913E+02  0.17720E+02  0.95233E+01  0.13109E+02
  0.17733E+02  0.13675E+02  0.48609E+01  0.80036E+01  0.14977E+02  0.29633E+01
 -0.12945E+02 -0.15184E+02 -0.73105E+01  0.80764E+01  0.20855E+02  0.21449E+02
  0.16353E+02  0.10232E+02  0.47334E+01  0.35439E+01  0.23405E+01 -0.63795E+01
 -0.17210E+02 -0.20142E+02 -0.24857E+02 -0.33058E+02 -0.34385E+02 -0.26041E+02
 -0.59993E+01  0.87036E+01  0.84692E+01  0.12629E+01 -0.47255E+01 -0.12471E+01
 -0.19155E+00 -0.88013E+00  0.49593E+01  0.19073E+01 -0.50300E+01  0.16490E+01
  0.11370E+02  0.50096E+01 -0.92825E+01 -0.17041E+02 -0.23759E+02 -0.29638E+02
 -0.30933E+02 -0.31890E+02 -0.31561E+02 -0.26724E+02 -0.23666E+02 -0.17103E+02
  0.86905E+00  0.15922E+02  0.22819E+02  0.25772E+02  0.19938E+02  0.13412E+02
  0.18571E+02  0.25333E+02  0.17945E+02 -0.32789E+01 -0.21128E+02 -0.25042E+02
 -0.19457E+02 -0.11970E+02 -0.57184E+01  0.82591E+01  0.27445E+02  0.33157E+02
  0.27741E+02  0.26672E+02  0.27405E+02  0.22921E+02  0.11430E+02 -0.34429E+01
 -0.12698E+02 -0.86185E+01  0.65131E+01  0.17843E+02  0.20272E+02  0.15577E+02
  0.56950E+01  0.32916E+01  0.89369E+01  0.11910E+02  0.67260E+01 -0.11692E+02
 -0.34324E+02 -0.39793E+02 -0.22904E+02 -0.55930E-01  0.55116E+01 -0.34994E+01
 -0.54926E+01 -0.23484E+01 -0.17214E+01  0.48726E+01  0.15810E+02  0.16517E+02
  0.12023E+02  0.16158E+02  0.26286E+02  0.29544E+02  0.20415E+02  0.80127E+01
  0.21015E+00 -0.53044E+01 -0.14113E+02 -0.23212E+02 -0.26874E+02 -0.30391E+02
 -0.32638E+02 -0.25012E+02 -0.15688E+02 -0.14913E+02 -0.13836E+02 -0.46114E+01
  0.70038E+01  0.14637E+02  0.18799E+02  0.17032E+02  0.12925E+02  0.16166E+02
  0.15995E+02  0.62351E+01 -0.61214E+00 -0.25120E+01 -0.13522E+01  0.36303E+00
  0.15143E+01  0.44896E+01  0.53484E+01  0.48557E+01  0.32420E+01 -0.65494E+00
 -0.26734E+01 -0.27559E+01 -0.60432E+01 -0.90650E+01 -0.83700E+01 -0.10529E+02
 -0.63437E+01  0.79201E+01  0.12337E+02  0.72413E+01  0.73324E+01  0.10059E+02
  0.11488E+02  0.12238E+02  0.47016E+01 -0.65946E+01 -0.10897E+02 -0.11291E+02
 -0.10120E+02 -0.66766E+01 -0.33836E+00  0.50977E+01  0.10683E+02  0.16658E+02
  0.15363E+02  0.12141E+02  0.10595E+02  0.65038E+01  0.85652E+00 -0.34078E-01
  0.80575E+00 -0.44183E+01 -0.46819E+01  0.43250E+01  0.10484E+02  0.84666E+01
 -0.35987E-01 -0.88034E+01 -0.12403E+02 -0.13529E+02 -0.14170E+02 -0.95689E+01
 -0.37922E+01 -0.48805E+01 -0.59705E+01 -0.11582E+01  0.28652E+01  0.20239E+01
 -0.26386E+01 -0.65516E+01 -0.50610E+01  0.22564E+00  0.32603E+01  0.79741E+00
 -0.26481E+01 -0.64779E+01 -0.11864E+02 -0.15061E+02 -0.12200E+02 -0.57765E+01
 -0.28226E+01  0.72542E+00  0.80507E+01  0.10545E+02  0.97250E+01  0.11198E+02
  0.75445E+01 -0.56328E-01 -0.34015E+01 -0.41323E+01 -0.71894E+01 -0.13877E+02
 -0.16628E+02 -0.12008E+02 -0.90917E+01 -0.87821E+01 -0.57910E+01 -0.29090E+01
 -0.27474E+01 -0.33177E+01  0.91838E+00  0.98446E+01  0.12201E+02  0.72819E+01
  0.64801E+01  0.85989E+01  0.62557E+01  0.38443E+01  0.39754E+01  0.33195E+01
  0.18868E+01 -0.22072E+01 -0.48148E+01 -0.36825E+01 -0.55779E+01 -0.59777E+01
 -0.18457E+01 -0.47320E+00 -0.28497E+01 -0.62185E+01 -0.79952E+01 -0.52263E+01
 -0.36895E+01 -0.54864E+01 -0.73733E+01 -0.10878E+02 -0.10650E+02 -0.42257E+01
  0.88707E+00  0.38869E+01  0.68993E+01  0.72275E+01  0.62144E+01  0.76926E+01
  0.10084E+02  0.10593E+02  0.89078E+01  0.54668E+01  0.28223E+01  0.35145E+01
  0.55160E+01  0.38149E+01  0.70545E+00 -0.93234E+00 -0.33050E+01 -0.52483E+01
 -0.40656E+01 -0.18628E+01 -0.37786E+01 -0.62487E+01 -0.42177E+01 -0.18333E+01
 -0.19145E+01 -0.27663E+00  0.21221E+01  0.35103E+01  0.59871E+01  0.76707E+01
  0.71554E+01  0.58664E+01  0.39886E+01  0.20131E+01  0.20855E+01  0.30984E+01
  0.30177E+01  0.23999E+01  0.21541E+01  0.21047E+01  0.30365E+01  0.44458E+01
  0.19844E+01 -0.26014E+01  0.13201E+00  0.63189E+01  0.44854E+01  0.58761E+00
 -0.11448E+00 -0.29505E+01 -0.59576E+01 -0.39622E+01  0.60755E+00  0.32101E+01
  0.30589E+01  0.99055E+00  0.38561E+00  0.15781E+01 -0.77739E+00 -0.34594E+01
 -0.47772E+01 -0.93206E+01 -0.11499E+02 -0.90754E+01 -0.72224E+01 -0.24987E+01
  0.35688E+01  0.36329E+01  0.13208E+01  0.11950E+01 -0.45234E+00 -0.39737E+01
 -0.70187E+01 -0.87077E+01 -0.90823E+01 -0.11718E+02 -0.10923E+02 -0.37685E+01
 -0.63569E+00  0.34592E+00  0.58691E+01  0.96307E+01  0.87273E+01  0.95243E+01
  0.12819E+02  0.10809E+02  0.27881E+01 -0.22502E+01 -0.14892E+01  0.27411E+01
  0.70110E+01  0.79320E+01  0.43404E+01  0.16319E+01  0.49167E+01  0.58619E+01
  0.12210E+01  0.34147E+00  0.20262E+01  0.83233E+00 -0.61300E+00  0.24370E+01
  0.85735E+01  0.11244E+02  0.84507E+01 -0.14361E+01 -0.12362E+02 -0.17795E+02
 -0.20778E+02 -0.18228E+02 -0.85137E+01 -0.17130E+01  0.54234E+00  0.57200E+01
  0.86227E+01  0.57104E+01  0.31058E+01 -0.43763E+00 -0.74212E+01 -0.15935E+02
 -0.18505E+02 -0.99619E+01 -0.56172E+00  0.35370E+00  0.20915E+01  0.89177E+01
  0.12842E+02  0.13231E+02  0.94922E+01  0.32571E+01  0.10039E+01 -0.29352E+00
 -0.61226E+01 -0.10813E+02 -0.11856E+02 -0.14450E+02 -0.15792E+02 -0.97784E+01
 -0.66842E+00  0.39495E+01  0.50324E+01  0.57967E+01  0.53017E+01  0.37052E+01
  0.37526E+01  0.73358E+01  0.92735E+01  0.12516E+01 -0.81563E+01 -0.82793E+01
 -0.53065E+01 -0.58895E+00  0.44926E+01  0.47552E+01  0.48788E+01  0.54240E+01
  0.34384E+01 -0.14269E+01 -0.62975E+01 -0.43206E+01  0.52680E+00  0.14061E+01
 -0.17655E+01 -0.62083E+01 -0.69205E+01 -0.32932E+01  0.42360E+01  0.10371E+02
  0.93661E+01  0.95954E+01  0.12455E+02  0.11184E+02  0.86011E+01  0.68525E+01
  0.30874E+01 -0.22283E+01 -0.57088E+01 -0.62409E+01 -0.46444E+01 -0.49242E+01
 -0.84491E+01 -0.79086E+01 -0.25534E+01 -0.69820E+00 -0.21000E+01  0.81993E+00
  0.99130E+01  0.16833E+02  0.15849E+02  0.10931E+02  0.87632E+01  0.10508E+02
  0.95688E+01  0.62832E+01  0.54107E+01  0.25622E+01 -0.42173E+01 -0.82205E+01
 -0.35200E+01  0.23977E+01 -0.17827E+01 -0.89203E+01 -0.82945E+01 -0.21024E+01
 -0.39979E+00 -0.57182E+01 -0.57101E+01  0.98676E+00  0.32382E+01  0.26181E+01
  0.12583E+01 -0.26734E+01 -0.41628E+01 -0.34244E+01 -0.25819E+01  0.10205E+01
  0.44964E+01  0.46279E+01  0.29026E+01  0.21863E+00 -0.26047E+01 -0.26551E+01
 -0.37913E+01 -0.99810E+01 -0.14488E+02 -0.13090E+02 -0.77943E+01 -0.97214E+00
  0.22659E+01  0.26939E+01  0.63005E+01  0.11152E+02  0.16362E+02  0.19767E+02
  0.12604E+02  0.92955E+00 -0.47661E+01 -0.87696E+01 -0.11998E+02 -0.10873E+02
 -0.87963E+01 -0.45814E+01  0.12660E+01  0.39857E+01  0.65075E+01  0.78999E+01
  0.42053E+01  0.32845E+00 -0.53712E+00 -0.78423E-01  0.12182E+01  0.24312E+01
  0.26115E+01  0.21495E+01  0.19116E+01  0.23808E+01  0.32658E+01  0.27149E+01
 -0.34507E+00 -0.31217E+01 -0.43883E+01 -0.70419E+01 -0.83424E+01 -0.49713E+01
 -0.20395E+01 -0.33124E+01 -0.57019E+01 -0.49438E+01 -0.12087E+01  0.25885E+01
  0.42545E+01  0.46204E+01  0.41583E+01  0.57211E+01  0.88793E+01  0.56708E+01
  0.42313E+00 -0.20870E+01 -0.98750E+01 -0.15523E+02 -0.11076E+02 -0.40887E+01
  0.22824E+01  0.72812E+01  0.10605E+02  0.12494E+02  0.96580E+01  0.26595E+01
 -0.14073E+01 -0.15170E+01 -0.20689E+01 -0.14259E+01  0.15425E+01  0.41751E+01
  0.62218E+01  0.68265E+01  0.51708E+01  0.12049E+01 -0.17652E+01 -0.18858E+01
 -0.34892E+01 -0.48182E+01 -0.35377E+01 -0.15943E+01 -0.31402E+00 -0.31018E+01
 -0.68178E+01 -0.77842E+01 -0.79695E+01 -0.53312E+01 -0.21086E+01 -0.17245E+01
 -0.10977E+01  0.12138E+01  0.20635E+01  0.17936E+01  0.22183E+01  0.19305E+01
  0.22705E+01  0.19318E+01  0.44288E+00  0.48352E+00 -0.21672E+01 -0.47048E+01
 -0.30718E+01 -0.43279E+01 -0.59239E+01 -0.46963E+01 -0.54479E+01 -0.38781E+01
  0.33065E+00 -0.12007E+00 -0.31953E+01 -0.43379E+01 -0.57399E+01 -0.69870E+01
 -0.62771E+01 -0.64831E+01 -0.61721E+01 -0.34732E+01  0.18058E+01  0.89203E+01
  0.11250E+02  0.89783E+01  0.68554E+01  0.38182E+01  0.14775E+01  0.17579E+00
 -0.27236E+01 -0.56550E+01 -0.71018E+01 -0.74203E+01 -0.41237E+01  0.73878E+00
  0.35741E+01  0.65608E+01  0.83313E+01  0.63092E+01  0.38606E+01  0.20844E+01
  0.94075E-02  0.10944E+01  0.23470E+01  0.10299E+01  0.22226E+01  0.33378E+01
  0.39834E+01  0.62538E+01  0.27885E+01 -0.39640E+01 -0.74839E+01 -0.80764E+01
 -0.73010E+01 -0.64653E+01 -0.50179E+01 -0.24180E+01  0.12886E+01  0.53703E+01
  0.77764E+01  0.69393E+01  0.45396E+01  0.21213E+01  0.11684E+01 -0.11589E+00
 -0.20100E+01 -0.20897E+01 -0.36835E+01 -0.52865E+01 -0.48227E+01 -0.68973E+01
 -0.81595E+01 -0.62885E+01 -0.27981E+01  0.23050E+01  0.62616E+01  0.69293E+01
  0.47807E+01  0.56621E+01  0.99682E+01  0.98959E+01  0.33363E+01 -0.23395E+01
 -0.50887E+01 -0.82127E+01 -0.80445E+01 -0.48014E+01 -0.28696E+01 -0.19132E+01
 -0.27569E+01 -0.34754E+01 -0.12848E+01 -0.57747E+00 -0.24069E+01 -0.29365E+01
 -0.31323E+01 -0.38470E+01 -0.14040E+01  0.28039E+01  0.59870E+01  0.10308E+02
  0.13095E+02  0.12832E+02  0.14550E+02  0.14700E+02  0.77512E+01 -0.51041E+01
 -0.13500E+02 -0.12848E+02 -0.97188E+01 -0.36115E+01  0.26679E+00  0.11157E+01
  0.73673E+01  0.11778E+02  0.88089E+01  0.64296E+01  0.26314E+01 -0.32950E+01
 -0.29130E+01 -0.83290E+00 -0.23440E+01 -0.34560E+01 -0.17674E+01 -0.10931E+01
 -0.13364E+01 -0.61058E+00 -0.31609E+01 -0.69888E+01 -0.84077E+01 -0.62300E+01
 -0.27286E+00  0.45630E+01  0.48890E+01  0.51524E+01  0.75406E+01  0.61398E+01
  0.15467E+01 -0.54723E+00 -0.29552E+01 -0.30763E+01  0.23272E+01  0.49926E+01
  0.28218E+01  0.99886E+00 -0.16491E+01 -0.35744E+01 -0.22386E+01 -0.38241E+01
 -0.52114E+01 -0.26507E+01  0.65110E+00  0.45740E+01  0.50429E+01  0.15055E+01
 -0.19451E+01 -0.44334E+01 -0.57814E+01 -0.79141E+01 -0.83200E+01 -0.56465E+01
 -0.29512E+01  0.71156E+00  0.27878E+01  0.17233E+01  0.68045E+00 -0.29418E-01
  0.15553E-01  0.50431E+00  0.65082E+00  0.27757E+01  0.47189E+01  0.33185E+01
  0.15836E+01  0.86210E+00 -0.22097E+01 -0.57257E+01 -0.45178E+01 -0.28785E+01
 -0.44690E+01 -0.22706E+01  0.23909E+01  0.44777E+01  0.67280E+01  0.78637E+01
  0.62993E+01  0.47437E+01  0.35577E+01  0.58874E+00 -0.26660E+01 -0.51032E+01
 -0.77404E+01 -0.10319E+02 -0.79101E+01  0.33403E+00  0.57502E+01  0.77953E+01
  0.12175E+02  0.16634E+02  0.16271E+02  0.12798E+02  0.85532E+01  0.42274E+01
 -0.14802E+01 -0.93016E+01 -0.13654E+02 -0.12239E+02 -0.10065E+02 -0.69027E+01
 -0.56412E+00  0.35601E+01  0.32964E+01  0.17087E+01  0.12636E+00  0.12467E+01
  0.35765E+01  0.36511E+01  0.23836E+01  0.20128E+01  0.32409E+01  0.41215E+01
  0.45816E+01  0.36450E+01 -0.70392E+00 -0.48915E+01 -0.47274E+01 -0.31667E+01
 -0.29584E+01 -0.20548E+01  0.14331E+01  0.61782E+01  0.83024E+01  0.68621E+01
  0.49087E+01  0.61038E+01  0.53947E+01 -0.15483E+01 -0.81172E+01 -0.11681E+02
 -0.89337E+01  0.18264E+00  0.42162E+01  0.43580E+01  0.51266E+01  0.35290E+01
  0.12966E+01 -0.86741E+00  0.39089E+00  0.39105E+01  0.20488E+01 -0.25916E+00
  0.48951E+00 -0.26751E+01 -0.73228E+01 -0.12056E+02 -0.17647E+02 -0.13840E+02
 -0.12266E+01  0.73104E+01  0.10723E+02  0.11396E+02  0.83758E+01  0.60321E+01
  0.48742E+01  0.13182E+01 -0.22572E+01 -0.51801E+01 -0.96888E+01 -0.11090E+02
 -0.12659E+02 -0.16150E+02 -0.14264E+02 -0.12597E+02 -0.89634E+01  0.26077E+01
  0.96436E+01  0.64879E+01  0.13516E+01 -0.29534E+01 -0.59236E+01 -0.28158E+01
  0.41015E+01  0.35017E+01 -0.15405E+01  0.35984E+01  0.95381E+01  0.62041E+01
  0.59395E+01  0.10017E+02  0.98553E+01  0.64135E+01  0.39428E+01  0.20092E+01
 -0.62812E+00 -0.38084E+00  0.68667E+00 -0.41987E+01 -0.99578E+01 -0.10119E+02
 -0.58136E+01 -0.53726E+00 -0.20998E+01 -0.49924E+01 -0.16976E+01 -0.20686E+01
 -0.40459E+01 -0.54780E+00  0.67279E+01  0.15245E+02  0.14790E+02  0.41468E+01
 -0.53012E+01 -0.67963E+01 -0.42448E+01 -0.87931E+00  0.75532E+01  0.14176E+02
  0.12063E+02  0.52419E+01 -0.52531E+01 -0.10277E+02 -0.10335E+02 -0.14569E+02
 -0.12175E+02 -0.34628E+01  0.36289E+00  0.18606E+00 -0.24893E+01 -0.15776E+01
  0.50003E+01  0.64928E+01  0.54196E+01  0.58080E+01  0.44156E+01  0.40725E+01
  0.15635E+01 -0.21361E+01 -0.52790E+01 -0.13191E+02 -0.17633E+02 -0.12840E+02
 -0.67547E+01 -0.67783E+00  0.44034E+01  0.49553E+01  0.66143E+01  0.97432E+01
  0.80773E+01  0.47378E+01  0.38918E+01 -0.44584E+01 -0.18575E+02 -0.19183E+02
 -0.82126E+01  0.95461E-01  0.58329E+01  0.10838E+02  0.14482E+02  0.16621E+02
  0.11990E+02  0.58448E+01  0.45096E+01  0.24260E+01 -0.37211E+01 -0.10767E+02
 -0.10480E+02 -0.36060E+01  0.30732E+01  0.57991E+01  0.31197E+01  0.43899E+01
  0.92567E+01  0.67106E+01  0.33211E+01  0.20616E+01 -0.60471E+01 -0.11733E+02
 -0.10196E+02 -0.12039E+02 -0.11784E+02 -0.35221E+01  0.35430E+01  0.57994E+01
  0.64149E+01  0.56132E+01  0.59811E+01  0.62516E+01  0.25117E+01  0.17852E+01
  0.44155E+01  0.29244E+01 -0.12077E+00 -0.45094E+01 -0.75409E+01 -0.19824E+01
  0.43007E+01  0.53349E+01  0.79973E+01  0.13102E+02  0.15234E+02  0.13213E+02
  0.80346E+01 -0.32698E+01 -0.16552E+02 -0.21522E+02 -0.18717E+02 -0.11780E+02
 -0.35275E+01  0.28710E+00  0.24141E+01  0.53794E+01  0.48660E+01  0.43607E+01
  0.39416E+01  0.68547E+00 -0.30824E+01 -0.65134E+01 -0.58495E+01 -0.36079E+01
 -0.46426E+01 -0.48592E+01 -0.44472E+01 -0.63518E+01 -0.65865E+01 -0.46617E+01
 -0.24355E+01  0.49200E+00  0.89272E+00 -0.46663E+00 -0.15095E+01 -0.10844E+01
  0.48788E+01  0.91717E+01  0.49925E+01  0.19091E-01 -0.21139E+01  0.11157E+00
  0.71091E+01  0.10037E+02  0.85380E+01  0.66443E+01  0.41751E+01  0.27641E+01
  0.10955E+00 -0.60959E+01 -0.12142E+02 -0.15278E+02 -0.16474E+02 -0.12587E+02
 -0.55731E+01 -0.36928E+01 -0.40456E+01 -0.32616E+01 -0.50876E+00  0.26868E+01
  0.23007E+01  0.27823E+01  0.32146E+01  0.12016E+01  0.16016E+01  0.25946E+01
  0.10456E+01  0.28199E+00 -0.14856E+01 -0.53695E+01 -0.36572E+01  0.26777E+01
  0.66148E+01  0.79603E+01  0.75541E+01  0.64424E+01  0.41661E+01 -0.89456E+00
 -0.15061E+01  0.28795E+01  0.49447E+01  0.50214E+01  0.42634E+01  0.22507E+01
 -0.28483E+01 -0.55378E+01 -0.34014E+01 -0.60159E+01 -0.94819E+01 -0.31932E+01
  0.85917E+01  0.20632E+02  0.26473E+02  0.21671E+02  0.14555E+02  0.87057E+01
  0.91040E+00 -0.37168E+01 -0.90007E+00  0.35938E+01  0.47994E+01  0.22339E+01
 -0.11975E+01 -0.87313E+00 -0.18012E+01 -0.89784E+01 -0.11698E+02 -0.10396E+02
 -0.13579E+02 -0.11030E+02 -0.41248E+01 -0.35809E+01 -0.51357E+00  0.58190E+01
  0.69218E+01  0.80164E+01  0.73630E+01 -0.48402E+00 -0.98841E+01 -0.16222E+02
 -0.14779E+02 -0.80370E+01 -0.36363E+01  0.31963E+01  0.75900E+01  0.28893E+00
 -0.36519E+01  0.25988E+01  0.41129E+01 -0.39542E+00  0.17982E-01  0.11037E+01
 -0.34188E+01 -0.64118E+01 -0.80560E+01 -0.83344E+01 -0.50197E+01 -0.34040E+01
  0.69947E+00  0.99651E+01  0.11464E+02  0.61193E+01  0.57912E+01  0.90281E+01
  0.13846E+02  0.19645E+02  0.22070E+02  0.15905E+02  0.46685E+01 -0.13811E+01
 -0.73207E+00 -0.18562E+01 -0.98249E+01 -0.18449E+02 -0.18388E+02 -0.10463E+02
 -0.48775E+01 -0.16160E+01  0.21525E+01  0.25224E+01 -0.19106E+00 -0.27317E+01
 -0.61546E+01 -0.10286E+02 -0.10962E+02 -0.89051E+01 -0.82949E+01 -0.76791E+01
 -0.13569E+01  0.77778E+01  0.10748E+02  0.81439E+01  0.50343E+01  0.27110E+01
  0.31241E+01  0.54282E+01  0.81237E+01  0.85435E+01  0.32354E+01 -0.79936E+00
  0.16006E+01  0.17657E+01 -0.37186E+01 -0.47788E+01 -0.46337E+00 -0.11310E+01
 -0.27943E+01  0.16309E+01  0.47877E+01  0.21081E+01 -0.12961E+01 -0.19588E+01
 -0.59382E+00  0.37689E+00 -0.21963E+01 -0.53840E+01 -0.64168E+01 -0.80329E+01
 -0.86273E+01 -0.42079E+01  0.47008E+01  0.11713E+02  0.11136E+02  0.59033E+01
  0.29429E+00 -0.31504E+01 -0.32002E+01 -0.20701E+01 -0.12909E+01 -0.88597E+00
 -0.19126E+01 -0.46710E+01 -0.60818E+01 -0.49957E+01 -0.28151E+01  0.89470E+00
  0.48295E+01  0.42376E+01 -0.18427E+00 -0.34060E+01 -0.56622E+01 -0.66636E+01
 -0.54713E+01 -0.25644E+01 -0.81952E-01 -0.87220E+00 -0.18473E+01  0.12777E+01
  0.54004E+01  0.46517E+01  0.16524E+01  0.22540E+01  0.17478E+01 -0.16869E+01
 -0.15395E+01 -0.31219E+00 -0.14216E+01 -0.30163E+01 -0.54285E+01 -0.74767E+01
 -0.91063E+01 -0.11309E+02 -0.69303E+01  0.29497E+01  0.50292E+01  0.23822E+01
  0.40483E+01  0.63782E+01  0.72218E+01  0.79093E+01  0.68951E+01  0.46504E+01
  0.30854E+01  0.15130E+01  0.18699E+01  0.48529E+01  0.58237E+01  0.34849E+01
  0.80603E+00 -0.26005E+00 -0.66114E+00 -0.21086E+01 -0.34084E+01 -0.23227E+01
 -0.14132E+01 -0.88050E+00  0.23646E+01  0.43480E+01  0.46824E+01  0.60600E+01
  0.47795E+01  0.18855E+01  0.16680E+01  0.19577E+01  0.26150E+01  0.54112E+01
  0.53179E+01  0.22886E+01  0.24571E+01  0.26632E+01  0.24474E+00 -0.10645E+01
 -0.29252E+01 -0.48153E+01 -0.24696E+01  0.13756E+01  0.36879E+01  0.44220E+01
  0.20733E+01 -0.18274E+01 -0.45578E+01 -0.59769E+01 -0.60750E+01 -0.52369E+01
 -0.43517E+01 -0.35989E+01 -0.35025E+01 -0.44316E+01 -0.46690E+01 -0.35072E+01
 -0.25611E+01 -0.25471E+01 -0.32660E+01 -0.27869E+01 -0.31087E-02  0.13522E+01
  0.38021E+00  0.55692E+00  0.77988E+00 -0.18709E+01 -0.44197E+01 -0.38811E+01
 -0.31130E+01 -0.38974E+01 -0.37864E+01 -0.15708E+01  0.49441E+00  0.33912E+00
 -0.13494E+01 -0.21345E+01 -0.17652E+01 -0.11298E+01 -0.73471E-01  0.21139E-01
 -0.14584E+01 -0.17378E+01 -0.21673E+00  0.94151E+00  0.11314E+01  0.70116E+00
  0.46110E+00  0.86663E+00  0.62989E+00 -0.10400E+01 -0.14984E+01  0.25307E+00
  0.15101E+01  0.20220E+01  0.25790E+01  0.23696E+01  0.22791E+01  0.34894E+01
  0.45285E+01  0.40573E+01  0.31338E+01  0.28593E+01  0.24263E+01  0.16792E+01
  0.15175E+01  0.25738E+01  0.38829E+01  0.39426E+01  0.40621E+01  0.48761E+01
  0.47870E+01  0.34648E+01  0.18738E+01  0.83437E+00 -0.22316E+00 -0.19244E+01
 -0.25830E+01 -0.18503E+01 -0.91351E+00  0.10701E+01  0.28892E+01  0.31145E+01
  0.36949E+01  0.50971E+01  0.55903E+01  0.46200E+01  0.30703E+01  0.17722E+01
  0.21256E+00 -0.20833E+01 -0.31922E+01 -0.25324E+01 -0.20163E+01 -0.13084E+01
  0.37321E+00  0.20331E+01  0.29735E+01  0.31462E+01  0.25137E+01  0.13192E+01
 -0.17225E+00 -0.19752E+01 -0.36022E+01 -0.44993E+01 -0.44146E+01 -0.35619E+01
 -0.24141E+01 -0.12222E+01 -0.13562E+00  0.41769E+00 -0.16624E+00 -0.14366E+01
 -0.26081E+01 -0.35389E+01 -0.42789E+01 -0.48001E+01 -0.51192E+01 -0.42675E+01
 -0.12522E+01  0.22989E+01  0.43254E+01  0.50377E+01  0.51824E+01  0.40263E+01
  0.16344E+01 -0.99009E+00 -0.38357E+01 -0.62851E+01 -0.80781E+01 -0.94788E+01
 -0.92183E+01 -0.71204E+01 -0.41433E+01 -0.44428E+00  0.30130E+01  0.52942E+01
  0.66787E+01  0.68421E+01  0.46897E+01  0.13896E+01 -0.11971E+01 -0.32902E+01
 -0.42314E+01 -0.37829E+01 -0.26744E+01 -0.50077E+00  0.21314E+01  0.44343E+01
  0.60753E+01  0.64729E+01  0.51915E+01  0.25985E+01 -0.65870E+00 -0.38586E+01
 -0.60416E+01 -0.67357E+01 -0.57074E+01 -0.37366E+01 -0.14157E+01  0.14655E+01
  0.38299E+01  0.49821E+01  0.55901E+01  0.56177E+01  0.46874E+01  0.30447E+01
  0.69247E+00 -0.19539E+01 -0.35687E+01 -0.36716E+01 -0.30201E+01 -0.19507E+01
 -0.39101E+00  0.12950E+01  0.24571E+01  0.28406E+01  0.22665E+01  0.72428E+00
 -0.11641E+01 -0.28682E+01 -0.40760E+01 -0.45299E+01 -0.43475E+01 -0.32523E+01
 -0.96555E+00  0.15288E+01  0.33257E+01  0.45247E+01  0.50765E+01  0.46564E+01
  0.33592E+01  0.15399E+01 -0.39061E+00 -0.21680E+01 -0.35630E+01 -0.39428E+01
 -0.30629E+01 -0.16736E+01 -0.63650E+00  0.38648E+00  0.17190E+01  0.24204E+01
  0.22672E+01  0.16980E+01  0.62806E+00 -0.56859E+00 -0.16410E+01 -0.26060E+01
 -0.29596E+01 -0.24679E+01 -0.16116E+01 -0.84894E+00 -0.57671E+00 -0.41463E+00
  0.35792E+00  0.96152E+00  0.95261E+00  0.83525E+00  0.39354E+00 -0.44131E+00
 -0.10642E+01 -0.98147E+00 -0.40969E+00  0.32532E+00  0.10559E+01  0.16069E+01
  0.23925E+01  0.34715E+01  0.40442E+01  0.39489E+01  0.30715E+01  0.12431E+01
 -0.82554E+00 -0.24182E+01 -0.34938E+01 -0.41394E+01 -0.42604E+01 -0.36588E+01
 -0.26525E+01 -0.14367E+01  0.40806E+00  0.22428E+01  0.31755E+01  0.36622E+01
  0.37143E+01  0.30797E+01  0.21532E+01  0.88278E+00 -0.56431E+00 -0.15853E+01
 -0.20313E+01 -0.19981E+01 -0.16331E+01 -0.90351E+00  0.13352E+00  0.11492E+01
  0.18837E+01  0.20370E+01  0.15430E+01  0.70125E+00 -0.41452E+00 -0.16420E+01
 -0.25701E+01 -0.28784E+01 -0.25113E+01 -0.16724E+01 -0.56065E+00  0.63147E+00
  0.14098E+01  0.15346E+01  0.12731E+01  0.82185E+00  0.20135E+00 -0.62747E+00
 -0.14636E+01 -0.18728E+01 -0.18031E+01 -0.13720E+01 -0.68661E+00  0.16157E+00
  0.10382E+01  0.17168E+01  0.20690E+01  0.20053E+01  0.14195E+01  0.45353E+00
 -0.60335E+00 -0.14214E+01 -0.17970E+01 -0.18409E+01 -0.15231E+01 -0.73578E+00
  0.22279E+00  0.97579E+00  0.12914E+01  0.11517E+01  0.60685E+00 -0.27288E+00
 -0.13168E+01 -0.23670E+01 -0.31668E+01 -0.34015E+01 -0.30598E+01 -0.22201E+01
 -0.10849E+01  0.23907E-01  0.10174E+01  0.18813E+01  0.24342E+01  0.24461E+01
  0.17972E+01  0.78720E+00 -0.15988E+00 -0.88402E+00 -0.13526E+01 -0.15247E+01
 -0.13999E+01 -0.95955E+00 -0.26497E+00  0.39288E+00  0.66160E+00  0.44877E+00
 -0.91683E-01 -0.78960E+00 -0.16522E+01 -0.25004E+01 -0.28746E+01 -0.24733E+01
 -0.11987E+01  0.55338E+00  0.20154E+01  0.29219E+01  0.34423E+01  0.36261E+01
  0.32878E+01  0.24335E+01  0.12149E+01 -0.51810E-01 -0.98039E+00 -0.14789E+01
 -0.17123E+01 -0.14536E+01 -0.43282E+00  0.60318E+00  0.10763E+01  0.15806E+01
  0.21011E+01  0.19669E+01  0.11929E+01  0.29228E+00 -0.43186E+00 -0.10102E+01
 -0.12450E+01 -0.74023E+00  0.29272E+00  0.12692E+01  0.20593E+01  0.26046E+01
  0.27046E+01  0.25064E+01  0.21689E+01  0.13182E+01 -0.11023E+00 -0.12860E+01
 -0.18888E+01 -0.21984E+01 -0.21127E+01 -0.14359E+01 -0.40695E+00  0.79633E+00
