  0.94165E+00  0.17807E+01  0.15116E+01  0.16240E+01  0.15807E+01  0.16159E+01
  0.15917E+01  0.16269E+01  0.16048E+01  0.16377E+01  0.16207E+01  0.16490E+01
  0.16354E+01  0.16599E+01  0.16485E+01  0.16705E+01  0.16610E+01  0.16816E+01
  0.16750E+01  0.16970E+01  0.16945E+01  0.17182E+01  0.17194E+01  0.17445E+01
  0.17484E+01  0.17742E+01  0.17802E+01  0.18071E+01  0.18157E+01  0.18446E+01
  0.18567E+01  0.18888E+01  0.19062E+01  0.19438E+01  0.19684E+01  0.20130E+01
  0.20452E+01  0.20956E+01  0.21323E+01  0.21846E+01  0.22227E+01  0.22763E+01
  0.23186E+01  0.23800E+01  0.24348E+01  0.25110E+01  0.25809E+01  0.26677E+01
  0.27408E+01  0.28208E+01  0.28784E+01  0.29368E+01  0.29716E+01  0.30104E+01
  0.30332E+01  0.30679E+01  0.30928E+01  0.31301E+01  0.31523E+01  0.31750E+01
  0.31678E+01  0.31459E+01  0.30827E+01  0.29998E+01  0.28791E+01  0.27493E+01
  0.25974E+01  0.24523E+01  0.22980E+01  0.21563E+01  0.20039E+01  0.18554E+01
  0.16863E+01  0.15173E+01  0.13278E+01  0.11384E+01  0.93433E+00  0.74114E+00
  0.54628E+00  0.37495E+00  0.21214E+00  0.78730E-01 -0.44618E-01 -0.14117E+00
 -0.23341E+00 -0.30676E+00 -0.38425E+00 -0.45116E+00 -0.52887E+00 -0.59964E+00
 -0.67951E+00 -0.74457E+00 -0.80496E+00 -0.83375E+00 -0.84206E+00 -0.80965E+00
 -0.75781E+00 -0.67823E+00 -0.60183E+00 -0.52358E+00 -0.46992E+00 -0.42579E+00
 -0.40618E+00 -0.38761E+00 -0.38021E+00 -0.36031E+00 -0.34032E+00 -0.29946E+00
 -0.25389E+00 -0.18867E+00 -0.12756E+00 -0.64735E-01 -0.31607E-01 -0.24819E-01
 -0.70073E-01 -0.15061E+00 -0.27393E+00 -0.40390E+00 -0.53330E+00 -0.62246E+00
 -0.67613E+00 -0.68229E+00 -0.68031E+00 -0.68695E+00 -0.75151E+00 -0.87787E+00
 -0.10840E+01 -0.13365E+01 -0.16236E+01 -0.18990E+01 -0.21558E+01 -0.23652E+01
 -0.25452E+01 -0.26939E+01 -0.28523E+01 -0.30302E+01 -0.32649E+01 -0.35486E+01
 -0.38969E+01 -0.42853E+01 -0.47192E+01 -0.51657E+01 -0.56154E+01 -0.60199E+01
 -0.63669E+01 -0.66272E+01 -0.68370E+01 -0.70257E+01 -0.72605E+01 -0.75704E+01
 -0.79854E+01 -0.84484E+01 -0.89095E+01 -0.92862E+01 -0.95507E+01 -0.96867E+01
 -0.97509E+01 -0.97844E+01 -0.98588E+01 -0.99742E+01 -0.10117E+02 -0.10223E+02
 -0.10261E+02 -0.10190E+02 -0.10052E+02 -0.98740E+01 -0.97161E+01 -0.95855E+01
 -0.94885E+01 -0.93858E+01 -0.92671E+01 -0.90713E+01 -0.87842E+01 -0.83881E+01
 -0.79405E+01 -0.74887E+01 -0.71204E+01 -0.69236E+01 -0.68429E+01 -0.66862E+01
 -0.66033E+01 -0.66217E+01 -0.64398E+01 -0.61316E+01 -0.60911E+01 -0.61580E+01
 -0.61618E+01 -0.61905E+01 -0.63424E+01 -0.65542E+01 -0.66065E+01 -0.65208E+01
 -0.66497E+01 -0.67671E+01 -0.67471E+01 -0.71136E+01 -0.78819E+01 -0.85398E+01
 -0.90482E+01 -0.94808E+01 -0.99583E+01 -0.10455E+02 -0.10803E+02 -0.11149E+02
 -0.11685E+02 -0.12156E+02 -0.12627E+02 -0.13249E+02 -0.14068E+02 -0.15170E+02
 -0.16514E+02 -0.17834E+02 -0.18640E+02 -0.18630E+02 -0.18434E+02 -0.18166E+02
 -0.17481E+02 -0.17351E+02 -0.18220E+02 -0.19245E+02 -0.20682E+02 -0.22222E+02
 -0.22646E+02 -0.22332E+02 -0.22150E+02 -0.21543E+02 -0.20109E+02 -0.18390E+02
 -0.17369E+02 -0.17507E+02 -0.17654E+02 -0.17178E+02 -0.17607E+02 -0.19404E+02
 -0.20469E+02 -0.20283E+02 -0.20364E+02 -0.20510E+02 -0.19569E+02 -0.17805E+02
 -0.17105E+02 -0.16743E+02 -0.15191E+02 -0.15119E+02 -0.17530E+02 -0.19060E+02
 -0.19824E+02 -0.22402E+02 -0.24601E+02 -0.23190E+02 -0.21650E+02 -0.22166E+02
 -0.19602E+02 -0.14437E+02 -0.13508E+02 -0.15460E+02 -0.16033E+02 -0.16849E+02
 -0.20595E+02 -0.24373E+02 -0.23182E+02 -0.21173E+02 -0.20923E+02 -0.16819E+02
 -0.13770E+02 -0.14475E+02 -0.11284E+02 -0.10107E+02 -0.15930E+02 -0.20181E+02
 -0.22290E+02 -0.22919E+02 -0.20844E+02 -0.23443E+02 -0.26833E+02 -0.24399E+02
 -0.24070E+02 -0.29736E+02 -0.34465E+02 -0.27927E+02 -0.20599E+02 -0.26248E+02
 -0.28440E+02 -0.20459E+02 -0.13779E+02 -0.11735E+02 -0.96761E+01 -0.16752E+01
  0.66055E+01  0.13622E+02  0.32274E+02  0.49085E+02  0.47119E+02  0.49774E+02
  0.60531E+02  0.61209E+02  0.59613E+02  0.69183E+02  0.90257E+02  0.10058E+03
  0.98874E+02  0.11477E+03  0.13946E+03  0.16423E+03  0.19336E+03  0.21821E+03
  0.24183E+03  0.25802E+03  0.27108E+03  0.28984E+03  0.29262E+03  0.29693E+03
  0.31979E+03  0.34119E+03  0.36111E+03  0.37470E+03  0.36626E+03  0.35307E+03
  0.35961E+03  0.33970E+03  0.31716E+03  0.34902E+03  0.34371E+03  0.31259E+03
  0.33710E+03  0.33692E+03  0.26562E+03  0.19669E+03  0.19150E+03  0.24721E+03
  0.26796E+03  0.23867E+03  0.23827E+03  0.22167E+03  0.16767E+03  0.15112E+03
  0.14218E+03  0.92649E+02  0.15486E+02 -0.61219E+02 -0.11669E+03 -0.18139E+03
 -0.20880E+03 -0.17938E+03 -0.19517E+03 -0.23284E+03 -0.17749E+03 -0.13116E+03
 -0.16080E+03 -0.18662E+03 -0.25038E+03 -0.31631E+03 -0.34911E+03 -0.39834E+03
 -0.40813E+03 -0.38483E+03 -0.39676E+03 -0.43753E+03 -0.47080E+03 -0.48277E+03
 -0.49897E+03 -0.56216E+03 -0.61328E+03 -0.54944E+03 -0.52069E+03 -0.55700E+03
 -0.56107E+03 -0.53791E+03 -0.49637E+03 -0.47127E+03 -0.40275E+03 -0.34459E+03
 -0.33653E+03 -0.33158E+03 -0.31331E+03 -0.26477E+03 -0.22960E+03 -0.20876E+03
 -0.13684E+03 -0.54897E+02 -0.31841E+02 -0.48818E+02 -0.82576E+02 -0.68094E+02
  0.22083E+02  0.10810E+03  0.18481E+03  0.26715E+03  0.28347E+03  0.23026E+03
  0.16777E+03  0.17425E+03  0.25922E+03  0.31647E+03  0.26883E+03  0.23668E+03
  0.22726E+03  0.21601E+03  0.25821E+03  0.19036E+03  0.63597E+02  0.33397E+02
  0.19447E+01  0.11646E+02  0.11877E+03  0.16571E+03  0.15799E+03  0.23195E+03
  0.29377E+03  0.30121E+03  0.28028E+03  0.20276E+03  0.13740E+03  0.78217E+02
  0.41180E+02  0.45453E+02  0.69091E+01 -0.10571E+03 -0.18084E+03 -0.14035E+03
 -0.15529E+03 -0.29227E+03 -0.35885E+03 -0.27731E+03 -0.25911E+03 -0.31331E+03
 -0.23307E+03 -0.82929E+02  0.25569E+02  0.13330E+03  0.18940E+03  0.11931E+03
  0.73560E+02  0.14548E+03  0.18608E+03  0.99465E+02  0.46902E+02  0.36755E+02
 -0.65309E+02 -0.95484E+02 -0.37095E+01  0.15952E+02 -0.23322E+02 -0.67662E+02
 -0.54221E+02  0.66077E+02  0.13056E+03  0.13466E+03  0.18770E+03  0.23098E+03
  0.24389E+03  0.26061E+03  0.22231E+03  0.13570E+03  0.17379E+03  0.23339E+03
  0.11305E+03  0.40150E+02  0.37035E+02 -0.95097E+02 -0.22038E+03 -0.24841E+03
 -0.19927E+03 -0.14818E+03 -0.22132E+03 -0.26198E+03 -0.19770E+03 -0.15876E+03
 -0.84466E+02  0.10373E+02 -0.12446E+01 -0.58271E+02 -0.28849E+02  0.73654E+02
  0.14978E+03  0.16124E+03  0.11703E+03  0.98472E+02  0.11539E+03  0.56605E+02
  0.28511E+02  0.94052E+02  0.41939E+02 -0.33651E+02  0.16476E+02  0.33432E+02
  0.29515E+02  0.23632E+02 -0.50550E+02 -0.12016E+03 -0.10962E+03 -0.51406E+02
  0.35292E+01  0.90005E+02  0.15868E+03  0.14879E+03  0.12144E+03  0.91287E+02
  0.67521E+02  0.11263E+03  0.13364E+03  0.14121E+02 -0.10197E+03 -0.11763E+03
 -0.94230E+02 -0.79354E+02 -0.11847E+03 -0.14395E+03 -0.96329E+02 -0.51117E+02
 -0.69012E+01  0.23575E+02 -0.21383E+02 -0.85391E+02 -0.10508E+03 -0.69238E+02
  0.70060E+01  0.65673E+02  0.85680E+02  0.33140E+02 -0.49644E+02 -0.29111E+02
  0.57600E+02  0.90735E+02  0.96641E+02  0.12293E+03  0.12881E+03  0.12906E+03
  0.11091E+03  0.64128E+02  0.33381E+02  0.84442E+01  0.73815E+01  0.52920E+02
  0.83432E+02  0.70653E+02  0.10527E+03  0.17795E+03  0.10999E+03 -0.56286E+02
 -0.65127E+02  0.63874E+02  0.10783E+03  0.52251E+02  0.83998E+01 -0.84690E+01
 -0.30972E+01  0.23894E+02  0.26816E+02  0.27867E+02  0.44853E+02 -0.12877E+02
 -0.81493E+02 -0.62691E+02 -0.41601E+02 -0.44814E+02 -0.36841E+02 -0.10252E+01
  0.70088E+02  0.13701E+03  0.12003E+03 -0.17366E+01 -0.61339E+02  0.15243E+02
  0.39884E+02 -0.33182E+02 -0.63569E+02 -0.45421E+02 -0.67222E+02 -0.12679E+03
 -0.13579E+03 -0.76639E+02 -0.17717E+02  0.19284E+02  0.10591E+02 -0.39121E+02
 -0.73181E+02 -0.65402E+02 -0.33498E+02  0.88175E+01  0.61443E+02  0.61141E+02
  0.88699E+01  0.27260E+02  0.10279E+03  0.12313E+03  0.61818E+02 -0.45023E+02
 -0.11224E+03 -0.98957E+02 -0.60231E+02 -0.62897E+02 -0.86805E+02 -0.65293E+02
 -0.31782E+02  0.11816E+02  0.99138E+02  0.12877E+03  0.10167E+03  0.93379E+02
  0.70554E+02  0.45290E+02  0.56651E+02  0.64835E+02  0.48560E+02  0.12579E+02
 -0.17798E+02 -0.13236E+02 -0.82845E+01 -0.49443E+02 -0.11826E+03 -0.15633E+03
 -0.17983E+03 -0.17121E+03 -0.12077E+03 -0.99139E+02 -0.94033E+02 -0.72397E+02
 -0.49338E+02 -0.15737E+02  0.27671E+02  0.44370E+02  0.76510E+02  0.10514E+03
  0.38642E+02  0.12280E+02  0.84047E+02  0.69728E+02 -0.43049E+00 -0.31766E+02
 -0.77139E+02 -0.95621E+02 -0.46532E+02 -0.38886E+01  0.44127E+02  0.78017E+02
  0.37414E+02  0.29651E+02  0.43192E+02  0.99177E+01 -0.64063E+00  0.10391E+02
  0.67924E+01  0.17759E+02  0.74613E+02  0.10687E+03  0.72517E+02  0.43202E+02
  0.27123E+02 -0.89562E+01 -0.36876E+02 -0.51305E+02 -0.76739E+02 -0.69410E+02
 -0.42188E+02 -0.56530E+02 -0.77059E+02 -0.11968E+03 -0.18389E+03 -0.18341E+03
 -0.15032E+03 -0.12242E+03 -0.97858E+02 -0.65849E+02 -0.13106E+02 -0.21050E+01
 -0.17131E+02  0.30634E+01  0.27617E+02  0.32225E+02  0.45934E+02  0.56858E+02
  0.39182E+02  0.18934E+02  0.21659E+02  0.58203E+02  0.92932E+02  0.68216E+02
  0.15378E+02 -0.21548E+02 -0.48355E+02 -0.54567E+02 -0.75759E+02 -0.10538E+03
 -0.65577E+02  0.16031E+01  0.54341E+02  0.94213E+02  0.10561E+03  0.11663E+03
  0.11028E+03  0.49910E+02 -0.17087E+02 -0.26920E+02 -0.17940E+01 -0.34256E+02
 -0.10820E+03 -0.10643E+03 -0.35943E+02  0.40355E+02  0.69888E+02  0.43822E+02
  0.70492E+01 -0.36028E+02 -0.53136E+02 -0.47630E+02 -0.82495E+02 -0.13321E+03
 -0.12334E+03 -0.66846E+02  0.46386E+01  0.10197E+03  0.16015E+03  0.11969E+03
  0.54548E+02  0.37025E+02  0.57637E+02  0.79627E+02  0.53293E+02 -0.43742E+01
 -0.42627E+02 -0.37899E+02  0.66892E+01  0.37509E+02  0.27014E+02  0.96287E+01
 -0.34987E+01 -0.14870E+02 -0.74939E+01  0.20737E+02  0.59992E+02  0.91706E+02
  0.98061E+02  0.65287E+02  0.10612E+02 -0.27866E+02 -0.51844E+02 -0.73082E+02
 -0.69839E+02 -0.16018E+02  0.47660E+02  0.55169E+02 -0.10685E+01 -0.49347E+02
 -0.20823E+02  0.31607E+01 -0.40322E+02 -0.87072E+02 -0.10975E+03 -0.86819E+02
 -0.24826E+02  0.21555E+02  0.53273E+02  0.70851E+02  0.59000E+02  0.41127E+02
  0.36733E+02  0.34952E+02  0.50977E+01 -0.40544E+02 -0.65854E+02 -0.81292E+02
 -0.69253E+02  0.45750E+01  0.72494E+02  0.81672E+02  0.75818E+02  0.73750E+02
  0.89458E+02  0.10659E+03  0.72008E+02  0.29874E+02 -0.39874E+01 -0.36066E+02
 -0.77914E+01  0.14052E+02 -0.23718E+02 -0.47914E+02 -0.25179E+02  0.35781E+00
 -0.46732E+01 -0.51473E+00  0.12659E+02 -0.12352E+02 -0.50294E+02 -0.64209E+02
 -0.74177E+02 -0.92145E+02 -0.86464E+02 -0.48347E+02 -0.11296E+02  0.17211E+02
  0.42066E+02  0.40074E+02  0.67232E+01 -0.14970E+02 -0.10900E+02 -0.24489E+02
 -0.55731E+02 -0.60256E+02 -0.45412E+02 -0.34867E+02 -0.21055E+02 -0.18568E+01
  0.16874E+02  0.23514E+02  0.18241E+02  0.12351E+02  0.16700E+02  0.34798E+02
  0.56351E+02  0.65813E+02  0.54767E+02  0.45586E+02  0.31894E+02 -0.75272E+01
 -0.31319E+02 -0.17205E+02  0.69961E+01  0.44145E+02  0.78982E+02  0.93654E+02
  0.12209E+03  0.14601E+03  0.11779E+03  0.81221E+02  0.68838E+02  0.30384E+02
 -0.27989E+02 -0.55866E+02 -0.45059E+02 -0.38296E+02 -0.48974E+02 -0.57367E+02
 -0.80790E+02 -0.92728E+02 -0.48868E+02 -0.10699E+02 -0.36848E+01 -0.74110E+00
 -0.38875E+02 -0.77099E+02 -0.69620E+02 -0.49073E+02 -0.37327E+02 -0.26213E+02
 -0.98107E+01 -0.91665E+01 -0.17932E+02  0.29409E+01  0.15672E+02 -0.15650E+02
 -0.39101E+02 -0.36806E+02 -0.19685E+02 -0.14727E+02 -0.28117E+02 -0.14347E+01
  0.27102E+02 -0.13015E+02 -0.67969E+02 -0.57534E+02 -0.16604E+02 -0.17244E+02
 -0.24696E+02 -0.19575E+01 -0.28142E+00 -0.21104E+02  0.15618E+02  0.86447E+02
  0.89317E+02  0.41943E+02  0.32414E+02  0.46425E+02  0.56226E+02  0.65993E+02
  0.64664E+02  0.73782E+02  0.96208E+02  0.90922E+02  0.69847E+02  0.68067E+02
  0.54253E+02  0.38704E+02  0.45925E+02  0.43814E+02  0.13559E+02 -0.35270E+02
 -0.73410E+02 -0.66472E+02 -0.49231E+02 -0.68160E+02 -0.59699E+02 -0.76163E+01
  0.94455E+01 -0.16387E+02 -0.49686E+02 -0.75855E+02 -0.73799E+02 -0.55396E+02
 -0.55520E+02 -0.42981E+02  0.16478E+02  0.70949E+02  0.80003E+02  0.56915E+02
  0.23950E+02  0.46726E+01  0.88248E+00  0.17946E+01 -0.78729E+01 -0.12254E+02
  0.10173E+02  0.64771E+00 -0.34727E+02 -0.17442E+02  0.19525E+02  0.17396E+02
 -0.17266E+02 -0.42429E+02 -0.16906E+02  0.20758E+02  0.24899E+02 -0.43615E+01
 -0.41502E+02 -0.48095E+02 -0.43206E+02 -0.42933E+02 -0.27228E+02 -0.29134E+00
  0.20645E+02  0.22953E+02 -0.17645E+02 -0.60052E+02 -0.43098E+02 -0.11183E+02
 -0.77994E+01 -0.19236E+02 -0.18062E+02  0.17081E+02  0.61803E+02  0.81720E+02
  0.81055E+02  0.56898E+02  0.20564E+02  0.20358E+02  0.40753E+02  0.34919E+02
  0.32007E+02  0.37950E+02  0.15677E+02 -0.67175E+01 -0.77945E+01 -0.37178E+02
 -0.87533E+02 -0.87070E+02 -0.42573E+02 -0.34068E+01  0.27465E+02  0.53061E+02
  0.54748E+02  0.47774E+02  0.57389E+02  0.56560E+02  0.20338E+02 -0.12071E+02
 -0.81813E+01  0.10356E+02  0.25149E+02  0.27058E+02  0.47645E+01 -0.31457E+02
 -0.60510E+02 -0.93390E+02 -0.12283E+03 -0.11010E+03 -0.63699E+02 -0.25419E+02
 -0.24081E+02 -0.43588E+02 -0.44344E+02 -0.25591E+02 -0.12431E+02 -0.32762E+02
 -0.54781E+02 -0.38684E+02 -0.34310E+02 -0.26148E+02  0.23586E+02  0.74159E+02
  0.95375E+02  0.67037E+02  0.12603E+02 -0.15183E+02 -0.36796E+02 -0.73134E+02
 -0.70573E+02 -0.83544E+01  0.41878E+02  0.17827E+02 -0.26356E+02 -0.34830E+02
 -0.22837E+02 -0.28716E+01  0.36740E+02  0.76962E+02  0.69274E+02  0.36956E+02
  0.52563E+02  0.12400E+03  0.17364E+03  0.16317E+03  0.11528E+03  0.52391E+02
  0.33727E+02  0.49552E+02  0.38569E+02  0.24773E+02  0.25572E+02  0.28317E+02
  0.34408E+02  0.44723E+02  0.34225E+02 -0.11692E+02 -0.56984E+02 -0.60684E+02
 -0.25516E+02 -0.21392E+02 -0.55450E+02 -0.64027E+02 -0.71380E+02 -0.93873E+02
 -0.88513E+02 -0.69275E+02 -0.74667E+02 -0.94397E+02 -0.89704E+02 -0.48362E+02
  0.12275E+02  0.43101E+02  0.30143E+02  0.33252E+02  0.43558E+02  0.32330E+02
  0.36131E+02  0.18621E+02 -0.26492E+02 -0.24851E+02 -0.18864E+02 -0.40809E+02
 -0.35884E+02 -0.25393E+02 -0.33943E+02 -0.39392E+02 -0.32593E+02 -0.14167E+02
 -0.16623E+02 -0.31289E+02 -0.14091E+02 -0.63595E+01 -0.18294E+02 -0.33439E+01
  0.27284E+02  0.47180E+02  0.52298E+02  0.52485E+02  0.52993E+02  0.26219E+02
 -0.20097E+02 -0.26649E+02 -0.17961E+02 -0.29967E+02 -0.21849E+02 -0.24961E+01
 -0.16334E+01 -0.49744E+00  0.24142E+02  0.70828E+02  0.93109E+02  0.77744E+02
  0.71049E+02  0.65449E+02  0.41345E+02  0.21199E+02  0.10056E+02  0.10331E+02
  0.56017E+01 -0.45444E+02 -0.91444E+02 -0.68047E+02 -0.22573E+02 -0.11707E+02
 -0.29872E+02 -0.37009E+02 -0.33417E+02 -0.25555E+02 -0.28899E+01 -0.56175E+01
 -0.35438E+02 -0.39434E+02 -0.22857E+02 -0.25181E+02 -0.39944E+02 -0.24665E+02
  0.11935E+02  0.35862E+02  0.41682E+02  0.98154E+01 -0.34968E+02 -0.39676E+02
 -0.27109E+02 -0.21711E+02 -0.14533E+02 -0.65217E+01  0.33785E+01  0.10382E+02
  0.20375E+02  0.46349E+02  0.61949E+02  0.52593E+02  0.42659E+02  0.23802E+02
 -0.27938E+01 -0.10245E+02  0.73054E+01  0.34370E+02  0.55637E+02  0.76643E+02
  0.83938E+02  0.61783E+02  0.31704E+02  0.29582E+02  0.38652E+02  0.25640E+01
 -0.66018E+02 -0.10179E+03 -0.88098E+02 -0.47119E+02 -0.52899E+01  0.18954E+02
  0.19268E+02 -0.63781E+01 -0.22296E+02 -0.15887E+02 -0.25522E+02 -0.38703E+02
 -0.26794E+02 -0.11220E+02 -0.29246E+01  0.14619E+02  0.35276E+02  0.43544E+02
  0.31003E+02  0.73635E+01 -0.16065E+02 -0.37401E+02 -0.40661E+02 -0.35779E+02
 -0.32277E+02 -0.33969E+02 -0.48008E+02 -0.47799E+02 -0.27098E+02 -0.80351E+01
  0.66872E+01  0.21561E+02  0.24581E+02  0.12103E+02  0.86472E+01  0.21798E+02
  0.31719E+02  0.38830E+02  0.46157E+02  0.39551E+02  0.16686E+02 -0.15436E+01
  0.56682E+01  0.30707E+02  0.48998E+02  0.47924E+02  0.30187E+02  0.59304E+01
 -0.15284E+02 -0.31547E+02 -0.26459E+02  0.44405E+00  0.72054E+01 -0.19655E+02
 -0.56644E+02 -0.64808E+02 -0.29393E+02  0.20461E+02  0.58780E+02  0.60485E+02
  0.31493E+02  0.15670E+02  0.21827E+02  0.31236E+02  0.26178E+02  0.49851E+01
 -0.19392E+02 -0.43052E+02 -0.45768E+02 -0.25960E+02 -0.21502E+02 -0.30907E+02
 -0.16596E+02  0.65888E+01  0.40044E+01 -0.76940E+01 -0.23507E+02 -0.40917E+02
 -0.22263E+02  0.19023E+02  0.21628E+02 -0.11424E+02 -0.23144E+02 -0.19165E+02
 -0.22401E+02 -0.13214E+02  0.15719E+01 -0.41515E+01 -0.14842E+02 -0.13377E+02
 -0.22822E+02 -0.28196E+02 -0.78263E+01  0.34337E+01  0.77736E+01  0.27288E+02
  0.38428E+02  0.17382E+02 -0.19186E+02 -0.17770E+02  0.13125E+02  0.92739E+01
 -0.20995E+02 -0.34529E+02 -0.31025E+02 -0.13455E+02  0.11462E+01 -0.11480E+02
 -0.21162E+02 -0.77174E+01  0.10936E+02  0.26781E+02  0.35193E+02  0.32783E+02
  0.39853E+02  0.62687E+02  0.80216E+02  0.72018E+02  0.33457E+02  0.40236E+00
 -0.13163E+02 -0.30384E+02 -0.39534E+02 -0.26331E+02 -0.17140E+02 -0.21852E+02
 -0.12568E+02 -0.33347E+01 -0.10455E+02  0.62165E+01  0.27859E+02  0.18701E+02
  0.14516E+02  0.88915E+01 -0.18653E+02 -0.22148E+02  0.11557E+02  0.38517E+02
  0.37056E+02  0.30458E+02  0.23122E+02 -0.21942E+01 -0.19030E+02 -0.21474E+02
 -0.26788E+02 -0.27353E+02 -0.35300E+02 -0.48505E+02 -0.46290E+02 -0.33125E+02
 -0.15526E+02  0.66348E+01  0.30072E+02  0.41110E+02  0.31031E+02  0.96871E+01
 -0.55478E+01 -0.97436E+01 -0.11138E+02 -0.12053E+02 -0.23939E+02 -0.33955E+02
 -0.14231E+02  0.10971E+02  0.23259E+02  0.33590E+02  0.33664E+02  0.15211E+02
 -0.85560E+01 -0.15528E+02  0.12589E+00  0.15032E+02  0.12793E+02  0.29714E+01
 -0.22217E+01 -0.25315E+01 -0.87773E+01 -0.22255E+02 -0.35336E+02 -0.41584E+02
 -0.31241E+02 -0.89470E+01  0.18378E+02  0.38658E+02  0.36625E+02  0.32020E+02
  0.33645E+02  0.15578E+02 -0.78533E+01 -0.11283E+02 -0.86138E+01  0.84175E+00
  0.24008E+02  0.49674E+02  0.61745E+02  0.50727E+02  0.39126E+02  0.30333E+02
  0.52436E+01 -0.11287E+02 -0.88002E+01 -0.14575E+02 -0.20816E+02 -0.43230E+01
  0.90938E+01 -0.71550E+01 -0.26541E+02 -0.39189E+02 -0.53717E+02 -0.59750E+02
 -0.57647E+02 -0.56386E+02 -0.48563E+02 -0.27390E+02 -0.80824E+01  0.71964E+01
  0.17706E+02  0.13881E+02  0.11470E+02  0.21798E+02  0.28418E+02  0.22913E+02
  0.19918E+02  0.25745E+02  0.33835E+02  0.42791E+02  0.43311E+02  0.29685E+02
  0.12111E+02 -0.53167E+01 -0.13867E+02 -0.15937E+02 -0.24371E+02 -0.36103E+02
 -0.46216E+02 -0.39160E+02 -0.27096E+02 -0.33124E+02 -0.33319E+02 -0.16148E+02
 -0.29761E+01 -0.12018E+02 -0.25940E+02 -0.14691E+02 -0.12353E+01 -0.80731E+01
 -0.14786E+02 -0.10732E+02 -0.40644E+01  0.51059E+01  0.26010E+02  0.46453E+02
  0.45965E+02  0.36477E+02  0.40641E+02  0.48623E+02  0.41353E+02  0.26229E+02
  0.95427E+01 -0.89626E+01 -0.16662E+02 -0.10197E+02 -0.49490E-01  0.97017E+01
  0.14839E+02  0.12925E+02  0.12563E+02  0.21161E+02  0.21030E+02 -0.33849E+01
 -0.23918E+02 -0.19195E+02 -0.88093E+01 -0.16354E+02 -0.32165E+02 -0.26937E+02
 -0.42191E+01  0.11057E+02  0.15770E+02  0.11334E+02  0.29755E+01  0.71841E+00
  0.26495E+00 -0.18129E+01 -0.14127E+02 -0.27549E+02 -0.13519E+02  0.46747E+01
 -0.31968E+01 -0.14563E+02 -0.10299E+02  0.12601E+01  0.12840E+02  0.28919E+02
  0.33223E+02  0.13194E+02 -0.47593E+01 -0.79807E+01 -0.10733E+02 -0.19561E+02
 -0.22422E+02 -0.20370E+02 -0.25357E+02 -0.30428E+02 -0.33331E+02 -0.36254E+02
 -0.36691E+02 -0.29362E+02 -0.76700E+01  0.20542E+02  0.39964E+02  0.38879E+02
  0.23177E+02  0.12964E+02  0.15250E+02  0.20536E+02  0.14190E+02 -0.57933E+01
 -0.18038E+02 -0.21776E+02 -0.26782E+02 -0.13588E+02  0.15269E+02  0.33165E+02
  0.28646E+02  0.85970E+01 -0.81657E+01 -0.11115E+02 -0.13265E+02 -0.18336E+02
 -0.81739E+01  0.86858E+01  0.13468E+02  0.13504E+02  0.17909E+02  0.26389E+02
  0.32468E+02  0.27294E+02  0.13975E+02  0.15535E+01 -0.61586E+01 -0.75270E+01
 -0.80412E+01 -0.95884E+01 -0.70774E+01 -0.43578E+01 -0.67921E+01 -0.11351E+02
 -0.10062E+02 -0.46398E+01 -0.46118E+01 -0.23380E+01  0.62955E+01  0.77010E+01
  0.30691E+01  0.29539E+01  0.72026E+01  0.87137E+01  0.18010E+01 -0.26190E+01
  0.30246E+01  0.38424E+01 -0.44458E+01 -0.83700E+01 -0.10936E+02 -0.19500E+02
 -0.18999E+02 -0.11279E+02 -0.11470E+02 -0.12934E+02 -0.10719E+02 -0.15102E+01
  0.12392E+02  0.18062E+02  0.21454E+02  0.28149E+02  0.26930E+02  0.20319E+02
  0.13152E+02  0.16884E+01 -0.72797E+01 -0.54234E+01  0.31270E+00  0.13503E+01
  0.13154E+01  0.67976E+01  0.13848E+02  0.11470E+02  0.29391E+01 -0.18988E+01
  0.64672E+00  0.77966E+01  0.45276E+01 -0.13260E+02 -0.26584E+02 -0.24617E+02
 -0.16459E+02 -0.88030E+01 -0.43663E+01 -0.73916E+01 -0.72439E+01 -0.29794E+01
 -0.27830E+01 -0.58576E+00  0.11842E+01 -0.16982E+01 -0.39282E+01 -0.52780E+01
 -0.33837E+01  0.59001E+01  0.10711E+02  0.12164E+02  0.21967E+02  0.26094E+02
  0.21267E+02  0.17363E+02  0.69849E+01 -0.54177E+01 -0.94657E+01 -0.81986E+01
 -0.48084E+01  0.17542E+01  0.87404E+01  0.90054E+01  0.50917E+01 -0.17592E+00
 -0.85971E+01 -0.12905E+02 -0.99968E+01 -0.13853E+02 -0.19928E+02 -0.14905E+02
 -0.65631E+01 -0.21187E+01 -0.14916E+01 -0.29984E+00  0.54880E+01  0.96669E+01
  0.66496E+01  0.48995E+01  0.72775E+01  0.44124E+01 -0.26261E+01 -0.27217E+01
  0.34104E+01  0.44294E+01  0.72400E+00 -0.91571E+00 -0.17947E+01 -0.19283E+01
 -0.96160E+00 -0.33829E+01 -0.37677E+01 -0.17104E+00  0.16250E+01  0.37290E+01
  0.45468E+01  0.28981E+00 -0.51429E+01 -0.77729E+01 -0.65619E+01 -0.28192E+01
  0.36061E+00  0.23121E+01  0.22731E+01 -0.18091E+01 -0.74289E+01 -0.60130E+01
  0.61517E-01  0.18933E+01  0.19714E+01  0.11947E+01 -0.34273E+01 -0.70045E+01
 -0.48945E+01 -0.90205E+00 -0.29634E+00 -0.24784E+01 -0.24679E+01 -0.51371E+00
 -0.11051E+01 -0.23969E+01 -0.19087E+01 -0.30830E+01 -0.28677E+01  0.69643E+00
  0.34149E+01  0.56270E+01  0.71451E+01  0.48592E+01 -0.13952E+00 -0.52219E+01
 -0.75306E+01 -0.86628E+01 -0.12924E+02 -0.16892E+02 -0.16978E+02 -0.12271E+02
 -0.81096E+01 -0.95949E+01 -0.10208E+02 -0.57205E+01 -0.81706E+00  0.29332E+01
  0.60065E+01  0.91524E+01  0.11631E+02  0.10569E+02  0.96253E+01  0.10313E+02
  0.73675E+01  0.18992E+01 -0.35546E-01  0.16113E+01  0.19804E+01  0.64516E+00
  0.14100E+01  0.26884E+01  0.14762E+01 -0.20963E+01 -0.69461E+01 -0.90373E+01
 -0.59277E+01 -0.14651E+01  0.83758E+00  0.34458E+01  0.76015E+01  0.87696E+01
  0.82440E+01  0.10555E+02  0.11575E+02  0.93108E+01  0.75411E+01  0.48582E+01
 -0.35461E+00 -0.25910E+01  0.70924E-01  0.26573E+01  0.32037E+01  0.31514E+01
  0.42520E+01  0.75581E+01  0.77881E+01  0.22614E+01 -0.29586E+01 -0.70729E+01
 -0.10634E+02 -0.11763E+02 -0.10536E+02 -0.76215E+01 -0.58333E+01 -0.44390E+01
 -0.12927E+01  0.44884E+00 -0.69177E+00 -0.23763E+01 -0.37745E+01 -0.46258E+01
 -0.22362E+01  0.14539E+01  0.27883E+01  0.65810E+00 -0.24288E+01 -0.11641E+01
 -0.10417E+01 -0.35677E+01  0.73409E+00  0.62334E+01  0.78140E+01  0.95219E+01
  0.86989E+01  0.77891E+01  0.67880E+01  0.27354E+01 -0.84175E+00 -0.43062E+01
 -0.76119E+01 -0.89786E+01 -0.82123E+01 -0.73781E+01 -0.62804E+01 -0.38445E+01
 -0.39478E+01 -0.60271E+01 -0.18339E+01  0.11199E+02  0.18832E+02  0.15253E+02
  0.10935E+02  0.48149E+01 -0.20455E+01  0.28253E+01  0.11648E+02  0.87964E+01
 -0.46854E+01 -0.13704E+02 -0.55445E+01  0.72317E+01  0.12618E+02  0.13600E+02
  0.93686E+01  0.49908E+00 -0.96314E+01 -0.17251E+02 -0.18770E+02 -0.18683E+02
 -0.20839E+02 -0.18320E+02 -0.60626E+01  0.89336E+01  0.17700E+02  0.19003E+02
  0.14565E+02  0.88715E+01  0.60667E+01  0.21149E+01 -0.56473E+01 -0.12755E+02
 -0.15340E+02 -0.14472E+02 -0.12078E+02 -0.92606E+01 -0.45417E+01  0.28803E+01
  0.77896E+01  0.10785E+02  0.11300E+02  0.31496E+01 -0.49456E+01 -0.31843E+01
  0.74031E-01 -0.15606E+00 -0.66744E+00 -0.38277E+01 -0.90133E+01 -0.11429E+02
 -0.75582E+01  0.15711E+01  0.78535E+01  0.53296E+01 -0.43106E-02  0.10356E+01
  0.81876E+01  0.10769E+02  0.24827E+01 -0.76476E+01 -0.71313E+01  0.22818E+01
  0.56623E+01  0.31915E+01  0.45114E+01  0.58265E+01  0.57088E+01  0.73340E+01
  0.82002E+01  0.79251E+01  0.51636E+01 -0.87597E+00 -0.66182E+01 -0.10390E+02
 -0.93905E+01 -0.33743E+01 -0.37979E+00 -0.29038E+01 -0.41227E+01 -0.11724E+01
  0.42064E+01  0.91557E+01  0.96651E+01  0.49094E+01  0.27364E+01  0.68218E+01
  0.90991E+01  0.55142E+01 -0.15013E+01 -0.60921E+01 -0.34895E+01 -0.47228E+00
 -0.17491E+01 -0.31648E+01 -0.27785E+01 -0.18310E+01 -0.15657E+01  0.10714E+01
  0.50395E+01  0.84076E+01  0.10269E+02  0.63701E+01  0.29795E+01  0.80816E+00
 -0.42259E+01 -0.43300E+01 -0.13908E+01 -0.21845E+01 -0.66255E+01 -0.10583E+02
 -0.96117E+01 -0.82678E+01 -0.46069E+01  0.25569E+01  0.14787E+01 -0.30259E+01
 -0.31689E+00  0.35989E+01  0.75520E+01  0.10870E+02  0.81622E+01  0.16690E+01
 -0.48034E+01 -0.91900E+01 -0.11433E+02 -0.10263E+02 -0.54861E+01 -0.62329E+00
 -0.50367E+00 -0.39230E+01 -0.66418E+00  0.83453E+01  0.10754E+02  0.67768E+01
  0.34420E+01  0.49603E+00  0.15727E+01  0.42651E+01  0.38862E+00 -0.14286E+01
  0.53174E+01  0.81878E+01  0.35897E+01 -0.15216E+00  0.36346E+00  0.22620E+01
  0.61010E+00 -0.88503E+00 -0.24320E+01 -0.10138E+02 -0.13723E+02 -0.83789E+01
 -0.57786E+01 -0.61102E+01 -0.25832E+01  0.52899E+00 -0.52747E-01  0.15692E+01
  0.63336E+01  0.91831E+01  0.94054E+01  0.84876E+01  0.76602E+01  0.86475E+01
  0.10586E+02  0.10581E+02  0.86705E+01  0.81365E+01  0.73606E+01  0.29628E+01
 -0.24368E+01 -0.70582E+01 -0.11281E+02 -0.13459E+02 -0.12355E+02 -0.70604E+01
 -0.11732E+01  0.88671E+00  0.11227E+01  0.13315E+01  0.20000E+01  0.13419E+01
  0.11218E+01  0.27216E+01  0.32693E+01  0.15477E+01 -0.19853E+01 -0.32248E+01
 -0.31415E+01 -0.55926E+01 -0.83796E+01 -0.12124E+02 -0.12296E+02 -0.36936E+01
  0.52875E+01  0.66848E+01  0.36868E+01  0.29771E+01  0.39592E+01  0.36005E+01
  0.34043E+00 -0.41914E+01 -0.55978E+01 -0.45728E+01 -0.18327E+01  0.21119E+01
  0.40111E+01  0.43595E+01  0.35321E+01  0.19486E+01  0.11957E+00 -0.20657E+01
 -0.16205E+01  0.37328E+00 -0.65584E+00 -0.49181E+01 -0.77570E+01 -0.67604E+01
 -0.48136E+01 -0.27782E+01 -0.12606E+01 -0.23033E+01 -0.44821E+01 -0.52636E+01
 -0.24311E+01  0.12710E+01  0.39599E+01  0.62295E+01  0.52335E+01  0.31471E+01
  0.23096E+01  0.12195E+01  0.85887E+00  0.11410E+01  0.16609E+01  0.26328E+01
  0.17669E+01 -0.11034E+01 -0.40149E+01 -0.51098E+01 -0.47997E+01 -0.54926E+01
 -0.49749E+01 -0.17586E+01  0.19021E+01  0.34118E+01  0.27035E+01  0.14011E+01
 -0.25882E+01 -0.76370E+01 -0.81454E+01 -0.52990E+01 -0.13170E+01  0.30933E+01
  0.53879E+01  0.67874E+01  0.70051E+01  0.37271E+01 -0.11721E+01 -0.45550E+01
 -0.51463E+01 -0.46100E+01 -0.41575E+01 -0.19438E+01  0.97920E+00  0.29737E+01
  0.44444E+01  0.58881E+01  0.72180E+01  0.51730E+01  0.12606E+01 -0.14087E+01
 -0.58964E+01 -0.10200E+02 -0.88855E+01 -0.44533E+01 -0.18064E+01 -0.57910E-01
  0.11259E+01  0.44873E+00  0.18364E+00 -0.14327E+01 -0.62078E+01 -0.10645E+02
 -0.11444E+02 -0.92777E+01 -0.58931E+01 -0.33052E+01 -0.22644E+01  0.65330E+00
  0.39094E+01  0.70851E+01  0.11475E+02  0.11554E+02  0.45078E+01 -0.21135E+01
 -0.15660E+01  0.14850E+01 -0.90779E+00 -0.68064E+01 -0.86219E+01 -0.73608E+01
 -0.48295E+01  0.39774E+00  0.34051E+01  0.45371E+01  0.58655E+01  0.52304E+01
  0.55387E+01  0.50638E+01  0.25527E+01  0.24304E+00 -0.82222E+00 -0.63230E+00
 -0.16430E+01 -0.27089E+01 -0.39874E+01 -0.58072E+01 -0.30624E+01  0.22836E+01
  0.44278E+01  0.48969E+01  0.37793E+01 -0.25866E-01  0.63618E+00  0.63892E+01
  0.79923E+01  0.70110E+01  0.83346E+01  0.77988E+01  0.64096E+01  0.63632E+01
  0.70748E+01  0.11049E+02  0.11008E+02  0.31032E+01 -0.35751E+01 -0.45108E+01
 -0.48790E+01 -0.70382E+01 -0.74257E+01 -0.30583E+01  0.23842E+01  0.33910E+01
  0.27340E+01  0.38703E+01  0.83808E+01  0.13386E+02  0.11317E+02  0.42641E+01
  0.19520E+01  0.20373E+01 -0.23027E+01 -0.49415E+01 -0.25403E+01 -0.20570E+01
 -0.43957E+01 -0.62485E+01 -0.82229E+01 -0.10258E+02 -0.82433E+01 -0.39498E+01
 -0.14157E+01  0.28182E+01  0.56365E+01  0.30325E+01 -0.17441E+01 -0.48536E+01
 -0.48796E+01 -0.53640E+01 -0.68802E+01 -0.66307E+01 -0.42877E+01 -0.19112E+01
 -0.15645E+01 -0.30656E+01 -0.34221E+01 -0.18963E+01 -0.15070E+01 -0.16960E+01
 -0.13340E+01  0.10283E+01  0.52002E+01  0.59170E+01  0.45558E+01  0.42467E+01
  0.11179E+01 -0.41293E+01 -0.78544E+01 -0.86392E+01 -0.71444E+01 -0.55342E+01
 -0.42420E+01 -0.32283E+01 -0.14711E+01  0.13012E+01  0.37609E+01  0.49677E+01
  0.62958E+01  0.68547E+01  0.57220E+01  0.67225E+01  0.79610E+01  0.55022E+01
  0.35436E+01  0.21564E+01 -0.32178E+01 -0.67468E+01 -0.54431E+01 -0.31480E+01
  0.92242E+00  0.23504E+01  0.20124E+00  0.24979E+01  0.68172E+01  0.68512E+01
  0.43964E+01  0.25418E+01  0.51386E+00 -0.20427E+01 -0.13810E+01  0.18887E+01
  0.21509E+01 -0.23781E+00  0.33294E+01  0.98441E+01  0.93833E+01  0.80001E+01
  0.11966E+02  0.14842E+02  0.11733E+02  0.76556E+01  0.54427E+01  0.61096E-01
 -0.59883E+01 -0.73862E+01 -0.85479E+01 -0.11158E+02 -0.13592E+02 -0.15184E+02
 -0.14127E+02 -0.90638E+01 -0.89802E+00  0.40991E+01  0.39907E+01  0.44851E+01
  0.74676E+01  0.92200E+01  0.74660E+01  0.54148E+01  0.50676E+01  0.33566E+01
 -0.24289E+00 -0.40210E+01 -0.75255E+01 -0.78405E+01 -0.53051E+01 -0.41316E+01
 -0.48761E+01 -0.80438E+01 -0.11702E+02 -0.98321E+01 -0.61749E+01 -0.74017E+01
 -0.93325E+01 -0.69013E+01 -0.15293E+01  0.28456E+01  0.39247E+01  0.28656E+01
  0.11383E+01 -0.14332E+01 -0.29519E+01 -0.90545E+00  0.55996E+00 -0.16908E+01
 -0.76560E+00  0.30174E+01  0.28936E+01  0.19095E+01  0.23697E+01  0.20481E+01
 -0.90027E+00 -0.64319E+01 -0.91203E+01 -0.83949E+01 -0.51202E+01  0.34260E+01
  0.11350E+02  0.13316E+02  0.15127E+02  0.15962E+02  0.12454E+02  0.11904E+02
  0.10546E+02  0.29875E+01 -0.13337E+01 -0.12386E+01 -0.48422E+01 -0.13511E+02
 -0.19113E+02 -0.13813E+02 -0.20873E+01  0.46721E+01  0.31080E+01 -0.80228E+00
 -0.16546E+01  0.11626E+01  0.43708E+01  0.38064E+01 -0.88820E+00 -0.61632E+01
 -0.83835E+01 -0.77384E+01 -0.54570E+01  0.13378E+01  0.10855E+02  0.17204E+02
  0.19299E+02  0.15533E+02  0.75678E+01 -0.61444E-01 -0.60491E+01 -0.84055E+01
 -0.70573E+01 -0.70302E+01 -0.72386E+01 -0.28078E+01  0.31752E+01  0.59601E+01
  0.65979E+01  0.77233E+01  0.68140E+01  0.49846E+01  0.25024E+01 -0.23388E+01
 -0.23593E+01  0.43853E+01  0.76956E+01  0.42018E+01  0.50205E+00 -0.59051E+01
 -0.14567E+02 -0.15025E+02 -0.73665E+01 -0.83457E+00  0.54886E+00  0.14440E+01
  0.37531E+01  0.25703E+01 -0.62576E+01 -0.16173E+02 -0.16639E+02 -0.12273E+02
 -0.84062E+01 -0.46368E+01 -0.25261E+01 -0.12891E+01 -0.13905E+01 -0.76193E+00
 -0.14461E+01 -0.21271E+01  0.62975E+01  0.13734E+02  0.93060E+01  0.72337E+00
 -0.52807E+01 -0.89632E+01 -0.11829E+02 -0.15003E+02 -0.16658E+02 -0.15511E+02
 -0.14941E+02 -0.12268E+02 -0.17683E+01  0.12950E+02  0.22999E+02  0.26562E+02
  0.23908E+02  0.13234E+02  0.71807E+00 -0.10736E+02 -0.18530E+02 -0.15004E+02
 -0.70043E+01 -0.38843E+01  0.38903E+01  0.18252E+02  0.24488E+02  0.24140E+02
  0.21016E+02  0.81486E+01 -0.53469E+01 -0.51091E+01 -0.23317E+01 -0.10154E+02
 -0.13109E+02 -0.35624E+01  0.72858E+01  0.13110E+02  0.13328E+02  0.11664E+02
  0.94124E+01  0.68507E+01  0.69193E+01  0.83562E+01  0.45823E+01 -0.15077E+01
 -0.30848E+01 -0.56419E+01 -0.89231E+01 -0.90125E+01 -0.81424E+01 -0.32671E+01
  0.14176E+01  0.14333E+01  0.43689E+01  0.10136E+02  0.11436E+02  0.71122E+01
  0.25739E+01  0.16366E+01 -0.18663E+01 -0.10559E+02 -0.16520E+02 -0.13895E+02
 -0.38265E+01  0.69273E+01  0.13953E+02  0.17276E+02  0.16498E+02  0.11445E+02
  0.32084E+01 -0.79425E+01 -0.15152E+02 -0.15814E+02 -0.15290E+02 -0.14307E+02
 -0.16823E+02 -0.19617E+02 -0.14828E+02 -0.58685E+01 -0.20845E+00 -0.12876E+00
 -0.26059E+01 -0.60954E+01 -0.10284E+02 -0.11120E+02 -0.74089E+01 -0.39536E+01
 -0.29289E+01 -0.34206E+01 -0.38006E+01 -0.51963E+01 -0.71598E+01 -0.62425E+01
 -0.26579E+01  0.19519E+01  0.27790E+01  0.65324E+00  0.22660E+01  0.61324E+01
  0.73539E+01  0.74114E+01  0.64815E+01  0.23986E+01 -0.10661E+01  0.13397E+01
  0.68879E+01  0.87498E+01  0.92924E+01  0.10118E+02  0.78463E+01  0.33576E+01
 -0.61441E+00 -0.18999E+01 -0.40095E+01 -0.77394E+01 -0.64828E+01 -0.11343E+01
  0.29910E+00 -0.38837E+01 -0.55327E+01 -0.31988E+01 -0.48676E+00  0.52834E+01
  0.10847E+02  0.11664E+02  0.10350E+02  0.80236E+01  0.57361E+01  0.48064E+01
  0.37620E+01  0.38325E+01  0.36733E+01  0.10484E+01 -0.62756E+00 -0.10871E+01
 -0.94144E+00  0.82562E+00  0.17953E+01  0.11701E+01 -0.57000E+00 -0.48111E+01
 -0.49469E+01  0.59284E+01  0.15000E+02  0.99975E+01  0.13559E+01 -0.28512E+01
 -0.54376E+01 -0.11993E+01  0.69198E+01  0.50543E+01 -0.20020E+01 -0.43003E+01
 -0.55815E+01 -0.28327E+01  0.74395E+01  0.14553E+02  0.13994E+02  0.67644E+01
 -0.28306E+01 -0.54493E+01 -0.59777E+01 -0.11173E+02 -0.12506E+02 -0.84566E+01
 -0.98785E+01 -0.11984E+02 -0.72416E+01 -0.73752E+00  0.33759E+01  0.62677E+00
 -0.61353E+01 -0.86612E+01 -0.11912E+02 -0.15355E+02 -0.71475E+01  0.36731E+01
  0.56934E+01  0.58739E+01  0.53155E+01  0.23257E+01 -0.21624E+00 -0.61328E+01
 -0.12018E+02 -0.10860E+02 -0.67208E+01 -0.47655E+01 -0.45799E+01 -0.30935E+01
 -0.10548E+01  0.77244E+00  0.19363E+01  0.27129E+01  0.23651E+00 -0.95468E+01
 -0.13717E+02 -0.57155E+01  0.10227E+01  0.76716E+01  0.18268E+02  0.17697E+02
  0.64736E+01  0.62361E+01  0.17389E+02  0.23030E+02  0.20194E+02  0.15698E+02
  0.11562E+02  0.76710E+01  0.81740E+01  0.12465E+02  0.13771E+02  0.66735E+01
 -0.43817E+01 -0.68635E+01 -0.24846E+01 -0.12410E+01  0.68235E+00  0.60662E+01
  0.73652E+01  0.49622E+01  0.29582E+01  0.93678E+00 -0.21045E+01 -0.70516E+01
 -0.92773E+01 -0.50244E+01  0.24458E+00  0.31924E+01  0.37159E+01  0.11821E+01
 -0.70215E+00 -0.13639E+01 -0.14298E+01 -0.18667E+00 -0.12456E+01 -0.47969E+01
 -0.48988E+01 -0.16961E+01 -0.19586E+00  0.11756E+01  0.31734E+01  0.21056E+01
 -0.15443E+01 -0.36752E+01 -0.68427E+00  0.46290E+01  0.38059E+01 -0.50849E+00
  0.97650E-01 -0.86353E+00 -0.75235E+01 -0.10438E+02 -0.95141E+01 -0.10321E+02
 -0.85153E+01 -0.52627E+01 -0.92792E+01 -0.13777E+02 -0.11892E+02 -0.11490E+02
 -0.14126E+02 -0.13775E+02 -0.89686E+01 -0.40609E+01 -0.20240E+01 -0.14885E+01
  0.11792E+01  0.58266E+01  0.62922E+01  0.36996E+01  0.20338E+01 -0.19092E+01
 -0.64319E+01 -0.58521E+01 -0.32753E+01 -0.31001E+01 -0.83369E-01  0.59386E+01
  0.60117E+01  0.22789E+01  0.19544E+01  0.19928E+01 -0.60613E+00 -0.99229E+00
 -0.98557E+00 -0.38849E+01 -0.31583E+01  0.73574E-01  0.17356E+01  0.66004E+01
  0.13421E+02  0.16297E+02  0.15144E+02  0.11290E+02  0.70569E+01  0.44992E+01
  0.17193E+01 -0.20203E+01 -0.36346E+01 -0.21999E+01  0.60259E+00  0.26788E+01
  0.25292E+01  0.13154E+01  0.34424E+01  0.78665E+01  0.67848E+01  0.35543E+01
  0.41041E+01  0.39974E+01  0.21970E+01  0.17266E+01  0.33113E+01  0.68124E+01
  0.95087E+01  0.76753E+01  0.43411E+01  0.50360E+01  0.86522E+01  0.93204E+01
  0.49925E+01  0.41968E+00 -0.28429E+01 -0.69823E+01 -0.84706E+01 -0.32698E+01
  0.19226E+01 -0.24848E+00 -0.48505E+01 -0.53041E+01 -0.19503E+01  0.15074E+01
  0.17977E+01  0.12980E+01  0.10458E+01 -0.34162E+01 -0.76522E+01 -0.71271E+01
 -0.71583E+01 -0.10074E+02 -0.12655E+02 -0.12445E+02 -0.11197E+02 -0.11161E+02
 -0.10747E+02 -0.79900E+01 -0.44459E+01 -0.28779E+01 -0.28142E+01 -0.27895E+01
 -0.34271E+01 -0.53877E+01 -0.73448E+01 -0.87691E+01 -0.10568E+02 -0.10343E+02
 -0.62921E+01 -0.21629E+01 -0.58796E+00 -0.16348E+01 -0.38221E+01 -0.50775E+01
 -0.70791E+01 -0.84310E+01 -0.62643E+01 -0.42485E+01 -0.47610E+01 -0.58074E+01
 -0.46854E+01 -0.13371E+01 -0.41149E-02 -0.13569E+00  0.19492E+01  0.27648E+01
  0.57898E+00  0.32597E+00  0.29141E+01  0.52812E+01  0.69671E+01  0.86339E+01
  0.90974E+01  0.71160E+01  0.51598E+01  0.47065E+01  0.49348E+01  0.66146E+01
  0.84103E+01  0.83634E+01  0.69506E+01  0.57183E+01  0.71013E+01  0.94003E+01
  0.90789E+01  0.74639E+01  0.59944E+01  0.49192E+01  0.51785E+01  0.64456E+01
  0.76377E+01  0.81696E+01  0.72659E+01  0.55217E+01  0.53663E+01  0.64687E+01
  0.70378E+01  0.68529E+01  0.58381E+01  0.40465E+01  0.17813E+01  0.26085E+00
  0.45155E+00  0.87377E+00  0.82661E+00  0.95778E+00  0.15715E+01  0.16391E+01
  0.58563E+00 -0.10373E+00 -0.57887E+00 -0.17173E+01 -0.28318E+01 -0.35662E+01
 -0.42495E+01 -0.49659E+01 -0.51341E+01 -0.49169E+01 -0.45792E+01 -0.33327E+01
 -0.15534E+01 -0.91839E+00 -0.19184E+01 -0.31851E+01 -0.37519E+01 -0.47008E+01
 -0.61680E+01 -0.72577E+01 -0.80968E+01 -0.86612E+01 -0.87669E+01 -0.79654E+01
 -0.64405E+01 -0.49769E+01 -0.35430E+01 -0.25569E+01 -0.27759E+01 -0.37699E+01
 -0.41504E+01 -0.39109E+01 -0.43610E+01 -0.51662E+01 -0.53238E+01 -0.48949E+01
 -0.40432E+01 -0.32259E+01 -0.30516E+01 -0.33639E+01 -0.30777E+01 -0.23317E+01
 -0.25672E+01 -0.33304E+01 -0.33152E+01 -0.24864E+01 -0.93558E+00  0.12203E+01
  0.39280E+01  0.67544E+01  0.85071E+01  0.91539E+01  0.89852E+01  0.78789E+01
  0.57834E+01  0.27946E+01 -0.18533E+00 -0.24042E+01 -0.33828E+01 -0.30806E+01
 -0.16011E+01  0.13715E+01  0.48230E+01  0.73145E+01  0.88162E+01  0.97756E+01
  0.99822E+01  0.87227E+01  0.65803E+01  0.47192E+01  0.23494E+01 -0.50389E+00
 -0.19421E+01 -0.16872E+01  0.32498E+00  0.37195E+01  0.66442E+01  0.85770E+01
  0.97412E+01  0.90806E+01  0.62637E+01  0.25461E+01 -0.11108E+01 -0.46045E+01
 -0.71758E+01 -0.75153E+01 -0.59454E+01 -0.34237E+01 -0.52102E+00  0.22206E+01
  0.47232E+01  0.64642E+01  0.64989E+01  0.46722E+01  0.19539E+01 -0.51506E+00
 -0.23184E+01 -0.32205E+01 -0.33519E+01 -0.32011E+01 -0.26587E+01 -0.16566E+01
 -0.22709E+00  0.12513E+01  0.20031E+01  0.18852E+01  0.11455E+01 -0.18814E+00
 -0.20623E+01 -0.41842E+01 -0.58242E+01 -0.63242E+01 -0.56066E+01 -0.41424E+01
 -0.26036E+01 -0.90592E+00  0.13905E+01  0.33447E+01  0.39250E+01  0.34627E+01
  0.20930E+01  0.23810E+00 -0.14557E+01 -0.28719E+01 -0.38553E+01 -0.44082E+01
 -0.40410E+01 -0.28430E+01 -0.17252E+01 -0.32904E+00  0.13581E+01  0.24447E+01
  0.28371E+01  0.24185E+01  0.12301E+01 -0.17209E+00 -0.12745E+01 -0.20412E+01
 -0.26836E+01 -0.27758E+01 -0.22179E+01 -0.14569E+01 -0.67067E+00 -0.20487E+00
  0.13558E+00  0.56824E+00  0.47547E+00 -0.92998E-01 -0.46907E+00 -0.68081E+00
 -0.10004E+01 -0.12111E+01 -0.81646E+00  0.13508E+00  0.10850E+01  0.21072E+01
  0.33605E+01  0.41745E+01  0.43158E+01  0.38739E+01  0.28594E+01  0.15071E+01
 -0.23864E+00 -0.21463E+01 -0.34898E+01 -0.42802E+01 -0.47256E+01 -0.44925E+01
 -0.31952E+01 -0.11407E+01  0.82348E+00  0.23708E+01  0.34013E+01  0.38477E+01
  0.40015E+01  0.35773E+01  0.25522E+01  0.15692E+01  0.49848E+00 -0.64691E+00
 -0.14197E+01 -0.17441E+01 -0.14555E+01 -0.53446E+00  0.59591E+00  0.14333E+01
  0.18181E+01  0.19460E+01  0.15547E+01  0.31919E+00 -0.11974E+01 -0.25295E+01
 -0.35557E+01 -0.38636E+01 -0.32504E+01 -0.20924E+01 -0.79685E+00  0.34767E+00
  0.11826E+01  0.15600E+01  0.13939E+01  0.83306E+00  0.61590E-02 -0.86396E+00
 -0.16696E+01 -0.23446E+01 -0.23426E+01 -0.15624E+01 -0.52501E+00  0.43783E+00
  0.11866E+01  0.16868E+01  0.19743E+01  0.18404E+01  0.11073E+01 -0.67154E-03
 -0.11489E+01 -0.21460E+01 -0.27681E+01 -0.27974E+01 -0.22631E+01 -0.13707E+01
 -0.30214E+00  0.61392E+00  0.10754E+01  0.98520E+00  0.29393E+00 -0.80262E+00
 -0.19354E+01 -0.30583E+01 -0.40639E+01 -0.44406E+01 -0.39856E+01 -0.29838E+01
 -0.16178E+01 -0.11382E+00  0.12294E+01  0.22838E+01  0.28506E+01  0.27476E+01
  0.21230E+01  0.10914E+01 -0.19714E+00 -0.12700E+01 -0.18097E+01 -0.18968E+01
 -0.15602E+01 -0.86988E+00 -0.15763E+00  0.28345E+00  0.41934E+00  0.26893E+00
 -0.45296E-01 -0.44495E+00 -0.10163E+01 -0.17158E+01 -0.22409E+01 -0.20722E+01
 -0.10581E+01  0.26672E+00  0.14760E+01  0.24860E+01  0.31257E+01  0.32635E+01
  0.28654E+01  0.18933E+01  0.70927E+00 -0.34672E+00 -0.11778E+01 -0.17744E+01
 -0.22355E+01 -0.22647E+01 -0.14209E+01  0.67532E-02  0.12662E+01  0.20642E+01
  0.23647E+01  0.19710E+01  0.11322E+01  0.30166E+00 -0.46007E+00 -0.94527E+00
 -0.78706E+00 -0.47292E-01  0.97389E+00  0.19549E+01  0.26660E+01  0.28679E+01
  0.25673E+01  0.21837E+01  0.16032E+01  0.31420E+00 -0.12264E+01 -0.20685E+01
 -0.20795E+01 -0.18731E+01 -0.17515E+01 -0.13929E+01 -0.72507E+00  0.21158E+00
