 -0.48778E+01 -0.20791E-01  0.53712E+01  0.77283E+01  0.42605E+01 -0.29627E+00
  0.10317E+01  0.59331E+01  0.35943E+01 -0.95280E+01 -0.21132E+02 -0.18050E+02
 -0.51449E+01 -0.16121E+00 -0.91195E+01 -0.17424E+02 -0.10413E+02  0.55656E+01
  0.11827E+02  0.31176E+01 -0.63682E+01 -0.41836E+01  0.31849E+01  0.46105E+00
 -0.15347E+02 -0.31604E+02 -0.35463E+02 -0.25259E+02 -0.70364E+01  0.11977E+02
  0.24241E+02  0.23803E+02  0.12254E+02 -0.16957E+01 -0.12866E+02 -0.24860E+02
 -0.39625E+02 -0.47405E+02 -0.37312E+02 -0.15471E+02 -0.12474E+01 -0.38233E+01
 -0.12847E+02 -0.16618E+02 -0.17793E+02 -0.23574E+02 -0.30592E+02 -0.30686E+02
 -0.24429E+02 -0.16186E+02 -0.22585E+01  0.21270E+02  0.42301E+02  0.43773E+02
  0.31470E+02  0.29139E+02  0.38963E+02  0.31048E+02 -0.11056E+02 -0.55531E+02
 -0.59201E+02 -0.27705E+02 -0.70569E+01 -0.17355E+02 -0.28865E+02 -0.13704E+02
  0.91818E+01  0.35806E+01 -0.30470E+02 -0.58550E+02 -0.57252E+02 -0.32545E+02
  0.15769E+01  0.37676E+02  0.66306E+02  0.76426E+02  0.71815E+02  0.69309E+02
  0.72638E+02  0.64609E+02  0.35618E+02  0.35914E+01 -0.90602E+01 -0.60284E+01
 -0.75242E+01 -0.18223E+02 -0.23893E+02 -0.17535E+02 -0.93041E+01 -0.63328E+01
  0.18188E+01  0.28308E+02  0.68488E+02  0.10186E+03  0.11062E+03  0.92371E+02
  0.60445E+02  0.35263E+02  0.29172E+02  0.35785E+02  0.37501E+02  0.26100E+02
  0.10205E+02  0.23902E+00 -0.70866E+01 -0.23602E+02 -0.53148E+02 -0.84573E+02
 -0.97137E+02 -0.71846E+02 -0.69749E+01  0.70630E+02  0.11803E+03  0.11333E+03
  0.78526E+02  0.55027E+02  0.57731E+02  0.65021E+02  0.55668E+02  0.39184E+02
  0.38118E+02  0.50233E+02  0.46473E+02  0.93070E+01 -0.40109E+02 -0.64266E+02
 -0.51878E+02 -0.26186E+02 -0.10853E+02 -0.31806E+01  0.91949E+01  0.17165E+02
 -0.32379E+01 -0.52337E+02 -0.94433E+02 -0.94946E+02 -0.57865E+02 -0.13859E+02
  0.17628E+02  0.36741E+02  0.40856E+02  0.19927E+02 -0.17707E+02 -0.36132E+02
 -0.78581E+01  0.46890E+02  0.74571E+02  0.45879E+02 -0.12004E+02 -0.46265E+02
 -0.36316E+02 -0.11876E+02 -0.12410E+02 -0.37629E+02 -0.49742E+02 -0.25348E+02
  0.10163E+02  0.12497E+02 -0.26053E+02 -0.70046E+02 -0.88901E+02 -0.90049E+02
 -0.93852E+02 -0.95645E+02 -0.74837E+02 -0.33898E+02 -0.30335E+01 -0.10698E+01
 -0.10122E+02 -0.83649E+00  0.28240E+02  0.50004E+02  0.44673E+02  0.23061E+02
  0.10800E+02  0.16571E+02  0.23297E+02  0.10631E+02 -0.19830E+02 -0.46069E+02
 -0.49422E+02 -0.30811E+02 -0.32401E+01  0.22635E+02  0.40336E+02  0.43706E+02
  0.33154E+02  0.24084E+02  0.35678E+02  0.66834E+02  0.91774E+02  0.85887E+02
  0.50391E+02  0.65373E+01 -0.27033E+02 -0.44419E+02 -0.46144E+02 -0.35203E+02
 -0.19509E+02 -0.94159E+01 -0.74466E+01 -0.58358E+01  0.25215E+01  0.13473E+02
  0.15369E+02  0.18045E+01 -0.22004E+02 -0.43453E+02 -0.50993E+02 -0.40080E+02
 -0.15866E+02  0.86240E+01  0.20097E+02  0.15363E+02  0.52220E+01  0.54243E+01
  0.20729E+02  0.38028E+02  0.38536E+02  0.18607E+02 -0.39110E+01 -0.78262E+01
  0.80837E+01  0.23879E+02  0.21849E+02  0.58541E+01 -0.56809E+01 -0.27083E+01
  0.73143E+01  0.13226E+02  0.15387E+02  0.21639E+02  0.32016E+02  0.35133E+02
  0.21989E+02 -0.15344E+00 -0.12464E+02 -0.34733E+01  0.18067E+02  0.30152E+02
  0.17766E+02 -0.12843E+02 -0.39267E+02 -0.42964E+02 -0.25239E+02 -0.30759E+01
  0.98521E+01  0.15412E+02  0.22375E+02  0.29969E+02  0.27431E+02  0.10787E+02
 -0.76000E+01 -0.13452E+02 -0.10119E+02 -0.14758E+02 -0.34051E+02 -0.54720E+02
 -0.62600E+02 -0.62818E+02 -0.70094E+02 -0.84865E+02 -0.93578E+02 -0.94945E+02
 -0.10974E+03 -0.15350E+03 -0.20855E+03 -0.23811E+03 -0.22796E+03 -0.20204E+03
 -0.19341E+03 -0.20640E+03 -0.20937E+03 -0.15914E+03 -0.34935E+02  0.13872E+03
  0.29747E+03  0.37704E+03  0.36000E+03  0.28323E+03  0.19711E+03  0.12483E+03
  0.64012E+02  0.12000E+02 -0.29472E+02 -0.68827E+02 -0.12341E+03 -0.19707E+03
 -0.27249E+03 -0.33172E+03 -0.37356E+03 -0.40384E+03 -0.42131E+03 -0.42419E+03
 -0.42381E+03 -0.43708E+03 -0.46891E+03 -0.51229E+03 -0.55742E+03 -0.57834E+03
 -0.51404E+03 -0.30232E+03  0.35154E+02  0.35954E+03  0.51212E+03  0.46139E+03
  0.33002E+03  0.26216E+03  0.28792E+03  0.33662E+03  0.35203E+03  0.34533E+03
  0.33873E+03  0.31288E+03  0.24333E+03  0.16139E+03  0.13999E+03  0.21927E+03
  0.36540E+03  0.50189E+03  0.57088E+03  0.57072E+03  0.54558E+03  0.52925E+03
  0.48993E+03  0.35089E+03  0.89707E+02 -0.20278E+03 -0.40029E+03 -0.46822E+03
 -0.46842E+03 -0.43812E+03 -0.32919E+03 -0.10209E+03  0.17154E+03  0.36245E+03
  0.42424E+03  0.42621E+03  0.44808E+03  0.49369E+03  0.52301E+03  0.52205E+03
  0.50803E+03  0.49003E+03  0.45717E+03  0.39759E+03  0.31113E+03  0.21069E+03
  0.12701E+03  0.98606E+02  0.13652E+03  0.20443E+03  0.25177E+03  0.26108E+03
  0.24404E+03  0.19837E+03  0.97291E+02 -0.69219E+02 -0.26313E+03 -0.42218E+03
 -0.50810E+03 -0.52653E+03 -0.51166E+03 -0.50085E+03 -0.51255E+03 -0.53281E+03
 -0.52639E+03 -0.47209E+03 -0.38846E+03 -0.31730E+03 -0.28202E+03 -0.26920E+03
 -0.25116E+03 -0.21811E+03 -0.18327E+03 -0.16128E+03 -0.14987E+03 -0.13388E+03
 -0.10366E+03 -0.66387E+02 -0.39592E+02 -0.35553E+02 -0.51191E+02 -0.69056E+02
 -0.64650E+02 -0.17130E+02  0.76633E+02  0.19111E+03  0.28007E+03  0.30648E+03
  0.27045E+03  0.20541E+03  0.14506E+03  0.96056E+02  0.43739E+02 -0.22679E+02
 -0.96980E+02 -0.16463E+03 -0.21595E+03 -0.24716E+03 -0.25562E+03 -0.24042E+03
 -0.20689E+03 -0.16501E+03 -0.12251E+03 -0.83501E+02 -0.56031E+02 -0.54631E+02
 -0.86705E+02 -0.13437E+03 -0.15857E+03 -0.13167E+03 -0.67510E+02 -0.12567E+02
 -0.26602E+01 -0.31543E+02 -0.63465E+02 -0.70596E+02 -0.51045E+02 -0.16179E+02
  0.25729E+02  0.69388E+02  0.10604E+03  0.12736E+03  0.13206E+03  0.12353E+03
  0.10387E+03  0.77018E+02  0.52948E+02  0.39110E+02  0.27853E+02  0.26680E+01
 -0.39487E+02 -0.80802E+02 -0.10284E+03 -0.10611E+03 -0.10187E+03 -0.90920E+02
 -0.62911E+02 -0.16886E+02  0.29408E+02  0.55769E+02  0.60281E+02  0.58404E+02
  0.65313E+02  0.83526E+02  0.10594E+03  0.12516E+03  0.13794E+03  0.14132E+03
  0.12797E+03  0.90757E+02  0.36374E+02 -0.84286E+01 -0.15077E+02  0.18173E+02
  0.60643E+02  0.79065E+02  0.69391E+02  0.54688E+02  0.55442E+02  0.69125E+02
  0.76285E+02  0.57916E+02  0.85594E+01 -0.56275E+02 -0.10288E+03 -0.10154E+03
 -0.56581E+02 -0.89533E+01 -0.30046E+00 -0.35764E+02 -0.87960E+02 -0.12944E+03
 -0.15015E+03 -0.14729E+03 -0.11829E+03 -0.72755E+02 -0.37077E+02 -0.31651E+02
 -0.45999E+02 -0.49127E+02 -0.25153E+02  0.10975E+02  0.35628E+02  0.44303E+02
  0.50960E+02  0.66672E+02  0.88801E+02  0.10968E+03  0.12738E+03  0.14401E+03
  0.15789E+03  0.16254E+03  0.15292E+03  0.13038E+03  0.10177E+03  0.75443E+02
  0.58235E+02  0.53607E+02  0.60839E+02  0.74911E+02  0.88648E+02  0.96455E+02
  0.98025E+02  0.98757E+02  0.10560E+03  0.12036E+03  0.13618E+03  0.14191E+03
  0.13119E+03  0.10802E+03  0.83618E+02  0.66759E+02  0.56885E+02  0.45308E+02
  0.23524E+02 -0.88636E+01 -0.43654E+02 -0.70763E+02 -0.85180E+02 -0.87948E+02
 -0.81168E+02 -0.64549E+02 -0.37929E+02 -0.67918E+01  0.18743E+02  0.31979E+02
  0.35016E+02  0.33562E+02  0.27535E+02  0.11047E+02 -0.16597E+02 -0.44112E+02
 -0.56853E+02 -0.52037E+02 -0.42078E+02 -0.41959E+02 -0.56392E+02 -0.79478E+02
 -0.10365E+03 -0.12519E+03 -0.14314E+03 -0.15574E+03 -0.15951E+03 -0.15030E+03
 -0.12640E+03 -0.91647E+02 -0.55548E+02 -0.27533E+02 -0.11073E+02 -0.49547E+01
 -0.93035E+01 -0.26275E+02 -0.53323E+02 -0.79909E+02 -0.94103E+02 -0.92755E+02
 -0.82054E+02 -0.69900E+02 -0.60436E+02 -0.55620E+02 -0.57338E+02 -0.65325E+02
 -0.75418E+02 -0.82899E+02 -0.87022E+02 -0.90587E+02 -0.94851E+02 -0.96459E+02
 -0.89110E+02 -0.67647E+02 -0.32157E+02  0.94399E+01  0.43106E+02  0.57317E+02
  0.52155E+02  0.39761E+02  0.33523E+02  0.37665E+02  0.47449E+02  0.57698E+02
  0.67565E+02  0.77247E+02  0.84162E+02  0.85316E+02  0.82271E+02  0.80241E+02
  0.81902E+02  0.84078E+02  0.81566E+02  0.72192E+02  0.57153E+02  0.37805E+02
  0.14731E+02 -0.10298E+02 -0.33331E+02 -0.50338E+02 -0.59311E+02 -0.60383E+02
 -0.55319E+02 -0.47302E+02 -0.39844E+02 -0.34347E+02 -0.28713E+02 -0.19192E+02
 -0.28439E+01  0.21316E+02  0.51240E+02  0.80325E+02  0.98934E+02  0.10184E+03
  0.94643E+02  0.90421E+02  0.97880E+02  0.11376E+03  0.12768E+03  0.13269E+03
  0.12918E+03  0.12092E+03  0.11052E+03  0.99247E+02  0.88027E+02  0.76126E+02
  0.59806E+02  0.35309E+02  0.37589E+01 -0.27646E+02 -0.50711E+02 -0.62562E+02
 -0.67075E+02 -0.70974E+02 -0.78984E+02 -0.91888E+02 -0.10681E+03 -0.11812E+03
 -0.11973E+03 -0.10941E+03 -0.92718E+02 -0.80450E+02 -0.80038E+02 -0.88705E+02
 -0.96099E+02 -0.93912E+02 -0.82874E+02 -0.70417E+02 -0.63718E+02 -0.65076E+02
 -0.72311E+02 -0.80300E+02 -0.82306E+02 -0.73601E+02 -0.55905E+02 -0.37668E+02
 -0.27073E+02 -0.24324E+02 -0.22294E+02 -0.15140E+02 -0.40135E+01  0.62093E+01
  0.13424E+02  0.18514E+02  0.20510E+02  0.15627E+02  0.24904E+01 -0.13447E+02
 -0.22934E+02 -0.19867E+02 -0.50000E+01  0.15527E+02  0.34321E+02  0.46379E+02
  0.51581E+02  0.53947E+02  0.57715E+02  0.63793E+02  0.69913E+02  0.72799E+02
  0.68905E+02  0.55340E+02  0.33711E+02  0.12960E+02  0.47157E+01  0.13220E+02
  0.31123E+02  0.46711E+02  0.53835E+02  0.53756E+02  0.50387E+02  0.47276E+02
  0.47705E+02  0.53085E+02  0.59843E+02  0.61023E+02  0.52694E+02  0.37739E+02
  0.22480E+02  0.11394E+02  0.64382E+01  0.87795E+01  0.17681E+02  0.28429E+02
  0.33618E+02  0.28311E+02  0.13501E+02 -0.48232E+01 -0.19425E+02 -0.25718E+02
 -0.24249E+02 -0.19798E+02 -0.16499E+02 -0.14363E+02 -0.11260E+02 -0.73550E+01
 -0.50277E+01 -0.45064E+01 -0.32803E+01 -0.10430E+01 -0.16638E+01 -0.70816E+01
 -0.12038E+02 -0.91429E+01  0.14263E+01  0.11136E+02  0.13344E+02  0.11084E+02
  0.12749E+02  0.22432E+02  0.36370E+02  0.47408E+02  0.50342E+02  0.43977E+02
  0.30655E+02  0.14691E+02 -0.18874E+00 -0.12353E+02 -0.21094E+02 -0.24933E+02
 -0.22493E+02 -0.15497E+02 -0.90735E+01 -0.83968E+01 -0.15071E+02 -0.26994E+02
 -0.40419E+02 -0.51704E+02 -0.58572E+02 -0.61007E+02 -0.60705E+02 -0.59355E+02
 -0.57053E+02 -0.53179E+02 -0.47661E+02 -0.41156E+02 -0.34281E+02 -0.27979E+02
 -0.24276E+02 -0.24935E+02 -0.29192E+02 -0.33265E+02 -0.33445E+02 -0.29590E+02
 -0.25214E+02 -0.23941E+02 -0.25638E+02 -0.25968E+02 -0.19873E+02 -0.64962E+01
  0.95360E+01  0.21925E+02  0.27974E+02  0.30207E+02  0.32939E+02  0.38388E+02
  0.45873E+02  0.53177E+02  0.57716E+02  0.57881E+02  0.54724E+02  0.51902E+02
  0.52154E+02  0.53489E+02  0.50585E+02  0.40223E+02  0.24370E+02  0.72916E+01
 -0.85582E+01 -0.23445E+02 -0.37764E+02 -0.50333E+02 -0.58355E+02 -0.58357E+02
 -0.47431E+02 -0.25752E+02  0.18625E+01  0.27485E+02  0.44356E+02  0.49884E+02
  0.46103E+02  0.38352E+02  0.33166E+02  0.35149E+02  0.43945E+02  0.54642E+02
  0.61635E+02  0.62478E+02  0.57842E+02  0.49336E+02  0.38217E+02  0.25882E+02
  0.14657E+02  0.78572E+01  0.81538E+01  0.15185E+02  0.23975E+02  0.27007E+02
  0.20114E+02  0.61330E+01 -0.76650E+01 -0.16287E+02 -0.20687E+02 -0.24620E+02
 -0.29927E+02 -0.35212E+02 -0.38006E+02 -0.36866E+02 -0.31572E+02 -0.22639E+02
 -0.11373E+02 -0.32499E-01  0.86699E+01  0.12654E+02  0.11773E+02  0.72281E+01
  0.34368E+00 -0.87858E+01 -0.20464E+02 -0.33428E+02 -0.44804E+02 -0.52091E+02
 -0.55244E+02 -0.55951E+02 -0.56221E+02 -0.57433E+02 -0.60243E+02 -0.64156E+02
 -0.67312E+02 -0.68018E+02 -0.65805E+02 -0.60876E+02 -0.53083E+02 -0.43098E+02
 -0.34435E+02 -0.31608E+02 -0.35193E+02 -0.40382E+02 -0.42008E+02 -0.39614E+02
 -0.35775E+02 -0.30680E+02 -0.21438E+02 -0.75223E+01  0.60892E+01  0.13148E+02
  0.12940E+02  0.11308E+02  0.14908E+02  0.25361E+02  0.38460E+02  0.48421E+02
  0.52498E+02  0.52358E+02  0.51439E+02  0.50856E+02  0.48868E+02  0.44265E+02
  0.38875E+02  0.35783E+02  0.35888E+02  0.37378E+02  0.38537E+02  0.39278E+02
  0.39300E+02  0.36663E+02  0.29366E+02  0.17496E+02  0.30568E+01 -0.11983E+02
 -0.26237E+02 -0.38248E+02 -0.46480E+02 -0.50518E+02 -0.51243E+02 -0.49478E+02
 -0.45248E+02 -0.39045E+02 -0.33045E+02 -0.30056E+02 -0.30925E+02 -0.33248E+02
 -0.33157E+02 -0.28507E+02 -0.20990E+02 -0.14872E+02 -0.13177E+02 -0.14962E+02
 -0.17137E+02 -0.18376E+02 -0.20444E+02 -0.24661E+02 -0.28551E+02 -0.27972E+02
 -0.22244E+02 -0.15092E+02 -0.10094E+02 -0.66701E+01 -0.22514E+01  0.35554E+01
  0.85292E+01  0.11071E+02  0.11796E+02  0.11573E+02  0.10421E+02  0.92320E+01
  0.10880E+02  0.17325E+02  0.26459E+02  0.33632E+02  0.36177E+02  0.34947E+02
  0.31401E+02  0.25505E+02  0.17641E+02  0.10576E+02  0.75328E+01  0.86217E+01
  0.10686E+02  0.10628E+02  0.78610E+01  0.31525E+01 -0.20720E+01 -0.54188E+01
 -0.37497E+01  0.39908E+01  0.14855E+02  0.24185E+02  0.29760E+02  0.32436E+02
  0.33668E+02  0.33979E+02  0.33986E+02  0.34746E+02  0.35563E+02  0.33006E+02
  0.24607E+02  0.13229E+02  0.59681E+01  0.76118E+01  0.15855E+02  0.24568E+02
  0.30317E+02  0.34619E+02  0.40122E+02  0.46480E+02  0.50637E+02  0.50207E+02
  0.45483E+02  0.38703E+02  0.32597E+02  0.29220E+02  0.29134E+02  0.31062E+02
  0.32398E+02  0.31208E+02  0.27952E+02  0.25103E+02  0.25100E+02  0.28751E+02
  0.35136E+02  0.42646E+02  0.49539E+02  0.54467E+02  0.56653E+02  0.55376E+02
  0.49282E+02  0.36709E+02  0.17864E+02 -0.31597E+01 -0.19876E+02 -0.27789E+02
 -0.27530E+02 -0.23725E+02 -0.21079E+02 -0.21726E+02 -0.25546E+02 -0.30956E+02
 -0.35600E+02 -0.37597E+02 -0.36786E+02 -0.35010E+02 -0.34269E+02 -0.35042E+02
 -0.36389E+02 -0.37252E+02 -0.36838E+02 -0.34609E+02 -0.30832E+02 -0.26999E+02
 -0.24741E+02 -0.24156E+02 -0.24026E+02 -0.23849E+02 -0.24726E+02 -0.28019E+02
 -0.33110E+02 -0.37759E+02 -0.40123E+02 -0.40354E+02 -0.40229E+02 -0.41474E+02
 -0.44013E+02 -0.46113E+02 -0.45869E+02 -0.43184E+02 -0.39528E+02 -0.36225E+02
 -0.33273E+02 -0.30318E+02 -0.27792E+02 -0.26402E+02 -0.25629E+02 -0.23829E+02
 -0.20078E+02 -0.15004E+02 -0.98432E+01 -0.54641E+01 -0.24810E+01 -0.11225E+01
 -0.57904E+00  0.11705E+01  0.52986E+01  0.10273E+02  0.12636E+02  0.10349E+02
  0.52199E+01  0.18953E+01  0.39538E+01  0.11116E+02  0.19101E+02  0.22695E+02
  0.19315E+02  0.10362E+02 -0.74558E+00 -0.11175E+02 -0.19557E+02 -0.24973E+02
 -0.26625E+02 -0.24910E+02 -0.21736E+02 -0.19008E+02 -0.16805E+02 -0.13933E+02
 -0.10003E+02 -0.59178E+01 -0.28758E+01 -0.12813E+01 -0.10973E+01 -0.22845E+01
 -0.42808E+01 -0.60300E+01 -0.69375E+01 -0.76714E+01 -0.89279E+01 -0.94661E+01
 -0.66532E+01  0.75022E+00  0.10645E+02  0.19037E+02  0.23595E+02  0.25138E+02
  0.26181E+02  0.28406E+02  0.31733E+02  0.34855E+02  0.36596E+02  0.36803E+02
  0.36391E+02  0.36734E+02  0.38587E+02  0.40967E+02  0.41231E+02  0.36547E+02
  0.26186E+02  0.12809E+02  0.95320E+00 -0.59545E+01 -0.77272E+01 -0.63555E+01
 -0.33149E+01  0.14927E+01  0.85553E+01  0.16731E+02  0.23691E+02  0.27968E+02
  0.30193E+02  0.31977E+02  0.34124E+02  0.35988E+02  0.36244E+02  0.34043E+02
  0.29098E+02  0.22284E+02  0.15727E+02  0.11930E+02  0.11924E+02  0.13794E+02
  0.14141E+02  0.10973E+02  0.51732E+01 -0.65687E+00 -0.44788E+01 -0.56356E+01
 -0.41507E+01  0.14357E+00  0.72429E+01  0.16077E+02  0.24053E+02  0.27993E+02
  0.26277E+02  0.20184E+02  0.12705E+02  0.59810E+01 -0.65190E-01 -0.61289E+01
 -0.11750E+02 -0.15740E+02 -0.18011E+02 -0.19719E+02 -0.21393E+02 -0.21965E+02
 -0.19971E+02 -0.15306E+02 -0.92582E+01 -0.32414E+01  0.18752E+01  0.55119E+01
  0.73801E+01  0.77873E+01  0.74175E+01  0.68412E+01  0.64212E+01  0.67380E+01
  0.80758E+01  0.95254E+01  0.92161E+01  0.61323E+01  0.13289E+01 -0.29725E+01
 -0.57193E+01 -0.80324E+01 -0.11723E+02 -0.17400E+02 -0.24196E+02 -0.31283E+02
 -0.38757E+02 -0.47198E+02 -0.56244E+02 -0.64288E+02 -0.69651E+02 -0.71927E+02
 -0.71720E+02 -0.69446E+02 -0.65006E+02 -0.58455E+02 -0.50717E+02 -0.43051E+02
 -0.36362E+02 -0.31163E+02 -0.27879E+02 -0.26578E+02 -0.26739E+02 -0.27650E+02
 -0.28933E+02 -0.30345E+02 -0.31243E+02 -0.30803E+02 -0.28968E+02 -0.26595E+02
 -0.24095E+02 -0.20587E+02 -0.14972E+02 -0.75463E+01  0.59899E-01  0.68679E+01
  0.13622E+02  0.21660E+02  0.30647E+02  0.37994E+02  0.40654E+02  0.37719E+02
  0.31400E+02  0.25708E+02  0.23802E+02  0.25957E+02  0.29807E+02  0.32656E+02
  0.33954E+02  0.35012E+02  0.37060E+02  0.39472E+02  0.40174E+02  0.37578E+02
  0.31838E+02  0.24670E+02  0.18459E+02  0.14828E+02  0.13555E+02  0.12436E+02
  0.88707E+01  0.24636E+01 -0.41270E+01 -0.73993E+01 -0.59810E+01 -0.14796E+01
  0.32481E+01  0.64130E+01  0.78760E+01  0.85300E+01  0.95451E+01  0.12029E+02
  0.16406E+02  0.22066E+02  0.27605E+02  0.31851E+02  0.34473E+02  0.35964E+02
  0.36989E+02  0.37877E+02  0.38572E+02  0.38755E+02  0.38182E+02  0.36673E+02
  0.33909E+02  0.29413E+02  0.22989E+02  0.15490E+02  0.86160E+01  0.40233E+01
  0.23928E+01  0.31019E+01  0.44461E+01  0.44053E+01  0.17367E+01 -0.29076E+01
 -0.74557E+01 -0.10167E+02 -0.11224E+02 -0.12349E+02 -0.14788E+02 -0.17859E+02
 -0.19606E+02 -0.18789E+02 -0.15755E+02 -0.11720E+02 -0.71430E+01 -0.15874E+01
  0.50432E+01  0.11396E+02  0.15181E+02  0.15170E+02  0.12041E+02  0.75834E+01
  0.28290E+01 -0.24450E+01 -0.89375E+01 -0.16614E+02 -0.24433E+02 -0.31161E+02
 -0.36001E+02 -0.38842E+02 -0.40246E+02 -0.40906E+02 -0.41350E+02 -0.42000E+02
 -0.43134E+02 -0.45041E+02 -0.47836E+02 -0.51173E+02 -0.54108E+02 -0.55658E+02
 -0.55281E+02 -0.53119E+02 -0.49604E+02 -0.44952E+02 -0.39189E+02 -0.32448E+02
 -0.24893E+02 -0.16669E+02 -0.77737E+01  0.13938E+01  0.97091E+01  0.15858E+02
  0.18954E+02  0.19241E+02  0.18019E+02  0.17561E+02  0.20074E+02  0.26135E+02
  0.33380E+02  0.38021E+02  0.37671E+02  0.32935E+02  0.26060E+02  0.18807E+02
  0.11986E+02  0.64974E+01  0.35731E+01  0.35239E+01  0.52137E+01  0.68950E+01
  0.75943E+01  0.70647E+01  0.54603E+01  0.33616E+01  0.19177E+01  0.22136E+01
  0.41738E+01  0.69921E+01  0.10315E+02  0.14636E+02  0.20356E+02  0.26469E+02
  0.31494E+02  0.34568E+02  0.35748E+02  0.35285E+02  0.33429E+02  0.30787E+02
  0.27871E+02  0.24152E+02  0.18309E+02  0.10178E+02  0.17572E+01 -0.41613E+01
 -0.61193E+01 -0.49529E+01 -0.24446E+01 -0.27088E-01  0.17794E+01  0.32105E+01
  0.47844E+01  0.64849E+01  0.68918E+01  0.40927E+01 -0.22197E+01 -0.98285E+01
 -0.15686E+02 -0.18620E+02 -0.19982E+02 -0.21579E+02 -0.23895E+02 -0.26200E+02
 -0.27816E+02 -0.28433E+02 -0.27547E+02 -0.24697E+02 -0.20401E+02 -0.16196E+02
 -0.13306E+02 -0.11443E+02 -0.94564E+01 -0.67237E+01 -0.37912E+01 -0.15448E+01
 -0.33347E+00  0.84427E-01  0.14623E+00  0.52000E+00  0.20271E+01  0.48754E+01
  0.79721E+01  0.96343E+01  0.91232E+01  0.72726E+01  0.53932E+01  0.39952E+01
  0.27302E+01  0.11772E+01 -0.68030E+00 -0.25406E+01 -0.38368E+01 -0.38544E+01
 -0.25908E+01 -0.14305E+01 -0.22818E+01 -0.57473E+01 -0.10278E+02 -0.13880E+02
 -0.15884E+02 -0.16865E+02 -0.17169E+02 -0.16577E+02 -0.15135E+02 -0.13647E+02
 -0.12727E+02 -0.11628E+02 -0.92943E+01 -0.61864E+01 -0.42296E+01 -0.47457E+01
 -0.65997E+01 -0.71998E+01 -0.50545E+01 -0.12230E+01  0.21732E+01  0.41219E+01
  0.52271E+01  0.64589E+01  0.80008E+01  0.92992E+01  0.99243E+01  0.97551E+01
  0.89112E+01  0.78647E+01  0.76223E+01  0.90125E+01  0.11888E+02  0.15038E+02
  0.17273E+02  0.18431E+02  0.19448E+02  0.21466E+02  0.24914E+02  0.29196E+02
  0.32945E+02  0.34995E+02  0.35111E+02  0.33972E+02  0.32178E+02  0.29851E+02
  0.26948E+02  0.23928E+02  0.21337E+02  0.19296E+02  0.17314E+02  0.14821E+02
  0.11201E+02  0.59185E+01 -0.10423E+01 -0.84067E+01 -0.14103E+02 -0.17194E+02
 -0.18929E+02 -0.21244E+02 -0.24575E+02 -0.27386E+02 -0.28245E+02 -0.27680E+02
 -0.27351E+02 -0.28091E+02 -0.29085E+02 -0.29206E+02 -0.28401E+02 -0.27172E+02
 -0.25345E+02 -0.22039E+02 -0.16890E+02 -0.10942E+02 -0.57367E+01 -0.20612E+01
  0.46812E+00  0.25498E+01  0.44498E+01  0.61412E+01  0.74310E+01  0.83524E+01
  0.89888E+01  0.96584E+01  0.10584E+02  0.11598E+02  0.12089E+02  0.11759E+02
  0.11216E+02  0.11637E+02  0.13662E+02  0.16841E+02  0.19911E+02  0.21908E+02
  0.22659E+02  0.22601E+02  0.22224E+02  0.21721E+02  0.20819E+02  0.18932E+02
  0.15803E+02  0.11704E+02  0.77283E+01  0.48437E+01  0.32639E+01  0.22995E+01
  0.12876E+01  0.25031E+00 -0.39740E+00 -0.74035E+00 -0.12884E+01 -0.21355E+01
 -0.27563E+01 -0.30271E+01 -0.38884E+01 -0.63640E+01 -0.10213E+02 -0.14175E+02
 -0.17456E+02 -0.20158E+02 -0.21979E+02 -0.21773E+02 -0.19018E+02 -0.15407E+02
 -0.13935E+02 -0.16044E+02 -0.20373E+02 -0.24134E+02 -0.25702E+02 -0.25329E+02
 -0.24167E+02 -0.23070E+02 -0.22115E+02 -0.20843E+02 -0.18745E+02 -0.15824E+02
 -0.12847E+02 -0.10742E+02 -0.97355E+01 -0.89788E+01 -0.72896E+01 -0.41914E+01
 -0.18585E+00  0.37880E+01  0.69115E+01  0.86547E+01  0.87401E+01  0.72706E+01
  0.47343E+01  0.18147E+01 -0.86749E+00 -0.27277E+01 -0.33056E+01 -0.28265E+01
 -0.19822E+01 -0.12985E+01 -0.32386E+00  0.17458E+01  0.46352E+01  0.68767E+01
  0.71906E+01  0.58980E+01  0.42533E+01  0.27299E+01  0.63052E+00 -0.25329E+01
 -0.62582E+01 -0.10019E+02 -0.14294E+02 -0.19725E+02 -0.25307E+02 -0.28729E+02
 -0.28404E+02 -0.24967E+02 -0.20423E+02 -0.16289E+02 -0.12916E+02 -0.10197E+02
 -0.81013E+01 -0.64721E+01 -0.47609E+01 -0.23879E+01  0.91642E+00  0.47525E+01
  0.85001E+01  0.11562E+02  0.13585E+02  0.14547E+02  0.14772E+02  0.14762E+02
  0.14957E+02  0.15507E+02  0.16397E+02  0.17672E+02  0.19402E+02  0.21675E+02
  0.24512E+02  0.28096E+02  0.32252E+02  0.36371E+02  0.39657E+02  0.41871E+02
  0.43481E+02  0.44698E+02  0.44915E+02  0.43666E+02  0.41562E+02  0.39952E+02
  0.39362E+02  0.38702E+02  0.36596E+02  0.32863E+02  0.28170E+02  0.22933E+02
  0.17046E+02  0.10969E+02  0.60437E+01  0.33267E+01  0.23369E+01  0.17781E+01
  0.99893E+00  0.53966E+00  0.11727E+01  0.26578E+01  0.39827E+01  0.44528E+01
  0.44559E+01  0.50716E+01  0.68146E+01  0.91560E+01  0.11094E+02  0.11919E+02
  0.11416E+02  0.93991E+01  0.57340E+01  0.75469E+00 -0.44354E+01 -0.86993E+01
 -0.11585E+02 -0.13574E+02 -0.15232E+02 -0.16877E+02 -0.18653E+02 -0.20771E+02
 -0.23342E+02 -0.26113E+02 -0.28609E+02 -0.30608E+02 -0.32063E+02 -0.32940E+02
 -0.33116E+02 -0.32462E+02 -0.31198E+02 -0.29823E+02 -0.28936E+02 -0.28953E+02
 -0.29495E+02 -0.29530E+02 -0.27928E+02 -0.24652E+02 -0.20874E+02 -0.18007E+02
 -0.16357E+02 -0.15140E+02 -0.13761E+02 -0.12676E+02 -0.12715E+02 -0.14142E+02
 -0.16517E+02 -0.19336E+02 -0.22248E+02 -0.24301E+02 -0.24139E+02 -0.21257E+02
 -0.17076E+02 -0.13733E+02 -0.11932E+02 -0.10261E+02 -0.71693E+01 -0.29875E+01
  0.41509E+00  0.17367E+01  0.13789E+01  0.60247E+00  0.18316E+00  0.15912E+00
  0.36913E+00  0.60389E+00  0.43418E+00 -0.39101E+00 -0.16843E+01 -0.29055E+01
 -0.37172E+01 -0.42575E+01 -0.46266E+01 -0.45221E+01 -0.34918E+01 -0.14196E+01
  0.14461E+01  0.46897E+01  0.79796E+01  0.10924E+02  0.12875E+02  0.13137E+02
  0.11083E+02  0.67882E+01  0.15633E+01 -0.24218E+01 -0.36569E+01 -0.25584E+01
 -0.75050E+00  0.72803E+00  0.21622E+01  0.39022E+01  0.51132E+01  0.45812E+01
  0.25462E+01  0.62714E+00 -0.10606E+00 -0.65048E-01 -0.17619E-02  0.65040E+00
  0.31958E+01  0.74338E+01  0.11492E+02  0.13635E+02  0.13888E+02  0.13502E+02
  0.13101E+02  0.12336E+02  0.10586E+02  0.79218E+01  0.47203E+01  0.14951E+01
 -0.11713E+01 -0.28385E+01 -0.34785E+01 -0.34293E+01 -0.29107E+01 -0.18736E+01
 -0.27436E+00  0.17777E+01  0.42448E+01  0.73574E+01  0.10974E+02  0.14214E+02
  0.16301E+02  0.17319E+02  0.18050E+02  0.18945E+02  0.19757E+02  0.20420E+02
  0.21280E+02  0.22339E+02  0.22842E+02  0.22196E+02  0.21075E+02  0.20680E+02
  0.21098E+02  0.21034E+02  0.19455E+02  0.16901E+02  0.14718E+02  0.13593E+02
  0.13081E+02  0.12362E+02  0.11164E+02  0.93637E+01  0.68715E+01  0.37525E+01
  0.64099E+00 -0.16737E+01 -0.28441E+01 -0.34887E+01 -0.45132E+01 -0.61110E+01
 -0.73859E+01 -0.73364E+01 -0.59149E+01 -0.41818E+01 -0.30851E+01 -0.27697E+01
 -0.26622E+01 -0.25138E+01 -0.23193E+01 -0.19551E+01 -0.90579E+00  0.97299E+00
  0.30611E+01  0.45396E+01  0.50601E+01  0.46521E+01  0.34182E+01  0.14029E+01
 -0.12544E+01 -0.41513E+01 -0.68974E+01 -0.91280E+01 -0.10545E+02 -0.10857E+02
 -0.10165E+02 -0.89073E+01 -0.76442E+01 -0.67149E+01 -0.63353E+01 -0.66583E+01
 -0.76481E+01 -0.89591E+01 -0.10346E+02 -0.11989E+02 -0.14427E+02 -0.17745E+02
 -0.21159E+02 -0.23665E+02 -0.25176E+02 -0.26312E+02 -0.27465E+02 -0.28066E+02
 -0.27532E+02 -0.26291E+02 -0.25428E+02 -0.25194E+02 -0.24767E+02 -0.23231E+02
 -0.20902E+02 -0.18624E+02 -0.16749E+02 -0.14813E+02 -0.12507E+02 -0.10067E+02
 -0.77875E+01 -0.56677E+01 -0.38472E+01 -0.27629E+01 -0.25792E+01 -0.24657E+01
 -0.12473E+01  0.14680E+01  0.49434E+01  0.81494E+01  0.10566E+02  0.12101E+02
  0.12795E+02  0.12552E+02  0.11459E+02  0.97595E+01  0.79090E+01  0.63824E+01
  0.55953E+01  0.56789E+01  0.64690E+01  0.76718E+01  0.90887E+01  0.10358E+02
  0.10640E+02  0.94946E+01  0.74617E+01  0.58654E+01  0.54961E+01  0.56954E+01
  0.54343E+01  0.46932E+01  0.45043E+01  0.55552E+01  0.71861E+01  0.83827E+01
  0.92221E+01  0.10510E+02  0.12293E+02  0.13327E+02  0.12530E+02  0.10598E+02
  0.94756E+01  0.10424E+02  0.12754E+02  0.15205E+02  0.17209E+02  0.18955E+02
  0.20381E+02  0.20940E+02  0.20360E+02  0.19171E+02  0.18021E+02  0.16929E+02
  0.15428E+02  0.13439E+02  0.11322E+02  0.93838E+01  0.74376E+01  0.52969E+01
  0.32384E+01  0.20003E+01  0.21490E+01  0.36782E+01  0.59608E+01  0.81090E+01
  0.95404E+01  0.10247E+02  0.10333E+02  0.95445E+01  0.74116E+01  0.39996E+01
  0.34535E+00 -0.25538E+01 -0.46977E+01 -0.67703E+01 -0.86483E+01 -0.93200E+01
 -0.83637E+01 -0.71007E+01 -0.70755E+01 -0.81331E+01 -0.85212E+01 -0.72008E+01
 -0.50908E+01 -0.36396E+01 -0.31028E+01 -0.26672E+01 -0.20598E+01 -0.17558E+01
 -0.18654E+01 -0.15351E+01  0.35339E-01  0.21920E+01  0.33609E+01  0.25442E+01
  0.22626E+00 -0.23511E+01 -0.43424E+01 -0.55487E+01 -0.60769E+01 -0.60903E+01
 -0.59510E+01 -0.62190E+01 -0.72666E+01 -0.90324E+01 -0.11361E+02 -0.14300E+02
 -0.17909E+02 -0.21476E+02 -0.23619E+02 -0.23549E+02 -0.22206E+02 -0.21429E+02
 -0.22023E+02 -0.23026E+02 -0.23173E+02 -0.22386E+02 -0.21658E+02 -0.21572E+02
 -0.21681E+02 -0.21273E+02 -0.19958E+02 -0.17600E+02 -0.14321E+02 -0.10727E+02
 -0.77050E+01 -0.54533E+01 -0.34920E+01 -0.14230E+01  0.32598E+00  0.13159E+01
  0.19693E+01  0.30317E+01  0.43534E+01  0.47694E+01  0.37413E+01  0.20570E+01
  0.81672E+00 -0.24030E-01 -0.14199E+01 -0.37052E+01 -0.58471E+01 -0.66063E+01
 -0.58775E+01 -0.47560E+01 -0.42115E+01 -0.40559E+01 -0.35087E+01 -0.22105E+01
 -0.79054E+00 -0.87462E-01 -0.83078E-01 -0.24531E-01  0.64475E+00  0.17356E+01
  0.27138E+01  0.33280E+01  0.38236E+01  0.45295E+01  0.55074E+01  0.65111E+01
  0.74217E+01  0.83255E+01  0.95205E+01  0.11170E+02  0.13173E+02  0.15240E+02
  0.16978E+02  0.17845E+02  0.17286E+02  0.15369E+02  0.12886E+02  0.10738E+02
  0.91833E+01  0.79698E+01  0.72197E+01  0.73257E+01  0.83056E+01  0.92647E+01
  0.93466E+01  0.88700E+01  0.88001E+01  0.95013E+01  0.10328E+02  0.10836E+02
  0.11445E+02  0.12851E+02  0.14930E+02  0.16601E+02  0.17113E+02  0.16888E+02
  0.16952E+02  0.17755E+02  0.18600E+02  0.18447E+02  0.17123E+02  0.15377E+02
  0.13914E+02  0.12638E+02  0.11166E+02  0.93932E+01  0.75887E+01  0.57898E+01
  0.36847E+01  0.13095E+01 -0.79904E+00 -0.22041E+01 -0.31049E+01 -0.38552E+01
 -0.44413E+01 -0.47235E+01 -0.50572E+01 -0.58952E+01 -0.72797E+01 -0.86097E+01
 -0.94406E+01 -0.96181E+01 -0.91896E+01 -0.80907E+01 -0.67458E+01 -0.56639E+01
 -0.51343E+01 -0.48550E+01 -0.45432E+01 -0.42582E+01 -0.39245E+01 -0.30236E+01
 -0.13265E+01  0.34718E+00  0.79195E+00 -0.74255E-01 -0.10875E+01 -0.14728E+01
 -0.20520E+01 -0.40107E+01 -0.70555E+01 -0.96031E+01 -0.10816E+02 -0.11459E+02
 -0.12495E+02 -0.13278E+02 -0.12406E+02 -0.95879E+01 -0.61443E+01 -0.36352E+01
 -0.22754E+01 -0.14743E+01 -0.92814E+00 -0.78580E+00 -0.10628E+01 -0.15583E+01
 -0.24010E+01 -0.40999E+01 -0.66218E+01 -0.90696E+01 -0.10577E+02 -0.11188E+02
 -0.11718E+02 -0.12607E+02 -0.13575E+02 -0.14170E+02 -0.14394E+02 -0.14322E+02
 -0.13819E+02 -0.12717E+02 -0.11025E+02 -0.90566E+01 -0.71223E+01 -0.54486E+01
 -0.41569E+01 -0.32657E+01 -0.24978E+01 -0.15447E+01 -0.71057E+00 -0.55210E+00
 -0.11780E+01 -0.19252E+01 -0.20915E+01 -0.18653E+01 -0.19157E+01 -0.23338E+01
 -0.23165E+01 -0.13371E+01  0.93348E-01  0.95107E+00  0.11646E+01  0.14687E+01
  0.22394E+01  0.26241E+01  0.17855E+01  0.37125E+00  0.36077E-01  0.15408E+01
  0.38559E+01  0.52277E+01  0.49823E+01  0.36459E+01  0.21256E+01  0.86481E+00
  0.87696E-01 -0.15343E+00  0.43148E-01  0.45893E+00  0.11363E+01  0.24770E+01
  0.44596E+01  0.64801E+01  0.77035E+01  0.79949E+01  0.78050E+01  0.74962E+01
  0.70021E+01  0.62024E+01  0.52209E+01  0.41982E+01  0.32182E+01  0.24512E+01
  0.24878E+01  0.37058E+01  0.56938E+01  0.74532E+01  0.84300E+01  0.88653E+01
  0.92466E+01  0.98530E+01  0.10700E+02  0.11968E+02  0.13674E+02  0.15254E+02
  0.15777E+02  0.15136E+02  0.14125E+02  0.13455E+02  0.12760E+02  0.11138E+02
  0.85199E+01  0.58760E+01  0.38078E+01  0.18038E+01 -0.84996E+00 -0.37045E+01
 -0.53868E+01 -0.53196E+01 -0.43409E+01 -0.36621E+01 -0.35525E+01 -0.35978E+01
 -0.34811E+01 -0.32216E+01 -0.27542E+01 -0.18300E+01 -0.51266E+00  0.75730E+00
  0.17501E+01  0.26163E+01  0.34947E+01  0.39337E+01  0.34152E+01  0.21031E+01
  0.60068E+00 -0.79274E+00 -0.22475E+01 -0.38641E+01 -0.54741E+01 -0.67707E+01
 -0.78933E+01 -0.89904E+01 -0.99102E+01 -0.10349E+02 -0.10197E+02 -0.97772E+01
 -0.96095E+01 -0.99434E+01 -0.10722E+02 -0.11508E+02 -0.11460E+02 -0.10067E+02
 -0.76217E+01 -0.52644E+01 -0.38778E+01 -0.32982E+01 -0.25410E+01 -0.10423E+01
  0.65267E+00  0.18194E+01  0.23844E+01  0.28532E+01  0.34337E+01  0.37286E+01
  0.33376E+01  0.27606E+01  0.28334E+01  0.37222E+01  0.47270E+01  0.50431E+01
  0.46082E+01  0.39287E+01  0.33941E+01  0.30208E+01  0.25880E+01  0.20103E+01
  0.13923E+01  0.84995E+00  0.48791E+00  0.89812E-01 -0.67104E+00 -0.18158E+01
 -0.28100E+01 -0.31519E+01 -0.28635E+01 -0.24104E+01 -0.21541E+01 -0.19183E+01
 -0.15157E+01 -0.11548E+01 -0.10788E+01 -0.10788E+01 -0.89958E+00 -0.68257E+00
 -0.10371E+01 -0.21640E+01 -0.34495E+01 -0.41116E+01 -0.40716E+01 -0.38056E+01
 -0.34920E+01 -0.27967E+01 -0.15221E+01 -0.43105E+00 -0.42929E+00 -0.15122E+01
 -0.24747E+01 -0.21215E+01 -0.53161E+00  0.13241E+01  0.27713E+01  0.39889E+01
  0.51654E+01  0.56595E+01  0.46084E+01  0.22288E+01 -0.11555E+00 -0.13188E+01
 -0.15720E+01 -0.19756E+01 -0.29505E+01 -0.39558E+01 -0.43959E+01 -0.42149E+01
 -0.37560E+01 -0.32219E+01 -0.25616E+01 -0.18853E+01 -0.14516E+01 -0.11759E+01
 -0.90037E+00 -0.45849E+00 -0.11533E-01  0.15485E+00 -0.53747E-01 -0.59044E+00
 -0.11998E+01 -0.14162E+01 -0.10427E+01 -0.28242E+00  0.42362E+00  0.85616E+00
  0.11604E+01  0.14395E+01  0.16026E+01  0.16471E+01  0.19039E+01  0.24583E+01
  0.27672E+01  0.22481E+01  0.13110E+01  0.11688E+01  0.23296E+01  0.36785E+01
  0.37786E+01  0.24790E+01  0.10907E+01  0.63512E+00  0.89972E+00  0.10931E+01
  0.10126E+01  0.10319E+01  0.99249E+00  0.17734E+00 -0.15860E+01 -0.32878E+01
 -0.39604E+01 -0.38382E+01 -0.41038E+01 -0.53355E+01 -0.69691E+01 -0.81166E+01
 -0.88212E+01 -0.98262E+01 -0.11370E+02 -0.12838E+02 -0.13549E+02 -0.13588E+02
 -0.13569E+02 -0.13803E+02 -0.14010E+02 -0.13797E+02 -0.13323E+02 -0.13102E+02
 -0.13470E+02 -0.14107E+02 -0.14332E+02 -0.13800E+02 -0.12842E+02 -0.11818E+02
 -0.10739E+02 -0.92919E+01 -0.74612E+01 -0.57604E+01 -0.44777E+01 -0.32487E+01
 -0.15100E+01  0.64022E+00  0.25770E+01  0.39295E+01  0.52169E+01  0.73863E+01
  0.10462E+02  0.13432E+02  0.15069E+02  0.15180E+02  0.14820E+02  0.15211E+02
  0.16540E+02  0.18055E+02  0.19211E+02  0.20151E+02  0.20992E+02  0.21233E+02
  0.20196E+02  0.18254E+02  0.16918E+02  0.17121E+02  0.18166E+02  0.18547E+02
  0.17876E+02  0.17087E+02  0.17095E+02  0.17600E+02  0.17801E+02  0.17572E+02
  0.17490E+02  0.17750E+02  0.17956E+02  0.17789E+02  0.17269E+02  0.16517E+02
  0.15348E+02  0.13611E+02  0.11504E+02  0.92536E+01  0.69533E+01  0.47041E+01
  0.29914E+01  0.22606E+01  0.22736E+01  0.22741E+01  0.18532E+01  0.10748E+01
  0.47758E-01 -0.13467E+01 -0.31494E+01 -0.50520E+01 -0.66999E+01 -0.80656E+01
 -0.90655E+01 -0.93026E+01 -0.85379E+01 -0.73544E+01 -0.66478E+01 -0.69054E+01
 -0.75400E+01 -0.78543E+01 -0.77855E+01 -0.77282E+01 -0.78860E+01 -0.80822E+01
 -0.80890E+01 -0.80651E+01 -0.83730E+01 -0.88080E+01 -0.86619E+01 -0.74394E+01
 -0.55297E+01 -0.39979E+01 -0.36364E+01 -0.42075E+01 -0.48667E+01 -0.51386E+01
 -0.51538E+01 -0.51711E+01 -0.52621E+01 -0.54724E+01 -0.58990E+01 -0.64875E+01
 -0.69034E+01 -0.69423E+01 -0.68198E+01 -0.67972E+01 -0.68268E+01 -0.66331E+01
 -0.61827E+01 -0.56043E+01 -0.50955E+01 -0.46659E+01 -0.41743E+01 -0.35199E+01
 -0.27420E+01 -0.20417E+01 -0.18178E+01 -0.21307E+01 -0.27128E+01 -0.32995E+01
 -0.40827E+01 -0.53390E+01 -0.66240E+01 -0.70824E+01 -0.67002E+01 -0.65413E+01
 -0.75858E+01 -0.94313E+01 -0.10855E+02 -0.11209E+02 -0.11064E+02 -0.10940E+02
 -0.10509E+02 -0.93400E+01 -0.78416E+01 -0.71540E+01 -0.75712E+01 -0.80219E+01
 -0.71520E+01 -0.49030E+01 -0.25448E+01 -0.11938E+01 -0.79888E+00 -0.51632E+00
  0.87475E-01  0.59489E+00  0.64623E+00  0.29084E+00  0.23834E-01  0.14963E+00
  0.65054E+00  0.14904E+01  0.27798E+01  0.44572E+01  0.61016E+01  0.72278E+01
  0.76276E+01  0.73496E+01  0.67805E+01  0.61368E+01  0.55057E+01  0.47117E+01
  0.37072E+01  0.27960E+01  0.24059E+01  0.26485E+01  0.32051E+01  0.38994E+01
  0.49182E+01  0.63866E+01  0.77966E+01  0.84289E+01  0.83364E+01  0.82246E+01
  0.84470E+01  0.83213E+01  0.72693E+01  0.56995E+01  0.46060E+01  0.44519E+01
  0.45683E+01  0.43252E+01  0.39208E+01  0.38600E+01  0.39698E+01  0.35465E+01
  0.24136E+01  0.13236E+01  0.12424E+01  0.22769E+01  0.36140E+01  0.43225E+01
  0.42602E+01  0.40408E+01  0.42079E+01  0.48690E+01  0.55349E+01  0.58683E+01
  0.58408E+01  0.56880E+01  0.54909E+01  0.51419E+01  0.46711E+01  0.42491E+01
  0.40364E+01  0.38346E+01  0.33858E+01  0.26076E+01  0.16810E+01  0.86649E+00
  0.35907E+00  0.78061E-01 -0.23621E-01 -0.59046E-01 -0.13895E+00 -0.45305E+00
 -0.10267E+01 -0.16479E+01 -0.20748E+01 -0.22495E+01 -0.25874E+01 -0.33907E+01
 -0.43918E+01 -0.47248E+01 -0.39972E+01 -0.28453E+01 -0.25037E+01 -0.32864E+01
 -0.42371E+01 -0.43452E+01 -0.36904E+01 -0.31859E+01 -0.31105E+01 -0.28862E+01
 -0.22156E+01 -0.17458E+01 -0.22214E+01 -0.32606E+01 -0.36189E+01 -0.28942E+01
 -0.19499E+01 -0.18807E+01 -0.26601E+01 -0.35109E+01 -0.39008E+01 -0.40043E+01
 -0.39857E+01 -0.36712E+01 -0.30464E+01 -0.24262E+01 -0.21196E+01 -0.18841E+01
 -0.14874E+01 -0.10303E+01 -0.94523E+00 -0.12877E+01 -0.16174E+01 -0.16464E+01
 -0.13936E+01 -0.10345E+01 -0.57113E+00 -0.13152E+00  0.21639E-01 -0.21157E+00
 -0.41458E+00 -0.11441E+00  0.61504E+00  0.13082E+01  0.17891E+01  0.22002E+01
  0.26289E+01  0.28960E+01  0.31282E+01  0.38706E+01  0.54074E+01  0.67544E+01
  0.66290E+01  0.49535E+01  0.31799E+01  0.25604E+01  0.26773E+01  0.22098E+01
  0.79409E+00 -0.61065E+00 -0.12301E+01 -0.18529E+01 -0.34015E+01 -0.54524E+01
 -0.65578E+01 -0.60321E+01 -0.47672E+01 -0.40098E+01 -0.40145E+01 -0.41970E+01
 -0.43001E+01 -0.47138E+01 -0.56655E+01 -0.67109E+01 -0.72273E+01 -0.70676E+01
 -0.63982E+01 -0.53773E+01 -0.41379E+01 -0.28479E+01 -0.16622E+01 -0.44173E+00
  0.86408E+00  0.21162E+01  0.31863E+01  0.42657E+01  0.57141E+01  0.75838E+01
  0.93484E+01  0.10630E+02  0.11389E+02  0.11842E+02  0.12092E+02  0.11900E+02
  0.11113E+02  0.96230E+01  0.74839E+01  0.48771E+01  0.24184E+01  0.82710E+00
  0.26629E+00  0.10168E+00 -0.61738E+00 -0.21041E+01 -0.37208E+01 -0.47310E+01
 -0.52188E+01 -0.57257E+01 -0.63510E+01 -0.65697E+01 -0.60410E+01 -0.53858E+01
 -0.53271E+01 -0.56614E+01 -0.53845E+01 -0.40895E+01 -0.25950E+01 -0.18810E+01
 -0.19889E+01 -0.21154E+01 -0.16928E+01 -0.83629E+00  0.21638E+00  0.12914E+01
  0.22777E+01  0.29030E+01  0.30659E+01  0.30817E+01  0.31420E+01  0.29488E+01
  0.20826E+01  0.58004E+00 -0.82095E+00 -0.14052E+01		0	0
