 -0.17299E+01  0.32354E+01  0.37738E+01  0.11411E+01 -0.35645E+00  0.12428E+01
  0.25079E+01  0.67784E+00 -0.16383E+01 -0.18033E+01 -0.37144E+01 -0.12734E+02
 -0.23852E+02 -0.22827E+02 -0.38882E+01  0.19111E+02  0.27211E+02  0.20696E+02
  0.18082E+02  0.27886E+02  0.32859E+02  0.14044E+02 -0.16893E+02 -0.26152E+02
 -0.12681E+01  0.29959E+02  0.33247E+02  0.84513E+01 -0.16212E+02 -0.21725E+02
 -0.13318E+02 -0.26460E+01  0.58647E+01  0.83831E+01  0.10394E+00 -0.12179E+02
 -0.10519E+02  0.10685E+02  0.34155E+02  0.42939E+02  0.41733E+02  0.42066E+02
  0.40509E+02  0.29878E+02  0.20599E+02  0.26532E+02  0.35202E+02  0.20261E+02
 -0.15015E+02 -0.35439E+02 -0.23105E+02 -0.16214E+01  0.21496E+01 -0.61214E+01
 -0.10352E+02 -0.15007E+02 -0.25376E+02 -0.18583E+02  0.25392E+02  0.74077E+02
  0.69804E+02  0.12753E+02 -0.27154E+02 -0.68661E+00  0.55175E+02  0.71869E+02
  0.41010E+02  0.12417E+02  0.15475E+02  0.26354E+02  0.14667E+02 -0.15298E+02
 -0.42886E+02 -0.60236E+02 -0.64374E+02 -0.43984E+02  0.20139E+01  0.47289E+02
  0.62997E+02  0.52950E+02  0.42998E+02  0.41369E+02  0.33037E+02  0.11613E+02
 -0.89287E+01 -0.20478E+02 -0.33455E+02 -0.51149E+02 -0.53112E+02 -0.25624E+02
  0.61551E+01  0.22005E+01 -0.41021E+02 -0.85775E+02 -0.10034E+03 -0.89553E+02
 -0.72755E+02 -0.52960E+02 -0.21885E+02  0.15983E+02  0.40644E+02  0.35904E+02
  0.36934E+01 -0.35990E+02 -0.53835E+02 -0.28518E+02  0.30378E+02  0.79518E+02
  0.76387E+02  0.22509E+02 -0.34589E+02 -0.46991E+02 -0.10361E+02  0.37196E+02
  0.53607E+02  0.28334E+02 -0.12390E+02 -0.32446E+02 -0.21611E+02 -0.71708E+01
 -0.23850E+02 -0.71162E+02 -0.10980E+03 -0.10583E+03 -0.69639E+02 -0.40150E+02
 -0.37279E+02 -0.44527E+02 -0.39000E+02 -0.21456E+02 -0.81123E+01 -0.39857E+01
  0.79839E+00  0.11177E+02  0.16914E+02  0.72563E+01 -0.13354E+02 -0.30108E+02
 -0.33646E+02 -0.24646E+02 -0.60380E+01  0.19907E+02  0.44587E+02  0.52950E+02
  0.39613E+02  0.21321E+02  0.21906E+02  0.42131E+02  0.55376E+02  0.40954E+02
  0.14379E+02  0.10149E+02  0.34691E+02  0.52759E+02  0.31089E+02 -0.14793E+02
 -0.33870E+02  0.71015E+00  0.60510E+02  0.96732E+02  0.94141E+02  0.76870E+02
  0.67792E+02  0.60088E+02  0.35493E+02 -0.32704E+01 -0.32756E+02 -0.38739E+02
 -0.31520E+02 -0.26022E+02 -0.16246E+02  0.15828E+02  0.65798E+02  0.95825E+02
  0.70511E+02 -0.15343E+00 -0.67498E+02 -0.95341E+02 -0.91293E+02 -0.81471E+02
 -0.70817E+02 -0.46711E+02 -0.12852E+02  0.63661E+01  0.14383E+01 -0.42751E+01
  0.12900E+02  0.41139E+02  0.48687E+02  0.27820E+02  0.23773E+01 -0.75872E+01
 -0.81939E+01 -0.12135E+02 -0.14615E+02 -0.24678E+01  0.23015E+02  0.45927E+02
  0.55661E+02  0.54601E+02  0.47414E+02  0.34599E+02  0.20151E+02  0.15548E+02
  0.27841E+02  0.46713E+02  0.51070E+02  0.29592E+02 -0.73985E+01 -0.36006E+02
 -0.38113E+02 -0.16136E+02  0.61399E+01  0.47384E-01 -0.43269E+02 -0.99799E+02
 -0.12882E+03 -0.10805E+03 -0.55192E+02 -0.13845E+02 -0.16452E+02 -0.58157E+02
 -0.10134E+03 -0.10473E+03 -0.54879E+02  0.22004E+02  0.79062E+02  0.86341E+02
  0.53660E+02  0.15390E+02 -0.54670E+01 -0.13040E+02 -0.20035E+02 -0.25789E+02
 -0.21474E+02 -0.10943E+02 -0.12135E+02 -0.34382E+02 -0.62879E+02 -0.72521E+02
 -0.54769E+02 -0.26727E+02 -0.13856E+02 -0.25265E+02 -0.45612E+02 -0.50531E+02
 -0.31784E+02 -0.57994E+01  0.52460E+01 -0.46385E+00 -0.38933E+01  0.76397E+01
  0.21926E+02  0.19504E+02  0.42178E+01  0.29633E+01  0.29976E+02  0.61749E+02
  0.57226E+02  0.65051E+00 -0.83518E+02 -0.15725E+03 -0.19962E+03 -0.20750E+03
 -0.17966E+03 -0.11714E+03 -0.39153E+02  0.19375E+02  0.38325E+02  0.33510E+02
  0.34754E+02  0.47426E+02  0.50049E+02  0.31598E+02  0.13779E+02  0.22666E+02
  0.47383E+02  0.44477E+02 -0.12622E+02 -0.10016E+03 -0.16679E+03 -0.18501E+03
 -0.17276E+03 -0.16681E+03 -0.18400E+03 -0.20999E+03 -0.21873E+03 -0.19447E+03
 -0.13708E+03 -0.57587E+02  0.25533E+02  0.91231E+02  0.12848E+03  0.14558E+03
  0.16116E+03  0.18381E+03  0.20645E+03  0.22129E+03  0.23106E+03  0.23600E+03
  0.21770E+03  0.15049E+03  0.32772E+02 -0.10291E+03 -0.21691E+03 -0.29142E+03
 -0.32681E+03 -0.31833E+03 -0.25200E+03 -0.12590E+03  0.32796E+02  0.17602E+03
  0.25851E+03  0.25838E+03  0.18842E+03  0.91413E+02  0.13174E+02 -0.28581E+02
 -0.45573E+02 -0.48606E+02 -0.30837E+02  0.95038E+01  0.46210E+02  0.50014E+02
  0.30031E+02  0.23144E+02  0.38688E+02  0.44647E+02  0.24353E+02  0.17204E+02
  0.70915E+02  0.16867E+03  0.24168E+03  0.25361E+03  0.23526E+03  0.22459E+03
  0.20767E+03  0.14563E+03  0.39542E+02 -0.64721E+02 -0.13081E+03 -0.16363E+03
 -0.18389E+03 -0.19238E+03 -0.16967E+03 -0.99914E+02  0.11045E+02  0.13459E+03
  0.23411E+03  0.28873E+03  0.30469E+03  0.29862E+03  0.27637E+03  0.24127E+03
  0.21705E+03  0.23445E+03  0.28459E+03  0.30763E+03  0.24845E+03  0.11432E+03
 -0.37944E+02 -0.16073E+03 -0.24058E+03 -0.27466E+03 -0.25670E+03 -0.19702E+03
 -0.13266E+03 -0.96428E+02 -0.84839E+02 -0.71878E+02 -0.47511E+02 -0.26170E+02
 -0.20032E+02 -0.20860E+02 -0.13159E+02  0.86832E+01  0.41894E+02  0.82720E+02
  0.12171E+03  0.14014E+03  0.12480E+03  0.86846E+02  0.55704E+02  0.51921E+02
  0.72921E+02  0.10534E+03  0.13932E+03  0.16449E+03  0.16285E+03  0.12005E+03
  0.45227E+02 -0.29479E+02 -0.72079E+02 -0.71938E+02 -0.42269E+02 -0.10196E+02
 -0.29727E+01 -0.32371E+02 -0.85308E+02 -0.13388E+03 -0.15951E+03 -0.16564E+03
 -0.16691E+03 -0.17366E+03 -0.19019E+03 -0.21771E+03 -0.24794E+03 -0.25914E+03
 -0.23318E+03 -0.17895E+03 -0.12716E+03 -0.96046E+02 -0.71153E+02 -0.26089E+02
  0.43081E+02  0.11258E+03  0.15510E+03  0.15970E+03  0.12983E+03  0.75052E+02
  0.90757E+01 -0.52168E+02 -0.99671E+02 -0.13688E+03 -0.17108E+03 -0.20190E+03
 -0.22262E+03 -0.23101E+03 -0.23056E+03 -0.21920E+03 -0.18363E+03 -0.11218E+03
 -0.12877E+02  0.86641E+02  0.16046E+03  0.20360E+03  0.22811E+03  0.24248E+03
  0.24100E+03  0.21543E+03  0.17199E+03  0.12859E+03  0.94250E+02  0.58261E+02
  0.53889E+01 -0.62930E+02 -0.13004E+03 -0.18510E+03 -0.23184E+03 -0.27313E+03
 -0.29549E+03 -0.27995E+03 -0.22582E+03 -0.15430E+03 -0.86489E+02 -0.26083E+02
  0.33054E+02  0.89679E+02  0.13376E+03  0.15935E+03  0.17106E+03  0.17640E+03
  0.17713E+03  0.16899E+03  0.14618E+03  0.10411E+03  0.43261E+02 -0.25696E+02
 -0.83935E+02 -0.11724E+03 -0.12729E+03 -0.12707E+03 -0.12453E+03 -0.11495E+03
 -0.91141E+02 -0.57659E+02 -0.31018E+02 -0.25599E+02 -0.41723E+02 -0.67229E+02
 -0.88364E+02 -0.96947E+02 -0.89392E+02 -0.63362E+02 -0.19701E+02  0.32219E+02
  0.75282E+02  0.95057E+02  0.90465E+02  0.73632E+02  0.58562E+02  0.51468E+02
  0.52124E+02  0.60555E+02  0.78657E+02  0.10515E+03  0.13320E+03  0.15616E+03
  0.17382E+03  0.19022E+03  0.20539E+03  0.21247E+03  0.20385E+03  0.17816E+03
  0.14017E+03  0.95769E+02  0.49847E+02  0.84634E+01 -0.20922E+02 -0.33213E+02
 -0.29835E+02 -0.18426E+02 -0.88939E+01 -0.83714E+01 -0.17132E+02 -0.28166E+02
 -0.32553E+02 -0.27601E+02 -0.18458E+02 -0.10823E+02 -0.32322E+01  0.94278E+01
  0.26202E+02  0.38150E+02  0.39228E+02  0.34601E+02  0.34268E+02  0.39358E+02
  0.39585E+02  0.25300E+02 -0.24098E+01 -0.35291E+02 -0.67742E+02 -0.98865E+02
 -0.12650E+03 -0.14420E+03 -0.14550E+03 -0.12909E+03 -0.99086E+02 -0.62693E+02
 -0.29013E+02 -0.76057E+01 -0.46854E+01 -0.20418E+02 -0.50246E+02 -0.87482E+02
 -0.12321E+03 -0.14555E+03 -0.14403E+03 -0.11710E+03 -0.73602E+02 -0.25896E+02
  0.17724E+02  0.53277E+02  0.77352E+02  0.86982E+02  0.82858E+02  0.70317E+02
  0.55921E+02  0.44319E+02  0.37586E+02  0.35020E+02  0.33002E+02  0.27527E+02
  0.18211E+02  0.83954E+01 -0.24258E+00 -0.10786E+02 -0.27002E+02 -0.48003E+02
 -0.68914E+02 -0.84989E+02 -0.92077E+02 -0.85358E+02 -0.62830E+02 -0.30348E+02
  0.19658E+01  0.30237E+02  0.59638E+02  0.93748E+02  0.12548E+03  0.14255E+03
  0.13982E+03  0.12244E+03  0.99332E+02  0.78945E+02  0.69163E+02  0.74064E+02
  0.87549E+02  0.95443E+02  0.87121E+02  0.63998E+02  0.35963E+02  0.12862E+02
  0.30619E+00 -0.14559E+01  0.14290E+01 -0.42004E+00 -0.11378E+02 -0.26978E+02
 -0.41337E+02 -0.55161E+02 -0.72190E+02 -0.90818E+02 -0.10522E+03 -0.11408E+03
 -0.12154E+03 -0.12804E+03 -0.12739E+03 -0.11595E+03 -0.98561E+02 -0.81071E+02
 -0.61345E+02 -0.34218E+02 -0.24628E+01  0.23618E+02  0.36960E+02  0.38684E+02
  0.33540E+02  0.26327E+02  0.23710E+02  0.31776E+02  0.47538E+02  0.57708E+02
  0.50979E+02  0.28879E+02  0.49236E+00 -0.29586E+02 -0.62078E+02 -0.93482E+02
 -0.11430E+03 -0.11883E+03 -0.11133E+03 -0.98607E+02 -0.80888E+02 -0.54243E+02
 -0.19289E+02  0.17405E+02  0.49269E+02  0.73148E+02  0.86684E+02  0.87464E+02
  0.77100E+02  0.63391E+02  0.55028E+02  0.54464E+02  0.56672E+02  0.55289E+02
  0.48331E+02  0.38580E+02  0.28983E+02  0.18705E+02  0.43996E+01 -0.14354E+02
 -0.32021E+02 -0.41333E+02 -0.39861E+02 -0.31412E+02 -0.21233E+02 -0.12644E+02
 -0.73829E+01 -0.53420E+01 -0.19509E+01  0.11044E+02  0.37900E+02  0.72267E+02
  0.10108E+03  0.11532E+03  0.11525E+03  0.10667E+03  0.94991E+02  0.83886E+02
  0.75923E+02  0.72273E+02  0.72268E+02  0.74529E+02  0.77985E+02  0.80912E+02
  0.80704E+02  0.75457E+02  0.64943E+02  0.49492E+02  0.29828E+02  0.93427E+01
 -0.57834E+01 -0.11860E+02 -0.12787E+02 -0.17040E+02 -0.29133E+02 -0.45750E+02
 -0.60665E+02 -0.70402E+02 -0.74111E+02 -0.71023E+02 -0.61412E+02 -0.49737E+02
 -0.43138E+02 -0.45296E+02 -0.52986E+02 -0.59857E+02 -0.62295E+02 -0.60283E+02
 -0.53404E+02 -0.38623E+02 -0.13066E+02  0.21296E+02  0.56968E+02  0.84635E+02
  0.98105E+02  0.95967E+02  0.80713E+02  0.56777E+02  0.29820E+02  0.56503E+01
 -0.12114E+02 -0.24076E+02 -0.34082E+02 -0.44995E+02 -0.55180E+02 -0.60062E+02
 -0.57234E+02 -0.49380E+02 -0.41784E+02 -0.37814E+02 -0.37220E+02 -0.37733E+02
 -0.37379E+02 -0.36195E+02 -0.36369E+02 -0.41160E+02 -0.52412E+02 -0.69258E+02
 -0.89243E+02 -0.11005E+03 -0.12922E+03 -0.14389E+03 -0.15213E+03 -0.15503E+03
 -0.15537E+03 -0.15410E+03 -0.14962E+03 -0.14045E+03 -0.12709E+03 -0.11005E+03
 -0.88381E+02 -0.61707E+02 -0.32788E+02 -0.61568E+01  0.15890E+02  0.34338E+02
  0.51352E+02  0.68135E+02  0.84998E+02  0.10066E+03  0.11092E+03  0.10978E+03
  0.94403E+02  0.69117E+02  0.44259E+02  0.29726E+02  0.29472E+02  0.40717E+02
  0.57382E+02  0.74285E+02  0.88616E+02  0.98616E+02  0.10250E+03  0.99409E+02
  0.91119E+02  0.81649E+02  0.74390E+02  0.70426E+02  0.69362E+02  0.70634E+02
  0.73863E+02  0.78309E+02  0.82864E+02  0.86298E+02  0.87263E+02  0.84890E+02
  0.79376E+02  0.71581E+02  0.61019E+02  0.45891E+02  0.25754E+02  0.46176E+01
 -0.10907E+02 -0.16954E+02 -0.15752E+02 -0.13252E+02 -0.13792E+02 -0.17845E+02
 -0.23500E+02 -0.28829E+02 -0.32623E+02 -0.34398E+02 -0.34744E+02 -0.35162E+02
 -0.36245E+02 -0.36310E+02 -0.33169E+02 -0.27567E+02 -0.23883E+02 -0.25295E+02
 -0.29334E+02 -0.29815E+02 -0.23301E+02 -0.12399E+02 -0.20598E+01  0.53026E+01
  0.97890E+01  0.11310E+02  0.92623E+01  0.46114E+01 -0.30687E+00 -0.46931E+01
 -0.10543E+02 -0.19222E+02 -0.28512E+02 -0.34305E+02 -0.35409E+02 -0.35078E+02
 -0.37605E+02 -0.44059E+02 -0.51782E+02 -0.57061E+02 -0.57990E+02 -0.55400E+02
 -0.51882E+02 -0.50393E+02 -0.52249E+02 -0.56042E+02 -0.58738E+02 -0.58373E+02
 -0.56327E+02 -0.56093E+02 -0.59969E+02 -0.66414E+02 -0.71370E+02 -0.71733E+02
 -0.67483E+02 -0.60389E+02 -0.51671E+02 -0.41276E+02 -0.29474E+02 -0.17908E+02
 -0.85928E+01 -0.20026E+01  0.36345E+01  0.10493E+02  0.19407E+02  0.29601E+02
  0.40189E+02  0.50695E+02  0.60760E+02  0.69108E+02  0.73545E+02  0.71638E+02
  0.61469E+02  0.42824E+02  0.18635E+02 -0.44574E+01 -0.18259E+02 -0.18077E+02
 -0.66099E+01  0.73837E+01  0.15501E+02  0.16203E+02  0.14822E+02  0.17094E+02
  0.23420E+02  0.30128E+02  0.35389E+02  0.41920E+02  0.53018E+02  0.67508E+02
  0.80640E+02  0.88919E+02  0.93105E+02  0.95860E+02  0.98383E+02  0.99243E+02
  0.95674E+02  0.85451E+02  0.69346E+02  0.52296E+02  0.41094E+02  0.39052E+02
  0.42806E+02  0.45019E+02  0.40326E+02  0.29135E+02  0.16309E+02  0.76707E+01
  0.67330E+01  0.12564E+02  0.20446E+02  0.25578E+02  0.26485E+02  0.24744E+02
  0.21467E+02  0.15822E+02  0.72338E+01 -0.26816E+01 -0.11463E+02 -0.18404E+02
 -0.23933E+02 -0.27136E+02 -0.25894E+02 -0.20735E+02 -0.16232E+02 -0.17289E+02
 -0.24250E+02 -0.33302E+02 -0.41164E+02 -0.47954E+02 -0.54832E+02 -0.60822E+02
 -0.63628E+02 -0.62536E+02 -0.59174E+02 -0.54739E+02 -0.48519E+02 -0.40021E+02
 -0.31272E+02 -0.25459E+02 -0.23521E+02 -0.23320E+02 -0.22227E+02 -0.19151E+02
 -0.13834E+02 -0.56759E+01  0.50333E+01  0.15735E+02  0.22819E+02  0.24570E+02
  0.22212E+02  0.17967E+02  0.13321E+02  0.91148E+01  0.58430E+01  0.27359E+01
 -0.24612E+01 -0.11551E+02 -0.23892E+02 -0.36414E+02 -0.46012E+02 -0.50909E+02
 -0.50704E+02 -0.46132E+02 -0.38936E+02 -0.30976E+02 -0.22972E+02 -0.14775E+02
 -0.70711E+01 -0.16501E+01  0.50891E+00  0.13405E+01  0.41783E+01  0.10217E+02
  0.17073E+02  0.20773E+02  0.19650E+02  0.15633E+02  0.12598E+02  0.13007E+02
  0.15940E+02  0.18022E+02  0.16618E+02  0.12270E+02  0.78920E+01  0.54412E+01
  0.40892E+01  0.17246E+01 -0.23433E+01 -0.70435E+01 -0.11174E+02 -0.14695E+02
 -0.18026E+02 -0.21042E+02 -0.23329E+02 -0.24746E+02 -0.25346E+02 -0.24654E+02
 -0.22166E+02 -0.18529E+02 -0.15822E+02 -0.15820E+02 -0.18657E+02 -0.23024E+02
 -0.27427E+02 -0.30970E+02 -0.33052E+02 -0.33615E+02 -0.33601E+02 -0.34161E+02
 -0.34627E+02 -0.31768E+02 -0.22487E+02 -0.73914E+01  0.84803E+01  0.19559E+02
  0.23968E+02  0.24228E+02  0.23935E+02  0.24747E+02  0.25977E+02  0.26062E+02
  0.24063E+02  0.19773E+02  0.13714E+02  0.75901E+01  0.42483E+01  0.60337E+01
  0.12825E+02  0.21700E+02  0.29117E+02  0.33087E+02  0.33569E+02  0.31229E+02
  0.27095E+02  0.22893E+02  0.20781E+02  0.21611E+02  0.23956E+02  0.25089E+02
  0.23666E+02  0.20555E+02  0.17778E+02  0.16543E+02  0.16471E+02  0.16292E+02
  0.14928E+02  0.11968E+02  0.77793E+01  0.29150E+01 -0.19718E+01 -0.61904E+01
 -0.92393E+01 -0.11028E+02 -0.11661E+02 -0.11031E+02 -0.89169E+01 -0.55040E+01
 -0.16231E+01  0.18654E+01  0.47936E+01  0.74777E+01  0.95972E+01  0.10232E+02
  0.90425E+01  0.71402E+01  0.64521E+01  0.78600E+01  0.10184E+02  0.11121E+02
  0.97524E+01  0.76396E+01  0.79582E+01  0.12588E+02  0.20492E+02  0.28338E+02
  0.32776E+02  0.32057E+02  0.26514E+02  0.18375E+02  0.10904E+02  0.69228E+01
  0.73193E+01  0.11136E+02  0.16855E+02  0.23335E+02  0.29157E+02  0.32399E+02
  0.32300E+02  0.30771E+02  0.31065E+02  0.34651E+02  0.39650E+02  0.42665E+02
  0.41890E+02  0.37874E+02  0.32065E+02  0.25657E+02  0.19277E+02  0.13557E+02
  0.90687E+01  0.63866E+01  0.55734E+01  0.56682E+01  0.45531E+01  0.21144E+00
 -0.77760E+01 -0.17789E+02 -0.27594E+02 -0.35574E+02 -0.41083E+02 -0.43801E+02
 -0.43866E+02 -0.41992E+02 -0.39155E+02 -0.35975E+02 -0.33051E+02 -0.31458E+02
 -0.32310E+02 -0.35532E+02 -0.39526E+02 -0.42625E+02 -0.44351E+02 -0.45109E+02
 -0.45050E+02 -0.44114E+02 -0.42803E+02 -0.42371E+02 -0.43895E+02 -0.47431E+02
 -0.52016E+02 -0.56272E+02 -0.59138E+02 -0.60013E+02 -0.58935E+02 -0.56273E+02
 -0.52384E+02 -0.47405E+02 -0.41655E+02 -0.35839E+02 -0.30823E+02 -0.27051E+02
 -0.24170E+02 -0.21200E+02 -0.17499E+02 -0.13322E+02 -0.99233E+01 -0.82239E+01
 -0.75295E+01 -0.58364E+01 -0.16228E+01  0.45969E+01  0.10726E+02  0.15116E+02
  0.17877E+02  0.20665E+02  0.24898E+02  0.30635E+02  0.36597E+02  0.41108E+02
  0.43393E+02  0.43816E+02  0.43282E+02  0.42431E+02  0.41198E+02  0.38870E+02
  0.34428E+02  0.27200E+02  0.17657E+02  0.75426E+01 -0.87148E+00 -0.61176E+01
 -0.78869E+01 -0.67052E+01 -0.37755E+01 -0.10246E+01 -0.49428E+00 -0.29083E+01
 -0.67904E+01 -0.92589E+01 -0.82244E+01 -0.37314E+01  0.26551E+01  0.88459E+01
  0.13093E+02  0.14480E+02  0.13281E+02  0.11165E+02  0.10134E+02  0.10793E+02
  0.11842E+02  0.11674E+02  0.10271E+02  0.92214E+01  0.95509E+01  0.10445E+02
  0.10098E+02  0.78227E+01  0.44731E+01  0.17267E+01  0.74033E+00  0.16270E+01
  0.34075E+01  0.43706E+01  0.34793E+01  0.14738E+01  0.34896E+00  0.15356E+01
  0.46313E+01  0.80015E+01  0.10227E+02  0.10894E+02  0.10532E+02  0.10295E+02
  0.11474E+02  0.14969E+02  0.20706E+02  0.27557E+02  0.33755E+02  0.37752E+02
  0.38901E+02  0.37646E+02  0.34849E+02  0.30997E+02  0.25877E+02  0.19747E+02
  0.13760E+02  0.95544E+01  0.79717E+01  0.86279E+01  0.10359E+02  0.11931E+02
  0.12392E+02  0.11586E+02  0.10183E+02  0.89589E+01  0.79262E+01  0.65559E+01
  0.46807E+01  0.27059E+01  0.91267E+00 -0.98627E+00 -0.30973E+01 -0.52622E+01
 -0.77393E+01 -0.11488E+02 -0.16848E+02 -0.22170E+02 -0.24812E+02 -0.23602E+02
 -0.19917E+02 -0.15969E+02 -0.13024E+02 -0.11301E+02 -0.11039E+02 -0.12548E+02
 -0.15044E+02 -0.16568E+02 -0.15499E+02 -0.12241E+02 -0.88156E+01 -0.70416E+01
 -0.72894E+01 -0.88574E+01 -0.11291E+02 -0.14541E+02 -0.18284E+02 -0.21620E+02
 -0.23767E+02 -0.24800E+02 -0.24947E+02 -0.23792E+02 -0.20770E+02 -0.16901E+02
 -0.14630E+02 -0.15387E+02 -0.17605E+02 -0.17978E+02 -0.15004E+02 -0.10386E+02
 -0.71381E+01 -0.65211E+01 -0.75585E+01 -0.86500E+01 -0.91733E+01 -0.98170E+01
 -0.11719E+02 -0.15682E+02 -0.21298E+02 -0.26623E+02 -0.29291E+02 -0.28398E+02
 -0.25215E+02 -0.21654E+02 -0.18347E+02 -0.14327E+02 -0.89039E+01 -0.28787E+01
  0.20916E+01  0.46930E+01  0.47418E+01  0.27259E+01 -0.31681E+00 -0.28292E+01
 -0.35688E+01 -0.25576E+01 -0.11314E+01 -0.61803E+00 -0.10232E+01 -0.10437E+01
  0.63921E+00  0.42425E+01  0.90442E+01  0.14034E+02  0.18346E+02  0.21379E+02
  0.22758E+02  0.22566E+02  0.21131E+02  0.18681E+02  0.15441E+02  0.11927E+02
  0.92553E+01  0.83920E+01  0.89216E+01  0.92200E+01  0.79394E+01  0.55871E+01
  0.41556E+01  0.53063E+01  0.90310E+01  0.14009E+02  0.18913E+02  0.22939E+02
  0.25811E+02  0.27272E+02  0.26886E+02  0.24087E+02  0.18738E+02  0.11574E+02
  0.45469E+01 -0.27598E+00 -0.18584E+01 -0.87907E+00  0.87399E+00  0.16978E+01
  0.84501E+00 -0.12120E+01 -0.32407E+01 -0.43459E+01 -0.44293E+01 -0.36274E+01
 -0.15408E+01  0.25357E+01  0.84914E+01  0.14935E+02  0.19835E+02  0.21946E+02
  0.21393E+02  0.18922E+02  0.15415E+02  0.11275E+02  0.66596E+01  0.18648E+01
 -0.23500E+01 -0.50483E+01 -0.59464E+01 -0.54625E+01 -0.43056E+01 -0.28209E+01
 -0.15076E+01 -0.11194E+01 -0.21433E+01 -0.40956E+01 -0.56392E+01 -0.56130E+01
 -0.33701E+01  0.12205E+01  0.75575E+01  0.13924E+02  0.18348E+02  0.20014E+02
  0.19825E+02  0.18899E+02  0.17336E+02  0.14656E+02  0.10910E+02  0.70479E+01
  0.41581E+01  0.28752E+01  0.31868E+01  0.39909E+01  0.35437E+01  0.87872E+00
 -0.28581E+01 -0.54483E+01 -0.60583E+01 -0.58768E+01 -0.62333E+01 -0.70774E+01
 -0.78996E+01 -0.89907E+01 -0.11174E+02 -0.14255E+02 -0.17283E+02 -0.19971E+02
 -0.23011E+02 -0.26521E+02 -0.29302E+02 -0.30110E+02 -0.29281E+02 -0.28156E+02
 -0.27034E+02 -0.24741E+02 -0.20286E+02 -0.14287E+02 -0.85290E+01 -0.41566E+01
 -0.86826E+00  0.18991E+01  0.40297E+01  0.49524E+01  0.47337E+01  0.43406E+01
  0.43293E+01  0.43148E+01  0.36289E+01  0.23176E+01  0.11444E+01  0.31926E+00
 -0.91924E+00 -0.31012E+01 -0.57583E+01 -0.78453E+01 -0.89583E+01 -0.94513E+01
 -0.93802E+01 -0.80268E+01 -0.47291E+01 -0.14764E+00  0.41239E+01  0.66817E+01
  0.69916E+01  0.53121E+01  0.22847E+01 -0.97863E+00 -0.29331E+01 -0.26149E+01
 -0.38253E+00  0.23497E+01  0.44682E+01  0.58110E+01  0.68816E+01  0.78920E+01
  0.86776E+01  0.91825E+01  0.97641E+01  0.10993E+02  0.13036E+02  0.15438E+02
  0.17328E+02  0.18020E+02  0.17481E+02  0.16154E+02  0.14191E+02  0.10977E+02
  0.59862E+01 -0.12234E+00 -0.55876E+01 -0.89972E+01 -0.10569E+02 -0.11512E+02
 -0.12603E+02 -0.13752E+02 -0.14648E+02 -0.15416E+02 -0.16419E+02 -0.17685E+02
 -0.19060E+02 -0.20601E+02 -0.22451E+02 -0.24651E+02 -0.27155E+02 -0.30186E+02
 -0.33950E+02 -0.37820E+02 -0.40401E+02 -0.40614E+02 -0.38962E+02 -0.37079E+02
 -0.35917E+02 -0.34769E+02 -0.32275E+02 -0.27994E+02 -0.22900E+02 -0.18236E+02
 -0.14415E+02 -0.11012E+02 -0.76347E+01 -0.41740E+01 -0.82589E+00  0.21319E+01
  0.43706E+01  0.59425E+01  0.75986E+01  0.10178E+02  0.13777E+02  0.17232E+02
  0.19100E+02  0.18798E+02  0.17093E+02  0.15446E+02  0.15193E+02  0.16669E+02
  0.18977E+02  0.20720E+02  0.21342E+02  0.21707E+02  0.23088E+02  0.25692E+02
  0.28472E+02  0.30238E+02  0.30713E+02  0.30465E+02  0.30154E+02  0.30091E+02
  0.30364E+02  0.30567E+02  0.30035E+02  0.28248E+02  0.25430E+02  0.22303E+02
  0.19363E+02  0.16582E+02  0.13667E+02  0.10635E+02  0.78970E+01  0.60450E+01
  0.52637E+01  0.51605E+01  0.48373E+01  0.33191E+01  0.58830E+00 -0.21461E+01
 -0.32217E+01 -0.19659E+01  0.43140E+00  0.20210E+01  0.19525E+01  0.10140E+01
  0.46294E+00  0.69728E+00  0.10947E+01  0.12134E+01  0.13878E+01  0.24264E+01
  0.49564E+01  0.88765E+01  0.13167E+02  0.16316E+02  0.17157E+02  0.16114E+02
  0.14858E+02  0.14903E+02  0.16204E+02  0.17495E+02  0.17718E+02  0.16752E+02
  0.14856E+02  0.12021E+02  0.81728E+01  0.38347E+01  0.11736E+00 -0.19851E+01
 -0.25185E+01 -0.25359E+01 -0.30899E+01 -0.41394E+01 -0.49738E+01 -0.54766E+01
 -0.69820E+01 -0.10723E+02 -0.16207E+02 -0.21277E+02 -0.24338E+02 -0.25574E+02
 -0.25916E+02 -0.25598E+02 -0.24329E+02 -0.22596E+02 -0.21821E+02 -0.22864E+02
 -0.25266E+02 -0.27714E+02 -0.29239E+02 -0.29365E+02 -0.28128E+02 -0.25933E+02
 -0.23550E+02 -0.21503E+02 -0.19674E+02 -0.17979E+02 -0.16972E+02 -0.17542E+02
 -0.19752E+02 -0.22526E+02 -0.24496E+02 -0.24815E+02 -0.23421E+02 -0.20677E+02
 -0.17008E+02 -0.12753E+02 -0.79952E+01 -0.27499E+01  0.23674E+01  0.62056E+01
  0.83453E+01  0.94929E+01  0.10772E+02  0.12287E+02  0.13159E+02  0.12657E+02
  0.10970E+02  0.86361E+01  0.60479E+01  0.35656E+01  0.19460E+01  0.16092E+01
  0.21856E+01  0.27526E+01  0.29459E+01  0.32662E+01  0.41797E+01  0.55495E+01
  0.66612E+01  0.70430E+01  0.68232E+01  0.63975E+01  0.61001E+01  0.58775E+01
  0.55842E+01  0.52013E+01  0.49817E+01  0.51484E+01  0.56299E+01  0.61669E+01
  0.67669E+01  0.78440E+01  0.97837E+01  0.12525E+02  0.15656E+02  0.18860E+02
  0.21982E+02  0.24915E+02  0.27677E+02  0.30249E+02  0.32306E+02  0.33453E+02
  0.33609E+02  0.33256E+02  0.33015E+02  0.32812E+02  0.32127E+02  0.30700E+02
  0.28703E+02  0.26279E+02  0.23378E+02  0.20040E+02  0.16923E+02  0.14410E+02
  0.12061E+02  0.88815E+01  0.46022E+01 -0.23058E-01 -0.41123E+01 -0.74768E+01
 -0.10177E+02 -0.12089E+02 -0.13235E+02 -0.14353E+02 -0.16372E+02 -0.19411E+02
 -0.22582E+02 -0.25004E+02 -0.26651E+02 -0.27934E+02 -0.29066E+02 -0.29849E+02
 -0.30194E+02 -0.30319E+02 -0.30537E+02 -0.30949E+02 -0.31483E+02 -0.32116E+02
 -0.32793E+02 -0.33408E+02 -0.33684E+02 -0.33462E+02 -0.32579E+02 -0.30925E+02
 -0.28356E+02 -0.24823E+02 -0.20603E+02 -0.16343E+02 -0.12681E+02 -0.97944E+01
 -0.76725E+01 -0.62899E+01 -0.55422E+01 -0.49150E+01 -0.37112E+01 -0.16652E+01
  0.86360E+00  0.31738E+01  0.46089E+01  0.46138E+01  0.30785E+01  0.80235E+00
 -0.93878E+00 -0.18060E+01 -0.28821E+01 -0.52012E+01 -0.80205E+01 -0.96288E+01
 -0.97468E+01 -0.98509E+01 -0.10948E+02 -0.12119E+02 -0.12023E+02 -0.10905E+02
 -0.98093E+01 -0.85213E+01 -0.57206E+01 -0.12901E+01  0.29507E+01  0.53295E+01
  0.59387E+01  0.59881E+01  0.60885E+01  0.62585E+01  0.67245E+01  0.78823E+01
  0.95990E+01  0.11219E+02  0.12448E+02  0.13359E+02  0.14022E+02  0.14305E+02
  0.14641E+02  0.15975E+02  0.18757E+02  0.22340E+02  0.25852E+02  0.28851E+02
  0.31142E+02  0.32386E+02  0.32155E+02  0.30751E+02  0.28809E+02  0.26744E+02
  0.24529E+02  0.22436E+02  0.21039E+02  0.20673E+02  0.20987E+02  0.21504E+02
  0.22468E+02  0.24330E+02  0.26951E+02  0.29112E+02  0.29493E+02  0.27781E+02
  0.24781E+02  0.21539E+02  0.18568E+02  0.15876E+02  0.13448E+02  0.11289E+02
  0.91789E+01  0.65700E+01  0.28866E+01 -0.18959E+01 -0.71247E+01 -0.12018E+02
 -0.16174E+02 -0.19464E+02 -0.21702E+02 -0.22673E+02 -0.22632E+02 -0.22282E+02
 -0.22170E+02 -0.22119E+02 -0.21693E+02 -0.20866E+02 -0.20262E+02 -0.20459E+02
 -0.21477E+02 -0.22828E+02 -0.23852E+02 -0.23921E+02 -0.22656E+02 -0.20235E+02
 -0.17432E+02 -0.15049E+02 -0.13241E+02 -0.11668E+02 -0.10080E+02 -0.84720E+01
 -0.68343E+01 -0.49496E+01 -0.27293E+01 -0.30809E+00  0.20929E+01  0.42245E+01
  0.56960E+01  0.60669E+01  0.54690E+01  0.49777E+01  0.56807E+01  0.76794E+01
  0.98841E+01  0.11482E+02  0.12508E+02  0.13277E+02  0.13338E+02  0.11927E+02
  0.91160E+01  0.60677E+01  0.39782E+01  0.31657E+01  0.30476E+01  0.31417E+01
  0.33177E+01  0.35737E+01  0.37355E+01  0.34370E+01  0.24926E+01  0.87341E+00
 -0.12632E+01 -0.38385E+01 -0.68080E+01 -0.10105E+02 -0.13369E+02 -0.16155E+02
 -0.18222E+02 -0.19724E+02 -0.20916E+02 -0.21886E+02 -0.22525E+02 -0.22843E+02
 -0.23037E+02 -0.23386E+02 -0.23857E+02 -0.24177E+02 -0.23994E+02 -0.22923E+02
 -0.20708E+02 -0.17371E+02 -0.13430E+02 -0.95632E+01 -0.60335E+01 -0.23595E+01
  0.20076E+01  0.68070E+01  0.10886E+02  0.13065E+02  0.13302E+02  0.12793E+02
  0.12992E+02  0.14379E+02  0.16461E+02  0.18178E+02  0.18908E+02  0.18306E+02
  0.16088E+02  0.12064E+02  0.68870E+01  0.21971E+01 -0.32152E+00 -0.52665E+00
  0.34345E+00  0.95990E+00  0.11347E+01  0.13033E+01  0.14404E+01  0.93268E+00
 -0.41082E+00 -0.20301E+01 -0.32895E+01 -0.43261E+01 -0.56865E+01 -0.76303E+01
 -0.10004E+02 -0.12426E+02 -0.14409E+02 -0.15368E+02 -0.14903E+02 -0.13246E+02
 -0.11472E+02 -0.10544E+02 -0.10758E+02 -0.11556E+02 -0.11881E+02 -0.10827E+02
 -0.81133E+01 -0.44174E+01 -0.74168E+00  0.23209E+01  0.48691E+01  0.69297E+01
  0.79404E+01  0.73791E+01  0.54799E+01  0.32246E+01  0.12495E+01 -0.38057E+00
 -0.13297E+01 -0.72415E+00  0.19394E+01  0.58507E+01  0.93615E+01  0.11699E+02
  0.13491E+02  0.15656E+02  0.18086E+02  0.20119E+02  0.21658E+02  0.23502E+02
  0.26142E+02  0.28962E+02  0.30711E+02  0.30899E+02  0.30241E+02  0.29670E+02
  0.29452E+02  0.29095E+02  0.28145E+02  0.26742E+02  0.25258E+02  0.23827E+02
  0.22162E+02  0.19996E+02  0.17150E+02  0.13862E+02  0.10600E+02  0.79217E+01
  0.62715E+01  0.58400E+01  0.65273E+01  0.79995E+01  0.95738E+01  0.10399E+02
  0.99522E+01  0.84506E+01  0.64198E+01  0.43508E+01  0.22366E+01  0.21202E-01
 -0.21885E+01 -0.41451E+01 -0.57212E+01 -0.69582E+01 -0.78552E+01 -0.84779E+01
 -0.91977E+01 -0.10548E+02 -0.12525E+02 -0.14467E+02 -0.15482E+02 -0.15479E+02
 -0.15420E+02 -0.16333E+02 -0.18268E+02 -0.20248E+02 -0.21471E+02 -0.21978E+02
 -0.22307E+02 -0.22523E+02 -0.22181E+02 -0.21374E+02 -0.20688E+02 -0.20588E+02
 -0.20599E+02 -0.20068E+02 -0.18987E+02 -0.17894E+02 -0.17102E+02 -0.16316E+02
 -0.15247E+02 -0.14134E+02 -0.13239E+02 -0.12492E+02 -0.11708E+02 -0.10946E+02
 -0.10559E+02 -0.10732E+02 -0.11262E+02 -0.11983E+02 -0.13068E+02 -0.14511E+02
 -0.15960E+02 -0.16973E+02 -0.17430E+02 -0.17730E+02 -0.18295E+02 -0.19320E+02
 -0.20652E+02 -0.22041E+02 -0.23152E+02 -0.23690E+02 -0.23628E+02 -0.23063E+02
 -0.22267E+02 -0.21405E+02 -0.20698E+02 -0.20373E+02 -0.20276E+02 -0.19629E+02
 -0.17547E+02 -0.13923E+02 -0.97233E+01 -0.62219E+01 -0.38595E+01 -0.23083E+01
 -0.12043E+01 -0.45282E+00  0.31255E+00  0.19757E+01  0.49039E+01  0.81566E+01
  0.10353E+02  0.11524E+02  0.13070E+02  0.16109E+02  0.20023E+02  0.23405E+02
  0.25701E+02  0.27438E+02  0.28981E+02  0.29990E+02  0.30045E+02  0.29377E+02
  0.28412E+02  0.27185E+02  0.25590E+02  0.23854E+02  0.22409E+02  0.21428E+02
  0.20887E+02  0.20939E+02  0.21837E+02  0.23502E+02  0.25346E+02  0.27038E+02
  0.28538E+02  0.29899E+02  0.30751E+02  0.30862E+02  0.30604E+02  0.30543E+02
  0.30823E+02  0.31138E+02  0.31146E+02  0.30811E+02  0.29841E+02  0.27789E+02
  0.24822E+02  0.21852E+02  0.19786E+02  0.18376E+02  0.16556E+02  0.13747E+02
  0.10527E+02  0.77301E+01  0.54273E+01  0.30070E+01  0.29740E+00 -0.19752E+01
 -0.31033E+01 -0.32042E+01 -0.31449E+01 -0.35493E+01 -0.44367E+01 -0.54827E+01
 -0.66298E+01 -0.81142E+01 -0.10050E+02 -0.12003E+02 -0.13232E+02 -0.13404E+02
 -0.12776E+02 -0.11837E+02 -0.10967E+02 -0.10168E+02 -0.95059E+01 -0.90617E+01
 -0.87857E+01 -0.84395E+01 -0.78803E+01 -0.74803E+01 -0.76779E+01 -0.83024E+01
 -0.87799E+01 -0.86178E+01 -0.81308E+01 -0.79606E+01 -0.84510E+01 -0.92493E+01
 -0.98411E+01 -0.10187E+02 -0.10596E+02 -0.11258E+02 -0.11790E+02 -0.11761E+02
 -0.11275E+02 -0.11071E+02 -0.11636E+02 -0.12717E+02 -0.13552E+02 -0.14156E+02
 -0.15186E+02 -0.17118E+02 -0.19304E+02 -0.20890E+02 -0.21999E+02 -0.23512E+02
 -0.25612E+02 -0.27288E+02 -0.27794E+02 -0.27893E+02 -0.29023E+02 -0.31354E+02
 -0.33738E+02 -0.35198E+02 -0.35956E+02 -0.36563E+02 -0.36699E+02 -0.35635E+02
 -0.33295E+02 -0.30435E+02 -0.27711E+02 -0.25055E+02 -0.22188E+02 -0.19146E+02
 -0.16071E+02 -0.12961E+02 -0.96432E+01 -0.62830E+01 -0.31382E+01 -0.34634E+00
  0.22857E+01  0.50267E+01  0.78772E+01  0.10566E+02  0.12716E+02  0.14166E+02
  0.15048E+02  0.15856E+02  0.17024E+02  0.18499E+02  0.19730E+02  0.20289E+02
  0.20301E+02  0.20366E+02  0.20922E+02  0.21720E+02  0.22384E+02  0.23050E+02
  0.24267E+02  0.26267E+02  0.28430E+02  0.30036E+02  0.30932E+02  0.31578E+02
  0.32028E+02  0.31919E+02  0.31133E+02  0.30225E+02  0.29725E+02  0.29319E+02
  0.28256E+02  0.26376E+02  0.24515E+02  0.23591E+02  0.23629E+02  0.23903E+02
  0.23704E+02  0.23021E+02  0.22218E+02  0.21643E+02  0.21181E+02  0.20580E+02
  0.19521E+02  0.17915E+02  0.15925E+02  0.13952E+02  0.12227E+02  0.10786E+02
  0.94013E+01  0.80527E+01  0.69498E+01  0.61762E+01  0.54530E+01  0.45241E+01
  0.34370E+01  0.26284E+01  0.22854E+01  0.21608E+01  0.18510E+01  0.11977E+01
  0.21983E+00 -0.10544E+01 -0.25042E+01 -0.41504E+01 -0.60398E+01 -0.83352E+01
 -0.10801E+02 -0.12671E+02 -0.13472E+02 -0.13753E+02 -0.14626E+02 -0.16452E+02
 -0.18426E+02 -0.19713E+02 -0.20437E+02 -0.21310E+02 -0.22366E+02 -0.23011E+02
 -0.22784E+02 -0.22019E+02 -0.21316E+02 -0.20888E+02 -0.20713E+02 -0.20868E+02
 -0.21357E+02 -0.21903E+02 -0.21966E+02 -0.21370E+02 -0.20529E+02 -0.19906E+02
 -0.19586E+02 -0.19341E+02 -0.18911E+02 -0.18393E+02 -0.17932E+02 -0.17553E+02
 -0.17053E+02 -0.16057E+02 -0.14509E+02 -0.12662E+02 -0.10886E+02 -0.94746E+01
 -0.84675E+01 -0.77640E+01 -0.73519E+01 -0.71332E+01 -0.70967E+01 -0.73099E+01
 -0.77464E+01 -0.82559E+01 -0.83823E+01 -0.77170E+01 -0.60843E+01 -0.37029E+01
 -0.11061E+01  0.87165E+00  0.19375E+01  0.24841E+01  0.33281E+01  0.46458E+01
  0.56910E+01  0.57880E+01  0.53701E+01  0.53833E+01  0.59534E+01  0.61325E+01
  0.55202E+01  0.52101E+01  0.62964E+01  0.83026E+01  0.95711E+01  0.93495E+01
  0.86818E+01  0.87375E+01  0.93933E+01  0.97940E+01  0.98099E+01  0.10260E+02
  0.11530E+02  0.13064E+02  0.14016E+02  0.14296E+02  0.14303E+02  0.14205E+02
  0.13962E+02  0.13729E+02  0.13906E+02  0.14614E+02  0.15435E+02  0.15734E+02
  0.15334E+02  0.14556E+02  0.13746E+02  0.13018E+02  0.12366E+02  0.11886E+02
  0.11775E+02  0.11943E+02  0.12170E+02  0.12113E+02  0.11717E+02  0.11160E+02
  0.10760E+02  0.10582E+02  0.10500E+02  0.10209E+02  0.96440E+01  0.91691E+01
  0.93702E+01  0.10201E+02  0.11004E+02  0.11137E+02  0.10648E+02  0.10088E+02
  0.94813E+01  0.83036E+01  0.65289E+01  0.49694E+01  0.44090E+01  0.43790E+01
  0.36649E+01  0.17730E+01 -0.53839E+00 -0.23624E+01 -0.35751E+01 -0.47197E+01
 -0.59757E+01 -0.71203E+01 -0.81098E+01 -0.91700E+01 -0.10330E+02 -0.11264E+02
 -0.11812E+02 -0.12254E+02 -0.13051E+02 -0.14159E+02 -0.15326E+02 -0.16526E+02
 -0.17765E+02 -0.18659E+02 -0.18762E+02 -0.18072E+02 -0.17139E+02 -0.16254E+02
 -0.15255E+02 -0.13986E+02 -0.12776E+02 -0.12045E+02 -0.11630E+02 -0.11060E+02
 -0.10221E+02 -0.93127E+01 -0.82821E+01 -0.69492E+01 -0.57096E+01 -0.52063E+01
 -0.55210E+01 -0.56561E+01 -0.48771E+01 -0.35823E+01 -0.28165E+01 -0.28969E+01
 -0.29719E+01 -0.21850E+01 -0.77286E+00  0.41862E+00  0.99632E+00  0.13478E+01
  0.19064E+01  0.25661E+01  0.28767E+01  0.26326E+01  0.21220E+01  0.17232E+01
  0.15641E+01  0.14835E+01  0.13902E+01  0.13944E+01  0.14404E+01  0.12636E+01
  0.72904E+00  0.11668E+00 -0.19940E+00 -0.63630E-01  0.19093E+00  0.12517E+00
 -0.47163E+00 -0.16005E+01 -0.30495E+01 -0.44306E+01 -0.55344E+01 -0.63566E+01
 -0.69967E+01 -0.72501E+01 -0.66648E+01 -0.51928E+01 -0.31919E+01 -0.11436E+01
  0.65297E+00  0.20316E+01  0.28559E+01  0.31912E+01  0.35661E+01  0.44476E+01
  0.56692E+01  0.64319E+01  0.63099E+01  0.57504E+01  0.58005E+01  0.69670E+01
  0.86782E+01  0.98728E+01  0.10232E+02  0.10348E+02  0.10874E+02  0.11795E+02
  0.12587E+02  0.13079E+02  0.13697E+02  0.14607E+02  0.15237E+02  0.14980E+02
  0.13995E+02  0.13049E+02  0.12425E+02  0.11770E+02  0.10745E+02  0.97092E+01
  0.91227E+01  0.88989E+01  0.83854E+01  0.72498E+01  0.58937E+01  0.47278E+01
  0.38358E+01  0.29027E+01  0.19791E+01  0.12122E+01  0.81402E+00  0.81020E+00
  0.12528E+01  0.21024E+01  0.30754E+01  0.36558E+01  0.36327E+01  0.32759E+01
  0.27702E+01  0.19241E+01  0.64878E+00 -0.69141E+00 -0.15915E+01 -0.19895E+01
 -0.23055E+01 -0.27906E+01 -0.34752E+01 -0.45970E+01 -0.65435E+01 -0.89033E+01
 -0.10424E+02 -0.10457E+02 -0.97639E+01 -0.95019E+01 -0.95010E+01 -0.87356E+01
 -0.70426E+01 -0.56026E+01 -0.51854E+01 -0.52150E+01 -0.47787E+01 -0.42366E+01
 -0.46634E+01 -0.62791E+01 -0.82926E+01 -0.99034E+01 -0.11049E+02 -0.11870E+02
 -0.12075E+02 -0.11586E+02 -0.10750E+02 -0.99297E+01 -0.90107E+01 -0.78353E+01
 -0.66966E+01 -0.60452E+01 -0.59417E+01 -0.59695E+01 -0.58378E+01 -0.56692E+01
 -0.57749E+01 -0.62349E+01 -0.68916E+01 -0.74767E+01 -0.78150E+01 -0.78257E+01
 -0.76382E+01 -0.72307E+01 -0.64484E+01 -0.53996E+01 -0.44873E+01 -0.40578E+01
 -0.39243E+01 -0.36358E+01 -0.31050E+01 -0.26960E+01 -0.25594E+01 -0.24546E+01
 -0.21137E+01 -0.15322E+01 -0.93027E+00 -0.43423E+00 -0.63566E-01  0.99846E-01
  0.25852E+00  0.75434E+00  0.16493E+01  0.25934E+01  0.34737E+01  0.46315E+01
  0.62421E+01  0.76513E+01  0.79605E+01  0.72039E+01  0.64077E+01  0.63857E+01
  0.67011E+01  0.65018E+01  0.55933E+01  0.45866E+01  0.39932E+01  0.37922E+01
  0.38068E+01  0.39683E+01  0.42629E+01  0.45735E+01  0.48223E+01  0.51326E+01
  0.56838E+01  0.63378E+01  0.67385E+01  0.67559E+01  0.65076E+01  0.62005E+01
  0.60009E+01  0.59014E+01  0.59869E+01  0.61673E+01  0.61833E+01  0.59774E+01
  0.57526E+01  0.58034E+01  0.60647E+01  0.62200E+01  0.60789E+01  0.58241E+01
  0.56467E+01  0.52888E+01  0.44274E+01  0.33256E+01  0.26192E+01  0.25146E+01
  0.24038E+01  0.16659E+01  0.60811E+00  0.55436E-01  0.39421E+00  0.12173E+01
  0.20754E+01  0.31026E+01  0.44799E+01  0.58857E+01  0.65790E+01  0.62969E+01
  0.57252E+01  0.56743E+01  0.63200E+01  0.71857E+01  0.78219E+01  0.82666E+01
  0.87035E+01  0.89803E+01  0.87819E+01  0.81010E+01  0.72140E+01  0.61829E+01
  0.48194E+01  0.31426E+01  0.15019E+01  0.32045E+00 -0.47150E+00 -0.12318E+01
 -0.19669E+01 -0.23772E+01 -0.23160E+01 -0.21200E+01 -0.21411E+01 -0.24408E+01
 -0.29003E+01 -0.34995E+01 -0.41444E+01 -0.46797E+01 -0.50982E+01 -0.56591E+01
 -0.64784E+01 -0.71138E+01 -0.71568E+01 -0.68551E+01 -0.68350E+01 -0.71697E+01
 -0.73620E+01 -0.71218E+01 -0.71542E+01 -0.80935E+01 -0.96235E+01 -0.10851E+02
 -0.11438E+02 -0.11852E+02 -0.12430E+02 -0.12721E+02 -0.12291E+02 -0.11527E+02
 -0.11258E+02 -0.11730E+02 -0.12312E+02 -0.12271E+02 -0.11550E+02 -0.10531E+02
 -0.93134E+01 -0.78405E+01 -0.61931E+01 -0.46994E+01 -0.35507E+01 -0.26065E+01
 -0.16049E+01 -0.43593E+00  0.73645E+00  0.17569E+01  0.25966E+01  0.31830E+01
  0.36048E+01  0.40331E+01  0.45704E+01  0.50824E+01  0.54344E+01  0.56156E+01
  0.59548E+01  0.65857E+01  0.73987E+01  0.81794E+01  0.87932E+01  0.92809E+01
  0.96804E+01  0.10011E+02  0.10331E+02  0.10614E+02  0.10463E+02  0.95515E+01
  0.79545E+01  0.64714E+01  0.57612E+01  0.58028E+01  0.57967E+01  0.52287E+01
  0.44042E+01  0.39155E+01  0.37668E+01  0.34236E+01  0.27322E+01  0.22306E+01
  0.24177E+01  0.26112E+01  0.17374E+01 -0.40107E+00 -0.27141E+01 -0.40152E+01
 -0.43966E+01 -0.47303E+01 -0.56042E+01 -0.66173E+01 -0.73676E+01 -0.78232E+01
 -0.81620E+01 -0.82884E+01 -0.79938E+01 -0.72669E+01 -0.64546E+01 -0.58957E+01
 -0.56202E+01 -0.54618E+01 -0.51069E+01 -0.43912E+01	0.0		0.0
