  0.10337E+01  0.13048E+01  0.17345E+01  0.21954E+01  0.24127E+01  0.23664E+01
  0.23032E+01  0.23506E+01  0.22505E+01  0.16972E+01  0.84655E+00  0.31027E+00
  0.48784E+00  0.11158E+01  0.15483E+01  0.15133E+01  0.13821E+01  0.16616E+01
  0.22640E+01  0.24727E+01  0.17381E+01  0.49355E+00 -0.14475E+00  0.42648E+00
  0.15699E+01  0.21581E+01  0.19220E+01  0.16151E+01  0.17982E+01  0.19332E+01
  0.11758E+01 -0.24432E+00 -0.10555E+01 -0.44464E+00  0.93951E+00  0.18024E+01
  0.17079E+01  0.13301E+01  0.13631E+01  0.16764E+01  0.17207E+01  0.13797E+01
  0.10472E+01  0.98951E+00  0.99978E+00  0.81741E+00  0.54719E+00  0.54044E+00
  0.90477E+00  0.13229E+01  0.13955E+01  0.11054E+01  0.81255E+00  0.82276E+00
  0.10539E+01  0.11066E+01  0.75987E+00  0.31689E+00  0.33559E+00  0.93778E+00
  0.16080E+01  0.17343E+01  0.13338E+01  0.91339E+00  0.72809E+00  0.45499E+00
 -0.20336E+00 -0.94105E+00 -0.11575E+01 -0.76491E+00 -0.25622E+00  0.11737E-01
  0.23999E+00  0.70618E+00  0.12205E+01  0.13496E+01  0.10623E+01  0.76086E+00
  0.70866E+00  0.67916E+00  0.30119E+00 -0.40819E+00 -0.99291E+00 -0.10140E+01
 -0.45147E+00  0.25265E+00  0.47235E+00 -0.12657E+00 -0.12325E+01 -0.19646E+01
 -0.15438E+01 -0.35213E-01  0.15074E+01  0.18829E+01  0.90160E+00 -0.38849E+00
 -0.74105E+00  0.79195E-01  0.12281E+01  0.18132E+01  0.16419E+01  0.96370E+00
 -0.74316E-01 -0.13701E+01 -0.24875E+01 -0.27776E+01 -0.20565E+01 -0.87651E+00
 -0.33658E-01  0.12656E+00 -0.33319E-01  0.10422E+00  0.73182E+00  0.13084E+01
  0.10324E+01 -0.23502E+00 -0.16724E+01 -0.22515E+01 -0.17344E+01 -0.74143E+00
  0.81636E-01  0.56762E+00  0.77598E+00  0.54525E+00 -0.33693E+00 -0.16695E+01
 -0.27330E+01 -0.27881E+01 -0.17441E+01 -0.42810E+00  0.18215E-01 -0.72519E+00
 -0.17179E+01 -0.17814E+01 -0.90170E+00 -0.92771E-01  0.67530E-01  0.54943E-01
  0.28603E+00  0.14030E+00 -0.10619E+01 -0.26977E+01 -0.33702E+01 -0.28275E+01
 -0.22423E+01 -0.24334E+01 -0.26017E+01 -0.15690E+01  0.49766E+00  0.22244E+01
  0.25660E+01  0.14799E+01 -0.62310E+00 -0.31623E+01 -0.52285E+01 -0.60002E+01
 -0.56303E+01 -0.49628E+01 -0.41481E+01 -0.22940E+01  0.83212E+00  0.36381E+01
  0.41893E+01  0.25056E+01  0.24127E+00 -0.16181E+01 -0.34746E+01 -0.53283E+01
 -0.57543E+01 -0.36224E+01  0.10720E+00  0.33156E+01  0.47366E+01  0.41745E+01
  0.15759E+01 -0.24758E+01 -0.57939E+01 -0.61349E+01 -0.41729E+01 -0.31797E+01
 -0.48463E+01 -0.68500E+01 -0.59020E+01 -0.22347E+01  0.75555E+00  0.93583E+00
 -0.22939E+00 -0.12555E+00  0.15703E+01  0.26457E+01  0.11208E+01 -0.22028E+01
 -0.42460E+01 -0.31056E+01 -0.85725E+00 -0.17108E+01 -0.67565E+01 -0.11851E+02
 -0.12231E+02 -0.80481E+01 -0.32306E+01  0.57279E-01  0.27304E+01  0.47974E+01
  0.38308E+01 -0.90909E+00 -0.55726E+01 -0.56639E+01 -0.13987E+01  0.28639E+01
  0.35909E+01  0.82265E+00 -0.28124E+01 -0.42576E+01 -0.25334E+01 -0.34438E+00
 -0.15858E+01 -0.63000E+01 -0.10833E+02 -0.13984E+02 -0.18151E+02 -0.21488E+02
 -0.15368E+02  0.33469E+01  0.22241E+02  0.25338E+02  0.13189E+02  0.64633E-01
 -0.87937E+01 -0.23033E+02 -0.44792E+02 -0.54693E+02 -0.34034E+02  0.62624E+01
  0.34196E+02  0.33122E+02  0.16391E+02  0.45439E+01  0.17506E+01  0.13286E+00
 -0.57318E+01 -0.18521E+02 -0.41514E+02 -0.66624E+02 -0.64610E+02 -0.90784E+01
  0.81100E+02  0.13960E+03  0.11282E+03  0.20899E+02 -0.57549E+02 -0.67799E+02
 -0.33667E+02 -0.19170E+02 -0.45780E+02 -0.68341E+02 -0.36655E+02  0.37691E+02
  0.91057E+02  0.77065E+02  0.11459E+02 -0.50564E+02 -0.67969E+02 -0.42364E+02
 -0.62141E+01  0.82930E+01 -0.55437E+01 -0.26350E+02 -0.27935E+02 -0.74798E+01
  0.12799E+02  0.13575E+02  0.88799E+00 -0.51368E+01  0.20695E+01  0.84150E+01
 -0.15843E+01 -0.26177E+02 -0.47929E+02 -0.48949E+02 -0.25040E+02  0.93258E+01
  0.29583E+02  0.20805E+02 -0.79526E+01 -0.31701E+02 -0.33231E+02 -0.16664E+02
  0.14397E+01  0.95530E+01  0.83608E+01  0.52741E+01  0.52715E+01  0.61927E+01
  0.21532E+01 -0.76777E+01 -0.15829E+02 -0.15483E+02 -0.10454E+02 -0.10428E+02
 -0.17040E+02 -0.21939E+02 -0.19706E+02 -0.14428E+02 -0.98412E+01 -0.15577E+01
  0.13510E+02  0.26008E+02  0.22245E+02  0.20145E+01 -0.19334E+02 -0.27282E+02
 -0.21199E+02 -0.11326E+02 -0.78495E+01 -0.13125E+02 -0.19878E+02 -0.16823E+02
 -0.78333E+00  0.16409E+02  0.18359E+02  0.31431E+01 -0.12642E+02 -0.11709E+02
  0.49285E+01  0.19332E+02  0.15389E+02 -0.50641E+01 -0.23685E+02 -0.23440E+02
 -0.65669E+01  0.72041E+01  0.33586E+01 -0.10033E+02 -0.14125E+02 -0.52426E+01
  0.18427E+01 -0.26735E+01 -0.98542E+01 -0.80433E+01 -0.13798E+01 -0.14347E+01
 -0.78122E+01 -0.95812E+01 -0.25882E+01  0.66138E+01  0.12898E+02  0.17050E+02
  0.17899E+02  0.11822E+02  0.24870E+01 -0.26446E+00  0.41251E+01  0.29263E+01
 -0.11827E+02 -0.30201E+02 -0.36997E+02 -0.30092E+02 -0.17632E+02 -0.38688E+01
  0.11243E+02  0.22734E+02  0.23133E+02  0.13569E+02  0.20363E+01 -0.87543E+01
 -0.20739E+02 -0.28173E+02 -0.20341E+02 -0.11421E+01  0.86384E+01 -0.19530E+01
 -0.17120E+02 -0.17316E+02 -0.93119E+01 -0.14793E+02 -0.32907E+02 -0.36175E+02
 -0.94455E+01  0.26239E+02  0.41543E+02  0.36471E+02  0.32925E+02  0.37770E+02
  0.34535E+02  0.13038E+02 -0.11983E+02 -0.20730E+02 -0.13104E+02 -0.23137E+01
  0.61532E+01  0.14821E+02  0.19296E+02  0.10281E+02 -0.75927E+01 -0.14301E+02
  0.27649E+00  0.19819E+02  0.20503E+02  0.93694E+00 -0.17594E+02 -0.19135E+02
 -0.10286E+02 -0.65547E+01 -0.10180E+02 -0.90955E+01  0.48875E+01  0.24212E+02
  0.34034E+02  0.28390E+02  0.14346E+02  0.12798E+01 -0.94802E+01 -0.21811E+02
 -0.34206E+02 -0.36921E+02 -0.21782E+02  0.66850E+01  0.31332E+02  0.33766E+02
  0.76923E+01 -0.34375E+02 -0.66419E+02 -0.66276E+02 -0.33966E+02  0.71601E+01
  0.31256E+02  0.32305E+02  0.23952E+02  0.19802E+02  0.20213E+02  0.19388E+02
  0.18170E+02  0.23474E+02  0.37290E+02  0.52261E+02  0.59086E+02  0.54797E+02
  0.42444E+02  0.25451E+02  0.48529E+01 -0.18464E+02 -0.40081E+02 -0.51294E+02
 -0.43581E+02 -0.16715E+02  0.16670E+02  0.37672E+02  0.36439E+02  0.21930E+02
  0.13906E+02  0.23423E+02  0.41625E+02  0.48584E+02  0.32688E+02  0.14506E+01
 -0.25008E+02 -0.30106E+02 -0.12815E+02  0.13093E+02  0.31005E+02  0.33973E+02
  0.26418E+02  0.15355E+02  0.36005E+01 -0.72443E+01 -0.12406E+02 -0.85181E+01
 -0.10783E+01 -0.96627E+00 -0.12508E+02 -0.29083E+02 -0.40724E+02 -0.41079E+02
 -0.27431E+02 -0.14871E+01  0.27475E+02  0.47691E+02  0.56526E+02  0.60379E+02
  0.60628E+02  0.50646E+02  0.32904E+02  0.25906E+02  0.40813E+02  0.61578E+02
  0.66051E+02  0.59088E+02  0.61638E+02  0.68942E+02  0.49541E+02 -0.34118E+01
 -0.46728E+02 -0.36087E+02  0.15965E+02  0.56245E+02  0.56826E+02  0.38850E+02
  0.32795E+02  0.42204E+02  0.54129E+02  0.62948E+02  0.69166E+02  0.68619E+02
  0.58152E+02  0.45038E+02  0.39423E+02  0.42553E+02  0.50868E+02  0.64504E+02
  0.81479E+02  0.89999E+02  0.79890E+02  0.58978E+02  0.45380E+02  0.44065E+02
  0.43397E+02  0.36533E+02  0.33260E+02  0.44663E+02  0.66258E+02  0.84348E+02
  0.92695E+02  0.94917E+02  0.94718E+02  0.92153E+02  0.88280E+02  0.86367E+02
  0.87514E+02  0.89242E+02  0.88716E+02  0.84505E+02  0.75993E+02  0.64459E+02
  0.54165E+02  0.48300E+02  0.43860E+02  0.34601E+02  0.19889E+02  0.74324E+01
  0.53408E+01  0.13661E+02  0.25106E+02  0.32541E+02  0.34638E+02  0.35399E+02
  0.39187E+02  0.45984E+02  0.51767E+02  0.54051E+02  0.55367E+02  0.58989E+02
  0.62888E+02  0.62456E+02  0.59091E+02  0.60383E+02  0.69301E+02  0.78199E+02
  0.78123E+02  0.70177E+02  0.61932E+02  0.55137E+02  0.44651E+02  0.29757E+02
  0.18668E+02  0.17761E+02  0.21488E+02  0.18164E+02  0.32089E+01 -0.17573E+02
 -0.36030E+02 -0.48491E+02 -0.55258E+02 -0.57787E+02 -0.57706E+02 -0.56168E+02
 -0.53244E+02 -0.49244E+02 -0.46698E+02 -0.49203E+02 -0.57820E+02 -0.69921E+02
 -0.81756E+02 -0.91119E+02 -0.98045E+02 -0.10465E+03 -0.11384E+03 -0.12603E+03
 -0.13689E+03 -0.14067E+03 -0.13675E+03 -0.13124E+03 -0.13068E+03 -0.13493E+03
 -0.13655E+03 -0.12626E+03 -0.99731E+02 -0.61831E+02 -0.25218E+02 -0.22344E+01
  0.42802E+01  0.22833E+01  0.21694E+01  0.82117E+01  0.18050E+02  0.27630E+02
  0.34339E+02  0.37055E+02  0.35943E+02  0.32253E+02  0.26970E+02  0.20345E+02
  0.13649E+02  0.93041E+01  0.70025E+01  0.18923E+01 -0.93925E+01 -0.21910E+02
 -0.26464E+02 -0.21242E+02 -0.14651E+02 -0.14174E+02 -0.16884E+02 -0.14762E+02
 -0.62098E+01  0.27125E+01  0.75145E+01  0.10404E+02  0.15013E+02  0.19729E+02
  0.18593E+02  0.71722E+01 -0.13656E+02 -0.38271E+02 -0.59521E+02 -0.72754E+02
 -0.78445E+02 -0.80781E+02 -0.83241E+02 -0.86114E+02 -0.88221E+02 -0.89283E+02
 -0.89626E+02 -0.88892E+02 -0.86621E+02 -0.83528E+02 -0.80721E+02 -0.77914E+02
 -0.73702E+02 -0.67845E+02 -0.62196E+02 -0.58798E+02 -0.57589E+02 -0.56779E+02
 -0.55352E+02 -0.54649E+02 -0.56998E+02 -0.63097E+02 -0.71750E+02 -0.82444E+02
 -0.96369E+02 -0.11298E+03 -0.12610E+03 -0.12671E+03 -0.11147E+03 -0.87481E+02
 -0.66612E+02 -0.55678E+02 -0.53014E+02 -0.53275E+02 -0.53090E+02 -0.51843E+02
 -0.49548E+02 -0.45758E+02 -0.40075E+02 -0.32820E+02 -0.25441E+02 -0.20485E+02
 -0.20302E+02 -0.25086E+02 -0.32573E+02 -0.40117E+02 -0.46612E+02 -0.52064E+02
 -0.56254E+02 -0.58900E+02 -0.60655E+02 -0.62902E+02 -0.66588E+02 -0.71890E+02
 -0.78765E+02 -0.86617E+02 -0.93373E+02 -0.96257E+02 -0.94223E+02 -0.89048E+02
 -0.83220E+02 -0.77213E+02 -0.69853E+02 -0.60880E+02 -0.51537E+02 -0.41705E+02
 -0.27919E+02 -0.69508E+01  0.17690E+02  0.34535E+02  0.32240E+02  0.10093E+02
 -0.20062E+02 -0.42960E+02 -0.51136E+02 -0.47917E+02 -0.41502E+02 -0.37516E+02
 -0.36413E+02 -0.35884E+02 -0.34653E+02 -0.34134E+02 -0.36775E+02 -0.43060E+02
 -0.50644E+02 -0.56960E+02 -0.62072E+02 -0.67779E+02 -0.74034E+02 -0.77729E+02
 -0.75790E+02 -0.68816E+02 -0.60793E+02 -0.55570E+02 -0.53816E+02 -0.52751E+02
 -0.48310E+02 -0.38315E+02 -0.24631E+02 -0.12073E+02 -0.43812E+01 -0.11731E+01
  0.83295E+00  0.40178E+01  0.81183E+01  0.11833E+02  0.14879E+02  0.17934E+02
  0.21365E+02  0.24808E+02  0.27685E+02  0.29603E+02  0.30439E+02  0.30396E+02
  0.30016E+02  0.29975E+02  0.30847E+02  0.33093E+02  0.36949E+02  0.42180E+02
  0.48262E+02  0.54928E+02  0.62230E+02  0.69893E+02  0.76986E+02  0.82725E+02
  0.87348E+02  0.91725E+02  0.96133E+02  0.99914E+02  0.10242E+03  0.10383E+03
  0.10485E+03  0.10564E+03  0.10532E+03  0.10239E+03  0.95807E+02  0.86012E+02
  0.75026E+02  0.65288E+02  0.58022E+02  0.52760E+02  0.48534E+02  0.45135E+02
  0.42810E+02  0.41041E+02  0.38894E+02  0.37113E+02  0.38906E+02  0.46784E+02
  0.58087E+02  0.64999E+02  0.60891E+02  0.47054E+02  0.32386E+02  0.25585E+02
  0.27814E+02  0.33077E+02  0.35213E+02  0.33623E+02  0.32216E+02  0.33996E+02
  0.38004E+02  0.41699E+02  0.44942E+02  0.50098E+02  0.58118E+02  0.66026E+02
  0.69502E+02  0.67421E+02  0.62607E+02  0.58307E+02  0.55344E+02  0.53239E+02
  0.52469E+02  0.54043E+02  0.57409E+02  0.60349E+02  0.61261E+02  0.60689E+02
  0.60323E+02  0.61127E+02  0.62731E+02  0.63902E+02  0.63409E+02  0.60871E+02
  0.57177E+02  0.53614E+02  0.50410E+02  0.46762E+02  0.42499E+02  0.38940E+02
  0.37317E+02  0.37034E+02  0.36385E+02  0.34586E+02  0.32218E+02  0.29813E+02
  0.27053E+02  0.23552E+02  0.19539E+02  0.15327E+02  0.10833E+02  0.60174E+01
  0.12353E+01 -0.32294E+01 -0.74360E+01 -0.11279E+02 -0.14252E+02 -0.16102E+02
 -0.17160E+02 -0.17452E+02 -0.16146E+02 -0.12584E+02 -0.71432E+01 -0.10820E+00
  0.95677E+01  0.22598E+02  0.36340E+02  0.45367E+02  0.46226E+02  0.40755E+02
  0.33776E+02  0.28368E+02  0.24417E+02  0.20996E+02  0.18371E+02  0.17328E+02
  0.17856E+02  0.19253E+02  0.20995E+02  0.22855E+02  0.24574E+02  0.25943E+02
  0.26819E+02  0.26783E+02  0.25007E+02  0.20985E+02  0.15278E+02  0.91259E+01
  0.32937E+01 -0.23144E+01 -0.78234E+01 -0.12567E+02 -0.15394E+02 -0.15673E+02
 -0.13940E+02 -0.11622E+02 -0.10199E+02 -0.10411E+02 -0.11915E+02 -0.13741E+02
 -0.15335E+02 -0.17272E+02 -0.20784E+02 -0.26313E+02 -0.32797E+02 -0.38646E+02
 -0.43117E+02 -0.46188E+02 -0.47390E+02 -0.45950E+02 -0.42374E+02 -0.38525E+02
 -0.34974E+02 -0.29307E+02 -0.18979E+02 -0.58655E+01  0.40065E+01  0.63164E+01
  0.30116E+01 -0.11808E+00  0.34225E+00  0.25548E+01  0.23016E+01 -0.26665E+01
 -0.10999E+02 -0.19428E+02 -0.25632E+02 -0.29941E+02 -0.34363E+02 -0.39776E+02
 -0.44714E+02 -0.47399E+02 -0.47961E+02 -0.46888E+02 -0.41857E+02 -0.28863E+02
 -0.80584E+01  0.13241E+02  0.25692E+02  0.26022E+02  0.18930E+02  0.11425E+02
  0.67546E+01  0.37644E+01 -0.10387E+00 -0.63884E+01 -0.15044E+02 -0.24781E+02
 -0.33797E+02 -0.40752E+02 -0.45133E+02 -0.46602E+02 -0.44615E+02 -0.39113E+02
 -0.31058E+02 -0.21622E+02 -0.11162E+02  0.70901E-01  0.10505E+02  0.17602E+02
  0.20054E+02  0.19058E+02  0.17006E+02  0.15296E+02  0.13697E+02  0.11234E+02
  0.69671E+01  0.28356E+00 -0.85702E+01 -0.17979E+02 -0.25574E+02 -0.29929E+02
 -0.31373E+02 -0.30779E+02 -0.27789E+02 -0.21023E+02 -0.10283E+02  0.21935E+01
  0.13341E+02  0.21879E+02  0.28565E+02  0.34145E+02  0.38081E+02  0.39655E+02
  0.39037E+02  0.35868E+02  0.27524E+02  0.11029E+02 -0.12370E+02 -0.35739E+02
 -0.51344E+02 -0.57164E+02 -0.57711E+02 -0.58534E+02 -0.60878E+02 -0.62022E+02
 -0.59289E+02 -0.52186E+02 -0.41101E+02 -0.25955E+02 -0.74331E+01  0.11315E+02
  0.25701E+02  0.32834E+02  0.33107E+02  0.28552E+02  0.20565E+02  0.99566E+01
 -0.14368E+01 -0.10497E+02 -0.14766E+02 -0.14408E+02 -0.11873E+02 -0.97751E+01
 -0.90782E+01 -0.89490E+01 -0.78279E+01 -0.45142E+01  0.13772E+01  0.96054E+01
  0.19360E+02  0.28974E+02  0.36068E+02  0.38807E+02  0.37462E+02  0.34266E+02
  0.31170E+02  0.27884E+02  0.22546E+02  0.14197E+02  0.41245E+01 -0.52609E+01
 -0.12386E+02 -0.17275E+02 -0.20919E+02 -0.24193E+02 -0.27111E+02 -0.28573E+02
 -0.26922E+02 -0.21155E+02 -0.11870E+02 -0.10266E+01  0.91877E+01  0.17243E+02
  0.22463E+02  0.24914E+02  0.25213E+02  0.24072E+02  0.21755E+02  0.18157E+02
  0.13503E+02  0.86166E+01  0.41463E+01 -0.24134E+00 -0.52158E+01 -0.10190E+02
 -0.13176E+02 -0.12759E+02 -0.98189E+01 -0.66807E+01 -0.47319E+01 -0.35765E+01
 -0.22535E+01 -0.15413E+00  0.33616E+01  0.88572E+01  0.15126E+02  0.18632E+02
  0.16403E+02  0.97182E+01  0.34500E+01  0.11582E+01  0.18328E+01  0.22316E+01
  0.12605E+01  0.58089E+00  0.12127E+01  0.13660E+01 -0.15316E+01 -0.74317E+01
 -0.13295E+02 -0.16011E+02 -0.15133E+02 -0.12810E+02 -0.11422E+02 -0.11455E+02
 -0.11387E+02 -0.95002E+01 -0.58655E+01 -0.26241E+01 -0.20605E+01 -0.42103E+01
 -0.64900E+01 -0.60563E+01 -0.25744E+01  0.15277E+01  0.35905E+01  0.32028E+01
  0.19568E+01  0.12435E+01  0.10317E+01  0.90440E+00  0.14432E+01  0.38290E+01
  0.83082E+01  0.13699E+02  0.18475E+02  0.21813E+02  0.23476E+02  0.23361E+02
  0.21608E+02  0.19003E+02  0.16740E+02  0.15684E+02  0.15877E+02  0.16615E+02
  0.16898E+02  0.16010E+02  0.14011E+02  0.11714E+02  0.99190E+01  0.88263E+01
  0.83170E+01  0.84566E+01  0.91481E+01  0.92908E+01  0.71675E+01  0.23610E+01
 -0.29691E+01 -0.54839E+01 -0.36503E+01  0.82620E+00  0.45549E+01  0.51932E+01
  0.25114E+01 -0.25185E+01 -0.88258E+01 -0.15258E+02 -0.20240E+02 -0.22262E+02
 -0.20995E+02 -0.17693E+02 -0.14324E+02 -0.12289E+02 -0.11906E+02 -0.12726E+02
 -0.13966E+02 -0.14747E+02 -0.14358E+02 -0.12485E+02 -0.93765E+01 -0.57805E+01
 -0.27743E+01 -0.14213E+01 -0.21602E+01 -0.43199E+01 -0.64691E+01 -0.75444E+01
 -0.77302E+01 -0.81259E+01 -0.95609E+01 -0.11880E+02 -0.14292E+02 -0.16189E+02
 -0.17440E+02 -0.18147E+02 -0.18279E+02 -0.17606E+02 -0.15902E+02 -0.13290E+02
 -0.10475E+02 -0.85396E+01 -0.81448E+01 -0.88574E+01 -0.94793E+01 -0.91580E+01
 -0.81031E+01 -0.71473E+01 -0.68316E+01 -0.71474E+01 -0.78659E+01 -0.86374E+01
 -0.86648E+01 -0.68847E+01 -0.30027E+01  0.15990E+01  0.44526E+01  0.38308E+01
  0.11855E+00 -0.45596E+01 -0.79858E+01 -0.92452E+01 -0.88048E+01 -0.76532E+01
 -0.64025E+01 -0.51861E+01 -0.40546E+01 -0.32967E+01 -0.32530E+01 -0.39738E+01
 -0.51396E+01 -0.63507E+01 -0.74141E+01 -0.84555E+01 -0.98500E+01 -0.11970E+02
 -0.14825E+02 -0.17880E+02 -0.20292E+02 -0.21539E+02 -0.21821E+02 -0.21885E+02
 -0.22320E+02 -0.22896E+02 -0.22518E+02 -0.20069E+02 -0.15524E+02 -0.10257E+02
 -0.61214E+01 -0.41182E+01 -0.41055E+01 -0.55112E+01 -0.78899E+01 -0.10554E+02
 -0.12240E+02 -0.11749E+02 -0.88813E+01 -0.44032E+01  0.83848E+00  0.62648E+01
  0.10929E+02  0.13250E+02  0.11985E+02  0.72877E+01  0.47100E+00 -0.72010E+01
 -0.14964E+02 -0.22033E+02 -0.27184E+02 -0.29406E+02 -0.28684E+02 -0.25922E+02
 -0.22098E+02 -0.17684E+02 -0.12521E+02 -0.61434E+01  0.16850E+01  0.10230E+02
  0.17548E+02  0.21453E+02  0.20993E+02  0.16938E+02  0.10768E+02  0.34949E+01
 -0.43160E+01 -0.11750E+02 -0.17479E+02 -0.20749E+02 -0.22048E+02 -0.22468E+02
 -0.22565E+02 -0.21978E+02 -0.20095E+02 -0.16785E+02 -0.12450E+02 -0.76412E+01
 -0.26254E+01  0.27611E+01  0.87905E+01  0.15225E+02  0.20895E+02  0.24322E+02
  0.24921E+02  0.23664E+02  0.22323E+02  0.22113E+02  0.23063E+02  0.24464E+02
  0.25636E+02  0.26399E+02  0.26998E+02  0.27708E+02  0.28310E+02  0.27998E+02
  0.26030E+02  0.22744E+02  0.19564E+02  0.17804E+02  0.17423E+02  0.17224E+02
  0.16205E+02  0.14528E+02  0.13129E+02  0.12672E+02  0.12937E+02  0.13160E+02
  0.12651E+02  0.11225E+02  0.92668E+01  0.74670E+01  0.63382E+01  0.58553E+01
  0.55654E+01  0.51335E+01  0.47725E+01  0.50263E+01  0.61076E+01  0.75651E+01
  0.87448E+01  0.94716E+01  0.10153E+02  0.11092E+02  0.11938E+02  0.11903E+02
  0.10420E+02  0.74677E+01  0.35910E+01 -0.50410E-01 -0.19041E+01 -0.10133E+01
  0.18494E+01  0.44855E+01  0.52915E+01  0.48314E+01  0.50056E+01  0.68086E+01
  0.93658E+01  0.11203E+02  0.11861E+02  0.11931E+02  0.12026E+02  0.12297E+02
  0.12763E+02  0.13501E+02  0.14372E+02  0.14897E+02  0.14601E+02  0.13388E+02
  0.11418E+02  0.89354E+01  0.63138E+01  0.41767E+01  0.32152E+01  0.37887E+01
  0.57361E+01  0.85277E+01  0.11637E+02  0.14786E+02  0.17954E+02  0.21074E+02
  0.23803E+02  0.25558E+02  0.25831E+02  0.24503E+02  0.21900E+02  0.18777E+02
  0.16127E+02  0.14764E+02  0.14946E+02  0.16355E+02  0.18450E+02  0.20690E+02
  0.22521E+02  0.23517E+02  0.23731E+02  0.23749E+02  0.24099E+02  0.24729E+02
  0.25189E+02  0.25301E+02  0.25264E+02  0.25213E+02  0.24951E+02  0.24253E+02
  0.23132E+02  0.21630E+02  0.19553E+02  0.16709E+02  0.13261E+02  0.96359E+01
  0.61420E+01  0.29083E+01  0.16765E+00 -0.16836E+01 -0.24444E+01 -0.24115E+01
 -0.21355E+01 -0.20010E+01 -0.21982E+01 -0.28967E+01 -0.42746E+01 -0.62931E+01
 -0.86799E+01 -0.11146E+02 -0.13589E+02 -0.15888E+02 -0.17821E+02 -0.19293E+02
 -0.20637E+02 -0.22393E+02 -0.24705E+02 -0.27164E+02 -0.29281E+02 -0.31016E+02
 -0.32596E+02 -0.34039E+02 -0.35117E+02 -0.35772E+02 -0.36279E+02 -0.36861E+02
 -0.37336E+02 -0.37366E+02 -0.36900E+02 -0.36242E+02 -0.35567E+02 -0.34679E+02
 -0.33285E+02 -0.31335E+02 -0.28974E+02 -0.26142E+02 -0.22448E+02 -0.17640E+02
 -0.12203E+02 -0.73890E+01 -0.44336E+01 -0.36647E+01 -0.43662E+01 -0.54530E+01
 -0.61489E+01 -0.61366E+01 -0.53369E+01 -0.39280E+01 -0.25106E+01 -0.18468E+01
 -0.22765E+01 -0.33208E+01 -0.40393E+01 -0.37663E+01 -0.25361E+01 -0.99426E+00
  0.10565E+00  0.35016E+00 -0.19261E+00 -0.11722E+01 -0.23182E+01 -0.35754E+01
 -0.49849E+01 -0.65593E+01 -0.82944E+01 -0.10206E+02 -0.12208E+02 -0.13994E+02
 -0.15172E+02 -0.15497E+02 -0.15046E+02 -0.14209E+02 -0.13574E+02 -0.13585E+02
 -0.14139E+02 -0.14481E+02 -0.13786E+02 -0.11905E+02 -0.94988E+01 -0.74332E+01
 -0.61210E+01 -0.55367E+01 -0.55728E+01 -0.61729E+01 -0.71042E+01 -0.78600E+01
 -0.79524E+01 -0.73264E+01 -0.64813E+01 -0.61124E+01 -0.66446E+01 -0.79322E+01
 -0.94274E+01 -0.10523E+02 -0.10842E+02 -0.10273E+02 -0.88873E+01 -0.70027E+01
 -0.52064E+01 -0.41237E+01 -0.40921E+01 -0.49838E+01 -0.63799E+01 -0.78043E+01
 -0.88265E+01 -0.90778E+01 -0.83893E+01 -0.68817E+01 -0.48898E+01 -0.27338E+01
 -0.62006E+00  0.13120E+01  0.28366E+01  0.37405E+01  0.40383E+01  0.40924E+01
  0.44441E+01  0.53849E+01  0.67532E+01  0.81931E+01  0.95302E+01  0.10811E+02
  0.11885E+02  0.12290E+02  0.11636E+02  0.10073E+02  0.81696E+01  0.64219E+01
  0.50711E+01  0.43347E+01  0.44767E+01  0.54034E+01  0.64741E+01  0.69729E+01
  0.67833E+01  0.63304E+01  0.60018E+01  0.58576E+01  0.59423E+01  0.65206E+01
  0.77218E+01  0.92774E+01  0.10830E+02  0.12357E+02  0.13988E+02  0.15532E+02
  0.16524E+02  0.16785E+02  0.16533E+02  0.15808E+02  0.14224E+02  0.11604E+02
  0.87427E+01  0.69864E+01  0.69666E+01  0.80404E+01  0.90914E+01  0.95363E+01
  0.94824E+01  0.90634E+01  0.82473E+01  0.72163E+01  0.65504E+01  0.66948E+01
  0.74230E+01  0.80685E+01  0.82050E+01  0.78617E+01  0.71110E+01  0.57482E+01
  0.36039E+01  0.90144E+00 -0.17812E+01 -0.38718E+01 -0.48973E+01 -0.44924E+01
 -0.27053E+01 -0.40807E+00  0.11073E+01  0.12119E+01  0.45816E+00 -0.15104E+00
 -0.32683E+00 -0.51683E+00 -0.93630E+00 -0.11178E+01 -0.68469E+00 -0.15797E+00
 -0.52093E+00 -0.19487E+01 -0.34647E+01 -0.39208E+01 -0.32046E+01 -0.22671E+01
 -0.20946E+01 -0.28626E+01 -0.39873E+01 -0.47866E+01 -0.50616E+01 -0.50621E+01
 -0.50905E+01 -0.52012E+01 -0.53522E+01 -0.57201E+01 -0.66815E+01 -0.83468E+01
 -0.10161E+02 -0.11161E+02 -0.10617E+02 -0.85073E+01 -0.54911E+01 -0.26049E+01
 -0.91422E+00 -0.11215E+01 -0.31501E+01 -0.60994E+01 -0.87538E+01 -0.10278E+02
 -0.10562E+02 -0.99792E+01 -0.89144E+01 -0.75072E+01 -0.58022E+01 -0.39815E+01
 -0.23361E+01 -0.97143E+00  0.30306E+00  0.16678E+01  0.30213E+01  0.42897E+01
  0.58387E+01  0.82062E+01  0.11135E+02  0.13284E+02  0.13318E+02  0.11249E+02
  0.83310E+01  0.56591E+01  0.33160E+01  0.97582E+00 -0.12084E+01 -0.26030E+01
 -0.28843E+01 -0.23834E+01 -0.18202E+01 -0.19426E+01 -0.32125E+01 -0.53686E+01
 -0.72364E+01 -0.74807E+01 -0.58155E+01 -0.33061E+01 -0.12816E+01 -0.19742E+00
  0.29770E+00  0.47284E+00  0.13499E+00 -0.92228E+00 -0.25602E+01 -0.44220E+01
 -0.61704E+01 -0.74148E+01 -0.77411E+01 -0.70366E+01 -0.57341E+01 -0.44772E+01
 -0.36449E+01 -0.32237E+01 -0.31024E+01 -0.32279E+01 -0.35090E+01 -0.37931E+01
 -0.39666E+01 -0.39957E+01 -0.37925E+01 -0.31618E+01 -0.20433E+01 -0.69580E+00
  0.47587E+00  0.12742E+01  0.17691E+01  0.21029E+01  0.22976E+01  0.23757E+01
  0.24942E+01  0.27598E+01  0.29658E+01  0.27018E+01  0.18116E+01  0.68801E+00
 -0.82741E-01 -0.27649E+00 -0.41728E-01  0.55224E+00  0.16900E+01  0.34490E+01
  0.54761E+01  0.73140E+01  0.89160E+01  0.10609E+02  0.12498E+02  0.14134E+02
  0.14870E+02  0.14467E+02  0.13268E+02  0.11871E+02  0.10643E+02  0.95860E+01
  0.84973E+01  0.73296E+01  0.63060E+01  0.56708E+01  0.53159E+01  0.48137E+01
  0.38359E+01  0.24635E+01  0.10067E+01 -0.40460E+00 -0.18273E+01 -0.31739E+01
 -0.40948E+01 -0.42885E+01 -0.39158E+01 -0.35338E+01 -0.35801E+01 -0.38812E+01
 -0.38196E+01 -0.29226E+01 -0.13343E+01  0.34465E+00  0.16241E+01  0.24618E+01
  0.31635E+01  0.40436E+01  0.52694E+01  0.68548E+01  0.86328E+01  0.10269E+02
  0.11393E+02  0.11817E+02  0.11601E+02  0.10935E+02  0.10025E+02  0.90664E+01
  0.82323E+01  0.75917E+01  0.70325E+01  0.63659E+01  0.55893E+01  0.49226E+01
  0.45591E+01  0.43654E+01  0.40419E+01  0.35454E+01  0.30972E+01  0.26630E+01
  0.16596E+01 -0.35526E+00 -0.29253E+01 -0.49854E+01 -0.60229E+01 -0.65676E+01
 -0.72964E+01 -0.80680E+01 -0.82722E+01 -0.78485E+01 -0.74614E+01 -0.76150E+01
 -0.81057E+01 -0.85060E+01 -0.88606E+01 -0.95841E+01 -0.10814E+02 -0.12126E+02
 -0.12841E+02 -0.12505E+02 -0.11231E+02 -0.97472E+01 -0.90427E+01 -0.96608E+01
 -0.11234E+02 -0.12857E+02 -0.13929E+02 -0.14522E+02 -0.14925E+02 -0.15090E+02
 -0.14685E+02 -0.13542E+02 -0.11812E+02 -0.97338E+01 -0.74736E+01 -0.53273E+01
 -0.37927E+01 -0.32411E+01 -0.34769E+01 -0.37861E+01 -0.34640E+01 -0.23205E+01
 -0.67528E+00  0.10294E+01  0.25103E+01  0.36878E+01  0.45485E+01  0.50773E+01
  0.52295E+01  0.49457E+01  0.42937E+01  0.35025E+01  0.28502E+01  0.24107E+01
  0.19456E+01  0.11516E+01  0.32075E-01 -0.92033E+00 -0.10739E+01 -0.28419E+00
  0.74346E+00  0.93825E+00 -0.15571E+00 -0.19127E+01 -0.31992E+01 -0.34176E+01
 -0.29202E+01 -0.24361E+01 -0.23915E+01 -0.27718E+01 -0.34576E+01 -0.44722E+01
 -0.58666E+01 -0.73148E+01 -0.79982E+01 -0.70324E+01 -0.43420E+01 -0.11018E+01
  0.10250E+01  0.13276E+01  0.57636E+00 -0.38821E-01 -0.21503E+00 -0.56675E+00
 -0.15020E+01 -0.26071E+01 -0.32139E+01 -0.32172E+01 -0.29995E+01 -0.28329E+01
 -0.26236E+01 -0.22531E+01 -0.17778E+01 -0.12823E+01 -0.65124E+00  0.30873E+00
  0.15602E+01  0.27837E+01  0.35655E+01  0.37570E+01  0.35727E+01  0.34082E+01
  0.34926E+01  0.37273E+01  0.38233E+01  0.36019E+01  0.31542E+01  0.27344E+01
  0.25672E+01  0.27649E+01  0.33681E+01  0.43816E+01  0.56585E+01  0.68229E+01
  0.74600E+01  0.75074E+01  0.74111E+01  0.77198E+01  0.84728E+01  0.91328E+01
  0.92085E+01  0.88313E+01  0.85423E+01  0.86386E+01  0.89160E+01  0.90263E+01
  0.88559E+01  0.84223E+01  0.77169E+01  0.68750E+01  0.63312E+01  0.64724E+01
  0.71068E+01  0.75374E+01  0.72649E+01  0.64323E+01  0.55144E+01  0.47581E+01
  0.41176E+01  0.36161E+01  0.33891E+01  0.34826E+01  0.36808E+01  0.37572E+01
  0.37401E+01  0.38786E+01  0.43771E+01  0.51448E+01  0.57821E+01  0.58302E+01
  0.50991E+01  0.38810E+01  0.27961E+01  0.23202E+01  0.24846E+01  0.29686E+01
  0.34588E+01  0.38355E+01  0.40621E+01  0.40366E+01  0.37081E+01  0.33059E+01
  0.32294E+01  0.36033E+01  0.40537E+01  0.41047E+01  0.37790E+01  0.35610E+01
  0.37649E+01  0.42127E+01  0.46178E+01  0.49805E+01  0.51984E+01  0.45669E+01
  0.22783E+01 -0.14550E+01 -0.51600E+01 -0.74035E+01 -0.80462E+01 -0.80292E+01
 -0.81027E+01 -0.81223E+01 -0.76066E+01 -0.64451E+01 -0.49663E+01 -0.36347E+01
 -0.28300E+01 -0.26657E+01 -0.29176E+01 -0.31071E+01 -0.28916E+01 -0.21776E+01
 -0.93946E+00  0.83969E+00  0.28852E+01  0.45681E+01  0.53754E+01  0.53729E+01
  0.49571E+01  0.43144E+01  0.34110E+01  0.23290E+01  0.12330E+01 -0.48141E-02
 -0.17013E+01 -0.37885E+01 -0.57229E+01 -0.71757E+01 -0.84501E+01 -0.98376E+01
 -0.10919E+02 -0.10962E+02 -0.99076E+01 -0.84286E+01 -0.70431E+01 -0.56744E+01
 -0.42182E+01 -0.30987E+01 -0.28293E+01 -0.33501E+01 -0.41741E+01 -0.50206E+01
 -0.59294E+01 -0.68496E+01 -0.75969E+01 -0.82140E+01 -0.89757E+01 -0.98278E+01
 -0.10275E+02 -0.10019E+02 -0.94186E+01 -0.89139E+01 -0.82816E+01 -0.68226E+01
 -0.42330E+01 -0.93803E+00  0.24475E+01  0.55809E+01  0.81874E+01  0.97744E+01
  0.99449E+01  0.88972E+01  0.75125E+01  0.67795E+01  0.71567E+01  0.82932E+01
  0.92963E+01  0.94247E+01  0.86234E+01  0.74513E+01  0.64065E+01  0.55006E+01
  0.45638E+01  0.36720E+01  0.30692E+01  0.27754E+01  0.25379E+01  0.23090E+01
  0.23465E+01  0.27833E+01  0.31778E+01  0.28414E+01  0.15473E+01 -0.20548E+00
 -0.16523E+01 -0.22408E+01 -0.17558E+01 -0.20288E+00  0.21234E+01  0.45743E+01
  0.63795E+01  0.70202E+01  0.64941E+01  0.52596E+01  0.41301E+01  0.40374E+01
  0.54684E+01  0.79392E+01  0.10130E+02  0.10954E+02  0.10463E+02  0.95990E+01
  0.91070E+01  0.88954E+01  0.85957E+01  0.82821E+01  0.83368E+01  0.87481E+01
  0.89105E+01  0.83842E+01  0.75180E+01  0.70883E+01  0.73806E+01  0.78915E+01
  0.80396E+01  0.79127E+01  0.80496E+01  0.85827E+01  0.89120E+01  0.83067E+01
  0.66957E+01  0.46231E+01  0.25671E+01  0.59935E+00 -0.12185E+01 -0.24924E+01
 -0.28455E+01 -0.24823E+01 -0.20849E+01 -0.20303E+01 -0.19956E+01 -0.13461E+01
  0.17020E+00  0.22502E+01  0.43188E+01  0.58634E+01  0.65527E+01  0.63664E+01
  0.56649E+01  0.50820E+01  0.50885E+01  0.56616E+01  0.63167E+01  0.65896E+01
  0.64770E+01  0.63786E+01  0.65977E+01  0.69553E+01  0.69705E+01  0.63452E+01
  0.51279E+01  0.34491E+01  0.13593E+01 -0.92859E+00 -0.28172E+01 -0.36690E+01
 -0.34359E+01 -0.28515E+01 -0.29045E+01 -0.40934E+01 -0.60810E+01 -0.79326E+01
 -0.88102E+01 -0.85204E+01 -0.75618E+01 -0.66007E+01 -0.58578E+01 -0.51489E+01
 -0.43150E+01 -0.34871E+01 -0.28915E+01 -0.25990E+01 -0.26066E+01 -0.29938E+01
 -0.37380E+01 -0.44252E+01 -0.44248E+01 -0.34577E+01 -0.19560E+01 -0.72826E+00
 -0.25718E+00 -0.40087E+00 -0.64361E+00 -0.62007E+00 -0.38976E+00 -0.27564E+00
 -0.55523E+00 -0.12002E+01 -0.19189E+01 -0.23970E+01 -0.25322E+01 -0.24800E+01
 -0.24395E+01 -0.24499E+01 -0.23531E+01 -0.20093E+01 -0.14955E+01 -0.11377E+01
 -0.12756E+01 -0.19665E+01 -0.28466E+01 -0.33103E+01 -0.30404E+01 -0.22861E+01
 -0.16535E+01 -0.15054E+01 -0.17311E+01 -0.21806E+01 -0.31177E+01 -0.49128E+01
 -0.72885E+01 -0.91515E+01 -0.95472E+01 -0.86430E+01 -0.75488E+01 -0.71570E+01
 -0.73318E+01 -0.73026E+01 -0.66590E+01 -0.57800E+01 -0.53202E+01 -0.55207E+01
 -0.60666E+01 -0.64907E+01 -0.66342E+01 -0.65854E+01 -0.64089E+01 -0.60173E+01
 -0.54642E+01 -0.52198E+01 -0.59724E+01 -0.80086E+01 -0.10798E+02 -0.13191E+02
 -0.14145E+02 -0.13382E+02 -0.11523E+02 -0.96159E+01 -0.84084E+01 -0.79514E+01
 -0.78007E+01 -0.75903E+01 -0.73009E+01 -0.70279E+01 -0.66391E+01 -0.59274E+01
 -0.50260E+01 -0.44418E+01 -0.44807E+01 -0.47860E+01 -0.46096E+01 -0.36203E+01
 -0.22543E+01 -0.12565E+01 -0.10094E+01 -0.12891E+01 -0.16171E+01 -0.16051E+01
 -0.10973E+01 -0.22698E+00  0.52998E+00  0.51647E+00 -0.66694E+00 -0.26974E+01
 -0.46768E+01 -0.57554E+01 -0.57207E+01 -0.49666E+01 -0.40085E+01 -0.30703E+01
 -0.20696E+01 -0.77166E+00  0.10191E+01  0.32265E+01  0.53063E+01  0.63888E+01
  0.59248E+01  0.42797E+01  0.26374E+01  0.21224E+01  0.30408E+01  0.48230E+01
  0.65713E+01  0.76315E+01  0.77425E+01  0.69838E+01  0.56360E+01  0.41011E+01
  0.27790E+01  0.19638E+01  0.17065E+01  0.18373E+01  0.21239E+01  0.24843E+01
  0.29575E+01  0.34369E+01  0.35365E+01  0.29621E+01  0.19712E+01  0.12948E+01
  0.14226E+01  0.21143E+01  0.27407E+01  0.29763E+01  0.29088E+01  0.26005E+01
  0.18616E+01  0.59574E+00 -0.92206E+00 -0.23380E+01 -0.36207E+01 -0.49092E+01
 -0.60615E+01 -0.66278E+01 -0.64091E+01 -0.57630E+01 -0.52611E+01 -0.51277E+01
 -0.52322E+01 -0.54129E+01 -0.56223E+01 -0.57180E+01 -0.54118E+01 -0.44937E+01
 -0.30316E+01 -0.13033E+01  0.27761E+00  0.11845E+01  0.99511E+00 -0.24543E+00
 -0.18824E+01 -0.31566E+01 -0.37597E+01 -0.38501E+01 -0.35212E+01 -0.26314E+01
 -0.11552E+01  0.43702E+00  0.14486E+01  0.15764E+01  0.11092E+01  0.55996E+00
  0.10140E+00 -0.49045E+00 -0.13938E+01 -0.23227E+01 -0.26652E+01 -0.21013E+01
 -0.96209E+00  0.85840E-01  0.65838E+00  0.85135E+00  0.85150E+00  0.63929E+00
  0.21461E+00 -0.91077E-01  0.19799E+00  0.12067E+01  0.25381E+01  0.35637E+01
  0.39039E+01  0.35415E+01  0.27115E+01  0.16864E+01  0.61575E+00 -0.45198E+00
 -0.14206E+01 -0.20096E+01 -0.20039E+01 -0.15987E+01 -0.14088E+01 -0.19384E+01
 -0.30741E+01 -0.41730E+01 -0.46150E+01 -0.42579E+01 -0.34533E+01 -0.27989E+01
 -0.28442E+01 -0.37534E+01 -0.51668E+01 -0.63876E+01 -0.68494E+01 -0.65008E+01
 -0.56992E+01 -0.48690E+01 -0.42685E+01 -0.40079E+01 -0.40816E+01 -0.42882E+01
 -0.42288E+01 -0.35348E+01 -0.21752E+01 -0.46138E+00  0.12525E+01  0.27340E+01
  0.37506E+01  0.39774E+01  0.32890E+01  0.20058E+01  0.67734E+00 -0.42469E+00
 -0.14077E+01 -0.23850E+01 -0.31924E+01 -0.37307E+01 -0.42123E+01 -0.48638E+01
 -0.54361E+01 -0.53314E+01 -0.43172E+01 -0.27936E+01 -0.13093E+01  0.19093E-01
  0.14240E+01  0.30499E+01  0.47465E+01  0.61854E+01  0.70493E+01  0.71682E+01
  0.67205E+01  0.62502E+01  0.62611E+01  0.67964E+01  0.74193E+01  0.76941E+01
  0.74757E+01  0.68440E+01  0.59318E+01  0.50108E+01  0.45065E+01  0.47101E+01
  0.54578E+01  0.63075E+01  0.69049E+01  0.71370E+01  0.69329E+01  0.62245E+01
  0.51989E+01  0.44451E+01  0.45072E+01  0.53397E+01  0.63280E+01  0.69681E+01
  0.72908E+01  0.76020E+01  0.79049E+01  0.78619E+01  0.72809E+01  0.64227E+01
  0.57143E+01  0.52152E+01  0.46033E+01  0.36258E+01  0.24499E+01  0.15347E+01
  0.12398E+01  0.16755E+01  0.26922E+01  0.39609E+01  0.50144E+01  0.53965E+01
  0.49090E+01  0.36963E+01  0.21039E+01  0.51442E+00 -0.69537E+00 -0.11773E+01
 -0.77539E+00  0.25535E+00  0.12663E+01  0.16312E+01  0.12430E+01  0.65068E+00
  0.65295E+00  0.16752E+01  0.34367E+01  0.51841E+01  0.61978E+01  0.62597E+01
  0.56646E+01  0.49729E+01  0.46638E+01  0.48418E+01  0.52267E+01  0.53905E+01
  0.51521E+01  0.47352E+01  0.45480E+01  0.47713E+01  0.51844E+01  0.54050E+01
  0.52572E+01  0.48658E+01  0.44375E+01  0.39954E+01  0.34425E+01  0.28444E+01
  0.25380E+01  0.28887E+01  0.38798E+01  0.49502E+01  0.52980E+01  0.45044E+01
  0.29516E+01  0.16282E+01  0.13756E+01  0.22816E+01  0.37343E+01  0.50169E+01
  0.57446E+01  0.58913E+01  0.55990E+01  0.50970E+01  0.47030E+01  0.46627E+01
  0.50247E+01  0.57070E+01  0.66044E+01  0.75584E+01  0.82377E+01  0.83306E+01
  0.78401E+01  0.70465E+01  0.61081E+01  0.48812E+01  0.32547E+01  0.14979E+01
  0.69649E-01 -0.82882E+00 -0.13591E+01 -0.17336E+01 -0.19976E+01 -0.21284E+01
 -0.21404E+01 -0.19851E+01 -0.15778E+01 -0.94095E+00 -0.25887E+00  0.35801E+00
  0.10034E+01  0.16910E+01  0.21098E+01  0.18967E+01  0.11482E+01  0.41684E+00
  0.84810E-01 -0.35921E-02 -0.18830E+00 -0.44951E+00 -0.50113E+00 -0.34592E+00
 -0.43720E+00 -0.11318E+01 -0.21749E+01 -0.29488E+01 -0.31618E+01 -0.31426E+01
 -0.34124E+01 -0.41579E+01 -0.51586E+01 -0.60854E+01 -0.67548E+01 -0.72000E+01
 -0.75687E+01 -0.80170E+01 -0.85388E+01 -0.89161E+01 -0.88858E+01 -0.84558E+01
 -0.79182E+01 -0.76131E+01 -0.77100E+01 -0.81779E+01 -0.88813E+01 -0.96042E+01
 -0.10117E+02 -0.10339E+02 -0.10450E+02 -0.10694E+02 -0.11077E+02 -0.11356E+02
 -0.11303E+02 -0.10912E+02 -0.10281E+02 -0.94266E+01 -0.83651E+01 -0.72468E+01
 -0.63410E+01 -0.58062E+01 -0.56001E+01 -0.55528E+01 -0.54684E+01 -0.51178E+01
 -0.43451E+01 -0.32636E+01 -0.23071E+01 -0.18347E+01 -0.17446E+01 -0.15754E+01
 -0.11285E+01 -0.81190E+00 -0.12006E+01 -0.22663E+01 -0.32359E+01 -0.33102E+01
 -0.24129E+01 -0.11164E+01  0.64279E-01  0.10579E+01  0.20118E+01  0.28610E+01
  0.33277E+01  0.32475E+01  0.27255E+01  0.19573E+01  0.10388E+01 -0.99682E-02
 -0.11522E+01 -0.22747E+01 -0.32356E+01 -0.38424E+01 -0.39029E+01 -0.33879E+01
 -0.25416E+01 -0.17661E+01 -0.13249E+01 -0.11529E+01 -0.96375E+00 -0.54802E+00
  0.65962E-01  0.66579E+00  0.11013E+01  0.13867E+01  0.16665E+01  0.19830E+01
  0.21551E+01  0.18513E+01  0.93854E+00 -0.31422E+00 -0.14084E+01 -0.20606E+01
 -0.24125E+01 -0.27559E+01 -0.30966E+01 -0.31086E+01 -0.26136E+01 -0.18579E+01
 -0.12779E+01 -0.10294E+01 -0.95078E+00 -0.92314E+00 -0.99179E+00 -0.11200E+01
 -0.11065E+01 -0.86642E+00 -0.65747E+00 -0.79415E+00 -0.12112E+01 -0.15689E+01
 -0.16092E+01 -0.12954E+01 -0.62473E+00  0.33766E+00  0.11698E+01  0.12796E+01
  0.56223E+00 -0.28262E+00 -0.45042E+00  0.78620E-01  0.61332E+00  0.66930E+00
  0.47882E+00  0.53485E+00  0.93918E+00  0.13663E+01  0.15639E+01  0.16142E+01
  0.17240E+01  0.19273E+01  0.21079E+01  0.21922E+01  0.22907E+01  0.25223E+01
  0.27965E+01  0.27675E+01  0.21804E+01  0.11940E+01  0.31803E+00 -0.36663E-01
  0.13545E+00  0.55973E+00  0.10179E+01  0.14422E+01  0.17928E+01  0.20074E+01
  0.20663E+01  0.19467E+01  0.16033E+01  0.10418E+01  0.44064E+00  0.49087E-01
 -0.73342E-01 -0.10512E+00 -0.21910E+00 -0.42646E+00 -0.71319E+00 -0.12237E+01
 -0.20797E+01 -0.30606E+01 -0.36304E+01 -0.34158E+01 -0.25835E+01 -0.16919E+01
 -0.11261E+01 -0.80363E+00 -0.42186E+00  0.64769E-01  0.33043E+00  0.32454E-01
 -0.77266E+00 -0.16259E+01 -0.20995E+01 -0.21143E+01 -0.18514E+01 -0.14582E+01
 -0.96591E+00 -0.47362E+00 -0.20789E+00 -0.24820E+00 -0.33086E+00 -0.53883E-01
  0.66227E+00  0.14605E+01  0.19274E+01  0.20428E+01  0.20764E+01  0.21751E+01
  0.22424E+01  0.22362E+01  0.23859E+01  0.29546E+01  0.38153E+01  0.44692E+01
  0.45421E+01  0.40998E+01  0.34336E+01  0.27532E+01  0.21125E+01  0.15738E+01
  0.11994E+01  0.87594E+00  0.36559E+00 -0.38559E+00 -0.11226E+01 -0.15281E+01
 -0.15202E+01 -0.12544E+01 -0.84412E+00 -0.26670E+00  0.55429E+00  0.16104E+01
  0.27685E+01  0.37623E+01  0.43426E+01  0.44384E+01  0.42255E+01  0.39616E+01
  0.37600E+01  0.35783E+01  0.34022E+01  0.33904E+01  0.36988E+01  0.42506E+01
  0.47261E+01  0.48617E+01  0.47310E+01  0.46682E+01  0.48831E+01  0.51574E+01
  0.50975E+01  0.46127E+01  0.40458E+01  0.36829E+01  0.33539E+01  0.27359E+01
  0.19708E+01  0.16900E+01  0.22505E+01  0.31452E+01  0.33998E+01  0.25213E+01
  0.95451E+00 -0.34325E+00 -0.74017E+00 -0.30147E+00  0.37521E+00  0.74876E+00
  0.70311E+00  0.45918E+00  0.18690E+00 -0.20432E+00 -0.78818E+00 -0.12587E+01
 -0.11429E+01 -0.37555E+00  0.45980E+00  0.65210E+00  0.11356E+00 -0.54108E+00
 -0.64050E+00 -0.15924E+00  0.28235E+00  0.10366E+00 -0.62744E+00 -0.13415E+01
 -0.16336E+01 -0.16678E+01 -0.18239E+01 -0.21187E+01 -0.21558E+01 -0.16745E+01
 -0.86461E+00 -0.10288E+00  0.48048E+00  0.99575E+00  0.14912E+01  0.18225E+01
  0.18165E+01  0.14169E+01  0.70287E+00 -0.12162E+00 -0.70534E+00 -0.74239E+00
 -0.22415E+00  0.49795E+00  0.98500E+00  0.10273E+01  0.76368E+00  0.51990E+00
  0.55942E+00  0.92749E+00  0.14231E+01  0.17883E+01  0.18901E+01  0.17823E+01
  0.16463E+01  0.16914E+01  0.20540E+01  0.26712E+01  0.32462E+01  0.34782E+01
  0.33507E+01  0.30986E+01  0.28717E+01  0.26196E+01  0.22654E+01  0.18206E+01
  0.12257E+01  0.26814E+00 -0.10775E+01 -0.23834E+01 -0.30662E+01 -0.29671E+01
 -0.24148E+01 -0.17888E+01 -0.13130E+01 -0.11346E+01 -0.13556E+01 -0.17493E+01
 -0.18231E+01 -0.13019E+01 -0.41536E+00  0.45714E+00  0.12163E+01  0.19272E+01
  0.24597E+01  0.25562E+01  0.22020E+01  0.16297E+01  0.94710E+00  0.80396E-01
 -0.88841E+00 -0.15740E+01 -0.16221E+01 -0.10555E+01 -0.18301E+00  0.59317E+00
  0.87651E+00  0.49123E+00 -0.31035E+00 -0.97591E+00 -0.11798E+01 -0.10127E+01
 -0.52536E+00  0.49159E+00  0.19732E+01  0.30921E+01  0.28798E+01  0.14381E+01
 -0.77359E-01 -0.71185E+00 -0.64375E+00 -0.57000E+00 -0.75109E+00 -0.95226E+00
 -0.11589E+01 -0.16968E+01 -0.26516E+01 -0.35889E+01 -0.40250E+01 -0.39315E+01
 -0.36339E+01 -0.34355E+01 -0.33873E+01 -0.33134E+01 -0.30129E+01 -0.24462E+01
 -0.19419E+01 -0.19587E+01 -0.26326E+01 -0.35958E+01 -0.43802E+01 -0.48302E+01
 -0.50428E+01 -0.50453E+01 -0.48156E+01 -0.45719E+01 -0.47275E+01 -0.54014E+01
 -0.62084E+01 -0.66332E+01 -0.65112E+01 -0.60010E+01 -0.52617E+01 -0.43861E+01
 -0.36549E+01 -0.34849E+01 -0.39520E+01 -0.44815E+01 -0.43764E+01 -0.36085E+01
 -0.29341E+01 -0.30500E+01 -0.37919E+01 -0.43129E+01 -0.40775E+01 -0.33888E+01
 -0.29325E+01 -0.29748E+01 -0.32039E+01 -0.32887E+01 -0.32402E+01 -0.32173E+01
 -0.31519E+01 -0.28455E+01 -0.23014E+01 -0.17912E+01 -0.15530E+01 -0.14819E+01
 -0.12606E+01 -0.71363E+00 -0.51476E-02  0.55603E+00  0.81695E+00  0.86543E+00
  0.79779E+00  0.50067E+00 -0.17600E+00 -0.10963E+01 -0.18126E+01 -0.20191E+01
 -0.18771E+01 -0.17748E+01 -0.17829E+01 -0.15757E+01 -0.95223E+00 -0.21821E+00
  0.15606E+00  0.11961E+00  0.15962E+00  0.68120E+00  0.15229E+01  0.21096E+01
  0.21100E+01  0.17421E+01  0.14337E+01  0.13294E+01  0.12136E+01  0.85138E+00
  0.33904E+00 -0.45796E-01 -0.11339E+00  0.11080E+00  0.49932E+00  0.98971E+00
  0.15425E+01  0.20924E+01  0.26028E+01  0.30961E+01  0.35327E+01  0.37314E+01
  0.35278E+01  0.30552E+01  0.27072E+01  0.27417E+01  0.29121E+01  0.26859E+01
  0.18081E+01  0.59339E+00 -0.39757E+00 -0.82496E+00 -0.72818E+00 -0.26311E+00
  0.44824E+00  0.12645E+01  0.19873E+01  0.25175E+01  0.29344E+01  0.33852E+01
  0.38303E+01  0.40886E+01  0.40579E+01  0.38345E+01  0.35745E+01  0.32945E+01
  0.29152E+01  0.24087E+01  0.18965E+01  0.16534E+01  0.18946E+01  0.25381E+01
  0.31845E+01  0.34172E+01  0.32052E+01  0.28119E+01  0.23960E+01  0.17874E+01
  0.82198E+00 -0.29078E+00 -0.10664E+01 -0.12303E+01 -0.94937E+00 -0.52394E+00
 -0.56074E-01  0.52227E+00  0.12196E+01  0.18291E+01  0.20647E+01  0.18216E+01
  0.13178E+01  0.95010E+00  0.94775E+00  0.12003E+01  0.14416E+01  0.15498E+01
  0.16041E+01  0.16584E+01  0.16418E+01  0.14894E+01  0.12718E+01  0.11221E+01
  0.10716E+01  0.10665E+01  0.10528E+01  0.10107E+01  0.10141E+01  0.12526E+01
  0.18819E+01  0.27775E+01  0.34891E+01  0.36907E+01  0.35494E+01  0.35189E+01
  0.37799E+01  0.40892E+01  0.41293E+01  0.38324E+01  0.32862E+01  0.25275E+01
  0.16158E+01  0.72127E+00  0.50194E-02 -0.53835E+00 -0.92029E+00 -0.96225E+00
 -0.47738E+00  0.43522E+00  0.13818E+01  0.20480E+01  0.23318E+01  0.21594E+01
  0.13951E+01  0.17183E+00 -0.94370E+00 -0.13483E+01 -0.95982E+00 -0.21715E+00
  0.46316E+00  0.97638E+00  0.13111E+01  0.12549E+01  0.65766E+00 -0.16624E+00
 -0.57933E+00 -0.22762E+00  0.60574E+00  0.12831E+01  0.13488E+01  0.80535E+00
  0.98284E-02 -0.46843E+00 -0.14503E+00  0.99410E+00  0.23118E+01  0.30005E+01
  0.28367E+01  0.23783E+01  0.22711E+01  0.25037E+01  0.26062E+01  0.23545E+01
  0.20236E+01  0.18908E+01  0.18515E+01  0.17047E+01  0.15380E+01  0.15639E+01
  0.16549E+01  0.14146E+01  0.69834E+00 -0.23602E+00 -0.11307E+01 -0.19886E+01
 -0.28012E+01 -0.32512E+01 -0.29901E+01 -0.20693E+01 -0.93578E+00  0.24963E-01
  0.67974E+00  0.10283E+01  0.10543E+01  0.83672E+00  0.56491E+00  0.36140E+00
  0.15493E+00 -0.96801E-01 -0.24367E+00 -0.11589E+00  0.15924E+00  0.24459E+00
 -0.29838E-01 -0.42037E+00 -0.55324E+00 -0.36875E+00 -0.23815E+00 -0.60889E+00
 -0.15292E+01 -0.25145E+01 -0.29761E+01 -0.27519E+01 -0.21708E+01 -0.15956E+01
 -0.10373E+01 -0.34577E+00  0.34851E+00  0.60937E+00  0.18193E+00 -0.63079E+00
 -0.12027E+01 -0.12251E+01 -0.98121E+00 -0.10489E+01 -0.17568E+01 -0.28699E+01
 -0.37393E+01 -0.37871E+01 -0.30390E+01 -0.21833E+01 -0.20245E+01 -0.27778E+01
 -0.39136E+01 -0.46894E+01 -0.47571E+01 -0.42216E+01 -0.32893E+01 -0.20797E+01
 -0.72832E+00  0.49558E+00  0.13059E+01  0.14873E+01  0.89269E+00 -0.44701E+00
 -0.21266E+01 -0.34067E+01 -0.37580E+01 -0.32535E+01 -0.23583E+01 -0.13412E+01
 -0.18533E+00  0.10583E+01  0.21801E+01  0.31632E+01  0.43388E+01  0.58630E+01
  0.72681E+01  0.78941E+01  0.76933E+01  0.73447E+01  0.75063E+01  0.81464E+01
  0.86450E+01  0.83930E+01  0.72203E+01  0.55295E+01  0.39942E+01  0.30537E+01
  0.25438E+01  0.20085E+01  0.14136E+01  0.12890E+01  0.20028E+01  0.30879E+01
  0.37277E+01  0.37026E+01  0.35181E+01  0.35890E+01  0.36966E+01  0.33651E+01
  0.25182E+01  0.14190E+01  0.27740E+00 -0.77074E+00 -0.14081E+01 -0.13289E+01
 -0.74546E+00 -0.42264E+00 -0.93830E+00 -0.20119E+01 -0.27486E+01 -0.25391E+01
 -0.15733E+01 -0.53952E+00  0.97794E-01  0.37805E+00  0.59601E+00  0.93863E+00
  0.13690E+01  0.17059E+01  0.16887E+01  0.10172E+01 -0.40779E+00 -0.22747E+01
 -0.39151E+01 -0.47933E+01 -0.48787E+01 -0.45530E+01 -0.41765E+01 -0.38765E+01
 -0.37125E+01 -0.37269E+01 -0.38178E+01 -0.36679E+01 -0.30818E+01 -0.22776E+01
 -0.17709E+01 -0.18392E+01 -0.22898E+01 -0.27292E+01 -0.29675E+01 -0.30216E+01
 -0.28860E+01 -0.25209E+01 -0.19972E+01 -0.15415E+01 -0.13663E+01 -0.14941E+01
 -0.17777E+01 -0.19934E+01 -0.19145E+01 -0.14078E+01 -0.58388E+00  0.20887E+00
  0.62769E+00  0.59610E+00  0.25577E+00 -0.28289E+00 -0.98584E+00 -0.17766E+01
 -0.24428E+01 -0.28511E+01 -0.31150E+01 -0.34186E+01 -0.36825E+01 -0.35357E+01
 -0.27006E+01 -0.14066E+01 -0.26836E+00  0.17022E+00 -0.16174E+00 -0.87895E+00
 -0.14829E+01 -0.16505E+01 -0.13678E+01 -0.88399E+00 -0.58430E+00 -0.78317E+00
 -0.15061E+01 -0.24443E+01 -0.31304E+01 -0.32330E+01 -0.27152E+01 -0.17952E+01
 -0.82143E+00 -0.18472E+00 -0.14286E+00 -0.68739E+00 -0.15294E+01 -0.23146E+01
 -0.27968E+01 -0.28400E+01 -0.24018E+01 -0.16206E+01 -0.81961E+00 -0.24812E+00
  0.14489E+00  0.54080E+00  0.83460E+00  0.67805E+00  0.40024E-01 -0.53860E+00
 -0.46294E+00  0.26149E+00  0.11133E+01  0.16990E+01  0.20834E+01  0.24423E+01
  0.27701E+01  0.30412E+01  0.34285E+01  0.40480E+01  0.46789E+01  0.49074E+01
  0.46007E+01  0.40305E+01  0.35141E+01  0.30827E+01  0.26343E+01  0.22255E+01
  0.20802E+01  0.23088E+01  0.27300E+01  0.30350E+01  0.30964E+01  0.30360E+01
  0.29615E+01  0.27112E+01  0.19795E+01  0.71796E+00 -0.67663E+00 -0.17115E+01
 -0.23073E+01 -0.28068E+01 -0.35131E+01 -0.43355E+01 -0.49287E+01 -0.51051E+01
 -0.49476E+01 -0.46200E+01 -0.41763E+01 -0.36192E+01 -0.30508E+01 -0.26156E+01
 -0.23221E+01 -0.19719E+01 -0.13865E+01 -0.66808E+00 -0.15076E+00 -0.11498E+00
 -0.49278E+00 -0.97821E+00 -0.12852E+01 -0.13798E+01 -0.13950E+01 -0.15066E+01
 -0.18023E+01 -0.22594E+01 -0.27393E+01 -0.30690E+01 -0.31637E+01 -0.30770E+01
 -0.28739E+01 -0.25692E+01 -0.21823E+01 -0.17868E+01 -0.14877E+01 -0.13274E+01
 -0.12832E+01 -0.12787E+01 -0.12119E+01 -0.10290E+01 -0.82618E+00 -0.85000E+00
 -0.12676E+01 -0.19826E+01 -0.26948E+01 -0.31973E+01 -0.34705E+01 -0.36190E+01
 -0.37081E+01 -0.37715E+01 -0.38095E+01 -0.37768E+01 -0.36166E+01 -0.33430E+01
 -0.30242E+01 -0.26034E+01 -0.19021E+01 -0.85235E+00  0.30780E+00  0.11677E+01
  0.15290E+01  0.15079E+01  0.13282E+01  0.10890E+01  0.71387E+00  0.12907E+00
 -0.62286E+00 -0.13464E+01 -0.18151E+01 -0.19609E+01 -0.19480E+01 -0.20087E+01
 -0.22480E+01 -0.26175E+01 -0.30891E+01 -0.36936E+01 -0.43635E+01 -0.48718E+01
 -0.50289E+01 -0.49113E+01 -0.47851E+01 -0.48091E+01 -0.49266E+01 -0.50044E+01
 -0.49774E+01 -0.48567E+01 -0.47078E+01 -0.46242E+01 -0.47049E+01 -0.49697E+01
 -0.52741E+01 -0.53860E+01 -0.51633E+01 -0.46888E+01 -0.42313E+01 -0.40343E+01
 -0.41093E+01 -0.42409E+01 -0.41997E+01 -0.39376E+01 -0.35594E+01 -0.31018E+01
 -0.25082E+01 -0.17674E+01 -0.10266E+01 -0.47274E+00 -0.19077E+00 -0.98642E-01
 -0.51796E-01  0.88515E-01  0.37611E+00  0.74868E+00  0.10674E+01  0.12560E+01
  0.13736E+01  0.14657E+01  0.14247E+01  0.10892E+01  0.49865E+00 -0.12588E-01
 -0.93198E-01  0.30483E+00  0.91259E+00  0.13701E+01  0.15048E+01  0.13562E+01
  0.10802E+01  0.80412E+00  0.53931E+00  0.19523E+00 -0.33581E+00 -0.10282E+01
 -0.16584E+01 -0.19287E+01 -0.17544E+01 -0.13762E+01 -0.11111E+01 -0.10332E+01
 -0.95226E+00 -0.78079E+00 -0.67154E+00 -0.80596E+00 -0.10764E+01 -0.12165E+01
 -0.11271E+01 -0.95552E+00 -0.84061E+00 -0.77103E+00 -0.74112E+00 -0.86988E+00
 -0.12366E+01 -0.17392E+01 -0.22277E+01 -0.27020E+01 -0.32244E+01 -0.36590E+01
 -0.36828E+01 -0.31118E+01 -0.21358E+01 -0.11428E+01 -0.46413E+00 -0.24439E+00
 -0.47785E+00 -0.95209E+00 -0.12508E+01 -0.96577E+00 -0.66193E-01  0.10289E+01
  0.18039E+01  0.20718E+01  0.19999E+01  0.18203E+01  0.16038E+01  0.13279E+01
  0.10266E+01  0.78467E+00  0.62211E+00  0.52191E+00  0.50940E+00  0.63859E+00
  0.91796E+00  0.12709E+01  0.16721E+01  0.21412E+01  0.26671E+01  0.32043E+01
  0.37357E+01  0.43464E+01  0.50195E+01  0.55626E+01  0.57655E+01  0.56822E+01
  0.55707E+01  0.55839E+01  0.56256E+01  0.55112E+01  0.52100E+01  0.48068E+01
  0.43583E+01  0.38588E+01  0.33337E+01  0.28484E+01  0.24339E+01  0.20563E+01
  0.16871E+01  0.13860E+01  0.12378E+01  0.13417E+01  0.17884E+01  0.25581E+01
  0.34126E+01  0.39500E+01  0.39775E+01  0.36992E+01  0.35283E+01  0.36494E+01
  0.39062E+01  0.40981E+01  0.41909E+01  0.42523E+01  0.42885E+01  0.42936E+01
  0.43549E+01  0.45922E+01  0.49117E+01  0.50584E+01  0.49075E+01  0.46377E+01
  0.45350E+01  0.46364E+01  0.46584E+01  0.43066E+01  0.35609E+01  0.26680E+01
  0.18544E+01  0.11768E+01  0.64370E+00  0.35136E+00  0.41600E+00  0.66474E+00
  0.65855E+00  0.11983E+00 -0.71633E+00 -0.12777E+01 -0.12073E+01 -0.62991E+00
  0.63626E-01  0.51925E+00  0.51601E+00 -0.84707E-02 -0.85867E+00 -0.16238E+01
 -0.20180E+01 -0.20948E+01 -0.20441E+01 -0.18604E+01 -0.14273E+01 -0.91483E+00
 -0.73385E+00 -0.11052E+01 -0.17740E+01 -0.23351E+01 -0.26668E+01 -0.29474E+01
 -0.33216E+01 -0.37437E+01 -0.41037E+01 -0.43021E+01 -0.42966E+01 -0.41381E+01
 -0.39710E+01 -0.38890E+01 -0.38382E+01 -0.36881E+01 -0.34105E+01 -0.30168E+01
 -0.24107E+01 -0.15099E+01 -0.52690E+00  0.76460E-01  0.67989E-01 -0.25201E+00
 -0.39357E+00 -0.21220E+00  0.17332E-01  0.42950E-01 -0.87215E-01 -0.16921E+00
 -0.14355E+00 -0.10370E+00 -0.10919E+00 -0.83452E-01  0.81063E-01  0.38725E+00
  0.74726E+00  0.11016E+01  0.14985E+01  0.20088E+01  0.26096E+01  0.31170E+01
  0.33185E+01  0.31432E+01  0.27414E+01  0.23623E+01  0.22013E+01  0.23122E+01
  0.26101E+01  0.29703E+01  0.32711E+01  0.34501E+01  0.34960E+01  0.34484E+01
  0.33668E+01  0.32825E+01  0.31896E+01  0.30997E+01  0.30805E+01  0.31577E+01
  0.32291E+01  0.31364E+01  0.28794E+01  0.25997E+01  0.24220E+01  0.23661E+01
  0.24236E+01  0.26454E+01  0.30343E+01  0.35509E+01  0.42514E+01  0.51814E+01
  0.60605E+01  0.63446E+01  0.58894E+01  0.52872E+01  0.51663E+01  0.54083E+01
  0.55026E+01  0.54726E+01  0.57344E+01  0.60243E+01  0.54136E+01  0.38059E+01
  0.25919E+01  0.30151E+01  0.43647E+01  0.48871E+01  0.42481E+01  0.39097E+01
  0.48598E+01  0.60962E+01  0.60410E+01  0.47646E+01  0.37633E+01  0.38214E+01
  0.40438E+01  0.32153E+01  0.13726E+01 -0.35094E+00 -0.10463E+01 -0.88043E+00
 -0.66924E+00 -0.97929E+00 -0.15980E+01 -0.19108E+01 -0.17023E+01 -0.14118E+01
 -0.14384E+01 -0.14764E+01 -0.88260E+00  0.27209E+00  0.10840E+01  0.87051E+00
 -0.14283E-01 -0.73760E+00 -0.97361E+00 -0.96039E+00 -0.83389E+00 -0.50049E+00
 -0.39668E-01  0.19750E+00  0.11165E+00  0.57065E-01  0.31693E+00  0.76371E+00
  0.11907E+01  0.17169E+01  0.24896E+01  0.32820E+01  0.36950E+01  0.36915E+01
  0.35550E+01  0.33334E+01  0.27834E+01  0.18793E+01  0.97798E+00  0.39117E+00
  0.62149E-01 -0.96880E-01  0.58528E-01  0.55953E+00  0.10549E+01  0.12161E+01
  0.12384E+01  0.15045E+01  0.19093E+01  0.20110E+01  0.17927E+01  0.17529E+01
  0.21125E+01  0.24041E+01  0.21406E+01  0.14777E+01  0.89411E+00  0.43807E+00
 -0.19360E+00 -0.10632E+01 -0.18308E+01 -0.22329E+01 -0.23235E+01 -0.22950E+01
 -0.22410E+01 -0.22153E+01 -0.22236E+01 -0.21866E+01 -0.20616E+01 -0.20104E+01
 -0.22140E+01 -0.25252E+01 -0.25505E+01 -0.22243E+01 -0.20114E+01 -0.23763E+01
 -0.32284E+01 -0.41230E+01 -0.47883E+01 -0.52437E+01 -0.55546E+01 -0.56759E+01
 -0.56186E+01 -0.55103E+01 -0.54359E+01 -0.53588E+01 -0.51938E+01 -0.48928E+01
 -0.44981E+01 -0.41490E+01 -0.40744E+01 -0.43765E+01 -0.48885E+01 -0.53097E+01
 -0.55154E+01 -0.55966E+01 -0.56945E+01 -0.58381E+01 -0.60043E+01 -0.61078E+01
 -0.59425E+01 -0.53861E+01 -0.46626E+01 -0.42619E+01 -0.43599E+01 -0.45767E+01
 -0.44111E+01 -0.38829E+01 -0.34283E+01 -0.32740E+01 -0.32074E+01 -0.30133E+01
 -0.28589E+01 -0.30132E+01 -0.33687E+01 -0.35087E+01 -0.32663E+01 -0.29503E+01
 -0.29288E+01 -0.31453E+01 -0.32031E+01 -0.28530E+01 -0.22592E+01 -0.18155E+01
 -0.17570E+01 -0.20129E+01 -0.23170E+01 -0.24482E+01 -0.24237E+01 -0.23905E+01
 -0.23347E+01 -0.19842E+01 -0.12145E+01 -0.47319E+00 -0.46258E+00 -0.12819E+01
 -0.21493E+01 -0.22690E+01 -0.17653E+01 -0.14486E+01 -0.16645E+01 -0.18435E+01
 -0.13227E+01 -0.27796E+00  0.53175E+00  0.70421E+00  0.59053E+00  0.72330E+00
  0.11677E+01  0.15867E+01  0.17168E+01  0.15777E+01  0.12886E+01  0.94855E+00
  0.65100E+00  0.52628E+00  0.64235E+00  0.85758E+00  0.97943E+00  0.95396E+00
  0.90871E+00  0.92293E+00  0.80976E+00  0.30285E+00 -0.55523E+00 -0.13113E+01
 -0.14867E+01 -0.11125E+01 -0.75236E+00 -0.93621E+00 -0.15817E+01 -0.20911E+01
 -0.20085E+01 -0.15038E+01 -0.11464E+01 -0.11884E+01 -0.13209E+01 -0.11986E+01
 -0.10279E+01 -0.12907E+01 -0.19132E+01 -0.20626E+01 -0.11526E+01  0.25324E+00
  0.95377E+00  0.49293E+00 -0.32202E+00 -0.45708E+00  0.84952E-01  0.51083E+00
  0.39855E+00  0.20698E+00  0.41768E+00  0.73606E+00  0.50775E+00 -0.28135E+00
 -0.86930E+00 -0.59894E+00  0.34563E+00  0.11485E+01  0.10876E+01  0.10324E+00
 -0.11757E+01 -0.18003E+01 -0.12974E+01 -0.15712E+00  0.75371E+00  0.12538E+01
  0.19381E+01  0.29709E+01  0.34910E+01  0.26967E+01  0.10272E+01 -0.60832E+00
 -0.21671E+01 -0.38225E+01 -0.42061E+01 -0.96619E+00  0.58880E+01  0.12396E+02
  0.13939E+02  0.10092E+02  0.51369E+01  0.36237E+01  0.60704E+01  0.90810E+01
  0.89216E+01  0.47825E+01 -0.88043E+00 -0.46738E+01 -0.51161E+01 -0.34907E+01
 -0.18792E+01 -0.83707E+00  0.48268E+00  0.22329E+01  0.31873E+01  0.26854E+01
  0.22661E+01  0.40818E+01  0.78123E+01  0.10169E+02  0.79340E+01  0.12433E+01
 -0.61413E+01 -0.94696E+01 -0.62487E+01  0.19209E+01  0.99940E+01  0.12632E+02
  0.80627E+01 -0.49766E+00 -0.74711E+01 -0.92950E+01 -0.65582E+01 -0.22691E+01
  0.10824E+01  0.25898E+01  0.21712E+01  0.16913E+00 -0.20482E+01 -0.23961E+01
 -0.78279E-01  0.30724E+01  0.40731E+01  0.17256E+01 -0.24857E+01 -0.62891E+01
 -0.84836E+01 -0.86722E+01 -0.63004E+01 -0.12007E+01  0.50464E+01  0.92623E+01
  0.89238E+01  0.42397E+01 -0.19400E+01 -0.61423E+01 -0.64639E+01 -0.33978E+01
  0.97729E+00  0.45932E+01  0.64275E+01	     0.0	   0.0		0.0
