  0.68232E+00  0.65506E+00  0.84316E+00  0.11190E+01  0.11739E+01  0.92009E+00
  0.65492E+00  0.66454E+00  0.83276E+00  0.83661E+00  0.66778E+00  0.69436E+00
  0.11402E+01  0.17305E+01  0.20064E+01  0.18488E+01  0.15553E+01  0.14403E+01
  0.14838E+01  0.13830E+01  0.96206E+00  0.43341E+00  0.26173E+00  0.61974E+00
  0.11307E+01  0.12961E+01  0.11414E+01  0.12105E+01  0.17584E+01  0.22410E+01
  0.19333E+01  0.88920E+00 -0.27479E-01 -0.19634E+00  0.11357E+00  0.29882E+00
  0.28574E+00  0.47666E+00  0.95366E+00  0.12238E+01  0.90774E+00  0.29696E+00
 -0.49846E-02  0.22842E+00  0.72810E+00  0.11711E+01  0.13790E+01  0.12215E+01
  0.64761E+00 -0.93422E-01 -0.55684E+00 -0.56136E+00 -0.38175E+00 -0.28430E+00
 -0.15285E+00  0.24769E+00  0.78700E+00  0.10771E+01  0.10188E+01  0.92078E+00
  0.10154E+01  0.11327E+01  0.10064E+01  0.69033E+00  0.43370E+00  0.21958E+00
 -0.20416E+00 -0.79221E+00 -0.10063E+01 -0.37343E+00  0.81181E+00  0.16657E+01
  0.16640E+01  0.11128E+01  0.63239E+00  0.35595E+00 -0.42235E-01 -0.61887E+00
 -0.94059E+00 -0.65615E+00 -0.34584E-01  0.37454E+00  0.39838E+00  0.32878E+00
  0.46880E+00  0.89776E+00  0.14712E+01  0.18151E+01  0.13292E+01 -0.21058E+00
 -0.19741E+01 -0.25309E+01 -0.13087E+01  0.72352E+00  0.21185E+01  0.24398E+01
  0.22485E+01  0.19211E+01  0.11632E+01 -0.20365E+00 -0.15791E+01 -0.21189E+01
 -0.16530E+01 -0.79347E+00 -0.19163E+00  0.79888E-02 -0.48801E-02 -0.10841E+00
 -0.30539E+00 -0.48253E+00 -0.39623E+00 -0.80486E-01 -0.50848E-01 -0.71799E+00
 -0.15976E+01 -0.15708E+01 -0.29757E+00  0.11314E+01  0.13849E+01  0.48263E+00
 -0.51028E+00 -0.11378E+01 -0.19239E+01 -0.30017E+01 -0.33771E+01 -0.22824E+01
 -0.46521E+00  0.67783E+00  0.87465E+00  0.91288E+00  0.10106E+01  0.42850E+00
 -0.10544E+01 -0.23277E+01 -0.23517E+01 -0.17044E+01 -0.17738E+01 -0.26335E+01
 -0.27453E+01 -0.11094E+01  0.10959E+01  0.16611E+01 -0.62510E-01 -0.24405E+01
 -0.35182E+01 -0.31513E+01 -0.27278E+01 -0.31143E+01 -0.36283E+01 -0.32528E+01
 -0.22004E+01 -0.16238E+01 -0.19679E+01 -0.22666E+01 -0.13274E+01  0.83269E+00
  0.29787E+01  0.38072E+01  0.27833E+01  0.20449E+00 -0.30288E+01 -0.56587E+01
 -0.66457E+01 -0.59642E+01 -0.46228E+01 -0.34937E+01 -0.22599E+01 -0.88462E-01
  0.26553E+01  0.41102E+01  0.30325E+01  0.56703E+00 -0.10121E+01 -0.10839E+01
 -0.98876E+00 -0.16555E+01 -0.22288E+01 -0.17342E+01 -0.72691E+00 -0.87824E-01
  0.66178E+00  0.23092E+01  0.39568E+01  0.38708E+01  0.21221E+01  0.56593E+00
  0.38007E-01 -0.54087E+00 -0.18562E+01 -0.28855E+01 -0.28384E+01 -0.26353E+01
 -0.31461E+01 -0.33796E+01 -0.20689E+01 -0.81318E-01  0.58074E+00 -0.39210E+00
 -0.15741E+01 -0.24022E+01 -0.37570E+01 -0.55482E+01 -0.57388E+01 -0.30287E+01
  0.59037E+00  0.15696E+01 -0.12950E+01 -0.57913E+01 -0.89337E+01 -0.97047E+01
 -0.89578E+01 -0.75479E+01 -0.55037E+01 -0.29294E+01 -0.70944E+00  0.35489E+00
  0.65727E+00  0.12145E+01  0.21684E+01  0.30208E+01  0.41921E+01  0.65457E+01
  0.87092E+01  0.70710E+01  0.34861E+00 -0.73143E+01 -0.10193E+02 -0.72534E+01
 -0.21551E+01  0.21383E+01  0.51972E+01  0.54284E+01 -0.74672E+00 -0.13163E+02
 -0.24564E+02 -0.26960E+02 -0.19977E+02 -0.93243E+01  0.15102E+01  0.12693E+02
  0.21380E+02  0.20825E+02  0.10055E+02 -0.17897E+01 -0.76799E+01 -0.14574E+02
 -0.32665E+02 -0.53947E+02 -0.55128E+02 -0.27518E+02  0.76537E+01  0.24411E+02
  0.23049E+02  0.20871E+02  0.18204E+02 -0.41585E+01 -0.49158E+02 -0.86289E+02
 -0.84291E+02 -0.46751E+02  0.28073E+00  0.42330E+02  0.75220E+02  0.79503E+02
  0.30909E+02 -0.53647E+02 -0.10939E+03 -0.87019E+02 -0.10109E+02  0.51320E+02
  0.56811E+02  0.25183E+02 -0.46620E+01 -0.16066E+02 -0.13282E+02 -0.24754E+01
  0.10246E+02  0.14962E+02  0.77555E+01 -0.17310E+01 -0.39146E+01 -0.43368E+01
 -0.12722E+02 -0.21622E+02 -0.11722E+02  0.19418E+02  0.47239E+02  0.46323E+02
  0.19916E+02 -0.40449E+01 -0.41806E+01  0.12326E+02  0.19595E+02  0.29495E+01
 -0.23629E+02 -0.32977E+02 -0.17706E+02 -0.84288E+00 -0.73519E+01 -0.30768E+02
 -0.39879E+02 -0.18738E+02  0.12525E+02  0.22355E+02  0.38581E+01 -0.21678E+02
 -0.30889E+02 -0.18898E+02  0.27372E+01  0.19272E+02  0.23136E+02  0.17157E+02
  0.94752E+01  0.38440E+01 -0.29713E+01 -0.12007E+02 -0.16077E+02 -0.96440E+01
 -0.83651E+00 -0.40147E+01 -0.20151E+02 -0.32969E+02 -0.27060E+02 -0.37743E+01
  0.22219E+02  0.35841E+02  0.29868E+02  0.83288E+01 -0.14335E+02 -0.23583E+02
 -0.18277E+02 -0.92912E+01 -0.34920E+01  0.23523E+01  0.82283E+01  0.31070E+01
 -0.19078E+02 -0.43478E+02 -0.47921E+02 -0.30172E+02 -0.94155E+01 -0.69888E+00
  0.13173E+00  0.37811E+01  0.11195E+02  0.15906E+02  0.14941E+02  0.11011E+02
  0.77195E+01  0.67541E+01  0.66728E+01  0.29940E+01 -0.60016E+01 -0.13085E+02
 -0.90337E+01  0.23709E+01  0.55649E+01 -0.53351E+01 -0.15721E+02 -0.97744E+01
  0.70783E+01  0.16242E+02  0.11261E+02  0.20556E+01 -0.37531E+01 -0.87523E+01
 -0.12986E+02 -0.90078E+01  0.27004E+01  0.68659E+01 -0.53958E+01 -0.17556E+02
 -0.59970E+01  0.25330E+02  0.44843E+02  0.31369E+02 -0.14977E+01 -0.25810E+02
 -0.31468E+02 -0.26526E+02 -0.15179E+02  0.60910E+01  0.30255E+02  0.36298E+02
  0.14640E+02 -0.14096E+02 -0.18375E+02  0.93301E+01  0.46778E+02  0.68927E+02
  0.69865E+02  0.57452E+02  0.38780E+02  0.17948E+02  0.25095E+00 -0.11379E+02
 -0.21490E+02 -0.35683E+02 -0.49504E+02 -0.51000E+02 -0.35657E+02 -0.12535E+02
  0.67341E+01  0.19762E+02  0.30324E+02  0.38101E+02  0.38352E+02  0.31753E+02
  0.28353E+02  0.37072E+02  0.52159E+02  0.53774E+02  0.25259E+02 -0.28433E+02
 -0.79731E+02 -0.98209E+02 -0.75226E+02 -0.31388E+02  0.12148E+01  0.68215E+01
 -0.24141E+01 -0.29543E+01  0.12703E+02  0.28131E+02  0.23701E+02  0.11821E+01
 -0.17399E+02 -0.14015E+02  0.82541E+01  0.33050E+02  0.48207E+02  0.50630E+02
  0.40206E+02  0.19082E+02 -0.26403E+01 -0.94851E+01  0.45863E+01  0.26529E+02
  0.34429E+02  0.18128E+02 -0.11852E+02 -0.35078E+02 -0.38270E+02 -0.22022E+02
  0.48444E+01  0.32509E+02  0.51738E+02  0.54572E+02  0.40830E+02  0.24157E+02
  0.23708E+02  0.43457E+02  0.63393E+02  0.59447E+02  0.32747E+02  0.11068E+02
  0.17196E+02  0.42052E+02  0.56381E+02  0.46376E+02  0.28997E+02  0.29614E+02
  0.51355E+02  0.72870E+02  0.73822E+02  0.55453E+02  0.34110E+02  0.20957E+02
  0.14007E+02  0.74173E+01  0.78184E+00 -0.29840E+01 -0.30795E+01  0.24252E+00
  0.87646E+01  0.23751E+02  0.42023E+02  0.58284E+02  0.69533E+02  0.74071E+02
  0.69748E+02  0.58956E+02  0.52347E+02  0.59159E+02  0.73892E+02  0.81626E+02
  0.78949E+02  0.79883E+02  0.94590E+02  0.10945E+03  0.99008E+02  0.57032E+02
  0.74232E+01 -0.18687E+02 -0.12604E+02  0.75873E+01  0.19600E+02  0.19956E+02
  0.22898E+02  0.38232E+02  0.55795E+02  0.56801E+02  0.37739E+02  0.14723E+02
  0.32145E+01  0.27563E+01  0.58018E+01  0.11010E+02  0.17898E+02  0.16810E+02
 -0.11158E+01 -0.26542E+02 -0.39773E+02 -0.37774E+02 -0.39016E+02 -0.56002E+02
 -0.76792E+02 -0.83442E+02 -0.77628E+02 -0.74428E+02 -0.77143E+02 -0.73634E+02
 -0.57311E+02 -0.37691E+02 -0.25596E+02 -0.17970E+02 -0.40877E+01  0.18871E+02
  0.43015E+02  0.59420E+02  0.65801E+02  0.66109E+02  0.66644E+02  0.71391E+02
  0.77934E+02  0.77795E+02  0.63169E+02  0.34307E+02  0.71428E-01 -0.28244E+02
 -0.44358E+02 -0.50494E+02 -0.54294E+02 -0.60688E+02 -0.66607E+02 -0.65620E+02
 -0.57503E+02 -0.49392E+02 -0.46107E+02 -0.43641E+02 -0.35301E+02 -0.20938E+02
 -0.59064E+01  0.66214E+01  0.17425E+02  0.26585E+02  0.32636E+02  0.36944E+02
  0.43795E+02  0.53734E+02  0.60604E+02  0.58215E+02  0.47887E+02  0.36697E+02
  0.29590E+02  0.25419E+02  0.19632E+02  0.89648E+01 -0.56286E+01 -0.18695E+02
 -0.23738E+02 -0.19103E+02 -0.10103E+02 -0.37838E+01 -0.21192E+01 -0.20662E+01
 -0.14093E+01 -0.17713E+01 -0.58329E+01 -0.14135E+02 -0.25228E+02 -0.36661E+02
 -0.45324E+02 -0.49415E+02 -0.51197E+02 -0.55242E+02 -0.62088E+02 -0.66243E+02
 -0.63333E+02 -0.57535E+02 -0.58483E+02 -0.70651E+02 -0.88226E+02 -0.10096E+03
 -0.10324E+03 -0.97147E+02 -0.88544E+02 -0.81923E+02 -0.78300E+02 -0.76428E+02
 -0.75108E+02 -0.73956E+02 -0.72669E+02 -0.71047E+02 -0.69972E+02 -0.71072E+02
 -0.74357E+02 -0.77328E+02 -0.77477E+02 -0.74816E+02 -0.70882E+02 -0.66748E+02
 -0.63740E+02 -0.64136E+02 -0.67870E+02 -0.69537E+02 -0.63085E+02 -0.50664E+02
 -0.42460E+02 -0.45217E+02 -0.54053E+02 -0.58988E+02 -0.56997E+02 -0.53527E+02
 -0.53497E+02 -0.55997E+02 -0.58306E+02 -0.60769E+02 -0.65237E+02 -0.71199E+02
 -0.75774E+02 -0.76193E+02 -0.71041E+02 -0.60822E+02 -0.48648E+02 -0.38841E+02
 -0.33054E+02 -0.28866E+02 -0.23528E+02 -0.17444E+02 -0.12101E+02 -0.63591E+01
  0.22655E+01  0.13209E+02  0.22879E+02  0.29399E+02  0.34619E+02  0.40367E+02
  0.45264E+02  0.47196E+02  0.47433E+02  0.50101E+02  0.57650E+02  0.68431E+02
  0.78736E+02  0.86191E+02  0.90759E+02  0.93146E+02  0.92836E+02  0.87926E+02
  0.76872E+02  0.60148E+02  0.39700E+02  0.17146E+02 -0.63994E+01 -0.28489E+02
 -0.45102E+02 -0.53680E+02 -0.56003E+02 -0.56730E+02 -0.59072E+02 -0.62698E+02
 -0.65554E+02 -0.66223E+02 -0.64093E+02 -0.58392E+02 -0.48344E+02 -0.34313E+02
 -0.18387E+02 -0.36041E+01  0.76714E+01  0.15003E+02  0.19554E+02  0.22260E+02
  0.22772E+02  0.20732E+02  0.17618E+02  0.15919E+02  0.15899E+02  0.14285E+02
  0.73249E+01 -0.52291E+01 -0.19911E+02 -0.33190E+02 -0.44369E+02 -0.54622E+02
 -0.64084E+02 -0.71025E+02 -0.74043E+02 -0.74283E+02 -0.74159E+02 -0.73590E+02
 -0.68443E+02 -0.53877E+02 -0.29317E+02  0.29700E+00  0.28152E+02  0.49887E+02
  0.64856E+02  0.74636E+02  0.81104E+02  0.85348E+02  0.87549E+02  0.87989E+02
  0.88106E+02  0.89688E+02  0.92637E+02  0.94413E+02  0.92689E+02  0.87753E+02
  0.81160E+02  0.72413E+02  0.58685E+02  0.38560E+02  0.15042E+02 -0.59489E+01
 -0.19903E+02 -0.26391E+02 -0.28016E+02 -0.27461E+02 -0.25357E+02 -0.20684E+02
 -0.12944E+02 -0.34090E+01  0.59793E+01  0.14600E+02  0.22988E+02  0.30768E+02
  0.35828E+02  0.36361E+02  0.33040E+02  0.28431E+02  0.24735E+02  0.22827E+02
  0.23023E+02  0.25525E+02  0.29716E+02  0.33900E+02  0.36384E+02  0.36693E+02
  0.35542E+02  0.33987E+02  0.32746E+02  0.32177E+02  0.32458E+02  0.33706E+02
  0.35675E+02  0.37327E+02  0.37049E+02  0.33885E+02  0.28616E+02  0.23262E+02
  0.19285E+02  0.16529E+02  0.14036E+02  0.11399E+02  0.89145E+01  0.66681E+01
  0.40136E+01 -0.76313E-01 -0.65089E+01 -0.15761E+02 -0.27591E+02 -0.40693E+02
 -0.52977E+02 -0.62665E+02 -0.69306E+02 -0.73594E+02 -0.76234E+02 -0.77378E+02
 -0.77312E+02 -0.77138E+02 -0.77659E+02 -0.77186E+02 -0.71336E+02 -0.56421E+02
 -0.33295E+02 -0.74840E+01  0.14860E+02  0.30589E+02  0.39479E+02  0.42003E+02
  0.38629E+02  0.31077E+02  0.22630E+02  0.16163E+02  0.12059E+02  0.85864E+01
  0.44209E+01  0.24539E+00 -0.21581E+01 -0.20909E+01 -0.51828E+00  0.14135E+01
  0.39436E+01  0.81042E+01  0.13632E+02  0.18221E+02  0.19433E+02  0.17067E+02
  0.13295E+02  0.10501E+02  0.94597E+01  0.94710E+01  0.96577E+01  0.96641E+01
  0.93777E+01  0.84888E+01  0.66815E+01  0.42915E+01  0.26941E+01  0.35773E+01
  0.74749E+01  0.13079E+02  0.18294E+02  0.22106E+02  0.25084E+02  0.28103E+02
  0.31069E+02  0.33205E+02  0.34341E+02  0.35420E+02  0.37613E+02  0.41089E+02
  0.44947E+02  0.48205E+02  0.50814E+02  0.53428E+02  0.56352E+02  0.59100E+02
  0.61168E+02  0.62766E+02  0.64287E+02  0.65316E+02  0.64932E+02  0.62862E+02
  0.59684E+02  0.55756E+02  0.50796E+02  0.44738E+02  0.38006E+02  0.30350E+02
  0.20487E+02  0.81777E+01 -0.39265E+01 -0.11989E+02 -0.14784E+02 -0.14547E+02
 -0.13978E+02 -0.13675E+02 -0.12974E+02 -0.11711E+02 -0.97692E+01 -0.60401E+01
  0.27154E+00  0.73739E+01  0.11689E+02  0.11685E+02  0.97729E+01  0.97093E+01
  0.12931E+02  0.18130E+02  0.23600E+02  0.28627E+02  0.32641E+02  0.34251E+02
  0.31864E+02  0.25078E+02  0.15303E+02  0.50639E+01 -0.35003E+01 -0.98646E+01
 -0.15093E+02 -0.20349E+02 -0.25447E+02 -0.29165E+02 -0.30850E+02 -0.31253E+02
 -0.31658E+02 -0.32535E+02 -0.33299E+02 -0.32947E+02 -0.30655E+02 -0.26006E+02
 -0.19094E+02 -0.10573E+02 -0.17360E+01  0.55458E+01  0.95742E+01  0.10394E+02
  0.10534E+02  0.12972E+02  0.17477E+02  0.19844E+02  0.15814E+02  0.55977E+01
 -0.63011E+01 -0.15662E+02 -0.21852E+02 -0.26693E+02 -0.31286E+02 -0.34848E+02
 -0.36104E+02 -0.34953E+02 -0.32778E+02 -0.31352E+02 -0.31293E+02 -0.31402E+02
 -0.29893E+02 -0.26267E+02 -0.21604E+02 -0.16950E+02 -0.12514E+02 -0.89180E+01
 -0.82249E+01 -0.12118E+02 -0.19178E+02 -0.25205E+02 -0.26654E+02 -0.23236E+02
 -0.17040E+02 -0.10171E+02 -0.37964E+01  0.12219E+01  0.38751E+01  0.35539E+01
  0.92912E+00 -0.19813E+01 -0.29515E+01 -0.12693E+01  0.17034E+01  0.40163E+01
  0.50296E+01  0.52269E+01  0.43449E+01  0.93906E+00 -0.52539E+01 -0.11481E+02
 -0.13953E+02 -0.11752E+02 -0.77993E+01 -0.57463E+01 -0.67160E+01 -0.93938E+01
 -0.12386E+02 -0.15370E+02 -0.18337E+02 -0.20805E+02 -0.22281E+02 -0.22976E+02
 -0.23490E+02 -0.24035E+02 -0.24483E+02 -0.25110E+02 -0.26681E+02 -0.29363E+02
 -0.31993E+02 -0.33071E+02 -0.32394E+02 -0.30860E+02 -0.28674E+02 -0.24851E+02
 -0.19004E+02 -0.12541E+02 -0.68441E+01 -0.98464E+00  0.69577E+01  0.16177E+02
  0.22627E+02  0.23301E+02  0.19819E+02  0.16277E+02  0.14415E+02  0.12687E+02
  0.10174E+02  0.92716E+01  0.13057E+02  0.20696E+02  0.26980E+02  0.26836E+02
  0.19921E+02  0.10516E+02  0.31473E+01 -0.14920E+01 -0.62536E+01 -0.13560E+02
 -0.22257E+02 -0.28762E+02 -0.30815E+02 -0.29153E+02 -0.25456E+02 -0.20038E+02
 -0.12520E+02 -0.39827E+01  0.31215E+01  0.74381E+01  0.10038E+02  0.12732E+02
  0.15887E+02  0.18646E+02  0.20755E+02  0.23155E+02  0.26534E+02  0.30075E+02
  0.32044E+02  0.31478E+02  0.29008E+02  0.26036E+02  0.23475E+02  0.21348E+02
  0.19243E+02  0.16591E+02  0.12660E+02  0.71474E+01  0.14206E+01 -0.14411E+01
  0.86195E+00  0.68278E+01  0.11644E+02  0.11445E+02  0.69527E+01  0.23356E+01
  0.90511E+00  0.26700E+01  0.57071E+01  0.87236E+01  0.11681E+02  0.14735E+02
  0.17282E+02  0.17920E+02  0.14934E+02  0.73400E+01 -0.37750E+01 -0.15066E+02
 -0.22850E+02 -0.25849E+02 -0.25923E+02 -0.26002E+02 -0.27497E+02 -0.29660E+02
 -0.30915E+02 -0.30107E+02 -0.26637E+02 -0.20121E+02 -0.10674E+02  0.45327E+00
  0.10921E+02  0.18416E+02  0.21808E+02  0.21374E+02  0.18146E+02  0.13299E+02
  0.79264E+01  0.28510E+01 -0.16212E+01 -0.55468E+01 -0.86705E+01 -0.10106E+02
 -0.91765E+01 -0.64647E+01 -0.34498E+01 -0.80392E+00  0.25845E+01  0.82731E+01
  0.15911E+02  0.22665E+02  0.25280E+02  0.22805E+02  0.17239E+02  0.11595E+02
  0.74456E+01  0.43616E+01  0.14192E+01 -0.13277E+01 -0.32703E+01 -0.47338E+01
 -0.71860E+01 -0.11417E+02 -0.15952E+02 -0.18043E+02 -0.16360E+02 -0.12167E+02
 -0.76824E+01 -0.37411E+01  0.46953E+00  0.57276E+01  0.11482E+02  0.16244E+02
  0.18775E+02  0.18731E+02  0.16536E+02  0.13073E+02  0.93175E+01  0.59535E+01
  0.30877E+01  0.40942E+00 -0.24677E+01 -0.58121E+01 -0.96919E+01 -0.13849E+02
 -0.17559E+02 -0.19787E+02 -0.19780E+02 -0.17547E+02 -0.13892E+02 -0.99503E+01
 -0.65498E+01 -0.39144E+01 -0.17858E+01  0.19820E+00  0.23523E+01  0.49511E+01
  0.80935E+01  0.11301E+02  0.13396E+02  0.13100E+02  0.99198E+01  0.44427E+01
 -0.21927E+01 -0.89024E+01 -0.14920E+02 -0.19740E+02 -0.22999E+02 -0.24380E+02
 -0.23659E+02 -0.20973E+02 -0.17184E+02 -0.13713E+02 -0.11817E+02 -0.11835E+02
 -0.13219E+02 -0.15067E+02 -0.16604E+02 -0.17245E+02 -0.16539E+02 -0.14175E+02
 -0.10191E+02 -0.51871E+01 -0.44640E+00  0.25322E+01  0.29189E+01  0.11130E+01
 -0.16504E+01 -0.42489E+01 -0.61318E+01 -0.70393E+01 -0.67575E+01 -0.53849E+01
 -0.34488E+01 -0.14217E+01  0.81494E+00  0.37055E+01  0.73499E+01  0.11263E+02
  0.14766E+02  0.17314E+02  0.18491E+02  0.18193E+02  0.16937E+02  0.15689E+02
  0.15028E+02  0.14604E+02  0.13592E+02  0.11565E+02  0.87028E+01  0.53051E+01
  0.15139E+01 -0.23935E+01 -0.58648E+01 -0.83816E+01 -0.98557E+01 -0.10432E+02
 -0.10093E+02 -0.87403E+01 -0.66624E+01 -0.47316E+01 -0.38604E+01 -0.43599E+01
 -0.58200E+01 -0.75521E+01 -0.91251E+01 -0.10557E+02 -0.12082E+02 -0.13760E+02
 -0.15317E+02 -0.16383E+02 -0.16919E+02 -0.17220E+02 -0.17383E+02 -0.16773E+02
 -0.14159E+02 -0.85489E+01  0.27566E-01  0.10403E+02  0.20857E+02  0.29778E+02
  0.36043E+02  0.39107E+02  0.39018E+02  0.36508E+02  0.32929E+02  0.29750E+02
  0.27683E+02  0.26096E+02  0.23503E+02  0.19040E+02  0.13485E+02  0.86453E+01
  0.56897E+01  0.43061E+01  0.35570E+01  0.30691E+01  0.30283E+01  0.32764E+01
  0.31056E+01  0.21899E+01  0.13788E+01  0.21595E+01  0.53782E+01  0.10686E+02
  0.17013E+02  0.23179E+02  0.27917E+02  0.29768E+02  0.27649E+02  0.21894E+02
  0.14727E+02  0.90346E+01  0.61497E+01  0.47359E+01  0.23268E+01 -0.19318E+01
 -0.64170E+01 -0.91206E+01 -0.99938E+01 -0.10641E+02 -0.11854E+02 -0.12484E+02
 -0.11001E+02 -0.74268E+01 -0.30795E+01  0.97226E+00  0.44757E+01  0.71260E+01
  0.82379E+01  0.76025E+01  0.59499E+01  0.39715E+01  0.13195E+01 -0.27888E+01
 -0.81155E+01 -0.13343E+02 -0.17579E+02 -0.21223E+02 -0.24992E+02 -0.28497E+02
 -0.30407E+02 -0.29785E+02 -0.26670E+02 -0.21376E+02 -0.13993E+02 -0.50480E+01
  0.38622E+01  0.10892E+02  0.15423E+02  0.18325E+02  0.20653E+02  0.22516E+02
  0.23486E+02  0.23525E+02  0.23067E+02  0.22231E+02  0.20468E+02  0.17121E+02
  0.12069E+02  0.57935E+01 -0.82717E+00 -0.67345E+01 -0.11041E+02 -0.13648E+02
 -0.15344E+02 -0.16954E+02 -0.18453E+02 -0.19117E+02 -0.18575E+02 -0.17349E+02
 -0.16283E+02 -0.15658E+02 -0.15152E+02 -0.14382E+02 -0.13259E+02 -0.11980E+02
 -0.10936E+02 -0.10603E+02 -0.11057E+02 -0.11565E+02 -0.10971E+02 -0.87663E+01
 -0.56260E+01 -0.26671E+01 -0.26339E+00  0.21262E+01  0.49461E+01  0.78256E+01
  0.99749E+01  0.11104E+02  0.11649E+02  0.12104E+02  0.12414E+02  0.12175E+02
  0.11321E+02  0.10314E+02  0.96216E+01  0.91838E+01  0.84064E+01  0.65639E+01
  0.30647E+01 -0.24208E+01 -0.96314E+01 -0.17293E+02 -0.23403E+02 -0.26388E+02
 -0.26067E+02 -0.23490E+02 -0.19854E+02 -0.15765E+02 -0.11543E+02 -0.77601E+01
 -0.52177E+01 -0.44371E+01 -0.54214E+01 -0.77654E+01 -0.10894E+02 -0.14062E+02
 -0.16441E+02 -0.17357E+02 -0.16579E+02 -0.14394E+02 -0.11461E+02 -0.85987E+01
 -0.65068E+01 -0.54772E+01 -0.53146E+01 -0.55847E+01 -0.58867E+01 -0.59821E+01
 -0.57028E+01 -0.49900E+01 -0.40263E+01 -0.31021E+01 -0.22245E+01 -0.93408E+00
  0.12417E+01  0.41125E+01  0.68056E+01  0.85286E+01  0.92720E+01  0.96412E+01
  0.10175E+02  0.11009E+02  0.12053E+02  0.13142E+02  0.13900E+02  0.13733E+02
  0.12264E+02  0.97302E+01  0.68590E+01  0.43307E+01  0.25385E+01  0.16474E+01
  0.17024E+01  0.25222E+01  0.37494E+01  0.51272E+01  0.67066E+01  0.86505E+01
  0.11000E+02  0.13664E+02  0.16557E+02  0.19447E+02  0.21867E+02  0.23367E+02
  0.23969E+02  0.24105E+02  0.23962E+02  0.23135E+02  0.21202E+02  0.18450E+02
  0.15816E+02  0.13984E+02  0.12891E+02  0.12179E+02  0.11783E+02  0.11884E+02
  0.12355E+02  0.12678E+02  0.12331E+02  0.11111E+02  0.90324E+01  0.62035E+01
  0.29097E+01 -0.27054E+00 -0.26916E+01 -0.39852E+01 -0.42677E+01 -0.40347E+01
 -0.38187E+01 -0.37726E+01 -0.35906E+01 -0.30035E+01 -0.24248E+01 -0.28263E+01
 -0.47462E+01 -0.74677E+01 -0.95405E+01 -0.10157E+02 -0.97997E+01 -0.94764E+01
 -0.96059E+01 -0.99279E+01 -0.10228E+02 -0.10692E+02 -0.11442E+02 -0.12053E+02
 -0.11916E+02 -0.10942E+02 -0.97707E+01 -0.91785E+01 -0.94241E+01 -0.10129E+02
 -0.10650E+02 -0.10561E+02 -0.99066E+01 -0.90646E+01 -0.82938E+01 -0.74094E+01
 -0.60775E+01 -0.44483E+01 -0.32496E+01 -0.30225E+01 -0.34838E+01 -0.38035E+01
 -0.36529E+01 -0.35335E+01 -0.40685E+01 -0.51617E+01 -0.61726E+01 -0.66795E+01
 -0.69138E+01 -0.73815E+01 -0.82647E+01 -0.92728E+01 -0.99809E+01 -0.10221E+02
 -0.10073E+02 -0.95375E+01 -0.83048E+01 -0.59907E+01 -0.26905E+01  0.89880E+00
  0.39471E+01  0.60547E+01  0.72816E+01  0.78114E+01  0.78145E+01  0.74437E+01
  0.66592E+01  0.50756E+01  0.23313E+01 -0.12152E+01 -0.44981E+01 -0.66140E+01
 -0.76167E+01 -0.81717E+01 -0.86703E+01 -0.89619E+01 -0.89364E+01 -0.88710E+01
 -0.90638E+01 -0.93074E+01 -0.89643E+01 -0.75938E+01 -0.53671E+01 -0.30216E+01
 -0.14265E+01 -0.10670E+01 -0.17951E+01 -0.30017E+01 -0.40840E+01 -0.47212E+01
 -0.47752E+01 -0.41690E+01 -0.30134E+01 -0.16964E+01 -0.69940E+00 -0.38806E+00
 -0.10705E+01 -0.30876E+01 -0.64131E+01 -0.10252E+02 -0.13379E+02 -0.15079E+02
 -0.15543E+02 -0.15297E+02 -0.14493E+02 -0.13034E+02 -0.11074E+02 -0.89136E+01
 -0.65112E+01 -0.34752E+01  0.25527E+00  0.41074E+01  0.74133E+01  0.10004E+02
  0.11936E+02  0.12910E+02  0.12363E+02  0.10264E+02  0.73715E+01  0.45358E+01
  0.19548E+01 -0.64587E+00 -0.32805E+01 -0.54849E+01 -0.68929E+01 -0.76892E+01
 -0.82875E+01 -0.87069E+01 -0.85096E+01 -0.73453E+01 -0.54111E+01 -0.32841E+01
 -0.14802E+01 -0.29655E+00  0.62790E-01 -0.50431E+00 -0.18359E+01 -0.33972E+01
 -0.46018E+01 -0.51318E+01 -0.48690E+01 -0.36712E+01 -0.15472E+01  0.93088E+00
  0.26753E+01  0.29722E+01  0.22861E+01  0.18890E+01  0.25994E+01  0.40322E+01
  0.51761E+01  0.55040E+01  0.52855E+01  0.49477E+01  0.45195E+01  0.37851E+01
  0.28978E+01  0.25262E+01  0.33271E+01  0.52642E+01  0.75098E+01  0.91069E+01
  0.97404E+01  0.99182E+01  0.10306E+02  0.10956E+02  0.11231E+02  0.10505E+02
  0.88447E+01  0.69654E+01  0.56334E+01  0.50974E+01  0.50147E+01  0.48013E+01
  0.41067E+01  0.30493E+01  0.20798E+01  0.15607E+01  0.14948E+01  0.16642E+01
  0.19463E+01  0.23877E+01  0.29421E+01  0.33634E+01  0.34589E+01  0.34384E+01
  0.37972E+01  0.47427E+01  0.57107E+01  0.56587E+01  0.39357E+01  0.89251E+00
 -0.24254E+01 -0.51567E+01 -0.71862E+01 -0.88496E+01 -0.10386E+02 -0.11831E+02
 -0.13333E+02 -0.15104E+02 -0.16978E+02 -0.18202E+02 -0.18019E+02 -0.16388E+02
 -0.14018E+02 -0.11716E+02 -0.99296E+01 -0.88006E+01 -0.83198E+01 -0.82101E+01
 -0.80046E+01 -0.75354E+01 -0.71962E+01 -0.74178E+01 -0.79315E+01 -0.79408E+01
 -0.70554E+01 -0.56854E+01 -0.43973E+01 -0.32113E+01 -0.18809E+01 -0.59298E+00
  0.71627E-01 -0.50986E-01 -0.34960E+00 -0.75593E-01  0.97708E+00  0.25059E+01
  0.41987E+01  0.58550E+01  0.72220E+01  0.80937E+01  0.86052E+01  0.92049E+01
  0.10164E+02  0.11370E+02  0.12655E+02  0.14113E+02  0.15746E+02  0.17014E+02
  0.17087E+02  0.15692E+02  0.13564E+02  0.11903E+02  0.11480E+02  0.12243E+02
  0.13665E+02  0.15194E+02  0.16498E+02  0.17446E+02  0.18006E+02  0.18192E+02
  0.18043E+02  0.17702E+02  0.17342E+02  0.17001E+02  0.16456E+02  0.15393E+02
  0.13766E+02  0.11909E+02  0.10276E+02  0.91193E+01  0.83967E+01  0.78796E+01
  0.72780E+01  0.63760E+01  0.51206E+01  0.35471E+01  0.16228E+01 -0.77760E+00
 -0.36225E+01 -0.65924E+01 -0.92985E+01 -0.11577E+02 -0.13451E+02 -0.14803E+02
 -0.15379E+02 -0.15182E+02 -0.14712E+02 -0.14532E+02 -0.14698E+02 -0.14730E+02
 -0.14252E+02 -0.13296E+02 -0.12022E+02 -0.10338E+02 -0.81352E+01 -0.58133E+01
 -0.41657E+01 -0.35750E+01 -0.35221E+01 -0.31748E+01 -0.22467E+01 -0.11260E+01
 -0.23200E+00  0.38728E+00  0.81402E+00  0.94866E+00  0.75519E+00  0.62403E+00
  0.11410E+01  0.25228E+01  0.43909E+01  0.60924E+01  0.71481E+01  0.74756E+01
  0.74627E+01  0.78359E+01  0.91630E+01  0.11340E+02  0.13600E+02  0.15137E+02
  0.15680E+02  0.15503E+02  0.15077E+02  0.14728E+02  0.14477E+02  0.14111E+02
  0.13521E+02  0.13018E+02  0.13133E+02  0.14007E+02  0.15117E+02  0.15829E+02
  0.16041E+02  0.15984E+02  0.15540E+02  0.14106E+02  0.11321E+02  0.77618E+01
  0.46588E+01  0.29385E+01  0.26287E+01  0.30497E+01  0.34340E+01  0.33734E+01
  0.29135E+01  0.23829E+01  0.22291E+01  0.28338E+01  0.42465E+01  0.60129E+01
  0.74198E+01  0.80560E+01  0.81626E+01  0.82045E+01  0.82429E+01  0.79080E+01
  0.70880E+01  0.62940E+01  0.60352E+01  0.60516E+01  0.54043E+01  0.34376E+01
  0.37724E+00 -0.30202E+01 -0.61457E+01 -0.87156E+01 -0.10541E+02 -0.11443E+02
 -0.11458E+02 -0.10921E+02 -0.10160E+02 -0.92201E+01 -0.79918E+01 -0.66527E+01
 -0.58434E+01 -0.61731E+01 -0.74772E+01 -0.86196E+01 -0.83144E+01 -0.63355E+01
 -0.37702E+01 -0.19977E+01 -0.14066E+01 -0.12433E+01 -0.66064E+00  0.40636E+00
  0.14337E+01  0.22118E+01  0.32363E+01  0.51390E+01  0.79253E+01  0.10799E+02
  0.12703E+02  0.13027E+02  0.11967E+02  0.10323E+02  0.89172E+01  0.80720E+01
  0.75501E+01  0.70027E+01  0.63533E+01  0.57203E+01  0.50285E+01  0.40417E+01
  0.27973E+01  0.17796E+01  0.15039E+01  0.19931E+01  0.28251E+01  0.36117E+01
  0.41888E+01  0.43238E+01  0.35300E+01  0.14074E+01 -0.17971E+01 -0.52057E+01
 -0.79031E+01 -0.95608E+01 -0.10395E+02 -0.10721E+02 -0.10668E+02 -0.10383E+02
 -0.10299E+02 -0.10957E+02 -0.12408E+02 -0.13949E+02 -0.14666E+02 -0.14265E+02
 -0.13257E+02 -0.12389E+02 -0.12056E+02 -0.12345E+02 -0.13263E+02 -0.14669E+02
 -0.16067E+02 -0.16815E+02 -0.16615E+02 -0.15663E+02 -0.14426E+02 -0.13280E+02
 -0.12422E+02 -0.11802E+02 -0.11169E+02 -0.10340E+02 -0.95414E+01 -0.92562E+01
 -0.95652E+01 -0.99254E+01 -0.97506E+01 -0.90660E+01 -0.83529E+01 -0.79712E+01
 -0.81302E+01 -0.91705E+01 -0.11350E+02 -0.14112E+02 -0.16175E+02 -0.16646E+02
 -0.15887E+02 -0.14964E+02 -0.14353E+02 -0.13634E+02 -0.12309E+02 -0.10483E+02
 -0.86306E+01 -0.70024E+01 -0.55922E+01 -0.44966E+01 -0.39307E+01 -0.39114E+01
 -0.41273E+01 -0.41928E+01 -0.40121E+01 -0.37209E+01 -0.34864E+01 -0.33879E+01
 -0.34788E+01 -0.38533E+01 -0.45025E+01 -0.52170E+01 -0.56084E+01 -0.52772E+01
 -0.40739E+01 -0.23153E+01 -0.75780E+00 -0.10960E+00 -0.46131E+00 -0.11756E+01
 -0.15415E+01 -0.14004E+01 -0.10410E+01 -0.61087E+00 -0.19302E-01  0.58365E+00
  0.65690E+00 -0.91356E-01 -0.11880E+01 -0.18967E+01 -0.20640E+01 -0.20899E+01
 -0.21357E+01 -0.18868E+01 -0.12582E+01 -0.82258E+00 -0.11657E+01 -0.21004E+01
 -0.29452E+01 -0.33959E+01 -0.37021E+01 -0.40765E+01 -0.43827E+01 -0.44453E+01
 -0.42698E+01 -0.38115E+01 -0.29194E+01 -0.17101E+01 -0.57728E+00  0.38551E+00
  0.17137E+01  0.38210E+01  0.62513E+01  0.81489E+01  0.92787E+01  0.10125E+02
  0.10984E+02  0.11553E+02  0.11612E+02  0.11493E+02  0.11461E+02  0.11102E+02
  0.98804E+01  0.80135E+01  0.61862E+01  0.45629E+01  0.27554E+01  0.80079E+00
 -0.61017E+00 -0.11969E+01 -0.17914E+01 -0.34404E+01 -0.59815E+01 -0.80578E+01
 -0.84376E+01 -0.69504E+01 -0.42625E+01 -0.12882E+01  0.11393E+01  0.25698E+01
  0.32184E+01  0.37140E+01  0.44164E+01  0.51357E+01  0.56826E+01  0.62688E+01
  0.70732E+01  0.77416E+01  0.76283E+01  0.65689E+01  0.49741E+01  0.33626E+01
  0.20878E+01  0.15183E+01  0.18781E+01  0.28752E+01  0.37533E+01  0.40026E+01
  0.36853E+01  0.29831E+01  0.17848E+01  0.20704E+00 -0.88353E+00 -0.41613E+00
  0.17144E+01  0.43913E+01  0.63545E+01  0.71477E+01  0.70259E+01  0.63405E+01
  0.53975E+01  0.45789E+01  0.40777E+01  0.35794E+01  0.25937E+01  0.10953E+01
 -0.49356E+00 -0.19098E+01 -0.32665E+01 -0.43967E+01 -0.45747E+01 -0.32801E+01
 -0.11185E+01  0.55861E+00  0.10319E+01  0.87915E+00  0.11881E+01  0.24263E+01
  0.42821E+01  0.61801E+01  0.75854E+01  0.80104E+01  0.72941E+01  0.59772E+01
  0.50284E+01  0.49324E+01  0.51849E+01  0.49271E+01  0.39425E+01  0.28063E+01
  0.21551E+01  0.20506E+01  0.21588E+01  0.22186E+01  0.20913E+01  0.15848E+01
  0.52291E+00 -0.92687E+00 -0.22297E+01 -0.29319E+01 -0.30872E+01 -0.31096E+01
 -0.32792E+01 -0.35930E+01 -0.40459E+01 -0.48102E+01 -0.59712E+01 -0.71379E+01
 -0.76105E+01 -0.69643E+01 -0.54963E+01 -0.39691E+01 -0.30226E+01 -0.28239E+01
 -0.30243E+01 -0.30070E+01 -0.21850E+01 -0.45375E+00  0.15976E+01  0.30060E+01
  0.31227E+01  0.20298E+01  0.29663E+00 -0.14448E+01 -0.27163E+01 -0.32085E+01
 -0.28853E+01 -0.20971E+01 -0.15071E+01 -0.16937E+01 -0.27666E+01 -0.42561E+01
 -0.54338E+01 -0.58609E+01 -0.57783E+01 -0.58285E+01 -0.63012E+01 -0.66432E+01
 -0.59966E+01 -0.41974E+01 -0.21119E+01 -0.87043E+00 -0.82739E+00 -0.13678E+01
 -0.16616E+01 -0.14627E+01 -0.11759E+01 -0.12149E+01 -0.14635E+01 -0.13892E+01
 -0.72005E+00  0.14757E+00  0.59566E+00  0.53712E+00  0.60005E+00  0.14053E+01
  0.28844E+01  0.44659E+01  0.57697E+01  0.69007E+01  0.80544E+01  0.91855E+01
  0.10215E+02  0.11277E+02  0.12581E+02  0.13944E+02  0.14795E+02  0.14646E+02
  0.13548E+02  0.12061E+02  0.10861E+02  0.10329E+02  0.10412E+02  0.10781E+02
  0.11175E+02  0.11533E+02  0.11851E+02  0.11980E+02  0.11783E+02  0.11454E+02
  0.11512E+02  0.12351E+02  0.13859E+02  0.15551E+02  0.16869E+02  0.17318E+02
  0.16466E+02  0.14286E+02  0.11451E+02  0.90272E+01  0.76314E+01  0.69637E+01
  0.63782E+01  0.56540E+01  0.50373E+01  0.45537E+01  0.37702E+01  0.24284E+01
  0.10725E+01  0.72775E+00  0.18786E+01  0.39447E+01  0.57755E+01  0.65752E+01
  0.62475E+01  0.51832E+01  0.39239E+01  0.30183E+01  0.28378E+01  0.32724E+01
  0.36783E+01  0.33110E+01  0.19550E+01  0.78203E-01 -0.15582E+01 -0.23334E+01
 -0.19501E+01 -0.41387E+00  0.18361E+01  0.40099E+01  0.53621E+01  0.56775E+01
  0.53132E+01  0.48413E+01  0.46269E+01  0.47666E+01  0.50847E+01  0.51111E+01
  0.43276E+01  0.26231E+01  0.59036E+00 -0.81919E+00 -0.10873E+01 -0.53387E+00
  0.61799E-01  0.18738E+00  0.24110E-01  0.98851E-01  0.63236E+00  0.12197E+01
  0.12151E+01  0.39461E+00 -0.84225E+00 -0.19261E+01 -0.26730E+01 -0.32328E+01
 -0.36822E+01 -0.38653E+01 -0.37595E+01 -0.37103E+01 -0.41681E+01 -0.52409E+01
 -0.65853E+01 -0.76691E+01 -0.80987E+01 -0.77408E+01 -0.67879E+01 -0.56113E+01
 -0.44913E+01 -0.33516E+01 -0.19569E+01 -0.35546E+00  0.10281E+01  0.17653E+01
  0.18231E+01  0.14077E+01  0.57601E+00 -0.79968E+00 -0.26116E+01 -0.42903E+01
 -0.51475E+01 -0.49541E+01 -0.40946E+01 -0.31305E+01 -0.23873E+01 -0.20463E+01
 -0.24164E+01 -0.39281E+01 -0.65644E+01 -0.94470E+01 -0.11205E+02 -0.11020E+02
 -0.93334E+01 -0.74769E+01 -0.65325E+01 -0.66139E+01 -0.71908E+01 -0.77930E+01
 -0.82481E+01 -0.83434E+01 -0.77277E+01 -0.63868E+01 -0.50148E+01 -0.45634E+01
 -0.53186E+01 -0.65557E+01 -0.71890E+01 -0.67010E+01 -0.54280E+01 -0.41893E+01
 -0.36924E+01 -0.42412E+01 -0.56762E+01 -0.74825E+01 -0.90310E+01 -0.98318E+01
 -0.96637E+01 -0.86145E+01 -0.71803E+01 -0.61481E+01 -0.60962E+01 -0.68545E+01
 -0.76012E+01 -0.76626E+01 -0.71235E+01 -0.65277E+01 -0.60877E+01 -0.55032E+01
 -0.45619E+01 -0.36146E+01 -0.31917E+01 -0.32928E+01 -0.33542E+01 -0.28377E+01
 -0.16668E+01 -0.56950E-01  0.17257E+01  0.33554E+01  0.44073E+01  0.46404E+01
  0.42391E+01  0.35799E+01  0.28812E+01  0.22929E+01  0.22796E+01  0.33145E+01
  0.50941E+01  0.63869E+01  0.61610E+01  0.47059E+01  0.32622E+01  0.26370E+01
  0.25698E+01  0.25197E+01  0.25206E+01  0.29237E+01  0.36382E+01  0.41150E+01
  0.40196E+01  0.35843E+01  0.31855E+01  0.29031E+01  0.25924E+01  0.21768E+01
  0.16960E+01  0.12606E+01  0.10574E+01  0.12367E+01  0.17049E+01  0.21957E+01
  0.26638E+01  0.34350E+01  0.46767E+01  0.57935E+01  0.58169E+01  0.44494E+01
  0.24730E+01  0.85623E+00 -0.27889E+00 -0.15727E+01 -0.33595E+01 -0.50951E+01
 -0.59641E+01 -0.58753E+01 -0.55405E+01 -0.56192E+01 -0.59528E+01 -0.57961E+01
 -0.48352E+01 -0.37327E+01 -0.35224E+01 -0.45046E+01 -0.58439E+01 -0.64127E+01
 -0.59161E+01 -0.50544E+01 -0.46544E+01 -0.48322E+01 -0.50498E+01 -0.48366E+01
 -0.42383E+01 -0.36060E+01 -0.31324E+01 -0.27238E+01 -0.22757E+01 -0.19578E+01
 -0.21271E+01 -0.28658E+01 -0.36584E+01 -0.36977E+01 -0.26717E+01 -0.12066E+01
 -0.42424E+00 -0.97326E+00 -0.24938E+01 -0.39890E+01 -0.46429E+01 -0.42911E+01
 -0.32822E+01 -0.21091E+01 -0.11338E+01 -0.50162E+00 -0.20117E+00 -0.14106E+00
 -0.21722E+00 -0.29323E+00 -0.28143E+00 -0.24409E+00 -0.45318E+00 -0.11778E+01
 -0.23446E+01 -0.34772E+01 -0.40688E+01 -0.39609E+01 -0.33995E+01 -0.26457E+01
 -0.17446E+01 -0.62798E+00  0.61313E+00  0.17239E+01  0.25371E+01  0.31779E+01
  0.39260E+01  0.49064E+01  0.59859E+01  0.69293E+01  0.75839E+01  0.78594E+01
  0.77068E+01  0.72763E+01  0.69482E+01  0.70137E+01  0.72264E+01  0.69746E+01
  0.60005E+01  0.48221E+01  0.42644E+01  0.46442E+01  0.56416E+01  0.68117E+01
  0.78998E+01  0.85912E+01  0.83420E+01  0.68833E+01  0.46713E+01  0.25527E+01
  0.93255E+00 -0.50625E+00 -0.21802E+01 -0.40693E+01 -0.58228E+01 -0.72020E+01
 -0.80603E+01 -0.80742E+01 -0.68900E+01 -0.46153E+01 -0.20260E+01 -0.60030E-01
  0.78425E+00  0.59730E+00 -0.17027E+00 -0.93790E+00 -0.11078E+01 -0.35984E+00
  0.10225E+01  0.22490E+01  0.25495E+01  0.17365E+01  0.20697E+00 -0.14699E+01
 -0.28409E+01 -0.36170E+01 -0.36594E+01 -0.30534E+01 -0.21044E+01 -0.11271E+01
 -0.20937E+00  0.73674E+00  0.17906E+01  0.28612E+01  0.37138E+01  0.40537E+01
  0.36287E+01  0.23794E+01  0.55223E+00 -0.13854E+01 -0.30029E+01 -0.41332E+01
 -0.49011E+01 -0.55187E+01 -0.60767E+01 -0.64025E+01 -0.62244E+01 -0.53689E+01
 -0.39413E+01 -0.22335E+01 -0.57643E+00  0.76340E+00  0.16523E+01  0.21537E+01
  0.24849E+01  0.27738E+01  0.28952E+01  0.26543E+01  0.21670E+01  0.18268E+01
  0.18380E+01  0.19538E+01  0.18488E+01  0.15936E+01  0.15962E+01  0.20435E+01
  0.26892E+01  0.31959E+01  0.35413E+01  0.39347E+01  0.45038E+01  0.51267E+01
  0.55118E+01  0.53952E+01  0.47209E+01  0.37035E+01  0.27118E+01  0.18900E+01
  0.10540E+01 -0.42552E-01 -0.13034E+01 -0.23632E+01 -0.29300E+01 -0.30295E+01
 -0.28203E+01 -0.23930E+01 -0.18268E+01 -0.13087E+01 -0.10060E+01 -0.79401E+00
 -0.35539E+00  0.41196E+00  0.11510E+01  0.13516E+01  0.88098E+00  0.90082E-01
 -0.60705E+00 -0.11342E+01 -0.16277E+01 -0.20389E+01 -0.20421E+01 -0.13968E+01
 -0.29260E+00  0.78920E+00  0.15251E+01  0.19522E+01  0.22579E+01  0.24471E+01
  0.23644E+01  0.19163E+01  0.11937E+01  0.39993E+00 -0.30597E+00 -0.86140E+00
 -0.12614E+01 -0.15622E+01 -0.18376E+01 -0.20990E+01 -0.22494E+01 -0.21736E+01
 -0.18681E+01 -0.14692E+01 -0.11667E+01 -0.11022E+01 -0.13690E+01 -0.19984E+01
 -0.29139E+01 -0.38548E+01 -0.44562E+01 -0.44935E+01 -0.41088E+01 -0.37469E+01
 -0.38268E+01 -0.43712E+01 -0.50432E+01 -0.55026E+01 -0.57357E+01 -0.59402E+01
 -0.61928E+01 -0.63409E+01 -0.62707E+01 -0.61156E+01 -0.60454E+01 -0.60121E+01
 -0.58116E+01 -0.54098E+01 -0.49969E+01 -0.47001E+01 -0.43609E+01 -0.37668E+01
 -0.30054E+01 -0.24283E+01 -0.22336E+01 -0.22172E+01 -0.20225E+01 -0.15869E+01
 -0.11996E+01 -0.11492E+01 -0.13482E+01 -0.14084E+01 -0.10494E+01 -0.40138E+00
  0.19560E+00  0.65944E+00  0.12479E+01  0.21451E+01  0.30707E+01  0.34609E+01
  0.30551E+01  0.21960E+01  0.14362E+01  0.10559E+01  0.90218E+00  0.74848E+00
  0.57770E+00  0.54016E+00  0.70371E+00  0.92390E+00  0.95431E+00  0.67874E+00
  0.23330E+00 -0.19236E+00 -0.57841E+00 -0.10551E+01 -0.16563E+01 -0.22152E+01
 -0.25757E+01 -0.28002E+01 -0.30106E+01 -0.32096E+01 -0.33153E+01 -0.33047E+01
 -0.31638E+01 -0.27256E+01 -0.19077E+01 -0.10587E+01 -0.76489E+00 -0.11198E+01
 -0.14577E+01 -0.11412E+01 -0.39701E+00  0.35599E-01  0.48960E-01  0.36543E+00
  0.15005E+01  0.28368E+01  0.32920E+01  0.26595E+01  0.17919E+01  0.14739E+01
  0.15155E+01  0.12201E+01  0.41479E+00 -0.36211E+00 -0.64905E+00 -0.60450E+00
 -0.65916E+00 -0.97156E+00 -0.13095E+01 -0.14576E+01 -0.14329E+01 -0.14026E+01
 -0.14912E+01 -0.16790E+01 -0.18101E+01 -0.16183E+01 -0.93929E+00  0.91006E-01
  0.10844E+01  0.17068E+01  0.19071E+01  0.18157E+01  0.15712E+01  0.12645E+01
  0.10682E+01  0.11722E+01  0.16133E+01  0.22044E+01  0.27051E+01  0.30441E+01
  0.32926E+01  0.35355E+01  0.37809E+01  0.39955E+01  0.41815E+01  0.43706E+01
  0.46135E+01  0.49241E+01  0.52491E+01  0.54070E+01  0.51738E+01  0.44734E+01
  0.35038E+01  0.26277E+01  0.21028E+01  0.19462E+01  0.21125E+01  0.25734E+01
  0.31902E+01  0.36369E+01  0.36078E+01  0.31934E+01  0.28555E+01  0.29341E+01
  0.33269E+01  0.37397E+01  0.41610E+01  0.48315E+01  0.58336E+01  0.68442E+01
  0.74550E+01  0.75336E+01  0.72129E+01  0.66425E+01  0.58260E+01  0.47744E+01
  0.35894E+01  0.24046E+01  0.13189E+01  0.40602E+00 -0.23497E+00 -0.48500E+00
 -0.25913E+00  0.45389E+00  0.15353E+01  0.26647E+01  0.33890E+01  0.33402E+01
  0.25434E+01  0.14606E+01  0.65820E+00  0.35149E+00  0.29976E+00  0.17154E+00
 -0.35990E-01 -0.84922E-01  0.47449E-01  0.69440E-01 -0.23440E+00 -0.65160E+00
 -0.76841E+00 -0.44625E+00  0.79905E-01  0.57771E+00  0.10897E+01  0.17319E+01
  0.24621E+01  0.30505E+01  0.32934E+01  0.31285E+01  0.27198E+01  0.24216E+01
  0.25031E+01  0.27488E+01  0.25329E+01  0.14899E+01  0.72763E-01 -0.84004E+00
 -0.89737E+00 -0.62325E+00 -0.68059E+00 -0.11175E+01 -0.14694E+01 -0.13965E+01
 -0.10261E+01 -0.65849E+00 -0.47221E+00 -0.48704E+00 -0.66048E+00 -0.90474E+00
 -0.11093E+01 -0.12177E+01 -0.11786E+01 -0.88467E+00 -0.26779E+00  0.40578E+00
  0.54387E+00 -0.26402E+00 -0.17858E+01 -0.32991E+01 -0.41948E+01 -0.43739E+01
 -0.40827E+01 -0.35452E+01 -0.28149E+01 -0.18212E+01 -0.59814E+00  0.63059E+00
  0.15450E+01  0.20146E+01  0.21925E+01  0.22372E+01  0.19846E+01  0.11115E+01
 -0.35073E+00 -0.18441E+01 -0.27398E+01 -0.29103E+01 -0.26871E+01 -0.24186E+01
 -0.22831E+01 -0.24112E+01 -0.29103E+01 -0.36672E+01 -0.42966E+01 -0.44359E+01
 -0.40370E+01 -0.33152E+01 -0.25169E+01 -0.18574E+01 -0.15095E+01 -0.15327E+01
 -0.17825E+01 -0.19586E+01 -0.18883E+01 -0.17047E+01 -0.17278E+01 -0.21816E+01
 -0.29809E+01 -0.38311E+01 -0.44889E+01 -0.49481E+01 -0.52971E+01 -0.55127E+01
 -0.54368E+01 -0.50266E+01 -0.44207E+01 -0.37783E+01 -0.31243E+01 -0.24704E+01
 -0.19270E+01 -0.15763E+01 -0.12793E+01 -0.80094E+00 -0.84713E-01  0.76176E+00
  0.16764E+01  0.26589E+01  0.35026E+01  0.38223E+01  0.35159E+01  0.29405E+01
  0.25095E+01  0.22315E+01  0.18827E+01  0.15481E+01  0.16044E+01  0.21620E+01
  0.28471E+01  0.32605E+01  0.34044E+01  0.34947E+01  0.35538E+01  0.34232E+01
  0.30546E+01  0.25557E+01  0.19236E+01  0.10225E+01 -0.14493E+00 -0.13180E+01
 -0.21682E+01 -0.25594E+01 -0.25568E+01 -0.23051E+01 -0.19258E+01 -0.14758E+01
 -0.90950E+00 -0.24416E+00  0.33057E+00  0.63901E+00  0.81713E+00  0.12730E+01
  0.21876E+01  0.32467E+01  0.40963E+01  0.48155E+01  0.56536E+01  0.63645E+01
  0.62650E+01  0.50409E+01  0.32591E+01  0.18113E+01  0.11367E+01  0.10997E+01
  0.14932E+01  0.22068E+01  0.30423E+01  0.37161E+01  0.41917E+01  0.47013E+01
  0.53244E+01  0.58169E+01  0.59809E+01  0.60093E+01  0.61704E+01  0.63485E+01
  0.61531E+01  0.54588E+01  0.45379E+01  0.36711E+01  0.28749E+01  0.20814E+01
  0.13985E+01  0.96788E+00  0.83452E+00  0.10155E+01  0.15792E+01  0.23693E+01
  0.28506E+01  0.25617E+01  0.17144E+01  0.10826E+01  0.11192E+01  0.14788E+01
  0.15070E+01  0.10961E+01  0.76735E+00  0.94844E+00  0.14725E+01  0.18434E+01
  0.18914E+01  0.18884E+01  0.21347E+01  0.25086E+01  0.25622E+01  0.20465E+01
  0.11937E+01  0.49681E+00  0.19636E+00  0.88670E-01 -0.12679E+00 -0.44695E+00
 -0.62266E+00 -0.52930E+00 -0.31978E+00 -0.24056E+00 -0.36529E+00 -0.62883E+00
 -0.87254E+00 -0.88678E+00 -0.45914E+00  0.37643E+00  0.11440E+01  0.12771E+01
  0.67642E+00 -0.10543E+00 -0.42564E+00 -0.23588E+00 -0.66002E-01 -0.28986E+00
 -0.62983E+00 -0.50811E+00  0.16601E+00  0.88546E+00  0.12565E+01  0.15879E+01
  0.24093E+01  0.35366E+01  0.40889E+01  0.35196E+01  0.23043E+01  0.13071E+01
  0.72072E+00  0.57846E-01 -0.88262E+00 -0.15710E+01 -0.14776E+01 -0.87988E+00
 -0.56552E+00 -0.83742E+00 -0.11887E+01 -0.10074E+01 -0.42964E+00 -0.23136E+00
 -0.95650E+00 -0.22228E+01 -0.30244E+01 -0.27299E+01 -0.16648E+01 -0.73567E+00
 -0.48642E+00 -0.73853E+00 -0.10841E+01 -0.15175E+01 -0.23107E+01 -0.34097E+01
 -0.42511E+01 -0.42284E+01 -0.32908E+01 -0.20019E+01 -0.10643E+01 -0.78390E+00
 -0.86033E+00 -0.64792E+00  0.26142E+00  0.17259E+01  0.32217E+01  0.42839E+01
  0.47370E+01  0.45416E+01  0.37343E+01  0.24937E+01  0.11878E+01  0.19361E+00
 -0.29366E+00 -0.29925E+00 -0.35849E-01  0.15967E+00  0.43488E-01 -0.24254E+00
 -0.25104E+00  0.26171E+00  0.96989E+00  0.13382E+01  0.12618E+01  0.11994E+01
  0.15649E+01  0.22674E+01  0.28963E+01  0.32107E+01  0.32759E+01  0.31853E+01
  0.28624E+01  0.21373E+01  0.10297E+01 -0.20245E+00 -0.12024E+01 -0.17349E+01
 -0.18736E+01 -0.18934E+01 -0.20237E+01 -0.22672E+01 -0.24854E+01 -0.26581E+01
 -0.29357E+01 -0.34285E+01 -0.39751E+01 -0.42329E+01 -0.39921E+01 -0.34142E+01
 -0.28816E+01 -0.26436E+01 -0.26238E+01 -0.25700E+01 -0.23771E+01 -0.21251E+01
 -0.18645E+01 -0.14876E+01 -0.84181E+00  0.10892E-01  0.80695E+00  0.13225E+01
  0.15888E+01  0.17702E+01  0.19146E+01  0.18637E+01  0.14530E+01  0.73637E+00
  0.14071E-01 -0.36546E+00 -0.25779E+00  0.15295E+00  0.45891E+00  0.27485E+00
 -0.50691E+00 -0.16230E+01 -0.26767E+01 -0.33933E+01 -0.37020E+01 -0.35434E+01
 -0.28181E+01 -0.16652E+01 -0.63405E+00 -0.34515E+00 -0.87478E+00 -0.16481E+01
 -0.20333E+01 -0.18690E+01 -0.13364E+01 -0.55168E+00  0.37460E+00  0.10375E+01
  0.88172E+00 -0.10116E+00 -0.11889E+01 -0.16081E+01 -0.13616E+01 -0.10018E+01
 -0.75823E+00 -0.29925E+00  0.62989E+00  0.16327E+01  0.20350E+01  0.16129E+01
  0.74335E+00 -0.75235E-01 -0.60777E+00 -0.83439E+00 -0.82020E+00 -0.72103E+00
 -0.75501E+00 -0.10014E+01 -0.12988E+01 -0.15197E+01 -0.17633E+01 -0.22137E+01
 -0.27887E+01 -0.32391E+01 -0.35052E+01 -0.38198E+01 -0.43522E+01 -0.49896E+01
 -0.55137E+01 -0.59015E+01 -0.61877E+01 -0.62076E+01 -0.57712E+01 -0.50631E+01
 -0.46014E+01 -0.46268E+01 -0.47967E+01 -0.46353E+01 -0.41565E+01 -0.38053E+01
 -0.37967E+01 -0.38477E+01 -0.35900E+01 -0.30999E+01 -0.28393E+01 -0.31651E+01
 -0.39950E+01 -0.48957E+01 -0.53916E+01 -0.52753E+01 -0.46604E+01 -0.38250E+01
 -0.29440E+01 -0.20261E+01 -0.11226E+01 -0.46535E+00 -0.24722E+00 -0.29538E+00
 -0.12538E+00  0.55442E+00  0.14156E+01  0.17102E+01  0.96240E+00 -0.50770E+00
 -0.17626E+01 -0.19581E+01 -0.96662E+00  0.60267E+00  0.18944E+01  0.23420E+01
  0.17897E+01  0.40163E+00 -0.14056E+01 -0.30005E+01 -0.37113E+01 -0.31874E+01
 -0.15756E+01  0.56028E+00  0.23845E+01  0.30530E+01  0.21409E+01  0.98578E-01
 -0.18305E+01 -0.24309E+01 -0.14622E+01  0.35072E+00  0.21410E+01  0.35319E+01
  0.44270E+01  0.45204E+01  0.34497E+01  0.14187E+01 -0.64064E+00 -0.17399E+01
 -0.16605E+01 -0.10911E+01 -0.98040E+00 -0.17935E+01 -0.32183E+01 -0.45723E+01
 -0.53314E+01 -0.53908E+01 -0.48242E+01 -0.35980E+01 -0.17227E+01  0.36798E+00
  0.18523E+01  0.21780E+01  0.14415E+01  0.11589E+00 -0.14817E+01 -0.31276E+01
 -0.43283E+01 -0.44731E+01 -0.34955E+01 -0.20763E+01 -0.10567E+01 -0.78757E+00
 -0.11813E+01 -0.20367E+01 -0.30423E+01 -0.36484E+01 -0.33453E+01 -0.22123E+01
 -0.89786E+00  0.25611E-01  0.44489E+00  0.45912E+00  0.28495E-01 -0.90057E+00
 -0.19968E+01 -0.25831E+01 -0.21780E+01 -0.97404E+00  0.24688E+00  0.69734E+00
  0.21010E+00 -0.59148E+00 -0.77270E+00  0.68639E-01  0.14822E+01  0.26408E+01
  0.30743E+01  0.28872E+01  0.23549E+01  0.15532E+01  0.51937E+00 -0.44364E+00
 -0.81756E+00 -0.33871E+00  0.68674E+00  0.16017E+01  0.19276E+01  0.17351E+01
  0.15170E+01  0.16870E+01  0.22168E+01  0.26446E+01  0.25201E+01  0.17865E+01
  0.88572E+00  0.42985E+00  0.72164E+00  0.15460E+01  0.23960E+01  0.28975E+01
  0.30108E+01  0.28410E+01  0.23879E+01  0.16430E+01  0.79608E+00  0.19565E+00
  0.25803E-01  0.15904E+00  0.39145E+00  0.67483E+00  0.99788E+00  0.12161E+01
  0.12078E+01  0.10549E+01  0.91054E+00  0.71531E+00  0.28192E+00 -0.35808E+00
 -0.91033E+00 -0.12020E+01 -0.13038E+01 -0.12328E+01 -0.79927E+00 -0.31467E-01
  0.51541E+00  0.26347E+00 -0.62015E+00 -0.12970E+01 -0.11552E+01 -0.32225E+00
  0.71184E+00  0.16383E+01  0.23126E+01  0.25055E+01  0.21006E+01  0.14294E+01
  0.10274E+01  0.95107E+00  0.65953E+00 -0.32603E+00 -0.18073E+01 -0.31469E+01
 -0.39002E+01 -0.40898E+01 -0.39225E+01 -0.35653E+01 -0.31826E+01 -0.29842E+01
 -0.31058E+01 -0.34511E+01 -0.37398E+01 -0.37650E+01 -0.35806E+01 -0.33878E+01
 -0.33223E+01 -0.33504E+01 -0.34039E+01 -0.35425E+01 -0.39162E+01 -0.45532E+01
 -0.52894E+01 -0.59293E+01 -0.64531E+01 -0.69598E+01 -0.73872E+01 -0.74124E+01
 -0.67152E+01 -0.53015E+01 -0.35732E+01 -0.20320E+01 -0.95523E+00 -0.28652E+00
  0.21524E+00  0.75102E+00  0.14000E+01  0.21198E+01  0.27661E+01  0.31092E+01
  0.29452E+01  0.22713E+01  0.13879E+01  0.71125E+00  0.50770E+00  0.73184E+00
  0.11175E+01  0.14181E+01  0.15459E+01  0.15519E+01  0.15497E+01  0.16010E+01
  0.16525E+01  0.16641E+01  0.17071E+01  0.19539E+01  0.24444E+01  0.29320E+01
  0.31081E+01  0.29216E+01  0.26756E+01  0.26874E+01  0.29683E+01  0.32831E+01
  0.34790E+01  0.35674E+01  0.36019E+01  0.35372E+01  0.33818E+01  0.33228E+01
  0.36009E+01  0.42501E+01  0.49900E+01  0.54098E+01  0.52431E+01  0.45328E+01
  0.35585E+01  0.26697E+01  0.20840E+01  0.18238E+01  0.17507E+01  0.17145E+01
  0.16301E+01  0.14153E+01  0.10080E+01  0.45056E+00 -0.13428E-01 -0.41211E-01
  0.46648E+00  0.11865E+01  0.16262E+01  0.15843E+01  0.13016E+01  0.11210E+01
  0.10734E+01  0.96640E+00  0.74324E+00  0.59651E+00  0.63965E+00  0.66588E+00
  0.39739E+00 -0.16002E+00 -0.70321E+00 -0.10056E+01 -0.11013E+01 -0.11176E+01
 -0.10829E+01 -0.95477E+00 -0.74163E+00 -0.47467E+00 -0.15107E+00  0.25190E+00
  0.66334E+00  0.93313E+00  0.94800E+00  0.65699E+00  0.13371E+00 -0.39527E+00
 -0.67783E+00 -0.68271E+00 -0.65365E+00 -0.84839E+00 -0.12498E+01 -0.16881E+01
 -0.21774E+01 -0.29018E+01 -0.38614E+01 -0.47444E+01 -0.52450E+01 -0.53660E+01
 -0.52632E+01 -0.49308E+01 -0.42757E+01 -0.34024E+01 -0.26425E+01 -0.21687E+01
 -0.18477E+01 -0.14815E+01 -0.10641E+01 -0.74048E+00 -0.55261E+00 -0.41578E+00
 -0.21666E+00  0.90154E-01  0.44512E+00  0.68108E+00  0.61398E+00  0.24664E+00
 -0.12078E+00 -0.97228E-01  0.41362E+00  0.11000E+01  0.15258E+01  0.15522E+01
  0.14256E+01  0.15002E+01  0.18920E+01  0.24425E+01  0.29165E+01  0.32602E+01
  0.35217E+01  0.37011E+01  0.37248E+01  0.35785E+01  0.34037E+01  0.33141E+01
  0.32527E+01  0.30922E+01  0.28525E+01  0.26947E+01  0.27411E+01  0.29687E+01
  0.32615E+01  0.34409E+01  0.33257E+01  0.28424E+01  0.22457E+01  0.19691E+01
  0.22307E+01  0.28181E+01  0.33914E+01  0.38399E+01  0.42375E+01  0.45671E+01
  0.47070E+01  0.46542E+01  0.46128E+01  0.47696E+01  0.50908E+01  0.54460E+01
  0.57982E+01  0.61137E+01  0.62196E+01  0.58721E+01  0.50036E+01  0.38291E+01
  0.27057E+01  0.19108E+01  0.15210E+01  0.14116E+01  0.13673E+01  0.12466E+01
  0.10664E+01  0.94285E+00  0.89581E+00  0.86005E+00  0.79318E+00  0.74897E+00
  0.76706E+00  0.77099E+00  0.67300E+00  0.53527E+00  0.53076E+00  0.74994E+00
  0.10627E+01  0.13272E+01  0.15635E+01  0.19697E+01  0.27073E+01  0.37140E+01
  0.47124E+01  0.53961E+01  0.56380E+01  0.54777E+01  0.50482E+01  0.44431E+01
  0.37786E+01  0.31764E+01  0.26677E+01  0.20853E+01  0.11970E+01  0.31044E-01
 -0.10385E+01 -0.16095E+01 -0.16254E+01 -0.13468E+01 -0.99440E+00 -0.58810E+00
 -0.10818E+00  0.30349E+00  0.48904E+00  0.47306E+00  0.41748E+00  0.41875E+00
  0.38021E+00  0.18307E+00 -0.18116E+00 -0.64184E+00 -0.10938E+01 -0.13958E+01
 -0.14173E+01 -0.11726E+01 -0.83150E+00 -0.52729E+00 -0.17494E+00  0.38714E+00
  0.11134E+01  0.17037E+01  0.18918E+01  0.17853E+01  0.17355E+01  0.19660E+01
  0.24231E+01  0.29002E+01  0.32159E+01  0.32508E+01  0.29433E+01  0.23723E+01
  0.17840E+01  0.14227E+01  0.12680E+01  0.10993E+01  0.73483E+00  0.18929E+00
 -0.44413E+00 -0.10720E+01 -0.15184E+01 -0.15457E+01 -0.10828E+01 -0.43296E+00
 -0.55224E-01 -0.14758E+00 -0.53174E+00 -0.96407E+00 -0.13511E+01 -0.15936E+01
 -0.14452E+01 -0.77570E+00  0.78008E-01  0.47565E+00  0.15092E+00 -0.49386E+00
 -0.84124E+00 -0.76372E+00 -0.68623E+00 -0.10223E+01 -0.16728E+01 -0.22326E+01
 -0.24781E+01 -0.25139E+01 -0.24449E+01 -0.21691E+01 -0.15818E+01 -0.85845E+00
 -0.31929E+00 -0.60529E-01  0.82023E-01  0.23030E+00  0.29076E+00  0.16992E+00
 -0.21780E-01 -0.80329E-01  0.25383E-01  0.17359E+00  0.25958E+00  0.24911E+00
  0.54516E-01 -0.41755E+00 -0.11136E+01 -0.18067E+01 -0.22477E+01 -0.23234E+01
 -0.20222E+01 -0.14775E+01 -0.10036E+01 -0.94892E+00 -0.13248E+01 -0.17064E+01
 -0.16603E+01 -0.11950E+01 -0.63611E+00 -0.23026E+00 -0.28808E-02 -0.49498E-02
 -0.34129E+00 -0.93538E+00 -0.13766E+01 -0.12767E+01 -0.64710E+00  0.12408E+00
  0.67714E+00  0.90727E+00  0.89661E+00  0.77837E+00  0.72804E+00  0.86741E+00
  0.11202E+01  0.12285E+01  0.11101E+01  0.97481E+00  0.10349E+01  0.11572E+01
  0.10134E+01  0.53521E+00  0.88406E-02 -0.28242E+00 -0.37257E+00 -0.45410E+00
 -0.58676E+00 -0.72796E+00 -0.86620E+00 -0.10584E+01 -0.13270E+01 -0.16580E+01
 -0.20230E+01 -0.23144E+01 -0.23848E+01 -0.22286E+01 -0.20554E+01 -0.20437E+01
 -0.21567E+01 -0.23036E+01 -0.25781E+01 -0.30595E+01 -0.35378E+01 -0.37301E+01
 -0.37242E+01 -0.38485E+01 -0.42136E+01 -0.46696E+01 -0.51537E+01 -0.56437E+01
 -0.57368E+01 -0.50371E+01 -0.40343E+01 -0.39206E+01 -0.48667E+01 -0.53595E+01
 -0.41669E+01 -0.24417E+01 -0.24077E+01 -0.40506E+01 -0.47530E+01 -0.28893E+01
 -0.38226E+00 -0.26311E+00 -0.25126E+01 -0.40847E+01 -0.30424E+01 -0.95763E+00
 -0.45919E+00 -0.17142E+01 -0.26293E+01 -0.19185E+01 -0.63266E+00 -0.38356E+00
 -0.11429E+01 -0.14888E+01 -0.61370E+00  0.65784E+00  0.98325E+00  0.15585E+00
 -0.70001E+00 -0.57001E+00  0.20860E+00  0.43200E+00 -0.35026E+00 -0.13081E+01
 -0.15494E+01 -0.13912E+01 -0.17712E+01 -0.27235E+01 -0.32283E+01 -0.27501E+01
 -0.20766E+01 -0.22045E+01 -0.29105E+01 -0.31491E+01 -0.25634E+01 -0.17964E+01
 -0.13836E+01 -0.11152E+01 -0.71941E+00 -0.43975E+00 -0.48302E+00 -0.44420E+00
  0.90441E-01  0.74388E+00  0.81947E+00  0.31431E+00 -0.85977E-01 -0.86931E-01
 -0.14172E+00 -0.57044E+00 -0.99636E+00 -0.98607E+00 -0.71523E+00 -0.57472E+00
 -0.44263E+00  0.11990E+00  0.10876E+01  0.19503E+01  0.23683E+01  0.24719E+01
  0.24140E+01  0.21407E+01  0.16862E+01  0.12968E+01  0.10773E+01  0.77001E+00
  0.17374E+00 -0.51322E+00 -0.93388E+00 -0.10912E+01 -0.12599E+01 -0.15191E+01
 -0.16113E+01 -0.12844E+01 -0.62883E+00  0.21000E-01  0.45835E+00  0.83912E+00
  0.15201E+01  0.25918E+01  0.35930E+01  0.39140E+01  0.35268E+01  0.30831E+01
  0.31151E+01  0.33654E+01  0.32615E+01  0.28231E+01  0.26483E+01  0.29467E+01
  0.31796E+01  0.28518E+01  0.22576E+01  0.20742E+01  0.23864E+01  0.26421E+01
  0.24584E+01  0.20993E+01  0.19863E+01  0.20633E+01  0.19308E+01  0.14582E+01
  0.92320E+00  0.67147E+00  0.73107E+00  0.89852E+00  0.99808E+00  0.96711E+00
  0.80313E+00  0.46902E+00 -0.37974E-01 -0.61851E+00 -0.10858E+01 -0.12473E+01
 -0.10263E+01 -0.52779E+00  0.61375E-01  0.53719E+00  0.71552E+00  0.44343E+00
 -0.19127E+00 -0.72118E+00 -0.66482E+00 -0.98572E-01  0.30625E+00  0.53739E-01
 -0.55565E+00 -0.84789E+00 -0.72083E+00 -0.79217E+00 -0.14754E+01 -0.23144E+01
 -0.25303E+01 -0.20238E+01 -0.14410E+01 -0.12576E+01 -0.12754E+01 -0.11090E+01
 -0.84634E+00 -0.92368E+00 -0.14542E+01 -0.19509E+01 -0.18358E+01 -0.11116E+01
 -0.33927E+00 -0.76934E-01 -0.32449E+00 -0.70803E+00 -0.10406E+01 -0.15178E+01
 -0.22640E+01 -0.28715E+01 -0.28076E+01 -0.21859E+01 -0.17822E+01 -0.21065E+01
 -0.27086E+01 -0.27016E+01 -0.18506E+01 -0.81540E+00 -0.30999E+00 -0.30887E+00
 -0.26526E+00  0.15503E+00  0.67444E+00  0.79437E+00  0.44694E+00  0.12206E+00
  0.39488E+00  0.12540E+01  0.20649E+01  0.22555E+01  0.19021E+01  0.15203E+01
  0.14473E+01  0.16802E+01  0.22330E+01  0.31428E+01  0.40215E+01  0.40501E+01
  0.28920E+01  0.13853E+01  0.75671E+00  0.12131E+01  0.17656E+01  0.15816E+01
  0.10039E+01  0.89344E+00  0.13241E+01  0.14062E+01  0.44589E+00 -0.11519E+01
 -0.23389E+01 -0.25005E+01 -0.19059E+01 -0.12038E+01 -0.73669E+00 -0.39715E+00
 -0.17982E-01  0.27614E+00  0.14533E+00 -0.52373E+00 -0.13089E+01 -0.16127E+01
 -0.13018E+01 -0.96546E+00 -0.12014E+01 -0.18565E+01 -0.21860E+01 -0.18470E+01
 -0.13495E+01 -0.13589E+01 -0.18331E+01 -0.22195E+01 -0.22348E+01 -0.20207E+01
 -0.16735E+01 -0.11026E+01 -0.51194E+00 -0.47652E+00 -0.13958E+01 -0.32272E+01
 -0.57977E+01 -0.86350E+01 -0.10144E+02 -0.79385E+01 -0.13885E+01  0.64309E+01
  0.10638E+02  0.91438E+01  0.47509E+01  0.22591E+01  0.37781E+01  0.71301E+01
  0.84110E+01  0.55591E+01 -0.14806E+00 -0.55040E+01 -0.83306E+01 -0.91628E+01
 -0.97376E+01 -0.99979E+01 -0.77315E+01 -0.19583E+01  0.45204E+01  0.75144E+01
  0.61831E+01  0.36310E+01  0.26085E+01  0.24384E+01  0.13531E+01  0.23143E+00
  0.18712E+01  0.65534E+01  0.10255E+02  0.83685E+01  0.75944E+00 -0.75153E+01
 -0.10504E+02 -0.65279E+01  0.34365E+00  0.37704E+01  0.81805E+00 -0.51995E+01
 -0.76904E+01 -0.30683E+01  0.58537E+01  0.12727E+02  0.13596E+02  0.96376E+01
  0.46962E+01  0.12674E+01 -0.53832E+00 -0.10921E+01  0.19727E-01  0.28254E+01
  0.54101E+01  0.48616E+01  0.25717E+00 -0.56991E+01 -0.85928E+01 -0.60677E+01
  0.19015E+00  0.58989E+01  0.75682E+01  0.48808E+01  0.36904E+00 -0.29587E+01
 -0.38163E+01 -0.29293E+01 -0.16995E+01	    0.0		   0.0		0.0
