  0.10413E+02 -0.18187E+01 -0.75088E+01 -0.66323E+01 -0.60637E+01 -0.41649E+01
 -0.33326E+00  0.19207E+01  0.12811E+01 -0.90124E+00 -0.60411E+01 -0.90951E+01
 -0.57545E+01 -0.16748E+01  0.47793E+00  0.27070E+01  0.62707E+01  0.59925E+01
 -0.49979E+00 -0.59535E+01 -0.24911E+01  0.53160E+01  0.80805E+01  0.35852E+01
 -0.21824E+01 -0.27578E+01 -0.39838E+00  0.14447E+01  0.21725E+01  0.37657E+01
  0.60263E+01  0.43993E+01 -0.12711E+01 -0.87241E+01 -0.12383E+02 -0.96663E+01
 -0.64869E+01 -0.50032E+01 -0.38232E+01 -0.34981E+01 -0.37783E+01 -0.42339E+01
 -0.29218E+01  0.12303E+01  0.54155E+01  0.92307E+01  0.15218E+02  0.24305E+02
  0.23508E+02  0.10729E+02 -0.16004E+01 -0.68603E+01 -0.37680E+01  0.25050E+01
  0.87572E+01  0.10237E+02  0.55197E+01  0.16900E+00  0.26292E+01  0.11795E+02
  0.16061E+02  0.79013E+01 -0.32637E+01 -0.11184E+02 -0.10626E+02 -0.12678E+01
  0.43419E+01  0.36955E+01  0.13969E+01 -0.57127E+00 -0.41484E+01 -0.11049E+02
 -0.18114E+02 -0.15762E+02 -0.25137E+00  0.13443E+02  0.19815E+02  0.23678E+02
  0.19678E+02  0.10144E+02  0.22211E+01 -0.57367E+01 -0.11793E+02 -0.12188E+02
 -0.99767E+01 -0.77220E+01 -0.62213E+01 -0.54042E+01 -0.50912E+01 -0.31463E+01
  0.31312E+01  0.99066E+01  0.96949E+01  0.46998E+01  0.41224E+01  0.14464E+02
  0.22949E+02  0.16386E+02  0.58662E+01  0.19819E+01 -0.14110E+01 -0.76909E+01
 -0.93243E+01 -0.74697E+01 -0.47969E+01 -0.14117E+01 -0.67669E+00 -0.72255E+01
 -0.12221E+02 -0.87524E+01 -0.26804E+01 -0.14083E+01 -0.58473E+01 -0.12039E+02
 -0.14673E+02 -0.10019E+02 -0.31750E+01  0.11118E+01  0.23355E+01  0.41397E+01
  0.10834E+02  0.15837E+02  0.15344E+02  0.14617E+02  0.13948E+02  0.11645E+02
  0.77280E+01  0.48901E+01  0.33829E+01  0.51864E+00 -0.20217E+01 -0.38742E+01
 -0.71336E+01 -0.91782E+01 -0.70643E+01 -0.37576E+01 -0.34689E+01 -0.73115E+00
  0.13583E+01 -0.64744E+01 -0.17113E+02 -0.14407E+02 -0.32965E+01  0.64854E+01
  0.82419E+01  0.27178E+01 -0.25505E+01 -0.74720E+01 -0.85925E+01 -0.38858E+01
  0.38490E+01  0.13708E+02  0.15181E+02 -0.10875E+01 -0.16179E+02 -0.14290E+02
 -0.60354E+01  0.22387E+00  0.96863E+00 -0.52261E+01 -0.12708E+02 -0.19663E+02
 -0.20505E+02 -0.89773E+01  0.57551E+01  0.16105E+02  0.17502E+02  0.13509E+02
  0.16465E+02  0.21371E+02  0.19478E+02  0.15000E+02  0.10981E+02  0.48257E+01
 -0.59206E+01 -0.19218E+02 -0.25379E+02 -0.21965E+02 -0.15662E+02 -0.69640E+01
  0.45240E+01  0.12377E+02  0.60516E+01 -0.94707E+01 -0.15966E+02 -0.98588E+01
 -0.54193E+00  0.39542E+01  0.27441E+01  0.27648E+01  0.40174E+01  0.30340E+01
  0.12840E+01  0.30325E+01  0.74724E+01  0.65377E+01 -0.35753E+01 -0.13993E+02
 -0.10372E+02  0.30113E+01  0.14960E+02  0.23787E+02  0.27451E+02  0.26343E+02
  0.23026E+02  0.18726E+02  0.14400E+02  0.98052E+01  0.12751E+01 -0.97997E+01
 -0.17999E+02 -0.25006E+02 -0.33376E+02 -0.36206E+02 -0.28448E+02 -0.14473E+02
 -0.74806E+01 -0.89899E+01 -0.92226E+01 -0.68286E+01 -0.42175E+01 -0.14889E+01
  0.33459E+01  0.11337E+02  0.17452E+02  0.13458E+02  0.32796E+01 -0.20100E+01
 -0.48790E+00 -0.67740E+00 -0.48554E+01 -0.94783E+01 -0.12710E+02 -0.11841E+02
 -0.43179E+01  0.36079E+01  0.23629E+01 -0.54741E+01 -0.83134E+01 -0.25215E+01
  0.54925E+01  0.90180E+01  0.64039E+01  0.36924E+01 -0.35092E+01 -0.11652E+02
 -0.73014E+01 -0.95866E+00 -0.42839E+01 -0.11055E+02 -0.14650E+02 -0.15972E+02
 -0.15812E+02 -0.11319E+02 -0.46465E+01 -0.38868E+01 -0.90777E+01 -0.12278E+02
 -0.87240E+01 -0.22875E+01  0.19247E+01  0.18363E+01  0.78417E+00  0.68172E+00
  0.11455E+02  0.27258E+02  0.28308E+02  0.14289E+02  0.47100E+01  0.61051E+01
  0.96785E+01  0.80573E+01  0.19687E+01 -0.49120E+01 -0.69896E+01 -0.22351E+01
  0.32919E+01  0.63031E+01  0.50290E+01  0.22138E+01  0.11358E+01  0.12783E+01
 -0.38665E+01 -0.13865E+02 -0.15763E+02 -0.10790E+02 -0.72230E+01 -0.67151E+01
 -0.76078E+01 -0.65697E+01 -0.52213E+01 -0.31227E+01  0.85667E+00  0.23393E+01
  0.21385E+01  0.29375E+01  0.10990E+01 -0.47875E+01 -0.11457E+02 -0.12226E+02
 -0.71991E+01 -0.32381E+01  0.26622E+00  0.18561E+01  0.17458E+00 -0.21163E+01
 -0.34592E+01  0.11524E+01  0.58648E+01  0.32231E+01 -0.13357E+01 -0.45637E+01
 -0.26785E+01  0.40623E+01  0.80689E+01  0.56458E+01  0.69890E+00 -0.27977E+01
 -0.27132E+01  0.33446E+01  0.13960E+02  0.19491E+02  0.13146E+02  0.29472E+01
 -0.35936E+01 -0.86993E+01 -0.13960E+02 -0.18649E+02 -0.26033E+02 -0.28848E+02
 -0.20421E+02 -0.84977E+01 -0.13265E+01  0.16417E+01  0.22617E+01 -0.28884E+01
 -0.96769E+01 -0.13751E+02 -0.16948E+02 -0.16179E+02 -0.12764E+02 -0.89255E+01
 -0.12913E+01  0.67418E+01  0.13024E+02  0.14326E+02  0.17823E+02  0.25958E+02
  0.30290E+02  0.32755E+02  0.34995E+02  0.29329E+02  0.19238E+02  0.11785E+02
  0.71554E+01  0.33803E+01 -0.52743E+00 -0.46375E+01 -0.64569E+01 -0.33298E+01
  0.15920E+01  0.62579E+01  0.62873E+01 -0.22068E+01 -0.12231E+02 -0.20215E+02
 -0.28255E+02 -0.31857E+02 -0.29672E+02 -0.26005E+02 -0.22087E+02 -0.18538E+02
 -0.10897E+02  0.70898E+01  0.20433E+02  0.19198E+02  0.13880E+02  0.12258E+02
  0.12196E+02  0.10794E+02  0.82335E+01  0.51102E+01  0.39131E+01  0.26498E+01
 -0.12755E+01  0.58054E+00  0.57198E+01  0.85995E+01  0.10612E+02  0.85504E+01
  0.33510E+01 -0.25937E+01 -0.73437E+01 -0.10539E+02 -0.13553E+02 -0.16917E+02
 -0.18840E+02 -0.16370E+02 -0.97088E+01 -0.14323E+01  0.64391E+01  0.12148E+02
  0.13308E+02  0.12669E+02  0.11484E+02  0.86606E+01  0.93719E+00 -0.79358E+01
 -0.58669E+01  0.20926E+01  0.73135E+01  0.63118E+01  0.98769E+00  0.46499E+01
  0.18506E+02  0.28955E+02  0.30985E+02  0.17971E+02  0.99277E+00 -0.11286E+02
 -0.23921E+02 -0.20415E+02 -0.38225E+01  0.86598E+01  0.17233E+02  0.24963E+02
  0.25473E+02  0.18789E+02  0.11718E+02  0.65224E+01  0.60903E+01  0.73808E+01
  0.87689E+01  0.13739E+02  0.11532E+02  0.78737E+01  0.10216E+02  0.22400E+02
  0.34649E+02  0.31404E+02  0.23692E+02  0.19365E+02  0.17445E+02  0.12367E+02
  0.12912E+02  0.28523E+02  0.40689E+02  0.39307E+02  0.34252E+02  0.28380E+02
  0.22406E+02  0.19165E+02  0.18191E+02  0.16072E+02  0.10324E+02 -0.10375E+02
 -0.26632E+02 -0.26205E+02 -0.15578E+02  0.50314E+01  0.18634E+02  0.12731E+02
 -0.33941E+01 -0.16438E+02 -0.24684E+02 -0.36197E+02 -0.45034E+02 -0.47485E+02
 -0.49672E+02 -0.50654E+02 -0.48716E+02 -0.38096E+02 -0.11652E+02  0.14462E+02
  0.26533E+02  0.32634E+02  0.33055E+02  0.24478E+02  0.15193E+02  0.14670E+02
  0.22944E+02  0.30866E+02  0.37603E+02  0.40829E+02  0.35573E+02  0.28054E+02
  0.22164E+02  0.13494E+02  0.12721E+01 -0.55663E+01  0.60955E+00  0.79005E+01
  0.90595E+01  0.51351E+01 -0.40624E+00 -0.26326E+01 -0.38658E+01 -0.11804E+02
 -0.22797E+02 -0.29923E+02 -0.37642E+02 -0.40222E+02 -0.28403E+02 -0.10950E+02
  0.74011E+01  0.18748E+02  0.20007E+02  0.18267E+02  0.19716E+02  0.21984E+02
  0.15927E+02 -0.33323E+01 -0.20558E+02 -0.18266E+02 -0.58055E+00 -0.21277E+01
 -0.31598E+02 -0.57274E+02 -0.69069E+02 -0.57754E+02 -0.38580E+02 -0.30577E+02
 -0.27479E+02 -0.24473E+02 -0.21761E+02 -0.19635E+02 -0.19248E+02 -0.21278E+02
 -0.25493E+02 -0.30363E+02 -0.31098E+02 -0.29396E+02 -0.28772E+02 -0.33885E+02
 -0.47110E+02 -0.57711E+02 -0.50026E+02 -0.26912E+02 -0.49957E+01 -0.47108E+00
 -0.60355E+01 -0.11380E+02 -0.13781E+02 -0.21410E+02 -0.40634E+02 -0.57679E+02
 -0.60059E+02 -0.50485E+02 -0.23260E+02  0.10731E+02  0.24167E+02  0.14143E+02
  0.45936E+01  0.12658E+02  0.33915E+02  0.58333E+02  0.83855E+02  0.74154E+02
  0.32049E+02  0.57594E+01 -0.90646E+01 -0.23271E+02 -0.30370E+02 -0.31847E+02
 -0.21903E+02 -0.44909E+01  0.11575E+01 -0.27160E+01 -0.85567E+01 -0.17478E+02
 -0.24767E+02 -0.28577E+02 -0.33673E+02 -0.50313E+02 -0.73418E+02 -0.76454E+02
 -0.65935E+02 -0.46750E+02 -0.41762E+01  0.18064E+02  0.20022E+02  0.18284E+02
  0.11915E+02  0.44243E+01  0.30332E+00  0.56038E+01  0.20003E+02  0.38124E+02
  0.62328E+02  0.68576E+02  0.42789E+02  0.31799E-01 -0.39783E+02 -0.76142E+02
 -0.88672E+02 -0.67360E+02 -0.41383E+02 -0.32687E+02 -0.36079E+02 -0.43495E+02
 -0.54296E+02 -0.58894E+02 -0.44043E+02 -0.21423E+02 -0.35292E+01  0.18458E+02
  0.48352E+02  0.65045E+02  0.69521E+02  0.75485E+02  0.81399E+02  0.80926E+02
  0.76312E+02  0.77557E+02  0.79750E+02  0.77966E+02  0.69343E+02  0.44968E+02
  0.20736E+02  0.16216E+02  0.24639E+02  0.31571E+02  0.33054E+02  0.33334E+02
  0.38467E+02  0.46946E+02  0.55611E+02  0.64199E+02  0.71057E+02  0.70750E+02
  0.76883E+02  0.94191E+02  0.11890E+03  0.14149E+03  0.13012E+03  0.89716E+02
  0.48814E+02 -0.22555E+02 -0.93610E+02 -0.11701E+03 -0.11334E+03 -0.10281E+03
 -0.90870E+02 -0.78101E+02 -0.63334E+02 -0.48058E+02 -0.40204E+02 -0.36557E+02
 -0.15634E+02  0.15812E+02  0.40308E+02  0.31686E+02 -0.68236E+01 -0.36270E+02
 -0.42693E+02 -0.33009E+02 -0.15464E+02  0.21312E+01  0.83771E+01  0.89831E+01
  0.28392E+02  0.56573E+02  0.83842E+02  0.10800E+03  0.12698E+03  0.13992E+03
  0.12757E+03  0.10092E+03  0.78879E+02  0.64451E+02  0.58186E+02  0.55507E+02
  0.53348E+02  0.50886E+02  0.21137E+02 -0.26155E+02 -0.60226E+02 -0.74970E+02
 -0.43826E+02  0.80158E+01  0.37923E+02  0.60844E+02  0.67311E+02  0.36601E+02
 -0.48678E+00 -0.29136E+02 -0.44956E+02 -0.36905E+02 -0.20733E+02 -0.69573E+01
 -0.76549E+01 -0.23038E+02 -0.39530E+02 -0.52931E+02 -0.72147E+02 -0.95044E+02
 -0.11601E+03 -0.12836E+03 -0.13119E+03 -0.11834E+03 -0.96446E+02 -0.75192E+02
 -0.54999E+02 -0.36890E+02 -0.19993E+02 -0.87880E+01 -0.63008E+00  0.11372E+02
  0.16915E+02  0.17299E+02  0.17446E+02  0.22941E+02  0.31320E+02  0.45342E+02
  0.54927E+02  0.51252E+02  0.43297E+02  0.19605E+02 -0.11044E+02 -0.21551E+02
 -0.19990E+02 -0.18423E+02 -0.21465E+02 -0.27685E+02 -0.29831E+02 -0.15018E+02
  0.59157E+01  0.16802E+02  0.21763E+02  0.23196E+02  0.11163E+02 -0.96075E+01
 -0.31002E+02 -0.53093E+02 -0.79465E+02 -0.85954E+02 -0.57344E+02 -0.34337E+02
 -0.25382E+02 -0.12143E+02  0.36588E+01  0.73604E+01  0.20938E+01 -0.28899E+01
 -0.69282E+01 -0.18985E+02 -0.35217E+02 -0.45222E+02 -0.56785E+02 -0.68458E+02
 -0.69445E+02 -0.69296E+02 -0.74601E+02 -0.72843E+02 -0.48848E+02 -0.17138E+02
  0.52227E+01  0.20644E+02  0.37411E+02  0.57133E+02  0.80508E+02  0.82464E+02
  0.54900E+02  0.19320E+02 -0.13688E+02 -0.38701E+02 -0.54082E+02 -0.61036E+02
 -0.55918E+02 -0.34354E+02 -0.79450E+01  0.12967E+02  0.32173E+02  0.46502E+02
  0.44183E+02  0.30808E+02  0.11109E+02 -0.29984E+00  0.13448E+02  0.36990E+02
  0.68058E+02  0.91818E+02  0.84151E+02  0.63823E+02  0.45049E+02  0.22601E+02
 -0.50289E+01 -0.23472E+02 -0.30968E+02 -0.31998E+02 -0.17778E+02  0.42667E+01
  0.25641E+02  0.45641E+02  0.63343E+02  0.62207E+02  0.45294E+02  0.33506E+02
  0.17888E+02 -0.97792E+01 -0.33665E+02 -0.35094E+02 -0.29633E+02 -0.29295E+02
 -0.25000E+02 -0.85592E+01 -0.65288E+00 -0.93972E+01 -0.17007E+02 -0.20850E+02
 -0.25979E+02 -0.31763E+02 -0.38057E+02 -0.39358E+02 -0.31311E+02 -0.21034E+02
 -0.16045E+02 -0.12540E+02 -0.14862E+02 -0.25835E+02 -0.37562E+02 -0.37390E+02
 -0.28042E+02 -0.22511E+02 -0.23359E+02 -0.16320E+02  0.12045E+02  0.42332E+02
  0.55498E+02  0.55158E+02  0.49833E+02  0.45432E+02  0.38341E+02  0.39888E+02
  0.25084E+02 -0.13474E+02 -0.34616E+02 -0.42886E+02 -0.48733E+02 -0.52204E+02
 -0.57775E+02 -0.66896E+02 -0.64940E+02 -0.46951E+02 -0.24357E+02  0.57522E+01
  0.28825E+02  0.28938E+02  0.18676E+02  0.95126E+01  0.11252E+01 -0.74041E+01
 -0.35334E+01  0.13966E+02  0.31123E+02  0.40583E+02  0.44025E+02  0.50472E+02
  0.67911E+02  0.82577E+02  0.83475E+02  0.74668E+02  0.55002E+02  0.24292E+02
 -0.54779E+01 -0.90406E+01  0.27223E+01  0.12917E+02  0.17945E+02  0.77350E+01
 -0.98295E+01 -0.26455E+02 -0.19925E+02 -0.68250E+00  0.10039E+02  0.21989E+02
  0.37470E+02  0.65448E+02  0.88445E+02  0.91708E+02  0.89660E+02  0.83633E+02
  0.47204E+02  0.26206E+01 -0.17084E+02 -0.14911E+02 -0.47602E+01  0.58626E+01
  0.89152E+01 -0.25823E+01 -0.17077E+02 -0.29457E+02 -0.42715E+02 -0.57595E+02
 -0.75225E+02 -0.92999E+02 -0.10794E+03 -0.11005E+03 -0.84771E+02 -0.40044E+02
 -0.28412E+01  0.16750E+02  0.31004E+02  0.46519E+02  0.49645E+02  0.36254E+02
  0.18652E+02  0.59234E+01  0.32647E+01  0.15344E+01 -0.46676E+01 -0.91415E+01
 -0.22952E+02 -0.48669E+02 -0.57659E+02 -0.47957E+02 -0.37527E+02 -0.32556E+02
 -0.29284E+02 -0.30253E+02 -0.48994E+02 -0.62375E+02 -0.38191E+02  0.25961E+01
  0.35472E+02  0.63764E+02  0.67984E+02  0.51104E+02  0.24959E+02 -0.78686E+01
 -0.31116E+02 -0.43938E+02 -0.49774E+02 -0.56485E+02 -0.61437E+02 -0.64551E+02
 -0.46598E+02 -0.11930E+02  0.10993E+02  0.26464E+02  0.36568E+02  0.44480E+02
  0.45913E+02  0.38954E+02  0.35460E+02  0.40677E+02  0.42852E+02  0.41032E+02
  0.37192E+02  0.28418E+02  0.18039E+02  0.94427E+01  0.97340E+01  0.18914E+02
  0.31197E+02  0.39073E+02  0.24529E+02  0.52891E+01 -0.11502E+02 -0.46780E+02
 -0.82429E+02 -0.10648E+03 -0.10990E+03 -0.90459E+02 -0.65446E+02 -0.37501E+02
 -0.53492E+01  0.16493E+02  0.10403E+02 -0.93260E+01 -0.27808E+02 -0.42449E+02
 -0.54830E+02 -0.66718E+02 -0.78973E+02 -0.90717E+02 -0.10250E+03 -0.94296E+02
 -0.65179E+02 -0.34723E+02  0.13512E+02  0.71865E+02  0.10301E+03  0.11634E+03
  0.11716E+03  0.97134E+02  0.64418E+02  0.25657E+02 -0.55367E+01 -0.11343E+02
  0.84600E+01  0.36770E+02  0.46906E+02  0.38111E+02  0.32347E+02  0.37396E+02
  0.44438E+02  0.48203E+02  0.44378E+02  0.37999E+02  0.33918E+02  0.27610E+02
  0.26333E+02  0.37523E+02  0.51503E+02  0.59231E+02  0.60769E+02  0.61588E+02
  0.62459E+02  0.63754E+02  0.67034E+02  0.71022E+02  0.72681E+02  0.57358E+02
  0.28122E+02 -0.10882E+01 -0.14019E+02 -0.10124E+02 -0.35567E+01  0.31544E+01
  0.98147E+01  0.18200E+02  0.35460E+02  0.44164E+02  0.41638E+02  0.34512E+02
  0.90827E+01 -0.19984E+02 -0.37723E+02 -0.53285E+02 -0.59305E+02 -0.42181E+02
 -0.17876E+02  0.36092E+01  0.20266E+02  0.27459E+02  0.28203E+02  0.30040E+02
  0.34996E+02  0.36200E+02  0.22308E+02 -0.22160E+01 -0.26748E+02 -0.45719E+02
 -0.56786E+02 -0.63015E+02 -0.63750E+02 -0.60778E+02 -0.57788E+02 -0.57269E+02
 -0.59721E+02 -0.50624E+02 -0.28166E+02 -0.70513E+01 -0.65613E+01 -0.15870E+02
 -0.16619E+02 -0.12434E+02 -0.77937E+01 -0.32661E+01  0.27916E+01  0.11776E+02
  0.11758E+02 -0.11302E+02 -0.41568E+02 -0.62991E+02 -0.78869E+02 -0.96240E+02
 -0.10216E+03 -0.82780E+02 -0.54559E+02 -0.39093E+02 -0.35926E+02 -0.30383E+02
 -0.21384E+02 -0.14214E+02 -0.62947E+01  0.66920E+01  0.14290E+02  0.13781E+02
  0.13036E+02  0.17994E+02  0.27003E+02  0.36069E+02  0.44185E+02  0.47179E+02
  0.43674E+02  0.39240E+02  0.35944E+02  0.43117E+02  0.68140E+02  0.95011E+02
  0.10710E+03  0.10676E+03  0.96872E+02  0.80096E+02  0.65371E+02  0.55967E+02
  0.44442E+02  0.29679E+02  0.14461E+02 -0.84166E-01 -0.92355E+01 -0.19581E+02
 -0.39190E+02 -0.58204E+02 -0.70129E+02 -0.77546E+02 -0.84223E+02 -0.82367E+02
 -0.69828E+02 -0.53564E+02 -0.37161E+02 -0.27529E+02 -0.25346E+02 -0.26476E+02
 -0.28388E+02 -0.29031E+02 -0.31150E+02 -0.33667E+02 -0.31507E+02 -0.26521E+02
 -0.23772E+02 -0.25600E+02 -0.28325E+02 -0.26211E+02 -0.19703E+02 -0.13185E+02
 -0.80066E+01 -0.43013E+01 -0.53309E+01 -0.89102E+01 -0.81416E+01 -0.35313E+01
 -0.64696E+00 -0.27966E+01 -0.28871E+01  0.18689E+01  0.82555E+01  0.15285E+02
  0.19191E+02  0.27719E+02  0.41917E+02  0.52825E+02  0.54377E+02  0.47891E+02
  0.39703E+02  0.31170E+02  0.23990E+02  0.19660E+02  0.15673E+02  0.11717E+02
  0.65090E+01  0.10517E+01 -0.30244E+01  0.12416E+01  0.16326E+02  0.33387E+02
  0.37291E+02  0.27072E+02  0.15498E+02  0.44925E+01 -0.50791E+01 -0.90852E+01
 -0.10181E+02 -0.98345E+01 -0.55663E+01  0.45545E+01  0.16293E+02  0.22607E+02
  0.18953E+02  0.11203E+02  0.36755E+01 -0.61070E+01 -0.17253E+02 -0.28750E+02
 -0.34464E+02 -0.30412E+02 -0.21592E+02 -0.11391E+02 -0.95175E+00  0.41133E+01
  0.17918E+01 -0.25894E+01 -0.74687E+01 -0.12681E+02 -0.16712E+02 -0.14980E+02
 -0.94284E+01  0.53661E+01  0.23228E+02  0.28097E+02  0.27642E+02  0.24517E+02
  0.15433E+02  0.68610E+01 -0.20238E+01 -0.13835E+02 -0.26256E+02 -0.38603E+02
 -0.51101E+02 -0.63093E+02 -0.67109E+02 -0.62673E+02 -0.58151E+02 -0.56934E+02
 -0.57686E+02 -0.56211E+02 -0.49092E+02 -0.40462E+02 -0.36471E+02 -0.35901E+02
 -0.35552E+02 -0.34204E+02 -0.32229E+02 -0.28387E+02 -0.17876E+02 -0.56073E+01
  0.53472E+01  0.23050E+02  0.47273E+02  0.63551E+02  0.66142E+02  0.61753E+02
  0.55998E+02  0.50353E+02  0.44823E+02  0.40943E+02  0.39437E+02  0.43322E+02
  0.46030E+02  0.41244E+02  0.32086E+02  0.23088E+02  0.13106E+02  0.72407E+01
  0.11610E+01 -0.17041E+02 -0.28327E+02 -0.29071E+02 -0.29799E+02 -0.29341E+02
 -0.26927E+02 -0.15895E+02 -0.28546E+01  0.10960E+01  0.14001E+01 -0.86905E+00
 -0.38021E+01 -0.23936E+01  0.13922E+01  0.99943E+00  0.37936E+01  0.19644E+02
  0.25156E+02  0.38247E+01 -0.18711E+02 -0.27300E+02 -0.29199E+02 -0.32601E+02
 -0.27075E+02 -0.99638E+01  0.61850E+01  0.16529E+02  0.25047E+02  0.23431E+02
  0.88692E+01 -0.71440E+01 -0.14493E+02 -0.66013E+01  0.42895E+01  0.12886E+02
  0.18370E+02  0.26165E+02  0.36407E+02  0.36278E+02  0.30335E+02  0.28001E+02
  0.30931E+02  0.34530E+02  0.33304E+02  0.31631E+02  0.32467E+02  0.34024E+02
  0.39180E+02  0.47669E+02  0.56156E+02  0.66134E+02  0.69432E+02  0.62536E+02
  0.48861E+02  0.33624E+02  0.25679E+02  0.12415E+02 -0.84047E+01 -0.15371E+02
 -0.13392E+02 -0.96139E+01  0.21791E+01  0.16207E+02  0.27267E+02  0.36649E+02
  0.45016E+02  0.42446E+02  0.31022E+02  0.17992E+02  0.46676E+01 -0.96675E+01
 -0.27239E+02 -0.46423E+02 -0.48863E+02 -0.36926E+02 -0.23855E+02 -0.17976E+02
 -0.24140E+02 -0.24804E+02 -0.15786E+02 -0.87083E+01 -0.13021E+02 -0.26386E+02
 -0.33477E+02 -0.35333E+02 -0.32598E+02 -0.34700E+02 -0.46260E+02 -0.57643E+02
 -0.68034E+02 -0.77483E+02 -0.64722E+02 -0.23689E+02  0.12109E+02  0.28548E+02
  0.38968E+02  0.23262E+02 -0.10227E+02 -0.38357E+02 -0.55410E+02 -0.50031E+02
 -0.39550E+02 -0.33285E+02 -0.24562E+02 -0.12353E+02  0.59192E+01  0.34541E+02
  0.57539E+02  0.52595E+02  0.32296E+02  0.11144E+02 -0.64922E+01 -0.12253E+02
 -0.99059E+01 -0.40291E+01 -0.78985E+00 -0.32073E+01 -0.57122E+01 -0.10642E+02
 -0.26032E+02 -0.46761E+02 -0.56621E+02 -0.51536E+02 -0.40061E+02 -0.19972E+02
  0.69261E+01  0.34539E+02  0.47392E+02  0.36003E+02  0.15219E+02 -0.18703E+01
 -0.11420E+01  0.12994E+02  0.22338E+02  0.25093E+02  0.20739E+02  0.11742E+02
 -0.14553E+01 -0.17116E+02 -0.15158E+02  0.78809E+01  0.23657E+02  0.18866E+02
  0.11194E+02  0.84172E+01  0.10939E+01 -0.11809E+02 -0.25787E+02 -0.32710E+02
 -0.26576E+02 -0.16894E+02 -0.20228E+02 -0.38164E+02 -0.55158E+02 -0.54543E+02
 -0.45416E+02 -0.42247E+02 -0.35499E+02 -0.24029E+02  0.10300E+02  0.50243E+02
  0.73374E+02  0.78943E+02  0.59334E+02  0.39303E+02  0.26722E+02  0.13612E+02
  0.16999E+01 -0.95038E+00 -0.51659E-01  0.33017E+00  0.56052E+01  0.76869E+01
 -0.14284E+01 -0.14298E+02 -0.91401E+01  0.24989E+01  0.80419E+01  0.13149E+02
  0.15641E+02  0.12125E+02  0.17777E+02  0.37325E+02  0.54169E+02  0.52645E+02
  0.35533E+02  0.10793E+02 -0.25370E+01  0.26374E+00  0.70753E+01  0.12195E+02
 -0.27040E+00 -0.17784E+01  0.75731E+01  0.45114E+01 -0.96760E+01 -0.26920E+02
 -0.36521E+02 -0.35560E+02 -0.30737E+02 -0.24245E+02 -0.15106E+02 -0.41138E+01
  0.38962E+01  0.82346E+01  0.93315E+01  0.60283E+01  0.57541E+01  0.17085E+02
  0.26794E+02  0.28323E+02  0.27266E+02  0.25032E+02  0.22544E+02  0.16130E+02
  0.66563E+01  0.14538E+01  0.98535E+01  0.21517E+02  0.12206E+02 -0.74826E+01
 -0.18835E+02 -0.28346E+02 -0.43001E+02 -0.56901E+02 -0.68610E+02 -0.79405E+02
 -0.91405E+02 -0.96092E+02 -0.91888E+02 -0.71307E+02 -0.40368E+02 -0.25023E+01
  0.35560E+02  0.48674E+02  0.43215E+02  0.28008E+02  0.13920E+02  0.42836E+01
 -0.13538E+02 -0.30137E+02 -0.29212E+02 -0.11397E+02  0.99561E+01  0.20355E+02
  0.26261E+02  0.35181E+02  0.42336E+02  0.36840E+02  0.21538E+02  0.41111E+01
 -0.58350E+01 -0.23165E+01  0.76191E+01  0.16617E+02  0.27093E+02  0.41353E+02
  0.48223E+02  0.44855E+02  0.40052E+02  0.34923E+02  0.30779E+02  0.28384E+02
  0.25765E+02  0.49735E+01 -0.18065E+02 -0.27071E+02 -0.27100E+02 -0.17413E+02
  0.92370E+01  0.47441E+02  0.60245E+02  0.43088E+02  0.20201E+02  0.47553E+01
  0.83864E+00  0.45630E+01  0.94208E+01  0.11230E+02  0.10683E+02  0.86755E+01
  0.85963E+01  0.16105E+02  0.22866E+02  0.25301E+02  0.25454E+02  0.17747E+02
  0.60927E+01 -0.69081E+01 -0.18973E+02 -0.20393E+02 -0.18045E+02 -0.28834E+02
 -0.44073E+02 -0.50688E+02 -0.47685E+02 -0.41633E+02 -0.36678E+02 -0.19164E+02
  0.49557E+01 -0.58068E+01 -0.33468E+02 -0.39626E+02 -0.34367E+02 -0.42279E+02
 -0.54475E+02 -0.47720E+02 -0.30233E+02 -0.14083E+02  0.13131E+01  0.16395E+02
  0.27046E+02  0.14046E+02 -0.89704E+01 -0.18371E+02 -0.22632E+02 -0.16806E+02
  0.50494E+01  0.28113E+02  0.43364E+02  0.55996E+02  0.62940E+02  0.49679E+02
  0.26019E+02  0.12054E+02  0.76799E+01  0.84045E+01 -0.11583E+01 -0.35648E+02
 -0.58787E+02 -0.57510E+02 -0.44166E+02 -0.30815E+02 -0.22293E+02 -0.15166E+02
 -0.73023E+01 -0.11224E+02 -0.25393E+02 -0.37120E+02 -0.44221E+02 -0.44510E+02
 -0.37110E+02 -0.28433E+02 -0.17750E+02 -0.12152E+02 -0.15064E+02 -0.20089E+02
 -0.24414E+02 -0.24682E+02 -0.61575E+01  0.21950E+02  0.45909E+02  0.52211E+02
  0.32040E+02  0.59503E+01 -0.13482E+02 -0.28776E+02 -0.30040E+02 -0.15929E+02
 -0.49208E+01 -0.77216E+01 -0.14867E+02 -0.20947E+02 -0.26943E+02 -0.32403E+02
 -0.29068E+02 -0.14634E+02  0.55318E+01  0.23895E+02  0.36067E+02  0.38938E+02
  0.29339E+02  0.15180E+02  0.62994E+01  0.47751E+01  0.82880E+01  0.13366E+02
  0.14839E+02  0.13152E+02  0.14226E+02  0.22149E+02  0.34222E+02  0.47192E+02
  0.54826E+02  0.52632E+02  0.47335E+02  0.45533E+02  0.47335E+02  0.47803E+02
  0.37269E+02  0.12123E+02 -0.13220E+02 -0.30907E+02 -0.32353E+02 -0.21922E+02
 -0.80653E+01  0.93049E+01  0.20204E+02  0.21998E+02  0.27423E+02  0.37536E+02
  0.45970E+02  0.46224E+02  0.32809E+02  0.10455E+02 -0.63901E+01 -0.10432E+02
 -0.12524E+02 -0.18801E+02 -0.27526E+02 -0.37305E+02 -0.47480E+02 -0.45635E+02
 -0.29435E+02 -0.14326E+02 -0.41260E+01  0.19077E+01  0.62105E+01  0.47171E+01
 -0.51181E+01 -0.83340E+01  0.28263E+01  0.12759E+02  0.91947E+01 -0.74021E+01
 -0.20423E+02 -0.16256E+02 -0.48405E+01  0.31183E+01  0.63658E+01  0.90230E+01
  0.14696E+02  0.16315E+02  0.12987E+02  0.49900E+01 -0.10892E+02 -0.29218E+02
 -0.41084E+02 -0.33631E+02 -0.17492E+02 -0.41930E+00  0.80100E+01  0.28447E+01
 -0.37865E+01 -0.84619E+01 -0.71142E+01 -0.28567E+01 -0.13504E+00  0.24926E+01
  0.31300E+01  0.63898E+01  0.12902E+02  0.25975E+02  0.50363E+02  0.61273E+02
  0.50559E+02  0.36003E+02  0.23586E+02  0.12516E+02  0.17303E+01 -0.38332E+01
 -0.79056E+00  0.50989E+01  0.10849E+02  0.14596E+02  0.16128E+02  0.17758E+02
  0.19576E+02  0.24455E+02  0.41414E+02  0.65698E+02  0.65921E+02  0.45577E+02
  0.24307E+02  0.29592E+01 -0.10023E+02 -0.11773E+02 -0.82718E+01 -0.24304E+01
  0.16260E+00 -0.18979E+01 -0.39796E+01 -0.51994E+01 -0.61504E+01 -0.72671E+01
 -0.42696E+01  0.44963E+01  0.14394E+02  0.22238E+02  0.26762E+02  0.26952E+02
  0.22332E+02  0.11766E+02 -0.47092E+00 -0.90934E+01 -0.15511E+02 -0.21775E+02
 -0.23720E+02 -0.22144E+02 -0.21035E+02 -0.20943E+02 -0.21647E+02 -0.25014E+02
 -0.31296E+02 -0.32452E+02 -0.29077E+02 -0.27407E+02 -0.27050E+02 -0.26649E+02
 -0.26033E+02 -0.25609E+02 -0.21062E+02 -0.10788E+02 -0.15129E+01  0.38010E+01
  0.95903E+01  0.17087E+02  0.26387E+02  0.40413E+02  0.51313E+02  0.54391E+02
  0.50756E+02  0.41262E+02  0.35405E+02  0.28955E+02  0.15825E+02  0.18342E+01
 -0.10449E+02 -0.14342E+02 -0.57535E+01  0.39772E+01  0.11196E+02  0.18352E+02
  0.24403E+02  0.27427E+02  0.25480E+02  0.15670E+02 -0.87921E+01 -0.29998E+02
 -0.31366E+02 -0.27752E+02 -0.26555E+02 -0.25617E+02 -0.22284E+02 -0.14172E+02
 -0.11831E+02 -0.17146E+02 -0.23535E+02 -0.29481E+02 -0.36912E+02 -0.44248E+02
 -0.43882E+02 -0.39809E+02 -0.33934E+02 -0.27848E+02 -0.29680E+02 -0.36846E+02
 -0.43471E+02 -0.50980E+02 -0.51331E+02 -0.35556E+02 -0.14143E+02 -0.77638E+00
  0.42236E+01  0.38021E+01 -0.17642E+01 -0.86224E+01 -0.15201E+02 -0.22388E+02
 -0.30787E+02 -0.34627E+02 -0.27603E+02 -0.15569E+02 -0.39084E+01  0.76528E+01
  0.14963E+02  0.16548E+02  0.19888E+02  0.20968E+02  0.14917E+02  0.54645E+01
  0.32939E+01  0.15325E+02  0.25268E+02  0.27227E+02  0.27345E+02  0.20593E+02
  0.73678E+01 -0.42070E+01 -0.13495E+02 -0.21466E+02 -0.23229E+02 -0.16349E+02
 -0.72654E+01 -0.13601E+01  0.28287E+01  0.72153E+01  0.56583E+01  0.14511E+01
  0.50622E-01 -0.42446E-01  0.56321E+01  0.13761E+02  0.11647E+02  0.49071E+00
 -0.99759E+01 -0.13846E+02 -0.13013E+02 -0.13524E+02 -0.14276E+02 -0.10673E+02
 -0.32200E+01  0.93325E+00 -0.27227E+01 -0.98982E+01 -0.15708E+02 -0.16870E+02
 -0.15964E+02 -0.16756E+02 -0.18876E+02 -0.21843E+02 -0.25954E+02 -0.22418E+02
 -0.86111E+01  0.64576E+01  0.11811E+02  0.63589E+01 -0.50062E+00 -0.83431E+01
 -0.31747E+00  0.23787E+02  0.40842E+02  0.52860E+02  0.61259E+02  0.53901E+02
  0.37554E+02  0.19477E+02 -0.63992E+00 -0.17376E+02 -0.30942E+02 -0.43857E+02
 -0.46244E+02 -0.41324E+02 -0.41009E+02 -0.42346E+02 -0.43628E+02 -0.47739E+02
 -0.50600E+02 -0.48615E+02 -0.43443E+02 -0.37764E+02 -0.32072E+02 -0.27077E+02
 -0.25352E+02 -0.26966E+02 -0.29309E+02 -0.28174E+02 -0.14565E+02  0.42037E+01
  0.20990E+02  0.27562E+02  0.16341E+02  0.11599E-01 -0.15984E+02 -0.25176E+02
 -0.21062E+02 -0.11968E+02  0.10121E+02  0.33185E+02  0.48668E+02  0.58464E+02
  0.50153E+02  0.29988E+02  0.19343E+02  0.25416E+02  0.36034E+02  0.46115E+02
  0.54694E+02  0.59386E+02  0.62942E+02  0.66986E+02  0.71596E+02  0.69543E+02
  0.62298E+02  0.52013E+02  0.34082E+02  0.18373E+02  0.11585E+02  0.86643E+01
  0.14346E+02  0.29880E+02  0.46453E+02  0.51081E+02  0.44599E+02  0.37014E+02
  0.29578E+02  0.21808E+02  0.13110E+02  0.83489E+01  0.10899E+02  0.17897E+02
  0.21294E+02  0.10717E+02 -0.27667E+01 -0.13342E+02 -0.24031E+02 -0.35254E+02
 -0.42368E+02 -0.36791E+02 -0.27276E+02 -0.21170E+02 -0.16392E+02 -0.91802E+01
  0.54228E+01  0.15591E+02  0.18067E+02  0.17909E+02  0.16687E+02  0.10964E+02
 -0.86917E+01 -0.22193E+02 -0.20478E+02 -0.16715E+02 -0.13334E+02 -0.98698E+01
 -0.66199E+01 -0.61773E+01 -0.61872E+01 -0.60219E+01 -0.71360E+01 -0.70429E+01
 -0.64503E+01 -0.59340E+01 -0.53184E+01 -0.33772E+01 -0.35340E+00  0.27592E+01
  0.20716E+01 -0.41777E+01 -0.11538E+02 -0.20249E+02 -0.34510E+02 -0.45979E+02
 -0.48257E+02 -0.47448E+02 -0.46287E+02 -0.45301E+02 -0.41536E+02 -0.33759E+02
 -0.21231E+02 -0.11203E+02 -0.10711E+02 -0.12964E+02 -0.16572E+02 -0.24658E+02
 -0.23191E+02 -0.17232E+02 -0.15534E+02 -0.85347E+01  0.69657E+01  0.22529E+02
  0.32262E+02  0.40707E+02  0.51537E+02  0.64746E+02  0.74135E+02  0.61730E+02
  0.42525E+02  0.33907E+02  0.29190E+02  0.25849E+02  0.23162E+02  0.19216E+02
  0.14330E+02  0.91514E+01  0.41585E+01 -0.10804E+01 -0.64120E+01 -0.12049E+02
 -0.15135E+02 -0.16751E+02 -0.22533E+02 -0.30587E+02 -0.36821E+02 -0.38808E+02
 -0.39400E+02 -0.40376E+02 -0.41366E+02 -0.42015E+02 -0.41617E+02 -0.37000E+02
 -0.26530E+02 -0.18433E+02 -0.16878E+02 -0.16873E+02 -0.16703E+02 -0.16494E+02
 -0.16343E+02 -0.13803E+02 -0.76516E+01 -0.39458E+00  0.69390E+01  0.13968E+02
  0.17016E+02  0.16859E+02  0.16829E+02  0.20199E+02  0.25274E+02  0.26913E+02
  0.26540E+02  0.25023E+02  0.18794E+02  0.94218E+01  0.26439E+01  0.22161E+00
 -0.14516E+00  0.57791E+01  0.16687E+02  0.27417E+02  0.34220E+02  0.35362E+02
  0.34351E+02  0.33040E+02  0.32162E+02  0.29390E+02  0.21598E+02  0.11121E+02
  0.39188E+01  0.23427E+01  0.17621E+01  0.52136E+00 -0.41839E+00 -0.27869E+01
 -0.89310E+01 -0.16450E+02 -0.20661E+02 -0.22239E+02 -0.19518E+02 -0.12420E+02
 -0.47136E+01  0.29175E+01  0.10037E+02  0.16133E+02  0.20848E+02  0.20261E+02
  0.15569E+02  0.10358E+02  0.41797E+01 -0.63995E+00 -0.20817E+01 -0.25442E+01
 -0.39117E+01 -0.63590E+01 -0.55289E+01 -0.43969E+01 -0.34254E+01  0.29868E+00
  0.46339E+01  0.85875E+01  0.98689E+01  0.89200E+01  0.79065E+01  0.69180E+01
  0.59442E+01  0.49396E+01  0.40008E+01  0.26287E+01 -0.24527E+01 -0.10915E+02
 -0.18634E+02 -0.18715E+02 -0.12812E+02 -0.65443E+01 -0.92540E+00  0.21255E+00
  0.39030E-01  0.48911E+00  0.42541E+01  0.11481E+02  0.16624E+02  0.14311E+02
  0.75880E+01  0.66326E+00 -0.52305E+01 -0.76774E+01 -0.70080E+01 -0.10715E+01
  0.84977E+01  0.18145E+02  0.27486E+02  0.34466E+02  0.38181E+02  0.37407E+02
  0.32184E+02  0.25080E+02  0.17795E+02  0.10497E+02  0.32963E+01 -0.34497E+01
 -0.97538E+01 -0.15566E+02 -0.21135E+02 -0.25989E+02 -0.27480E+02 -0.26631E+02
 -0.23562E+02 -0.19263E+02 -0.15607E+02 -0.13513E+02 -0.12767E+02 -0.14286E+02
 -0.17606E+02 -0.19100E+02 -0.19032E+02 -0.19005E+02 -0.18457E+02 -0.16772E+02
 -0.15589E+02 -0.16614E+02 -0.18615E+02 -0.20476E+02 -0.20635E+02 -0.17400E+02
 -0.12276E+02 -0.78461E+01 -0.41981E+01 -0.49923E+00  0.30519E+01  0.43777E+01
 -0.80753E+00 -0.98698E+01 -0.19155E+02 -0.24272E+02 -0.23376E+02 -0.20646E+02
 -0.17188E+02 -0.13389E+02 -0.13021E+02 -0.15423E+02 -0.18279E+02 -0.19484E+02
 -0.17656E+02 -0.13917E+02 -0.94664E+01 -0.50895E+01 -0.16109E+01  0.34762E+00
  0.16720E+01  0.25399E+01  0.30361E+01  0.35055E+01  0.39086E+01  0.42730E+01
  0.46867E+01  0.50091E+01  0.57756E+01  0.68045E+01  0.55084E+01  0.25760E+01
 -0.31043E+00 -0.32263E+01 -0.60798E+01 -0.90742E+01 -0.10732E+02 -0.90773E+01
 -0.61235E+01 -0.32850E+01 -0.14733E+01 -0.95032E+00 -0.71637E+00 -0.69583E-01
  0.13373E+01  0.29923E+01  0.46076E+01  0.62461E+01  0.78302E+01  0.96481E+01
  0.12385E+02  0.14085E+02  0.14862E+02  0.14501E+02  0.11385E+02  0.71032E+01
  0.29960E+01 -0.13018E+01 -0.42363E+01 -0.26997E+01  0.13195E+01  0.52687E+01
  0.92320E+01  0.13173E+02  0.17134E+02  0.21091E+02  0.24831E+02  0.24968E+02
  0.22137E+02  0.19889E+02  0.18018E+02  0.16087E+02  0.14168E+02  0.12251E+02
  0.10315E+02  0.84256E+01  0.62362E+01  0.36048E+01  0.17372E+01  0.15798E+01
  0.25626E+01  0.37604E+01  0.43706E+01  0.40828E+01  0.35398E+01  0.30427E+01
  0.25308E+01  0.20542E+01  0.16242E+01  0.12184E+01  0.84431E+00  0.86198E+00
  0.10013E+01  0.92845E+00  0.12969E+01  0.27804E+01  0.46224E+01  0.63293E+01
  0.78546E+01  0.92292E+01  0.86437E+01  0.59404E+01  0.34125E+01  0.35391E+01
  0.54730E+01  0.74295E+01  0.95075E+01  0.12086E+02  0.12351E+02  0.10482E+02
  0.85180E+01  0.66242E+01  0.47533E+01  0.45324E+01  0.61168E+01  0.80559E+01
  0.98837E+01  0.11794E+02  0.13600E+02  0.15544E+02  0.15386E+02  0.11676E+02
  0.69103E+01  0.32403E+01  0.13171E+01 -0.10451E+00 -0.14868E+01 -0.21856E+01
 -0.34873E+01 -0.56442E+01 -0.78220E+01 -0.99936E+01 -0.12151E+02 -0.14351E+02
 -0.16136E+02 -0.16675E+02 -0.16591E+02 -0.16528E+02 -0.16476E+02 -0.16318E+02
 -0.15087E+02 -0.13203E+02 -0.11434E+02 -0.97051E+01 -0.79448E+01 -0.62138E+01
 -0.44520E+01 -0.27238E+01 -0.95531E+00  0.76932E+00  0.24381E+01  0.15379E+01
 -0.24424E+01 -0.70216E+01 -0.11460E+02 -0.15892E+02 -0.17876E+02 -0.17217E+02
 -0.16759E+02 -0.16732E+02 -0.16415E+02 -0.14981E+02 -0.12669E+02 -0.10438E+02
 -0.74944E+01 -0.32244E+01 -0.13426E-01  0.17637E+01  0.34433E+01  0.46875E+01
  0.56156E+01  0.64796E+01  0.74407E+01  0.71088E+01  0.50314E+01  0.28923E+01
  0.88519E+00 -0.11613E+01 -0.31892E+01 -0.52294E+01 -0.72949E+01 -0.10314E+02
 -0.14378E+02 -0.15826E+02 -0.14224E+02 -0.12232E+02 -0.10160E+02 -0.76218E+01
 -0.49688E+01 -0.22281E+01 -0.29912E+00 -0.11180E+01 -0.34281E+01 -0.57290E+01
 -0.79217E+01 -0.91733E+01 -0.91896E+01 -0.77322E+01 -0.55119E+01 -0.38502E+01
 -0.27096E+01 -0.15712E+01 -0.58904E+00 -0.95320E+00 -0.21673E+01 -0.32739E+01
 -0.43735E+01 -0.54766E+01 -0.65655E+01 -0.70039E+01 -0.67310E+01 -0.63774E+01
 -0.60133E+01 -0.52361E+01 -0.40220E+01 -0.28652E+01 -0.23794E+01 -0.23427E+01
 -0.23377E+01 -0.21751E+01 -0.12833E+01 -0.70786E-01  0.10194E+01  0.20932E+01
  0.31895E+01  0.42096E+01  0.44114E+01  0.36741E+01  0.44435E+01  0.76960E+01
  0.11564E+02  0.15299E+02  0.19147E+02  0.22080E+02  0.21338E+02  0.17688E+02
  0.13618E+02  0.95780E+01  0.55539E+01  0.14907E+01 -0.23127E+01 -0.50420E+01
 -0.70072E+01 -0.90405E+01 -0.10167E+02 -0.95696E+01 -0.85008E+01 -0.77999E+01
 -0.73651E+01 -0.69661E+01 -0.65600E+01 -0.61547E+01 -0.57514E+01 -0.53377E+01
 -0.49426E+01 -0.45186E+01 -0.41546E+01 -0.33259E+01 -0.15389E+01  0.54547E+00
  0.25803E+01  0.46423E+01  0.66561E+01  0.90975E+01  0.12456E+02  0.16081E+02
  0.19684E+02  0.23175E+02  0.25421E+02  0.26661E+02  0.27789E+02  0.27424E+02
  0.25271E+02  0.22855E+02  0.20457E+02  0.18101E+02  0.15651E+02  0.13607E+02
  0.11025E+02  0.64195E+01  0.10289E+01 -0.34903E+01 -0.51011E+01 -0.49278E+01
 -0.49243E+01 -0.54299E+01 -0.61631E+01 -0.69063E+01 -0.76141E+01 -0.80886E+01
 -0.70187E+01 -0.41366E+01 -0.83155E+00  0.20839E+01  0.41412E+01  0.57808E+01
  0.74946E+01  0.87418E+01  0.81592E+01  0.65107E+01  0.48230E+01  0.37675E+01
  0.38971E+01  0.43636E+01  0.47822E+01  0.52055E+01  0.56327E+01  0.60121E+01
  0.62596E+01  0.64679E+01  0.66636E+01  0.68841E+01  0.70634E+01  0.73273E+01
  0.69799E+01  0.43998E+01  0.43197E+00 -0.30506E+01 -0.60770E+01 -0.79177E+01
 -0.66192E+01 -0.38431E+01 -0.24360E+01 -0.20930E+01 -0.22980E+01 -0.39695E+01
 -0.64900E+01 -0.89750E+01 -0.11474E+02 -0.13953E+02 -0.16426E+02 -0.17779E+02
 -0.17801E+02 -0.17196E+02 -0.16160E+02 -0.16242E+02 -0.17278E+02 -0.18784E+02
 -0.19640E+02 -0.18269E+02 -0.15991E+02 -0.13803E+02 -0.11579E+02 -0.93965E+01
 -0.70467E+01 -0.43728E+01 -0.18515E+01  0.49801E+00  0.28810E+01  0.52474E+01
  0.76262E+01  0.99925E+01  0.12369E+02  0.14733E+02  0.17116E+02  0.19481E+02
  0.21821E+02  0.23099E+02  0.23018E+02  0.22710E+02  0.22212E+02  0.19983E+02
  0.16465E+02  0.12887E+02  0.95041E+01  0.70893E+01  0.53680E+01  0.39818E+01
  0.29502E+01  0.19941E+01  0.10080E+01  0.47088E-01 -0.13474E+01 -0.34730E+01
 -0.57930E+01 -0.80880E+01 -0.10263E+02 -0.11631E+02 -0.12472E+02 -0.13260E+02
 -0.14144E+02 -0.14219E+02 -0.12480E+02 -0.10091E+02 -0.77784E+01 -0.54349E+01
 -0.32605E+01 -0.17099E+01 -0.53507E+00  0.63943E+00  0.18163E+01  0.30034E+01
  0.40874E+01  0.39155E+01  0.26512E+01  0.12835E+01 -0.22181E-01 -0.14415E+01
 -0.29309E+01 -0.39454E+01 -0.46707E+01 -0.54786E+01 -0.58485E+01 -0.48845E+01
 -0.34863E+01 -0.31068E+01 -0.33774E+01 -0.36487E+01 -0.39172E+01 -0.41904E+01
 -0.43991E+01 -0.37382E+01 -0.22452E+01 -0.64093E+00  0.68094E+00  0.95310E+00
  0.61009E+00  0.24041E+00  0.14311E+00  0.59517E+00  0.12210E+01  0.18198E+01
  0.24042E+01  0.27903E+01  0.31165E+01  0.35109E+01  0.39156E+01  0.43328E+01
  0.55041E+01  0.76144E+01  0.99131E+01  0.12103E+02  0.12718E+02  0.10792E+02
  0.78816E+01  0.49756E+01  0.20945E+01 -0.81741E+00 -0.27837E+01 -0.28247E+01
 -0.18368E+01 -0.71346E+00  0.13789E+00 -0.13434E+00 -0.13357E+01 -0.29020E+01
 -0.38637E+01 -0.34087E+01 -0.24668E+01 -0.15657E+01 -0.67302E+00  0.25676E+00
  0.83128E+00  0.20440E-01 -0.16128E+01 -0.32458E+01 -0.48726E+01 -0.65062E+01
 -0.80749E+01 -0.89993E+01 -0.93999E+01 -0.97911E+01 -0.10179E+02 -0.10603E+02
 -0.10524E+02 -0.93213E+01 -0.78022E+01 -0.63186E+01 -0.46674E+01 -0.13989E+01
  0.18117E+01  0.27296E+01  0.29744E+01  0.28474E+01  0.19790E+01  0.93513E+00
 -0.69507E-01 -0.10967E+01 -0.20971E+01 -0.31368E+01 -0.41101E+01 -0.52199E+01
 -0.53361E+01 -0.41324E+01 -0.32762E+01 -0.31734E+01 -0.41529E+01 -0.58097E+01
 -0.69007E+01 -0.62525E+01 -0.46128E+01 -0.30290E+01 -0.14223E+01 -0.70180E+00
 -0.11215E+01 -0.31954E+01 -0.67082E+01 -0.89030E+01 -0.10163E+02 -0.11599E+02
 -0.12992E+02 -0.13609E+02 -0.13506E+02 -0.13295E+02 -0.13158E+02 -0.12572E+02
 -0.10987E+02 -0.91157E+01 -0.80819E+01 -0.77533E+01 -0.75545E+01 -0.77313E+01
 -0.78012E+01 -0.72257E+01 -0.63638E+01 -0.47832E+01 -0.25411E+01 -0.32817E+00
  0.19800E+01  0.33047E+01  0.23332E+01  0.53549E+00 -0.11959E+01 -0.29190E+01
 -0.46382E+01 -0.54031E+01 -0.48417E+01 -0.39582E+01 -0.27546E+01 -0.12121E+01
  0.35101E+00  0.19018E+01  0.34670E+01  0.49167E+01  0.58894E+01  0.65999E+01
  0.72115E+01  0.76101E+01  0.79511E+01  0.90376E+01  0.11196E+02  0.13538E+02
  0.15903E+02  0.17007E+02  0.16068E+02  0.14726E+02  0.13469E+02  0.12426E+02
  0.11977E+02  0.11759E+02  0.11522E+02  0.11288E+02  0.11054E+02  0.10813E+02
  0.10471E+02  0.99953E+01  0.95073E+01  0.90129E+01  0.85310E+01  0.80386E+01
  0.75529E+01  0.70589E+01  0.65772E+01  0.60975E+01  0.63204E+01  0.75327E+01
  0.91204E+01  0.10909E+02  0.12712E+02  0.14560E+02  0.15872E+02  0.16077E+02
  0.15787E+02  0.15638E+02  0.14624E+02  0.11536E+02  0.77302E+01  0.55104E+01
  0.52652E+01  0.54414E+01  0.57457E+01  0.65562E+01  0.75502E+01  0.85342E+01
  0.94728E+01  0.96331E+01  0.89685E+01  0.81912E+01  0.74364E+01  0.66796E+01
  0.59167E+01  0.51622E+01  0.43971E+01  0.37088E+01  0.33694E+01  0.32636E+01
  0.31558E+01  0.29198E+01  0.21985E+01  0.96739E+00 -0.55157E-01 -0.54893E+00
 -0.85299E+00 -0.80130E+00 -0.32655E+00 -0.76585E-01 -0.69622E+00 -0.18074E+01
 -0.27469E+01 -0.32424E+01 -0.35499E+01 -0.38512E+01 -0.41960E+01 -0.47616E+01
 -0.59012E+01 -0.78401E+01 -0.10097E+02 -0.12040E+02 -0.12453E+02 -0.11762E+02
 -0.11080E+02 -0.10276E+02 -0.94907E+01 -0.93326E+01 -0.94643E+01 -0.99075E+01
 -0.11296E+02 -0.12273E+02 -0.11823E+02 -0.11147E+02 -0.10626E+02 -0.10086E+02
 -0.95476E+01 -0.90180E+01 -0.82877E+01 -0.72127E+01 -0.65960E+01 -0.65248E+01
 -0.60962E+01 -0.52378E+01 -0.46893E+01 -0.44442E+01 -0.42032E+01 -0.39603E+01
 -0.37132E+01 -0.34722E+01 -0.32229E+01 -0.31081E+01 -0.32533E+01 -0.34667E+01
 -0.36696E+01 -0.39202E+01 -0.47282E+01 -0.59720E+01 -0.72407E+01 -0.82986E+01
 -0.90633E+01 -0.97371E+01 -0.10457E+02 -0.10890E+02 -0.10763E+02 -0.10439E+02
 -0.10161E+02 -0.98492E+01 -0.95917E+01 -0.89042E+01 -0.73246E+01 -0.54683E+01
 -0.36492E+01 -0.18217E+01 -0.45954E-02  0.18559E+01  0.41540E+01  0.67995E+01
  0.94635E+01  0.12119E+02  0.14531E+02  0.15832E+02  0.15338E+02  0.14067E+02
  0.12809E+02  0.11559E+02  0.10305E+02  0.90592E+01  0.78033E+01  0.65553E+01
  0.52991E+01  0.40513E+01  0.28365E+01  0.24724E+01  0.30958E+01  0.38884E+01
  0.47079E+01  0.55604E+01  0.64295E+01  0.72034E+01  0.76530E+01  0.78858E+01
  0.81353E+01  0.78145E+01  0.67813E+01  0.57316E+01  0.47438E+01  0.37539E+01
  0.26380E+01  0.11027E+01 -0.63074E+00 -0.23416E+01 -0.34411E+01 -0.37620E+01
 -0.39444E+01 -0.38217E+01 -0.31077E+01 -0.24616E+01 -0.21947E+01 -0.20237E+01
 -0.18346E+01 -0.16476E+01 -0.14933E+01 -0.21411E+01 -0.38419E+01 -0.56977E+01
 -0.72686E+01 -0.74797E+01 -0.61739E+01 -0.45765E+01 -0.30329E+01 -0.14767E+01
  0.81173E-01  0.15587E+01  0.26334E+01  0.34603E+01  0.42726E+01  0.51016E+01
  0.59138E+01  0.67427E+01  0.75549E+01  0.83608E+01  0.85783E+01  0.80645E+01
  0.74038E+01  0.67703E+01  0.61305E+01  0.54904E+01  0.48583E+01  0.41359E+01
  0.27132E+01  0.76375E+00 -0.11075E+01 -0.22576E+01 -0.28750E+01 -0.34782E+01
 -0.39925E+01 -0.41950E+01 -0.42941E+01 -0.45050E+01 -0.48480E+01 -0.51581E+01
 -0.57488E+01 -0.68810E+01 -0.82074E+01 -0.94821E+01 -0.10796E+02 -0.11482E+02
 -0.11001E+02 -0.94511E+01 -0.73698E+01 -0.52535E+01 -0.31536E+01 -0.10436E+01
  0.10602E+01  0.31061E+01  0.40760E+01  0.39182E+01  0.35992E+01  0.33129E+01
  0.30212E+01  0.27264E+01  0.24346E+01  0.18300E+01  0.10211E+01  0.31609E+00
 -0.35850E+00 -0.10496E+01 -0.17246E+01 -0.24158E+01 -0.30946E+01 -0.37839E+01
 -0.41469E+01 -0.45241E+01 -0.54304E+01 -0.65430E+01 -0.75939E+01 -0.86861E+01
 -0.87190E+01 -0.72132E+01 -0.55298E+01 -0.40694E+01 -0.25927E+01 -0.11117E+01
  0.26376E+00  0.31749E+00 -0.80405E+00 -0.20102E+01 -0.31236E+01 -0.39810E+01
 -0.47907E+01 -0.48489E+01 -0.29737E+01 -0.38000E+00  0.22405E+01  0.41071E+01
  0.43215E+01  0.39346E+01  0.35480E+01  0.31653E+01  0.27516E+01  0.25403E+01
  0.30728E+01  0.40491E+01  0.50372E+01  0.59016E+01  0.54839E+01  0.40249E+01
  0.25270E+01  0.10408E+01 -0.36890E+00 -0.12724E+01 -0.18289E+01 -0.23793E+01
 -0.29257E+01 -0.35525E+01 -0.44501E+01 -0.54963E+01 -0.65342E+01 -0.75849E+01
 -0.86190E+01 -0.96880E+01 -0.10476E+02 -0.10585E+02 -0.10427E+02 -0.10317E+02
 -0.99325E+01 -0.91760E+01 -0.80293E+01 -0.57715E+01 -0.30076E+01 -0.48331E+00
  0.20925E+01  0.38483E+01  0.40635E+01  0.38324E+01  0.36697E+01  0.34860E+01
  0.33232E+01  0.31376E+01  0.29683E+01  0.27828E+01  0.26135E+01  0.21756E+01
  0.27458E+01  0.47245E+01  0.70233E+01  0.85496E+01  0.83573E+01  0.77564E+01
  0.74569E+01  0.71633E+01  0.68681E+01  0.65726E+01  0.62833E+01  0.59362E+01
  0.49384E+01  0.35029E+01  0.24432E+01  0.16932E+01  0.93288E+00  0.20351E+00
 -0.52983E+00 -0.12530E+01 -0.19887E+01 -0.27117E+01 -0.33733E+01 -0.26052E+01
 -0.35920E+00  0.21319E+01  0.38520E+01  0.43513E+01  0.45280E+01  0.47364E+01
  0.49858E+01  0.47417E+01  0.33636E+01  0.15889E+01 -0.14439E+00 -0.18903E+01
 -0.35946E+01 -0.48117E+01 -0.55371E+01 -0.62484E+01 -0.66517E+01 -0.62867E+01
 -0.55976E+01 -0.49539E+01 -0.42895E+01 -0.41045E+01 -0.40370E+01 -0.29700E+01
 -0.13617E+01  0.17204E+00  0.19061E+01  0.35100E+01  0.37800E+01  0.32731E+01
  0.28016E+01  0.23110E+01  0.18518E+01  0.11964E+01  0.58407E+00  0.58117E+00
  0.77449E+00  0.94504E+00  0.11155E+01  0.12963E+01  0.14566E+01  0.18561E+01
  0.18349E+01  0.10309E+01  0.10429E+00 -0.79911E+00 -0.16678E+01 -0.19742E+01
 -0.17996E+01 -0.15839E+01 -0.13844E+01 -0.11728E+01 -0.98998E+00 -0.60891E+00
  0.15421E+00  0.10557E+01  0.20046E+01  0.27967E+01  0.33864E+01  0.39780E+01
  0.45323E+01  0.48534E+01  0.51291E+01  0.54914E+01  0.58557E+01  0.61666E+01
  0.56240E+01  0.41710E+01  0.26105E+01  0.10562E+01 -0.11198E+00 -0.61093E+00
 -0.94264E+00 -0.12867E+01 -0.16432E+01 -0.19691E+01 -0.25652E+01 -0.32436E+01
 -0.26420E+01 -0.11956E+01  0.25697E+00  0.16950E+01  0.31374E+01  0.47406E+01
  0.64120E+01  0.66770E+01  0.58183E+01  0.48419E+01  0.45244E+01  0.58921E+01
  0.80391E+01  0.10127E+02  0.12178E+02  0.12702E+02  0.11087E+02  0.89006E+01
  0.67915E+01  0.54476E+01  0.49977E+01  0.46925E+01  0.43646E+01  0.40408E+01
  0.37126E+01  0.33758E+01  0.28042E+01  0.19369E+01  0.16002E+01  0.19393E+01
  0.23998E+01  0.28173E+01  0.32860E+01  0.34348E+01  0.26830E+01  0.14706E+01
  0.50197E+00 -0.13216E+00 -0.67133E+00 -0.12476E+01 -0.15824E+01 -0.13698E+01
 -0.96322E+00 -0.57516E+00 -0.19134E+00  0.20287E+00  0.58456E+00  0.98075E+00
  0.13666E+01  0.20023E+01  0.24294E+01  0.21066E+01  0.15980E+01  0.10832E+01
  0.97305E+00  0.21724E+01  0.35719E+01  0.42880E+01  0.48345E+01  0.54203E+01
  0.59751E+01  0.65876E+01  0.67477E+01  0.51937E+01  0.26049E+01  0.24180E-01
 -0.24860E+01 -0.47487E+01 -0.69433E+01 -0.84914E+01 -0.92152E+01 -0.99206E+01
 -0.10725E+02 -0.11317E+02 -0.11164E+02 -0.10554E+02 -0.99484E+01 -0.93492E+01
 -0.87431E+01 -0.81459E+01 -0.75322E+01 -0.69533E+01 -0.61000E+01 -0.43278E+01
 -0.20411E+01  0.22680E+00  0.24658E+01  0.37755E+01  0.37650E+01  0.33955E+01
  0.30506E+01  0.27057E+01  0.23605E+01  0.20197E+01  0.16705E+01  0.13296E+01
  0.98457E+00  0.63074E+00  0.34139E+00  0.65902E+00  0.16004E+01  0.30871E+01
  0.48565E+01  0.66174E+01  0.75316E+01  0.74029E+01  0.70638E+01  0.67676E+01
  0.64550E+01  0.61526E+01  0.58418E+01  0.55724E+01  0.49538E+01  0.38831E+01
  0.27378E+01  0.15905E+01  0.21376E+00 -0.13364E+01 -0.28969E+01 -0.44555E+01
 -0.60120E+01 -0.75727E+01 -0.90942E+01 -0.10196E+02 -0.10915E+02 -0.11616E+02
 -0.12309E+02 -0.13036E+02 -0.13496E+02 -0.13102E+02 -0.12215E+02 -0.11595E+02
 -0.11397E+02 -0.11314E+02 -0.11211E+02 -0.11111E+02 -0.11014E+02 -0.10863E+02
 -0.10510E+02 -0.10047E+02 -0.95850E+01 -0.91264E+01 -0.86638E+01 -0.82036E+01
 -0.77385E+01 -0.72784E+01 -0.68204E+01 -0.63577E+01 -0.58978E+01 -0.54373E+01
 -0.49774E+01 -0.45107E+01 -0.40606E+01 -0.35799E+01 -0.33556E+01 -0.39258E+01
 -0.48825E+01 -0.58290E+01 -0.67736E+01 -0.77182E+01 -0.86664E+01 -0.96112E+01
 -0.10557E+02 -0.11500E+02 -0.12442E+02 -0.13387E+02 -0.14326E+02 -0.14735E+02
 -0.13982E+02 -0.12580E+02 -0.11137E+02 -0.97029E+01 -0.82620E+01 -0.68234E+01
 -0.53825E+01 -0.39417E+01 -0.25071E+01 -0.10661E+01  0.36613E+00  0.18178E+01
  0.31157E+01  0.39080E+01  0.44232E+01  0.49447E+01  0.54709E+01  0.59904E+01
  0.65144E+01  0.70378E+01  0.77331E+01  0.86557E+01  0.94084E+01  0.98601E+01
  0.10274E+02  0.10546E+02  0.10541E+02  0.10444E+02  0.10364E+02  0.10279E+02
  0.10195E+02  0.10110E+02  0.10026E+02  0.99412E+01  0.98576E+01  0.97747E+01
  0.96973E+01  0.96120E+01  0.95207E+01  0.93921E+01  0.92881E+01  0.91906E+01
  0.91262E+01  0.87745E+01  0.77724E+01  0.65451E+01  0.53737E+01  0.46217E+01
  0.43197E+01  0.40840E+01  0.38319E+01  0.35879E+01  0.33359E+01  0.30935E+01
  0.28381E+01  0.25958E+01  0.24127E+01  0.34302E+01  0.53366E+01  0.68175E+01
  0.80960E+01  0.94203E+01  0.10715E+02  0.12056E+02  0.13056E+02  0.13046E+02
  0.12540E+02  0.12041E+02  0.11546E+02  0.11043E+02  0.10543E+02  0.97014E+01
  0.83928E+01  0.69767E+01  0.55834E+01  0.41779E+01  0.27972E+01  0.13876E+01
  0.52395E-01 -0.10782E+01 -0.18700E+01 -0.22118E+01 -0.23963E+01 -0.25973E+01
 -0.27920E+01 -0.29928E+01 -0.31814E+01 -0.33780E+01 -0.35766E+01 -0.37772E+01
 -0.39674E+01 -0.41328E+01 -0.42690E+01 -0.44095E+01 -0.45375E+01 -0.46923E+01
 -0.46487E+01 -0.41340E+01 -0.33799E+01 -0.25491E+01 -0.16109E+01 -0.71001E+00
  0.27365E+00  0.57205E+00 -0.54858E+00 -0.21215E+01 -0.35930E+01 -0.51265E+01
 -0.66020E+01 -0.81807E+01 -0.89083E+01 -0.78744E+01 -0.62847E+01 -0.47856E+01
 -0.32578E+01 -0.17442E+01 -0.29041E+00  0.83916E+00  0.18738E+01  0.24170E+01
  0.20536E+01  0.14179E+01  0.82943E+00  0.22677E+00 -0.36749E+00 -0.97220E+00
 -0.15476E+01 -0.21356E+01 -0.22813E+01 -0.16628E+01 -0.92052E+00 -0.82223E+00
 -0.11245E+01 -0.12409E+01 -0.12458E+01 -0.12547E+01 -0.12489E+01 -0.12617E+01
 -0.12454E+01 -0.15967E+01 -0.37653E+01 -0.70431E+01 -0.10306E+02 -0.12055E+02
 -0.11390E+02 -0.10053E+02 -0.88117E+01 -0.75429E+01 -0.63071E+01 -0.50404E+01
 -0.41905E+01 -0.40347E+01 -0.42961E+01 -0.48256E+01 -0.54152E+01 -0.59895E+01
 -0.62547E+01 -0.61129E+01 -0.58859E+01 -0.56716E+01 -0.54527E+01 -0.52319E+01
 -0.50417E+01 -0.49282E+01 -0.48433E+01 -0.47561E+01 -0.46360E+01 -0.38238E+01
 -0.21254E+01 -0.24536E+00  0.15110E+01  0.25364E+01  0.28389E+01  0.30630E+01
  0.32707E+01  0.37945E+01  0.48989E+01  0.51750E+01  0.45425E+01  0.38234E+01
  0.33750E+01  0.36866E+01  0.43826E+01  0.50477E+01  0.55000E+01  0.57481E+01
  0.59778E+01  0.62097E+01  0.64287E+01  0.66606E+01  0.68804E+01  0.71144E+01
  0.73320E+01  0.78290E+01  0.83791E+01  0.83496E+01  0.81423E+01  0.79269E+01
  0.78560E+01  0.79443E+01  0.77126E+01  0.72908E+01  0.68858E+01  0.63424E+01
  0.56856E+01  0.49752E+01  0.46139E+01  0.50250E+01  0.56098E+01  0.55029E+01
  0.43674E+01  0.31804E+01  0.29952E+01  0.32211E+01  0.34243E+01  0.35429E+01
  0.31887E+01  0.24771E+01  0.17596E+01  0.10462E+01  0.32880E+00 -0.38028E+00
 -0.10996E+01 -0.18065E+01 -0.25277E+01 -0.32322E+01 -0.39451E+01 -0.46412E+01
 -0.53766E+01 -0.60501E+01 -0.68514E+01 -0.65973E+01 -0.41682E+01 -0.10534E+01
  0.19477E+01  0.49944E+01  0.79484E+01  0.10502E+02  0.11638E+02  0.11305E+02
  0.10686E+02  0.10116E+02  0.95366E+01  0.89574E+01  0.83802E+01  0.78047E+01
  0.73388E+01  0.70368E+01  0.67839E+01  0.65229E+01  0.62641E+01  0.60053E+01
  0.57424E+01  0.54900E+01  0.52287E+01  0.49722E+01  0.47159E+01  0.44658E+01
  0.41868E+01  0.41016E+01  0.40498E+01  0.31597E+01  0.17738E+01  0.40425E+00
 -0.96291E+00 -0.23385E+01 -0.39369E+01 -0.60641E+01 -0.77844E+01 -0.84306E+01
 -0.85190E+01 -0.81493E+01 -0.76346E+01 -0.71220E+01 -0.66364E+01 -0.60967E+01
 -0.60282E+01 -0.72155E+01 -0.89645E+01 -0.10684E+02 -0.12371E+02 -0.12948E+02
 -0.11947E+02 -0.10341E+02 -0.87250E+01 -0.70864E+01 -0.55620E+01 -0.47991E+01
 -0.55192E+01 -0.71312E+01 -0.88096E+01 -0.10463E+02 -0.12090E+02 -0.12983E+02
 -0.12982E+02 -0.12548E+02 -0.11911E+02 -0.11268E+02 -0.10639E+02 -0.99652E+01
 -0.87975E+01 -0.73526E+01 -0.65897E+01 -0.62935E+01 -0.60033E+01 -0.57153E+01
 -0.54956E+01 -0.52551E+01 -0.45046E+01 -0.31673E+01 -0.15742E+01  0.52085E-01
  0.10423E+01  0.13033E+01  0.14425E+01  0.16065E+01  0.17581E+01  0.16473E+01
  0.11938E+01  0.68221E+00  0.17925E+00 -0.72058E-01  0.17533E-01  0.18943E+00
  0.34301E+00  0.50678E+00  0.66418E+00  0.83007E+00  0.97524E+00  0.12485E+01
  0.17591E+01  0.23648E+01  0.27989E+01  0.27994E+01  0.26034E+01  0.24178E+01
  0.22366E+01  0.20509E+01  0.18755E+01  0.18385E+01  0.16239E+01  0.11427E+01
  0.65350E+00  0.16610E+00 -0.32131E+00 -0.80886E+00 -0.12923E+01 -0.17799E+01
 -0.22758E+01 -0.28151E+01 -0.33689E+01 -0.39208E+01 -0.44810E+01 -0.49875E+01
 -0.49116E+01 -0.43689E+01 -0.38059E+01 -0.32550E+01 -0.27023E+01 -0.21498E+01
 -0.15971E+01 -0.10446E+01 -0.46739E+00  0.13655E+00  0.74459E+00  0.13528E+01
  0.19565E+01  0.25664E+01  0.31701E+01  0.37655E+01  0.43464E+01  0.49416E+01
  0.52161E+01  0.49564E+01  0.45597E+01  0.41797E+01  0.38039E+01  0.34215E+01
  0.32209E+01  0.32517E+01  0.33524E+01  0.32714E+01  0.27605E+01  0.20845E+01
  0.14124E+01  0.13062E+01  0.23008E+01  0.37970E+01  0.49524E+01  0.56284E+01
  0.61825E+01  0.67594E+01  0.73277E+01  0.79063E+01  0.84702E+01  0.90447E+01
  0.96205E+01  0.10358E+02  0.11217E+02  0.12030E+02  0.11780E+02  0.10298E+02
  0.85814E+01  0.74465E+01  0.70472E+01  0.68188E+01  0.65496E+01  0.63042E+01
  0.60009E+01  0.53324E+01  0.43805E+01  0.34263E+01  0.24771E+01  0.17247E+01
  0.12211E+01  0.76579E+00  0.29451E+00 -0.16879E+00 -0.73341E+00 -0.14385E+01
 -0.21625E+01 -0.25727E+01 -0.25886E+01 -0.25261E+01 -0.24803E+01 -0.24284E+01
 -0.23830E+01 -0.23335E+01 -0.22842E+01 -0.22309E+01 -0.21923E+01 -0.22571E+01
 -0.24128E+01 -0.25669E+01 -0.27251E+01 -0.28773E+01 -0.30400E+01 -0.31947E+01
 -0.33535E+01 -0.35064E+01 -0.36659E+01 -0.38191E+01 -0.39788E+01 -0.41427E+01
 -0.45712E+01 -0.52621E+01 -0.53606E+01 -0.48830E+01 -0.43974E+01 -0.36682E+01
 -0.26027E+01 -0.14628E+01 -0.33757E+00  0.79344E+00  0.19201E+01  0.30386E+01
  0.37023E+01  0.38123E+01  0.38208E+01  0.38315E+01  0.38767E+01  0.35440E+01
  0.21514E+01  0.29196E+00 -0.15429E+01 -0.33863E+01 -0.51722E+01 -0.60268E+01
 -0.59977E+01 -0.58694E+01 -0.57644E+01 -0.56533E+01 -0.55465E+01 -0.54422E+01
 -0.53338E+01 -0.52298E+01 -0.51324E+01 -0.50288E+01 -0.48739E+01 -0.43062E+01
 -0.34312E+01 -0.25416E+01 -0.16630E+01 -0.78029E+00  0.10013E+00  0.98020E+00
  0.18518E+01  0.27253E+01  0.36084E+01  0.40475E+01  0.38198E+01  0.34259E+01
  0.30610E+01  0.26853E+01  0.23116E+01  0.19394E+01  0.15530E+01  0.11780E+01
  0.80526E+00  0.42590E+00  0.63008E-01 -0.50289E+00 -0.14510E+01 -0.25048E+01
 -0.35443E+01 -0.45883E+01 -0.55934E+01 -0.56322E+01 -0.46777E+01 -0.35792E+01
 -0.25159E+01 -0.14427E+01 -0.29946E+00  0.11161E+01  0.22443E+01  0.24281E+01
  0.22276E+01  0.20722E+01  0.19063E+01  0.17484E+01  0.15859E+01  0.14292E+01
  0.13385E+01  0.13072E+01  0.12818E+01  0.12540E+01  0.12116E+01  0.11832E+01
  0.11543E+01  0.11254E+01  0.10918E+01  0.10643E+01  0.10320E+01  0.10037E+01
  0.97503E+00  0.94186E+00  0.89201E+00  0.87271E+00  0.87356E+00  0.88254E+00
  0.88897E+00  0.89498E+00  0.89880E+00  0.90630E+00  0.90927E+00  0.91598E+00
  0.88112E+00  0.79012E+00  0.65747E+00  0.53068E+00  0.39096E+00  0.23249E+00
  0.61163E-01 -0.11045E+00 -0.28461E+00 -0.45913E+00 -0.64828E+00 -0.84224E+00
 -0.10487E+01 -0.12599E+01 -0.14755E+01 -0.16727E+01 -0.18231E+01 -0.21162E+01
 -0.25440E+01 -0.29722E+01 -0.34152E+01 -0.38484E+01 -0.42323E+01 -0.44535E+01
 -0.45841E+01 -0.47214E+01 -0.48550E+01 -0.49890E+01 -0.51252E+01 -0.52600E+01
 -0.54281E+01 -0.54233E+01 -0.47083E+01 -0.35394E+01 -0.23524E+01 -0.12461E+01
 -0.31409E+00  0.50000E+00  0.12601E+01  0.19988E+01  0.27166E+01  0.34569E+01
  0.41965E+01  0.49357E+01  0.56745E+01  0.64128E+01  0.71467E+01  0.77416E+01
  0.80987E+01  0.84017E+01  0.82001E+01  0.73417E+01  0.63254E+01  0.53401E+01
  0.43396E+01  0.34336E+01  0.28000E+01  0.23042E+01  0.18059E+01  0.13050E+01
  0.78305E+00  0.27726E+00 -0.22500E+00 -0.72348E+00 -0.12369E+01 -0.16579E+01
 -0.17778E+01 -0.17329E+01 -0.16927E+01 -0.16508E+01 -0.16343E+01 -0.15933E+01
 -0.15570E+01 -0.15191E+01 -0.14817E+01 -0.14448E+01 -0.13877E+01 -0.13249E+01
 -0.12585E+01 -0.11987E+01 -0.11539E+01 -0.10930E+01 -0.10326E+01 -0.97064E+00
 -0.91132E+00 -0.85242E+00 -0.79203E+00 -0.73009E+00 -0.67472E+00 -0.60959E+00
 -0.62126E+00      0.0		0.0	    0.0		0.0		0.0
