 -0.21093E+02 -0.30944E+02 -0.25836E+02 -0.12368E+02 -0.16948E+01  0.12994E+01
  0.93542E+00  0.17609E+01  0.25100E+01  0.11214E+01 -0.31876E+01 -0.65178E+01
 -0.44738E+01  0.11553E+01  0.62827E+01  0.75291E+01  0.34966E+01  0.27438E+01
  0.10122E+02  0.19109E+02  0.18387E+02  0.95445E+01 -0.18796E+01 -0.91384E+01
 -0.98583E+01 -0.68112E+01 -0.26716E+01  0.17035E+01  0.23196E+01 -0.34274E+01
 -0.10647E+02 -0.10382E+02 -0.35122E+01  0.32027E+01  0.45086E+01  0.22782E+00
 -0.31111E+01 -0.35278E+01 -0.34633E+01 -0.38903E+01 -0.46787E+01 -0.54445E+01
 -0.60823E+01 -0.57678E+01 -0.35657E+01 -0.12664E+01  0.42500E-02  0.27372E+01
  0.65457E+01  0.95865E+01  0.10657E+02  0.63180E+01  0.93423E+00 -0.26818E+01
 -0.60539E+01 -0.57808E+01 -0.16869E+01  0.22933E+01  0.36672E+01  0.71000E+01
  0.13778E+02  0.15061E+02  0.67423E+01 -0.65139E+01 -0.15989E+02 -0.18675E+02
 -0.14231E+02 -0.72969E+01 -0.10528E+01  0.50716E+01  0.10851E+02  0.10911E+02
  0.21164E+01 -0.47586E+01 -0.44233E+01 -0.36603E+01  0.23760E+00  0.72832E+01
  0.98057E+01  0.36482E+01 -0.71732E+01 -0.17992E+02 -0.19805E+02 -0.10743E+02
 -0.10290E+01  0.46435E+01  0.79844E+01  0.11439E+02  0.11734E+02  0.56874E+01
 -0.17917E+01 -0.49978E+01 -0.38520E+01 -0.29419E+01 -0.21699E+01  0.25901E+01
  0.62162E+01  0.21355E+01 -0.17437E+01 -0.12710E+01  0.43983E+01  0.15123E+02
  0.17137E+02  0.12635E+02  0.59638E+01 -0.93173E+01 -0.24584E+02 -0.14466E+02
  0.58056E+01  0.10747E+02  0.98178E+01  0.71417E+01  0.12458E+01 -0.55068E+01
 -0.10382E+02 -0.11406E+02 -0.98270E+01 -0.70912E+01 -0.53615E+01 -0.33487E+01
  0.17291E+01  0.65736E+01  0.58025E+01  0.11244E+00 -0.66165E+01 -0.10721E+02
 -0.11814E+02 -0.11723E+02 -0.86000E+01 -0.14891E+01  0.46781E+01  0.57337E+01
  0.37267E+01 -0.15974E+01 -0.14290E+02 -0.18587E+02 -0.56040E+01  0.56115E+01
  0.95573E+01  0.13008E+02  0.20363E+02  0.22101E+02  0.17555E+02  0.15757E+02
  0.15125E+02  0.74441E+01 -0.62142E+01 -0.17659E+02 -0.15487E+02 -0.48819E+01
  0.56873E+00  0.32538E+01  0.58794E+01  0.32509E+01 -0.24218E+01 -0.51991E+01
 -0.55056E+01 -0.26771E+01  0.15560E+00 -0.58450E+00 -0.21855E+01 -0.55982E+01
 -0.76267E+01 -0.35811E+01  0.50457E+01  0.18964E+02  0.31731E+02  0.39350E+02
  0.33839E+02  0.20414E+02  0.11711E+02  0.52964E+01 -0.12623E+01 -0.85187E+01
 -0.14191E+02 -0.17052E+02 -0.15917E+02 -0.94140E+01 -0.29727E+01 -0.21775E+01
 -0.58992E+01 -0.58663E+01  0.11208E+01  0.10374E+02  0.15316E+02  0.12849E+02
  0.73748E+01 -0.14867E+01 -0.15365E+02 -0.21968E+02 -0.14476E+02 -0.44623E+01
 -0.33477E+01 -0.76728E+01 -0.10546E+02 -0.16219E+01  0.92644E+01  0.50489E+01
  0.18172E+00  0.67783E+00 -0.20167E+01 -0.76466E+01 -0.55805E+01  0.58945E+01
  0.12748E+02  0.81472E+01  0.33298E+00 -0.63918E+01 -0.60142E+01  0.40255E+00
  0.93841E+01  0.22674E+02  0.33136E+02  0.22808E+02  0.14686E+01 -0.15722E+02
 -0.19165E+02 -0.11718E+02 -0.53664E+01  0.68374E-01  0.57286E+01  0.11263E+02
  0.12526E+02  0.85398E+01  0.28758E+01 -0.46364E+00 -0.19692E+01 -0.77809E+01
 -0.15691E+02 -0.16637E+02 -0.10465E+02 -0.34278E+01  0.13995E+01  0.71211E+01
  0.12513E+02  0.12008E+02  0.88137E+01  0.94204E+01  0.83418E+01  0.12302E+01
 -0.78721E+01 -0.89170E+01  0.19441E+01  0.87471E+01  0.16259E+01 -0.82498E+01
 -0.96918E+01 -0.62473E-01  0.83294E+01  0.91091E+01  0.90308E+01  0.10917E+02
  0.10627E+02  0.22204E+01 -0.10488E+02 -0.11744E+02 -0.23667E+01  0.83994E+01
  0.15229E+02  0.19877E+02  0.21595E+02  0.19448E+02  0.15055E+02  0.12987E+02
  0.16219E+01 -0.12794E+02 -0.16728E+02 -0.19030E+02 -0.20163E+02 -0.18874E+02
 -0.17827E+02 -0.17136E+02 -0.15017E+02 -0.12371E+02 -0.11054E+02 -0.88205E+01
 -0.36625E+01  0.22849E+01  0.61402E+01  0.79591E+01  0.64552E+01  0.27184E+01
 -0.14187E+01 -0.32471E+01  0.84003E+00  0.82423E+01  0.15105E+02  0.20111E+02
  0.24506E+02  0.25892E+02  0.23871E+02  0.14378E+02 -0.34501E+00 -0.36575E+01
  0.10662E+01  0.41957E+01  0.47290E+01  0.29409E+01  0.44879E+00 -0.23475E+01
 -0.15657E+01  0.43829E+01  0.10243E+02  0.11615E+02  0.10608E+02  0.94296E+01
  0.76047E+01 -0.31071E+01 -0.13077E+02 -0.14599E+02 -0.16331E+02 -0.20821E+02
 -0.23920E+02 -0.21272E+02 -0.10853E+02  0.86868E+00  0.88565E+01  0.13403E+02
  0.18124E+02  0.18226E+02  0.12110E+02  0.60725E+01 -0.20117E+00 -0.70484E+01
 -0.12349E+02 -0.15512E+02 -0.14055E+02 -0.90904E+01 -0.84132E+01 -0.11852E+02
 -0.11561E+02 -0.91701E+01 -0.55423E+01  0.19251E+01  0.94110E+01  0.13828E+02
  0.13339E+02  0.74808E+01  0.27011E+00 -0.46443E+01 -0.60990E+01 -0.19880E+01
  0.52249E+01  0.13097E+02  0.17656E+02  0.14861E+02  0.12898E+01 -0.12010E+02
 -0.12717E+02 -0.98931E+01 -0.80659E+01 -0.10179E+02 -0.14755E+02 -0.17791E+02
 -0.16319E+02 -0.99187E+01 -0.28569E+01  0.43908E+01  0.89057E+01  0.61943E+01
  0.51487E+00 -0.45573E+01 -0.26716E+01  0.53377E+01  0.92678E+01  0.86630E+01
  0.73369E+01  0.85793E+01  0.12183E+02  0.15149E+02  0.17286E+02  0.20154E+02
  0.15362E+02 -0.89827E+01 -0.24553E+02 -0.17648E+02 -0.84565E+01 -0.23296E+01
  0.47448E+01  0.14110E+02  0.25761E+02  0.30683E+02  0.22099E+02  0.83464E+01
 -0.63046E+01 -0.17558E+02 -0.21058E+02 -0.19999E+02 -0.18816E+02 -0.19902E+02
 -0.22676E+02 -0.23477E+02 -0.19983E+02 -0.14831E+02 -0.96206E+01 -0.43317E+01
  0.22245E+01  0.92913E+01  0.11635E+02  0.10549E+02  0.10434E+02  0.13043E+02
  0.13791E+02  0.10493E+02  0.74847E+01  0.84995E+01  0.93563E+01  0.47795E+01
 -0.20438E-01 -0.28849E-01  0.25691E+01 -0.14402E+01 -0.13461E+02 -0.23084E+02
 -0.22608E+02 -0.72330E+01  0.10363E+02  0.17902E+02  0.17180E+02  0.72809E+01
 -0.64672E+01 -0.11118E+02 -0.82514E+01 -0.53353E+01 -0.34871E+01 -0.20895E+01
 -0.45538E+01 -0.10803E+02 -0.17661E+02 -0.28662E+02 -0.39921E+02 -0.37238E+02
 -0.22327E+02 -0.36166E+01  0.13427E+02  0.21092E+02  0.17219E+02  0.14178E+02
  0.17005E+02  0.20939E+02  0.25582E+02  0.27794E+02  0.24196E+02  0.16841E+02
  0.12763E+02  0.16678E+02  0.18726E+02  0.15377E+02  0.12702E+02  0.10356E+02
  0.76672E+01  0.67152E+01  0.65561E+01  0.85385E+01  0.14448E+02  0.14017E+02
  0.70124E+01  0.20739E+01 -0.18364E+01 -0.75112E+01 -0.19756E+02 -0.30133E+02
 -0.25211E+02 -0.17175E+02 -0.15646E+02 -0.18253E+02 -0.19045E+02 -0.16833E+02
 -0.14567E+02 -0.14127E+02 -0.20843E+02 -0.28824E+02 -0.31547E+02 -0.34994E+02
 -0.29706E+02 -0.13060E+02  0.56499E+00  0.17048E+01 -0.41706E+01 -0.94324E+01
 -0.10633E+02 -0.85058E+01 -0.44802E+01 -0.79118E+01 -0.24983E+02 -0.46083E+02
 -0.62485E+02 -0.66768E+02 -0.64905E+02 -0.60094E+02 -0.48389E+02 -0.35075E+02
 -0.24728E+02 -0.83069E+01  0.11789E+02  0.27705E+02  0.36905E+02  0.33700E+02
  0.25966E+02  0.21392E+02  0.18993E+02  0.21292E+02  0.30557E+02  0.32070E+02
  0.21507E+02  0.16232E+02  0.19485E+02  0.24142E+02  0.24945E+02  0.16596E+02
  0.19416E+01 -0.55762E+01  0.30625E+01  0.16736E+02  0.23890E+02  0.17800E+02
  0.15528E+01 -0.93459E+01 -0.16387E+02 -0.22706E+02 -0.27824E+02 -0.24860E+02
 -0.14513E+02 -0.56837E+01 -0.10430E+01  0.18795E+01  0.85649E+01  0.18740E+02
  0.28056E+02  0.34315E+02  0.32980E+02  0.26859E+02  0.22753E+02  0.18133E+02
  0.91825E+01  0.19601E+01  0.12388E+01  0.24579E+01  0.61384E+01  0.64919E+01
  0.20763E+01 -0.40741E+01 -0.18718E+02 -0.32448E+02 -0.31123E+02 -0.19056E+02
 -0.85504E+01 -0.11520E+02 -0.12013E+02 -0.80074E+01 -0.38198E+01  0.42091E+01
  0.12419E+02  0.18701E+02  0.27631E+02  0.39191E+02  0.52827E+02  0.53806E+02
  0.41794E+02  0.30715E+02  0.16053E+02  0.16079E+01  0.19290E+01  0.12078E+02
  0.29263E+02  0.43936E+02  0.38497E+02  0.22555E+02  0.96781E+01  0.86881E+01
  0.16530E+02  0.22461E+02  0.23681E+02  0.18317E+02  0.92482E+01  0.76791E+01
  0.10564E+02  0.18151E+02  0.37844E+02  0.50185E+02  0.59406E+02  0.66324E+02
  0.63833E+02  0.58122E+02  0.54700E+02  0.52622E+02  0.49999E+02  0.57831E+02
  0.75597E+02  0.83494E+02  0.69292E+02  0.39845E+02 -0.99872E+01 -0.66114E+02
 -0.10170E+03 -0.11968E+03 -0.13339E+03 -0.12575E+03 -0.97365E+02 -0.71263E+02
 -0.56983E+02 -0.45512E+02 -0.23258E+02  0.82907E+01  0.41726E+02  0.67257E+02
  0.83861E+02  0.91028E+02  0.90865E+02  0.75878E+02  0.53285E+02  0.31019E+02
 -0.50579E+01 -0.47076E+02 -0.56343E+02 -0.38188E+02 -0.20448E+02 -0.13188E+02
 -0.22624E+02 -0.34703E+02 -0.40327E+02 -0.44833E+02 -0.48137E+02 -0.50662E+02
 -0.50754E+02 -0.49021E+02 -0.47263E+02 -0.45411E+02 -0.44700E+02 -0.47423E+02
 -0.48053E+02 -0.45545E+02 -0.42585E+02 -0.30333E+02 -0.66022E+01  0.18197E+02
  0.47983E+02  0.69132E+02  0.69492E+02  0.43035E+02  0.10469E+02 -0.18266E+02
 -0.49386E+02 -0.80941E+02 -0.11091E+03 -0.13976E+03 -0.15542E+03 -0.15602E+03
 -0.14427E+03 -0.12886E+03 -0.10630E+03 -0.74257E+02 -0.44181E+02 -0.22326E+02
 -0.24834E+02 -0.37112E+02 -0.44526E+02 -0.51265E+02 -0.48501E+02 -0.30910E+02
  0.13817E+01  0.44078E+02  0.77208E+02  0.89880E+02  0.95348E+02  0.99214E+02
  0.90485E+02  0.72488E+02  0.45750E+02  0.24131E+02  0.23022E+02  0.27424E+02
  0.28129E+02  0.28489E+02  0.17730E+02  0.39138E+01 -0.10374E+02 -0.35504E+02
 -0.51277E+02 -0.50830E+02 -0.32662E+02 -0.24572E+01  0.18086E+02  0.19456E+02
  0.11290E+02 -0.35264E+01 -0.14765E+02 -0.10627E+02 -0.53953E+00  0.81974E+01
 -0.15424E+01 -0.24629E+02 -0.46151E+02 -0.53950E+02 -0.37108E+02 -0.13877E+02
 -0.11625E+01 -0.97525E+01 -0.30324E+02 -0.34661E+02 -0.21942E+02 -0.66320E+01
  0.76629E+01  0.20860E+02  0.34416E+02  0.58724E+02  0.89443E+02  0.10421E+03
  0.10374E+03  0.99706E+02  0.99179E+02  0.10745E+03  0.12194E+03  0.12698E+03
  0.10778E+03  0.64910E+02  0.17069E+02 -0.10924E+02 -0.27405E+02 -0.34439E+02
 -0.31931E+02 -0.27922E+02 -0.25656E+02 -0.32952E+02 -0.50468E+02 -0.61879E+02
 -0.46420E+02 -0.71319E+01  0.41815E+02  0.92248E+02  0.10625E+03  0.87900E+02
  0.67447E+02  0.39549E+02 -0.84221E+00 -0.33491E+02 -0.41932E+02 -0.28849E+02
 -0.79592E+01  0.47906E+01  0.73658E+01  0.21236E+01 -0.76412E+01 -0.18830E+02
 -0.32896E+02 -0.35998E+02 -0.20782E+02  0.38869E+01  0.37431E+02  0.70600E+02
  0.81579E+02  0.74671E+02  0.65238E+02  0.48573E+02  0.26730E+02  0.21542E+02
  0.28314E+02  0.24595E+02  0.68073E+01 -0.12461E+02 -0.25179E+02 -0.21864E+02
 -0.11867E+02 -0.57737E+01 -0.34397E+01 -0.35640E+00  0.60514E+01 -0.39884E+00
 -0.14360E+02 -0.20827E+02 -0.20501E+02 -0.10540E+02  0.48437E+01  0.17444E+02
  0.20957E+02  0.23713E+02  0.37629E+02  0.48165E+02  0.45608E+02  0.40207E+02
  0.40763E+02  0.43985E+02  0.35811E+02  0.20682E+02 -0.35192E+01 -0.44861E+02
 -0.84775E+02 -0.10009E+03 -0.10088E+03 -0.98848E+02 -0.88421E+02 -0.74178E+02
 -0.59425E+02 -0.42130E+02 -0.24590E+02 -0.34730E+02 -0.67832E+02 -0.97852E+02
 -0.10982E+03 -0.10162E+03 -0.87061E+02 -0.68262E+02 -0.49345E+02 -0.33314E+02
 -0.15501E+02  0.16773E+01  0.72445E+01 -0.26407E+01 -0.18236E+02 -0.30271E+02
 -0.33069E+02 -0.30489E+02 -0.28451E+02 -0.26541E+02 -0.22173E+02 -0.12841E+02
  0.87021E+01  0.31700E+02  0.35962E+02  0.27116E+02  0.23303E+02  0.36135E+02
  0.57508E+02  0.79168E+02  0.10293E+03  0.12275E+03  0.13100E+03  0.12450E+03
  0.99585E+02  0.84854E+02  0.85214E+02  0.75046E+02  0.51075E+02  0.25751E+02
 -0.35652E+01 -0.37837E+02 -0.55101E+02 -0.58935E+02 -0.60675E+02 -0.63519E+02
 -0.71092E+02 -0.78994E+02 -0.69871E+02 -0.44763E+02 -0.20672E+02 -0.70341E+01
 -0.54256E+01 -0.15674E+02 -0.19173E+02 -0.87986E+01  0.69965E+01  0.23052E+02
  0.19292E+02 -0.38245E+01 -0.24503E+02 -0.33982E+02 -0.42168E+02 -0.49175E+02
 -0.50593E+02 -0.52894E+02 -0.63758E+02 -0.69398E+02 -0.55765E+02 -0.37704E+02
 -0.20708E+02  0.77192E+01  0.42450E+02  0.72720E+02  0.88059E+02  0.91488E+02
  0.84387E+02  0.63861E+02  0.30848E+02  0.31746E+01  0.25937E+00  0.71397E+01
  0.14449E+02  0.28569E+02  0.40513E+02  0.38899E+02  0.19240E+02 -0.16313E+01
 -0.32666E+02 -0.66460E+02 -0.77132E+02 -0.68936E+02 -0.56608E+02 -0.43325E+02
 -0.29616E+02 -0.20411E+02 -0.19192E+02 -0.23489E+02 -0.29270E+02 -0.31263E+02
 -0.27731E+02 -0.23774E+02 -0.30098E+02 -0.39373E+02 -0.30867E+02  0.70779E+00
  0.33339E+02  0.52302E+02  0.66859E+02  0.82010E+02  0.90979E+02  0.88218E+02
  0.74085E+02  0.56875E+02  0.48661E+02  0.53705E+02  0.64470E+02  0.75673E+02
  0.82408E+02  0.74639E+02  0.61492E+02  0.43081E+02  0.26990E+02  0.22918E+02
  0.21801E+02  0.18109E+02  0.97142E+01  0.50211E+01  0.55974E+01  0.43719E+01
  0.86600E+01  0.19451E+02  0.17293E+02 -0.75802E+01 -0.50231E+02 -0.90817E+02
 -0.10350E+03 -0.99958E+02 -0.91465E+02 -0.80020E+02 -0.66406E+02 -0.50900E+02
 -0.25858E+02 -0.16268E+02 -0.34931E+02 -0.46417E+02 -0.40804E+02 -0.31784E+02
 -0.27079E+02 -0.31197E+02 -0.41015E+02 -0.39821E+02 -0.15815E+02  0.15504E+02
  0.36688E+02  0.49956E+02  0.62455E+02  0.75916E+02  0.93590E+02  0.10911E+03
  0.12028E+03  0.12872E+03  0.12449E+03  0.10734E+03  0.84218E+02  0.58006E+02
  0.37140E+02  0.22564E+02  0.18460E+02  0.19598E+02  0.14490E+02 -0.10989E+01
 -0.29121E+02 -0.49222E+02 -0.45088E+02 -0.32885E+02 -0.23156E+02 -0.16396E+02
 -0.95622E+01 -0.27344E+01  0.44158E+01  0.11046E+02  0.16880E+02  0.39633E+01
 -0.90772E+01 -0.17669E+02 -0.35048E+02 -0.29790E+02 -0.23051E+02 -0.25487E+02
 -0.89943E+01  0.14347E+02  0.27831E+02  0.37389E+02  0.44200E+02  0.32227E+02
  0.88259E+01 -0.26173E+02 -0.57215E+02 -0.71602E+02 -0.79742E+02 -0.76923E+02
 -0.63008E+02 -0.48842E+02 -0.38921E+02 -0.36042E+02 -0.39641E+02 -0.46229E+02
 -0.49798E+02 -0.46639E+02 -0.37129E+02 -0.25382E+02 -0.16510E+02 -0.12516E+02
 -0.11529E+02 -0.10564E+02 -0.82964E+01 -0.58944E+01 -0.44717E+01 -0.12392E+02
 -0.27340E+02 -0.45910E+02 -0.61349E+02 -0.69585E+02 -0.76288E+02 -0.84333E+02
 -0.92791E+02 -0.99176E+02 -0.78988E+02 -0.40145E+02 -0.46535E+01  0.35432E+02
  0.77739E+02  0.93948E+02  0.86044E+02  0.71500E+02  0.52264E+02  0.25602E+02
  0.56498E+01 -0.17590E+01  0.50049E+01  0.16019E+02  0.20542E+02  0.18227E+02
  0.12179E+02 -0.25215E+01 -0.31312E+02 -0.57066E+02 -0.58959E+02 -0.47381E+02
 -0.30234E+02 -0.11147E+02 -0.26248E+01 -0.10572E+01  0.22766E+00  0.18561E+01
  0.88812E+01  0.26256E+02  0.46028E+02  0.60510E+02  0.63523E+02  0.61340E+02
  0.58000E+02  0.49216E+02  0.39015E+02  0.28967E+02  0.19672E+02  0.12897E+02
  0.17389E+02  0.26898E+02  0.33204E+02  0.31985E+02  0.24737E+02  0.16576E+02
  0.14402E+02  0.26058E+02  0.41677E+02  0.57721E+02  0.75333E+02  0.84990E+02
  0.89370E+02  0.92981E+02  0.82097E+02  0.53768E+02  0.29003E+02  0.13271E+02
 -0.64007E+00 -0.11884E+02 -0.20781E+02 -0.29516E+02 -0.36553E+02 -0.41386E+02
 -0.47732E+02 -0.55153E+02 -0.65066E+02 -0.71260E+02 -0.68488E+02 -0.60595E+02
 -0.50625E+02 -0.43194E+02 -0.41241E+02 -0.42337E+02 -0.42286E+02 -0.37030E+02
 -0.23337E+02 -0.42561E+01  0.15861E+02  0.37415E+02  0.55722E+02  0.61887E+02
  0.60028E+02  0.57280E+02  0.48609E+02  0.35683E+02  0.23004E+02  0.14902E+02
  0.12714E+02  0.84944E+01 -0.72479E+01 -0.24480E+02 -0.30947E+02 -0.30419E+02
 -0.24827E+02 -0.17046E+02 -0.63534E+01  0.14658E+01 -0.23087E+01 -0.11300E+02
 -0.17256E+02 -0.18242E+02 -0.18897E+02 -0.21106E+02 -0.22454E+02 -0.23900E+02
 -0.25789E+02 -0.30080E+02 -0.40838E+02 -0.54941E+02 -0.66383E+02 -0.76305E+02
 -0.82615E+02 -0.79205E+02 -0.69374E+02 -0.56992E+02 -0.44700E+02 -0.25813E+02
  0.34535E+01  0.21038E+02  0.26371E+02  0.29710E+02  0.28252E+02  0.22475E+02
  0.15887E+02  0.10975E+02  0.92242E+01  0.94115E+01  0.97513E+01  0.10055E+02
  0.98139E+01  0.85343E+01  0.39104E+01  0.10772E+01  0.39400E+01  0.82463E+01
  0.70103E+01 -0.86124E+00 -0.94984E+01 -0.17565E+02 -0.21894E+02 -0.20500E+02
 -0.17819E+02 -0.19017E+02 -0.23162E+02 -0.20706E+02 -0.82242E+01  0.45149E+01
  0.11625E+02  0.16669E+02  0.21332E+02  0.18609E+02  0.90882E+01 -0.12021E+01
 -0.82916E+01 -0.10562E+02 -0.15538E+02 -0.24106E+02 -0.33059E+02 -0.35953E+02
 -0.29486E+02 -0.19832E+02 -0.80056E+01  0.55154E+01  0.16856E+02  0.15258E+02
  0.49132E+01 -0.14688E+01  0.66399E+00  0.12511E+02  0.28113E+02  0.41950E+02
  0.51174E+02  0.54649E+02  0.54433E+02  0.52638E+02  0.50583E+02  0.48558E+02
  0.46742E+02  0.44985E+02  0.44869E+02  0.46578E+02  0.49303E+02  0.52863E+02
  0.57405E+02  0.57650E+02  0.47428E+02  0.33947E+02  0.24794E+02  0.17635E+02
  0.10608E+02 -0.77501E+00 -0.18789E+02 -0.37910E+02 -0.51135E+02 -0.56356E+02
 -0.57509E+02 -0.57324E+02 -0.57029E+02 -0.62686E+02 -0.70185E+02 -0.69858E+02
 -0.65996E+02 -0.62633E+02 -0.59273E+02 -0.59323E+02 -0.61986E+02 -0.61428E+02
 -0.49202E+02 -0.30757E+02 -0.13405E+02  0.33644E+01  0.27791E+02  0.53859E+02
  0.59080E+02  0.48425E+02  0.43021E+02  0.44227E+02  0.45743E+02  0.44833E+02
  0.41576E+02  0.42355E+02  0.44264E+02  0.41371E+02  0.38246E+02  0.38292E+02
  0.34450E+02  0.21425E+02  0.38293E+01 -0.45484E+01  0.72211E+01  0.31138E+02
  0.48418E+02  0.52372E+02  0.49775E+02  0.32552E+02  0.58004E+01 -0.21287E+02
 -0.41791E+02 -0.36708E+02 -0.15006E+02  0.48565E+01  0.23480E+02  0.35715E+02
  0.27810E+02  0.74776E+01 -0.91720E+01 -0.16722E+02 -0.18341E+02 -0.18185E+02
 -0.19448E+02 -0.19945E+02 -0.15119E+02 -0.65146E+01  0.20520E+01  0.12862E+02
  0.30736E+02  0.53659E+02  0.65861E+02  0.53246E+02  0.29336E+02  0.10571E+02
  0.87844E+01  0.16865E+02  0.24663E+02  0.29259E+02  0.26279E+02  0.17748E+02
  0.16304E+02  0.25555E+02  0.35177E+02  0.38280E+02  0.30181E+02  0.11078E+02
 -0.51106E+01 -0.10686E+02 -0.97490E+01 -0.72338E+01 -0.30611E+01  0.24268E+01
  0.65422E+01 -0.39866E+01 -0.26079E+02 -0.46438E+02 -0.65021E+02 -0.82210E+02
 -0.92859E+02 -0.98746E+02 -0.95952E+02 -0.79368E+02 -0.51541E+02 -0.25164E+02
 -0.16386E+02 -0.21393E+02 -0.16636E+02  0.49844E+01  0.37162E+02  0.57011E+02
  0.57819E+02  0.54497E+02  0.47408E+02  0.31767E+02  0.14345E+02  0.52750E+01
  0.21991E+01 -0.70718E+01 -0.30064E+02 -0.43756E+02 -0.29611E+02  0.62841E+01
  0.45139E+02  0.68942E+02  0.59481E+02  0.30418E+02 -0.66567E+01 -0.33234E+02
 -0.31790E+02 -0.21987E+02 -0.17000E+02 -0.18932E+02 -0.20800E+02 -0.16559E+02
 -0.15007E+02 -0.16390E+02 -0.12418E+02 -0.66878E+01  0.11108E+00  0.13437E+02
  0.29716E+02  0.32845E+02  0.21954E+02  0.12674E+02  0.77904E+01  0.16756E+01
 -0.10026E+02 -0.24624E+02 -0.33237E+02 -0.36223E+02 -0.43992E+02 -0.48129E+02
 -0.43967E+02 -0.38295E+02 -0.40152E+02 -0.43748E+02 -0.41222E+02 -0.34442E+02
 -0.23969E+02 -0.20244E+02 -0.26048E+02 -0.31075E+02 -0.23264E+02 -0.63574E+01
  0.15396E+01 -0.49241E+01 -0.56603E+01  0.52871E+01  0.12397E+02  0.73606E+01
 -0.37291E+01 -0.13804E+02 -0.18886E+02 -0.20682E+02 -0.24181E+02 -0.28357E+02
 -0.28234E+02 -0.22811E+02 -0.15819E+02 -0.16166E+02 -0.22565E+02 -0.21172E+02
 -0.70513E+01  0.11002E+01 -0.91776E+01 -0.24135E+02 -0.15398E+02  0.38184E+01
  0.14438E+02  0.15769E+02  0.14546E+02  0.25792E+02  0.41896E+02  0.55782E+02
  0.62102E+02  0.64570E+02  0.77613E+02  0.94670E+02  0.90276E+02  0.62563E+02
  0.36649E+02  0.26276E+02  0.29648E+02  0.35799E+02  0.38866E+02  0.41899E+02
  0.44030E+02  0.42508E+02  0.39047E+02  0.35652E+02  0.24734E+02  0.73193E+01
  0.18449E+01  0.25273E+01  0.10647E+02  0.21903E+02  0.27837E+02  0.29917E+02
  0.93594E+01 -0.29300E+02 -0.48368E+02 -0.41120E+02 -0.22188E+02 -0.13685E+02
 -0.16017E+02 -0.13920E+02 -0.93359E+01 -0.36536E+01 -0.13267E+01 -0.16398E+02
 -0.26777E+02 -0.20688E+02 -0.13484E+02 -0.10654E+02 -0.11043E+02 -0.79764E+01
 -0.58456E+01 -0.69600E+01 -0.46994E+01  0.19305E+00  0.47235E+01  0.89173E+01
  0.18590E+02  0.32366E+02  0.26297E+02  0.74929E+01 -0.79377E+01 -0.24329E+02
 -0.39621E+02 -0.53841E+02 -0.49910E+02 -0.29028E+02 -0.86543E+01  0.85107E+01
  0.24166E+02  0.24879E+02  0.84534E+01 -0.17386E+02 -0.28024E+02 -0.13007E+02
  0.53691E+01  0.86175E+01  0.12227E+02  0.34553E+02  0.55016E+02  0.48932E+02
  0.28474E+02  0.11018E+02  0.10768E+02  0.27364E+00 -0.30107E+02 -0.44108E+02
 -0.47460E+02 -0.50885E+02 -0.54131E+02 -0.53633E+02 -0.46858E+02 -0.40137E+02
 -0.31011E+02 -0.27663E+02 -0.33099E+02 -0.38196E+02 -0.38968E+02 -0.37794E+02
 -0.35881E+02 -0.28704E+02 -0.18463E+02 -0.81345E+01  0.10338E+01  0.63873E+01
  0.96032E+01  0.35108E+01 -0.41719E+01 -0.35667E+01 -0.51004E+01 -0.17986E+02
 -0.29061E+02 -0.28253E+02 -0.22955E+02 -0.23932E+02 -0.28433E+02 -0.29296E+02
 -0.17224E+02 -0.14644E+01 -0.36300E+01 -0.16101E+02 -0.25423E+02 -0.32079E+02
 -0.40757E+02 -0.48283E+02 -0.41844E+02 -0.26306E+02 -0.13369E+02 -0.95365E+01
 -0.10609E+02 -0.99098E+01 -0.31070E+01  0.10796E+02  0.26612E+02  0.25162E+02
  0.53210E+01 -0.14613E+02 -0.44568E+02 -0.72452E+02 -0.59607E+02 -0.20256E+02
  0.17788E+02  0.36590E+02  0.42725E+02  0.35787E+02  0.16671E+02  0.30165E+01
  0.22931E+01  0.13777E+02  0.27331E+02  0.36026E+02  0.43322E+02  0.52334E+02
  0.60594E+02  0.56501E+02  0.46959E+02  0.44836E+02  0.44647E+02  0.42709E+02
  0.43134E+02  0.46119E+02  0.49547E+02  0.52822E+02  0.53762E+02  0.48832E+02
  0.41864E+02  0.39372E+02  0.33113E+02  0.21850E+02  0.34424E+01 -0.32713E+02
 -0.65491E+02 -0.84760E+02 -0.79885E+02 -0.52458E+02 -0.23342E+02  0.39458E+01
  0.22816E+02  0.25045E+02  0.20242E+02  0.21180E+02  0.32166E+02  0.40539E+02
  0.34664E+02  0.20929E+02  0.70639E+00 -0.10227E+02 -0.47803E+01  0.33913E+01
  0.47121E+01  0.19177E+01  0.78296E+01  0.19492E+02  0.28087E+02  0.33628E+02
  0.42051E+02  0.53837E+02  0.64272E+02  0.72036E+02  0.66241E+02  0.49480E+02
  0.33619E+02  0.24063E+02  0.19319E+02  0.15041E+02  0.10795E+02  0.67790E+01
  0.74317E+01  0.70046E+01 -0.18690E+01 -0.10394E+02 -0.65853E+01  0.18838E+01
  0.58895E+01  0.84243E+01  0.14386E+02  0.23028E+02  0.26196E+02  0.24787E+02
  0.21391E+02  0.16434E+02  0.12552E+02  0.62211E+01 -0.50098E+01 -0.96046E+01
 -0.78107E+01 -0.93642E+01 -0.14951E+02 -0.22097E+02 -0.27529E+02 -0.23670E+02
 -0.17207E+02 -0.17597E+02 -0.20531E+02 -0.26979E+02 -0.28862E+02 -0.24561E+02
 -0.16966E+02 -0.44745E+01  0.64621E+01  0.77810E+01 -0.46146E+01 -0.24882E+02
 -0.41963E+02 -0.45279E+02 -0.46058E+02 -0.56395E+02 -0.66702E+02 -0.70628E+02
 -0.69721E+02 -0.61698E+02 -0.51306E+02 -0.41643E+02 -0.32700E+02 -0.22434E+02
 -0.95233E+01  0.51914E+01  0.25068E+02  0.47040E+02  0.63056E+02  0.64975E+02
  0.59609E+02  0.49019E+02  0.31557E+02  0.23131E+02  0.21410E+02  0.14056E+02
  0.79421E+01  0.49965E+01 -0.60041E+00 -0.87953E+01 -0.19231E+02 -0.21080E+02
 -0.86946E+01  0.35901E+01  0.11407E+02  0.16604E+02  0.15744E+02 -0.63570E+00
 -0.24295E+02 -0.37412E+02 -0.36566E+02 -0.26650E+02 -0.20197E+02 -0.23899E+02
 -0.32580E+02 -0.41726E+02 -0.44820E+02 -0.38419E+02 -0.28937E+02 -0.19429E+02
 -0.12841E+02 -0.18768E+02 -0.33527E+02 -0.46980E+02 -0.50796E+02 -0.38189E+02
 -0.20228E+02 -0.44689E+01  0.86055E+01  0.18773E+02  0.29473E+02  0.37356E+02
  0.34398E+02  0.26224E+02  0.18221E+02  0.14121E+02  0.16257E+02  0.20681E+02
  0.21347E+02  0.10139E+02 -0.32385E+01 -0.99794E+01 -0.20902E+01  0.17292E+02
  0.37938E+02  0.59347E+02  0.75011E+02  0.82373E+02  0.82280E+02  0.77088E+02
  0.69554E+02  0.59698E+02  0.47955E+02  0.34722E+02  0.21205E+02  0.77617E+01
 -0.36448E+01 -0.11282E+02 -0.17267E+02 -0.24326E+02 -0.32591E+02 -0.34359E+02
 -0.31065E+02 -0.30151E+02 -0.32479E+02 -0.41627E+02 -0.54627E+02 -0.67922E+02
 -0.75275E+02 -0.69874E+02 -0.59401E+02 -0.49567E+02 -0.40139E+02 -0.26144E+02
 -0.65740E+01  0.33177E+01  0.14446E+01 -0.20139E+01  0.11087E+01  0.98394E+01
  0.19024E+02  0.27044E+02  0.23767E+02  0.84478E+01 -0.51589E+01 -0.94141E+01
 -0.83617E+01 -0.71171E+01 -0.85227E+01 -0.11498E+02 -0.36324E+01  0.19642E+02
  0.44476E+02  0.61838E+02  0.67130E+02  0.63584E+02  0.56622E+02  0.48489E+02
  0.35578E+02  0.22786E+02  0.17042E+02  0.17954E+02  0.22250E+02  0.26862E+02
  0.29543E+02  0.27391E+02  0.21076E+02  0.10708E+02 -0.75039E+01 -0.23964E+02
 -0.29598E+02 -0.28106E+02 -0.23691E+02 -0.18870E+02 -0.13017E+02 -0.43721E+01
 -0.16336E+01 -0.83239E+01 -0.17026E+02 -0.25511E+02 -0.32157E+02 -0.31124E+02
 -0.22864E+02 -0.12476E+02 -0.50106E+01 -0.46195E+01 -0.10574E+02 -0.18905E+02
 -0.27075E+02 -0.35450E+02 -0.41530E+02 -0.42703E+02 -0.42720E+02 -0.46743E+02
 -0.55216E+02 -0.57037E+02 -0.48473E+02 -0.37669E+02 -0.27282E+02 -0.16902E+02
 -0.88770E+01 -0.59963E+01 -0.22684E+01  0.40704E+01  0.10303E+02  0.16375E+02
  0.20447E+02  0.18732E+02  0.10742E+02  0.76015E+00 -0.67243E+01 -0.13111E+02
 -0.15616E+02 -0.10780E+02 -0.55465E+01  0.28356E+00  0.79076E+01  0.11705E+02
  0.12223E+02  0.13372E+02  0.16132E+02  0.15721E+02  0.11802E+02  0.10190E+02
  0.10538E+02  0.57868E+01 -0.74637E+01 -0.23383E+02 -0.25712E+02 -0.88028E+01
  0.13891E+02  0.34191E+02  0.44035E+02  0.45646E+02  0.41538E+02  0.34715E+02
  0.30953E+02  0.31108E+02  0.31495E+02  0.31161E+02  0.24582E+02  0.80225E+01
 -0.10054E+02 -0.14769E+02 -0.56687E+01  0.54432E+01  0.14095E+02  0.17775E+02
  0.18653E+02  0.15966E+02  0.84510E+01 -0.26093E+00 -0.96457E+01 -0.13466E+02
 -0.72125E+01  0.10250E+01 -0.16136E+01 -0.13976E+02 -0.28215E+02 -0.40481E+02
 -0.36907E+02 -0.21390E+02 -0.98365E+01 -0.82234E+00  0.61193E+01  0.48996E+01
 -0.18236E+01 -0.12022E+02 -0.25836E+02 -0.32050E+02 -0.25850E+02 -0.16075E+02
 -0.13570E+01  0.17707E+02  0.31574E+02  0.39131E+02  0.44954E+02  0.49264E+02
  0.47032E+02  0.39264E+02  0.31755E+02  0.24873E+02  0.17726E+02  0.12046E+02
  0.95014E+01  0.73673E+01  0.46209E+01  0.92347E+00  0.66312E+00  0.26449E+01
  0.66426E+01  0.93451E+01  0.34875E+01 -0.52248E+01 -0.13739E+02 -0.18642E+02
 -0.16461E+02 -0.11641E+02  0.10034E+00  0.12339E+02  0.20582E+02  0.25735E+02
  0.21406E+02  0.10114E+02 -0.18109E+01 -0.97807E+01 -0.15186E+02 -0.21454E+02
 -0.22693E+02 -0.13751E+02 -0.15782E+01  0.95665E+01  0.17572E+02  0.19749E+02
  0.19091E+02  0.16939E+02  0.10562E+02  0.56830E+01  0.30347E+01 -0.35459E+01
 -0.80513E+01 -0.69947E+01 -0.56179E+01 -0.59835E+01 -0.44646E+01 -0.14708E+01
  0.13039E+01  0.39549E+01  0.60919E+01  0.10356E+02  0.18204E+02  0.24265E+02
  0.24399E+02  0.16679E+02  0.75078E+01 -0.13917E+00 -0.78256E+01 -0.15818E+02
 -0.21603E+02 -0.20662E+02 -0.17607E+02 -0.16389E+02 -0.15486E+02 -0.12435E+02
 -0.58043E+01 -0.76271E+01 -0.17722E+02 -0.24084E+02 -0.26957E+02 -0.32101E+02
 -0.44750E+02 -0.54068E+02 -0.55352E+02 -0.55477E+02 -0.55896E+02 -0.56195E+02
 -0.56303E+02 -0.49826E+02 -0.34310E+02 -0.17542E+02 -0.83016E+01 -0.52689E+01
 -0.29593E+01 -0.44944E+00  0.17796E+01  0.16461E+01 -0.72233E+00 -0.29895E+01
 -0.37820E+01 -0.37584E+01 -0.40198E+01 -0.39181E+01 -0.74531E+00  0.84386E+01
  0.21051E+02  0.32055E+02  0.41992E+02  0.52075E+02  0.63523E+02  0.76648E+02
  0.84046E+02  0.83377E+02  0.76689E+02  0.69272E+02  0.57515E+02  0.39408E+02
  0.18834E+02  0.34166E+01  0.13011E+01  0.64517E+01  0.15319E+02  0.23227E+02
  0.21461E+02  0.14928E+02  0.48246E+01 -0.92221E+01 -0.25327E+02 -0.38422E+02
 -0.41578E+02 -0.37420E+02 -0.34360E+02 -0.35016E+02 -0.36538E+02 -0.35924E+02
 -0.33346E+02 -0.30408E+02 -0.27622E+02 -0.24507E+02 -0.18214E+02 -0.82553E+01
 -0.16912E+01 -0.38754E+01 -0.11039E+02 -0.18939E+02 -0.26027E+02 -0.28463E+02
 -0.26595E+02 -0.24078E+02 -0.21639E+02 -0.19725E+02 -0.19801E+02 -0.19024E+02
 -0.14872E+02 -0.81286E+01 -0.75591E+00  0.63058E+01  0.13425E+02  0.20464E+02
  0.27566E+02  0.30230E+02  0.26090E+02  0.20424E+02  0.15135E+02  0.95968E+01
  0.19856E+01 -0.73735E+01 -0.16579E+02 -0.24197E+02 -0.28780E+02 -0.26670E+02
 -0.20727E+02 -0.15002E+02 -0.90235E+01 -0.16934E+01  0.84528E+00 -0.49991E+01
 -0.12601E+02 -0.16399E+02 -0.17674E+02 -0.18995E+02 -0.22122E+02 -0.23507E+02
 -0.21540E+02 -0.19200E+02 -0.16889E+02 -0.17209E+02 -0.22265E+02 -0.29032E+02
 -0.33762E+02 -0.30374E+02 -0.21158E+02 -0.11487E+02 -0.19241E+01  0.78251E+01
  0.17740E+02  0.26642E+02  0.29469E+02  0.27904E+02  0.28405E+02  0.31386E+02
  0.34602E+02  0.37857E+02  0.40758E+02  0.43216E+02  0.44780E+02  0.44284E+02
  0.43520E+02  0.43604E+02  0.42419E+02  0.40208E+02  0.38947E+02  0.38262E+02
  0.37191E+02  0.34269E+02  0.23723E+02  0.13244E+02  0.10728E+02  0.11193E+02
  0.11666E+02  0.12043E+02  0.10933E+02  0.86912E+01  0.63643E+01  0.41000E+01
  0.17879E+01 -0.47609E+00 -0.28101E+01 -0.47188E+01 -0.40538E+01 -0.16888E+01
  0.92347E+00  0.42801E+01  0.77051E+01  0.10913E+02  0.14060E+02  0.13678E+02
  0.45096E+01 -0.28788E+01 -0.19707E+01  0.11266E+01  0.63743E+01  0.12576E+02
  0.17314E+02  0.22089E+02  0.25103E+02  0.19477E+02  0.87110E+01  0.13734E+01
 -0.32605E+01 -0.78154E+01 -0.12043E+02 -0.11505E+02 -0.73878E+01 -0.52587E+01
 -0.56321E+01 -0.67847E+01 -0.78675E+01 -0.88508E+01 -0.98524E+01 -0.10528E+02
 -0.11277E+02 -0.12848E+02 -0.15093E+02 -0.16911E+02 -0.16953E+02 -0.16134E+02
 -0.19538E+02 -0.26979E+02 -0.34923E+02 -0.40202E+02 -0.42835E+02 -0.41362E+02
 -0.35315E+02 -0.27275E+02 -0.18673E+02 -0.99218E+01 -0.22783E+01  0.34428E+01
  0.81712E+01  0.11815E+02  0.14953E+02  0.18111E+02  0.22224E+02  0.25430E+02
  0.25503E+02  0.24180E+02  0.22645E+02  0.21012E+02  0.19752E+02  0.21662E+02
  0.24135E+02  0.24732E+02  0.25009E+02  0.22429E+02  0.17446E+02  0.11628E+02
  0.40053E+01 -0.41157E+01 -0.58813E+01 -0.23413E+01  0.19417E+01  0.32576E+01
 -0.13393E+01 -0.71687E+01 -0.99691E+01 -0.11361E+02 -0.11275E+02 -0.82446E+01
 -0.43278E+01 -0.85114E+00  0.24770E+01  0.58404E+01  0.93523E+01  0.12900E+02
  0.16435E+02  0.20011E+02  0.23011E+02  0.23378E+02  0.21014E+02  0.17792E+02
  0.14614E+02  0.11412E+02  0.82434E+01  0.50171E+01  0.22014E+01  0.34011E+00
 -0.11101E+01 -0.25520E+01 -0.20383E+01  0.89622E+00  0.43676E+01  0.70834E+01
  0.83325E+01  0.91605E+01  0.10015E+02  0.10905E+02  0.11754E+02  0.12452E+02
  0.89016E+01  0.46436E+00 -0.92548E+01 -0.16721E+02 -0.18954E+02 -0.19092E+02
 -0.19367E+02 -0.19692E+02 -0.19322E+02 -0.16551E+02 -0.12482E+02 -0.84256E+01
 -0.43880E+01 -0.33580E+00  0.36957E+01  0.77643E+01  0.11661E+02  0.13760E+02
  0.13196E+02  0.10643E+02  0.76064E+01  0.46101E+01  0.16342E+01 -0.13776E+01
 -0.43372E+01 -0.73797E+01 -0.98873E+01 -0.11164E+02 -0.11573E+02 -0.13581E+02
 -0.17699E+02 -0.22239E+02 -0.25680E+02 -0.27422E+02 -0.28692E+02 -0.30039E+02
 -0.31365E+02 -0.32741E+02 -0.34233E+02 -0.35749E+02 -0.37289E+02 -0.38237E+02
 -0.37919E+02 -0.36934E+02 -0.36850E+02 -0.38827E+02 -0.41497E+02 -0.44176E+02
 -0.46959E+02 -0.49554E+02 -0.48425E+02 -0.43437E+02 -0.37655E+02 -0.30618E+02
 -0.22562E+02 -0.14525E+02 -0.65721E+01 -0.14368E+01 -0.73772E+00 -0.16351E+01
 -0.24707E+01 -0.33145E+01 -0.41110E+01 -0.40667E+01 -0.30232E+01 -0.18307E+01
 -0.65471E+00  0.51676E+00  0.16867E+01  0.29550E+01  0.50895E+01  0.74402E+01
  0.97760E+01  0.10353E+02  0.75713E+01  0.38622E+01  0.25438E+00 -0.20339E+01
 -0.70357E+00  0.25102E+01  0.56909E+01  0.88819E+01  0.12042E+02  0.15278E+02
  0.17744E+02  0.17847E+02  0.16804E+02  0.15785E+02  0.14769E+02  0.13792E+02
  0.13525E+02  0.14200E+02  0.15214E+02  0.16205E+02  0.17214E+02  0.18198E+02
  0.19218E+02  0.20201E+02  0.21218E+02  0.22192E+02  0.23156E+02  0.21716E+02
  0.17064E+02  0.11714E+02  0.64835E+01  0.12749E+01 -0.27012E+01 -0.44290E+01
 -0.43252E+01 -0.37185E+01 -0.35197E+01 -0.55410E+01 -0.90764E+01 -0.12685E+02
 -0.15919E+02 -0.18149E+02 -0.17254E+02 -0.13865E+02 -0.10295E+02 -0.70253E+01
 -0.39063E+01 -0.83502E+00  0.23171E+01  0.45932E+01  0.39427E+01  0.16484E+01
 -0.64612E+00 -0.29138E+01 -0.52084E+01 -0.74739E+01 -0.97111E+01 -0.10143E+02
 -0.82362E+01 -0.43577E+01  0.10174E+01  0.66807E+01  0.11960E+02  0.16461E+02
  0.20620E+02  0.24854E+02  0.28647E+02  0.30990E+02  0.32528E+02  0.34100E+02
  0.35524E+02  0.35066E+02  0.33170E+02  0.31874E+02  0.31154E+02  0.31480E+02
  0.32750E+02  0.34087E+02  0.35359E+02  0.35546E+02  0.34384E+02  0.32913E+02
  0.31488E+02  0.30033E+02  0.28722E+02  0.28336E+02  0.28719E+02  0.29153E+02
  0.29527E+02  0.29134E+02  0.27938E+02  0.26569E+02  0.24884E+02  0.22928E+02
  0.21005E+02  0.18812E+02  0.15072E+02  0.10123E+02  0.51022E+01  0.73116E-01
 -0.49416E+01 -0.98842E+01 -0.13179E+02 -0.14811E+02 -0.15331E+02 -0.14613E+02
 -0.13523E+02 -0.12553E+02 -0.11451E+02 -0.10973E+02 -0.11316E+02 -0.10437E+02
 -0.86640E+01 -0.69654E+01 -0.52667E+01 -0.35290E+01 -0.22330E+01 -0.30355E+01
 -0.51600E+01 -0.73361E+01 -0.90107E+01 -0.97825E+01 -0.10232E+02 -0.10190E+02
 -0.95969E+01 -0.89608E+01 -0.83218E+01 -0.77002E+01 -0.70599E+01 -0.64424E+01
 -0.57896E+01 -0.51908E+01 -0.44825E+01 -0.46479E+01 -0.66101E+01 -0.91343E+01
 -0.11576E+02 -0.14037E+02 -0.16503E+02 -0.18748E+02 -0.20507E+02 -0.22118E+02
 -0.23762E+02 -0.25195E+02 -0.24283E+02 -0.21478E+02 -0.18631E+02 -0.16638E+02
 -0.15558E+02 -0.14653E+02 -0.13704E+02 -0.12780E+02 -0.11805E+02 -0.11346E+02
 -0.12923E+02 -0.16281E+02 -0.19995E+02 -0.23269E+02 -0.24968E+02 -0.25769E+02
 -0.26261E+02 -0.25845E+02 -0.24959E+02 -0.24105E+02 -0.23262E+02 -0.22850E+02
 -0.22214E+02 -0.20666E+02 -0.18952E+02 -0.16681E+02 -0.12725E+02 -0.80663E+01
 -0.33829E+01  0.10151E+01  0.44838E+01  0.73162E+01  0.10250E+02  0.11998E+02
  0.11528E+02  0.10415E+02  0.93995E+01  0.83591E+01  0.73351E+01  0.63873E+01
  0.56874E+01  0.50682E+01  0.44569E+01  0.38373E+01  0.32137E+01  0.26126E+01
  0.17179E+01 -0.39704E+00 -0.32310E+01 -0.68394E+01 -0.11587E+02 -0.16011E+02
 -0.18742E+02 -0.20442E+02 -0.19771E+02 -0.16945E+02 -0.14199E+02 -0.12308E+02
 -0.10824E+02 -0.93546E+01 -0.78748E+01 -0.64073E+01 -0.48966E+01 -0.28496E+01
  0.56477E-02  0.23752E+01  0.31442E+01  0.26402E+01  0.18788E+01  0.17402E+01
  0.25873E+01  0.46284E+01  0.71381E+01  0.96123E+01  0.12089E+02  0.14590E+02
  0.16787E+02  0.16979E+02  0.15560E+02  0.14019E+02  0.12507E+02  0.10991E+02
  0.94745E+01  0.79581E+01  0.64391E+01  0.49287E+01  0.34041E+01  0.18979E+01
  0.44690E+00  0.99350E+00  0.40722E+01  0.76502E+01  0.11018E+02  0.13497E+02
  0.15266E+02  0.17053E+02  0.18531E+02  0.18169E+02  0.16554E+02  0.15063E+02
  0.13800E+02  0.12545E+02  0.11314E+02  0.10047E+02  0.95889E+01  0.10510E+02
  0.11787E+02  0.13043E+02  0.14047E+02  0.13562E+02  0.12029E+02  0.10498E+02
  0.89343E+01  0.77878E+01  0.76201E+01  0.77898E+01  0.79236E+01  0.80682E+01
  0.81384E+01  0.78571E+01  0.73899E+01  0.69064E+01  0.64413E+01  0.59658E+01
  0.54491E+01  0.42548E+01  0.24844E+01  0.66417E+00 -0.11477E+01 -0.27717E+01
 -0.15042E+01  0.26504E+01  0.70942E+01  0.11558E+02  0.15213E+02  0.16406E+02
  0.16269E+02  0.15630E+02  0.14662E+02  0.13682E+02  0.12708E+02  0.11731E+02
  0.10784E+02  0.10305E+02  0.10263E+02  0.10282E+02  0.10155E+02  0.94660E+01
  0.84546E+01  0.74248E+01  0.65395E+01  0.59432E+01  0.54463E+01  0.49222E+01
  0.44333E+01  0.33825E+01  0.11524E+01 -0.14926E+01 -0.40986E+01 -0.67005E+01
 -0.89040E+01 -0.10609E+02 -0.12205E+02 -0.13895E+02 -0.16191E+02 -0.17539E+02
 -0.17516E+02 -0.17444E+02 -0.17362E+02 -0.17330E+02 -0.16727E+02 -0.15772E+02
 -0.15714E+02 -0.16020E+02 -0.16415E+02 -0.17354E+02 -0.17990E+02 -0.18117E+02
 -0.17866E+02 -0.16887E+02 -0.15639E+02 -0.14421E+02 -0.13198E+02 -0.11963E+02
 -0.10914E+02 -0.10602E+02 -0.10728E+02 -0.10850E+02 -0.10969E+02 -0.11088E+02
 -0.11191E+02 -0.10332E+02 -0.81349E+01 -0.56564E+01 -0.32151E+01 -0.78645E+00
  0.19067E+01  0.52069E+01  0.86536E+01  0.12144E+02  0.15211E+02  0.15454E+02
  0.12844E+02  0.89647E+01  0.47557E+01  0.14716E+01 -0.45559E+00 -0.20542E+01
 -0.37004E+01 -0.53364E+01 -0.69783E+01 -0.86181E+01 -0.10254E+02 -0.11915E+02
 -0.13094E+02 -0.11937E+02 -0.85300E+01 -0.48806E+01 -0.19790E+01  0.74515E+00
  0.24821E+01  0.92277E+00 -0.24663E+01 -0.57998E+01 -0.91681E+01 -0.12931E+02
 -0.17409E+02 -0.20534E+02 -0.20682E+02 -0.19038E+02 -0.16503E+02 -0.13658E+02
 -0.10782E+02 -0.75147E+01 -0.38322E+01 -0.14956E+00  0.36157E+01  0.65511E+01
  0.76169E+01  0.79751E+01  0.79935E+01  0.75895E+01  0.73485E+01  0.77557E+01
  0.87253E+01  0.10062E+02  0.11368E+02  0.11212E+02  0.98904E+01  0.85279E+01
  0.71780E+01  0.58983E+01  0.48747E+01  0.39999E+01  0.31169E+01  0.22422E+01
  0.13677E+01  0.10051E+01  0.13493E+01  0.17924E+01  0.15148E+01  0.63415E+00
 -0.30011E+00 -0.12054E+01 -0.21457E+01 -0.28547E+01 -0.26899E+01 -0.19906E+01
 -0.13484E+01 -0.82017E+00 -0.32463E+00  0.56944E+00  0.20274E+01  0.35906E+01
  0.51642E+01  0.60504E+01  0.55299E+01  0.44168E+01  0.32853E+01  0.22815E+01
  0.15904E+01  0.10228E+01  0.44902E+00 -0.13074E+00 -0.70222E+00 -0.12716E+01
 -0.16324E+01 -0.17596E+01 -0.18536E+01 -0.19498E+01 -0.20459E+01 -0.21396E+01
 -0.22313E+01 -0.23313E+01 -0.24230E+01 -0.25123E+01 -0.22301E+01 -0.14333E+01
 -0.85135E+00 -0.69275E+00 -0.60181E+00 -0.52361E+00 -0.25950E+00  0.88106E+00
  0.24646E+01  0.41176E+01  0.52786E+01  0.53946E+01  0.47298E+01  0.36605E+01
  0.29052E+01  0.24556E+01  0.15891E+01 -0.17593E+00 -0.23187E+01 -0.44265E+01
 -0.64597E+01 -0.70164E+01 -0.60292E+01 -0.48302E+01 -0.36658E+01 -0.24995E+01
 -0.13308E+01 -0.16624E+00  0.10128E+01  0.20456E+01  0.24234E+01  0.23657E+01
  0.23103E+01  0.22134E+01  0.27136E+01  0.40258E+01  0.56580E+01  0.75380E+01
  0.94596E+01  0.10613E+02  0.11066E+02  0.11307E+02  0.11091E+02  0.10645E+02
  0.99106E+01  0.83362E+01  0.64087E+01  0.44752E+01  0.25688E+01  0.44555E+00
 -0.11201E+01 -0.11717E+01 -0.70690E+00 -0.15119E+00  0.12454E+01  0.32042E+01
  0.51949E+01  0.69988E+01  0.81234E+01  0.86195E+01  0.89388E+01  0.99084E+01
  0.12638E+02  0.14612E+02  0.13698E+02  0.11818E+02  0.10014E+02  0.81884E+01
  0.63722E+01  0.45441E+01  0.28216E+01  0.13823E+01  0.10498E+01  0.17130E+01
  0.17214E+01  0.79662E+00 -0.47935E+00 -0.18728E+01 -0.32910E+01 -0.46864E+01
 -0.61065E+01 -0.74913E+01 -0.89421E+01 -0.96307E+01 -0.88987E+01 -0.77592E+01
 -0.66755E+01 -0.56105E+01 -0.48384E+01 -0.43079E+01 -0.37856E+01 -0.36228E+01
 -0.40503E+01 -0.45973E+01 -0.51450E+01 -0.55428E+01 -0.56436E+01 -0.56350E+01
 -0.56598E+01 -0.56591E+01 -0.56917E+01 -0.54925E+01 -0.48224E+01 -0.40037E+01
 -0.32014E+01 -0.24031E+01 -0.15902E+01 -0.86196E+00 -0.93896E+00 -0.17018E+01
 -0.24583E+01 -0.32561E+01 -0.34632E+01 -0.28769E+01 -0.28504E+01 -0.32983E+01
 -0.37218E+01 -0.41498E+01 -0.45727E+01 -0.49961E+01 -0.54256E+01 -0.58465E+01
 -0.62799E+01 -0.67049E+01 -0.71093E+01 -0.70632E+01 -0.64885E+01 -0.58475E+01
 -0.53159E+01 -0.48463E+01 -0.43932E+01 -0.37787E+01 -0.25426E+01 -0.92857E+00
  0.69396E+00  0.19858E+01  0.24995E+01  0.25131E+01  0.25022E+01  0.24644E+01
  0.26930E+01  0.36838E+01  0.50629E+01  0.64319E+01  0.81437E+01  0.10242E+02
  0.12453E+02  0.14009E+02  0.14502E+02  0.14592E+02  0.14541E+02  0.14425E+02
  0.14316E+02  0.14209E+02  0.14088E+02  0.13535E+02  0.12433E+02  0.11175E+02
  0.95337E+01  0.82054E+01  0.76773E+01  0.73040E+01  0.69016E+01  0.65115E+01
  0.61197E+01  0.56843E+01  0.50363E+01  0.42561E+01  0.34698E+01  0.26876E+01
  0.19014E+01  0.11233E+01  0.33298E+00 -0.46343E+00 -0.15636E+01 -0.30560E+01
 -0.46250E+01 -0.61838E+01 -0.77444E+01 -0.93009E+01 -0.10873E+02 -0.12273E+02
 -0.12369E+02 -0.11477E+02 -0.10509E+02 -0.91764E+01 -0.75624E+01 -0.59177E+01
 -0.44856E+01 -0.36091E+01 -0.29638E+01 -0.20709E+01 -0.98366E+00  0.14474E+00
  0.11204E+01  0.18069E+01  0.23861E+01  0.30003E+01  0.35836E+01  0.45297E+01
  0.58420E+01  0.58451E+01  0.47181E+01  0.35684E+01  0.24269E+01  0.12917E+01
  0.15021E+00 -0.10119E+01 -0.27586E+01 -0.50961E+01 -0.75325E+01 -0.99278E+01
 -0.12363E+02 -0.14749E+02 -0.17200E+02 -0.18501E+02 -0.17706E+02 -0.16261E+02
 -0.14894E+02 -0.13510E+02 -0.12134E+02 -0.10754E+02 -0.93786E+01 -0.80298E+01
 -0.71934E+01 -0.71478E+01 -0.75154E+01 -0.79654E+01 -0.83952E+01 -0.88331E+01
 -0.87281E+01 -0.77039E+01 -0.60686E+01 -0.41770E+01 -0.22773E+01 -0.37347E+00
  0.14704E+01  0.26162E+01  0.31277E+01  0.36165E+01  0.39629E+01  0.38672E+01
  0.35173E+01  0.35765E+01  0.46639E+01  0.61274E+01  0.76132E+01  0.86838E+01
  0.89618E+01  0.91917E+01  0.95705E+01  0.99449E+01  0.10305E+02  0.10772E+02
  0.11636E+02  0.12733E+02  0.13843E+02  0.14882E+02  0.15237E+02  0.15043E+02
  0.14823E+02  0.14630E+02  0.14267E+02  0.12972E+02  0.11011E+02  0.90490E+01
  0.70783E+01  0.52539E+01  0.39441E+01  0.29108E+01  0.18733E+01  0.82759E+00
 -0.20613E+00 -0.12582E+01 -0.19967E+01 -0.21011E+01 -0.20135E+01 -0.19363E+01
 -0.23115E+01 -0.34964E+01 -0.47496E+01 -0.52841E+01 -0.48666E+01 -0.40608E+01
 -0.32161E+01 -0.28111E+01 -0.32242E+01 -0.38770E+01 -0.44908E+01 -0.51168E+01
 -0.57389E+01 -0.63592E+01 -0.69832E+01 -0.76037E+01 -0.82241E+01 -0.81795E+01
 -0.63548E+01 -0.34810E+01 -0.48535E+00  0.21178E+01  0.37335E+01  0.43951E+01
  0.46186E+01  0.48191E+01  0.50303E+01  0.52370E+01  0.54539E+01  0.56295E+01
  0.54806E+01  0.49186E+01  0.35884E+01  0.17209E+01 -0.16529E+00 -0.20867E+01
 -0.40081E+01 -0.59483E+01 -0.78596E+01 -0.98165E+01 -0.11650E+02 -0.13272E+02
 -0.15109E+02 -0.17227E+02 -0.17948E+02 -0.16366E+02 -0.14159E+02 -0.12059E+02
 -0.99087E+01 -0.80336E+01 -0.67552E+01 -0.56917E+01 -0.46034E+01 -0.35196E+01
 -0.24233E+01 -0.10464E+01  0.54935E+00  0.22422E+01  0.33295E+01  0.29672E+01
  0.20160E+01  0.11143E+01  0.23313E+00  0.13279E+00  0.12568E+01  0.31781E+01
  0.53179E+01  0.74705E+01  0.94016E+01  0.10327E+02  0.10063E+02  0.94137E+01
  0.87671E+01  0.81390E+01  0.74798E+01  0.71446E+01  0.77531E+01  0.89585E+01
  0.10240E+02  0.11503E+02  0.12783E+02  0.14035E+02  0.15337E+02  0.16024E+02
  0.15107E+02  0.13376E+02  0.11628E+02  0.98877E+01  0.81657E+01  0.67451E+01
  0.55781E+01  0.44361E+01  0.32774E+01  0.21310E+01  0.99685E+00  0.42854E+00
  0.48182E+00  0.66925E+00  0.33828E+00 -0.86034E+00 -0.23771E+01 -0.38422E+01
 -0.53156E+01 -0.57297E+01 -0.47023E+01 -0.33361E+01 -0.20342E+01 -0.73235E+00
  0.96452E-01  0.46478E+00  0.73794E+00  0.10626E+01  0.64161E+00 -0.10310E+01
 -0.30279E+01 -0.49918E+01 -0.69477E+01 -0.89263E+01 -0.10486E+02 -0.11033E+02
 -0.10585E+02 -0.97386E+01 -0.88776E+01 -0.80314E+01 -0.71810E+01 -0.66154E+01
 -0.64693E+01 -0.71598E+01 -0.84285E+01 -0.97697E+01 -0.10753E+02 -0.10845E+02
 -0.10522E+02 -0.10232E+02 -0.99540E+01 -0.10466E+02 -0.11603E+02 -0.12564E+02
 -0.13426E+02 -0.13905E+02 -0.13893E+02 -0.13817E+02 -0.13742E+02 -0.13675E+02
 -0.13596E+02 -0.13513E+02 -0.12967E+02 -0.11828E+02 -0.10263E+02 -0.83641E+01
 -0.63976E+01 -0.44498E+01 -0.24833E+01 -0.67592E+00  0.64410E+00  0.17224E+01
  0.23959E+01  0.24167E+01  0.22929E+01  0.21773E+01  0.21836E+01  0.24852E+01
  0.28901E+01  0.32804E+01  0.36832E+01  0.40715E+01  0.44721E+01  0.48582E+01
  0.52548E+01  0.51577E+01  0.40012E+01  0.22021E+01  0.35773E+00 -0.15177E+01
 -0.31410E+01 -0.40995E+01 -0.38950E+01 -0.24494E+01 -0.70215E+00  0.10017E+01
  0.27075E+01  0.44342E+01  0.59272E+01  0.65034E+01  0.65325E+01  0.65778E+01
  0.64662E+01  0.59458E+01  0.52252E+01  0.49030E+01  0.57641E+01  0.73172E+01
  0.89491E+01  0.10203E+02  0.10046E+02  0.90367E+01  0.80348E+01  0.70358E+01
  0.60340E+01  0.50328E+01  0.40398E+01  0.30321E+01  0.21630E+01  0.17918E+01
  0.16828E+01  0.15841E+01  0.14236E+01  0.11764E+01  0.14598E+01  0.21607E+01
  0.28616E+01  0.35584E+01  0.42509E+01  0.49478E+01  0.56490E+01  0.63459E+01
  0.70388E+01  0.77359E+01  0.84515E+01  0.95267E+01  0.10614E+02  0.10752E+02
  0.10305E+02  0.98497E+01  0.89610E+01  0.75044E+01  0.59449E+01  0.43996E+01
  0.28542E+01  0.13069E+01 -0.24430E+00 -0.17087E+01 -0.22335E+01 -0.18226E+01
 -0.12752E+01 -0.77949E+00 -0.38481E+00 -0.89252E-01  0.20018E+00  0.49172E+00
  0.78545E+00  0.10834E+01  0.13133E+01  0.74387E+00 -0.52751E+00 -0.18567E+01
 -0.31692E+01 -0.44942E+01 -0.56890E+01 -0.64088E+01 -0.68968E+01 -0.69199E+01
 -0.61380E+01 -0.51533E+01 -0.41900E+01 -0.32334E+01 -0.22468E+01 -0.15655E+01
 -0.19251E+01 -0.28484E+01 -0.37632E+01 -0.46741E+01 -0.55886E+01 -0.65014E+01
 -0.74091E+01 -0.83218E+01 -0.92323E+01 -0.10146E+02 -0.11059E+02 -0.11975E+02
 -0.12878E+02 -0.13801E+02 -0.14693E+02 -0.15646E+02 -0.16100E+02 -0.15076E+02
 -0.13323E+02 -0.11588E+02 -0.98562E+01 -0.81196E+01 -0.63908E+01 -0.46540E+01
 -0.29274E+01 -0.11882E+01  0.54277E+00  0.22799E+01  0.40196E+01  0.59736E+01
  0.74096E+01  0.79950E+01  0.84397E+01  0.89139E+01  0.93775E+01  0.98516E+01
  0.10315E+02  0.10787E+02  0.11254E+02  0.11726E+02  0.12190E+02  0.12669E+02
  0.13061E+02  0.13187E+02  0.13164E+02  0.13147E+02  0.13127E+02  0.13113E+02
  0.13087E+02  0.13068E+02  0.12722E+02  0.11934E+02  0.10922E+02  0.97833E+01
  0.85943E+01  0.76930E+01  0.73244E+01  0.71069E+01  0.68665E+01  0.66324E+01
  0.63963E+01  0.61622E+01  0.59261E+01  0.56887E+01  0.54569E+01  0.52174E+01
  0.49879E+01  0.47465E+01  0.45152E+01  0.37516E+01  0.20872E+01  0.22677E+00
 -0.16584E+01 -0.30168E+01 -0.31461E+01 -0.28520E+01 -0.26467E+01 -0.32448E+01
 -0.46934E+01 -0.62620E+01 -0.78058E+01 -0.93576E+01 -0.10905E+02 -0.12454E+02
 -0.13998E+02 -0.15556E+02 -0.17055E+02 -0.17956E+02 -0.17523E+02 -0.15866E+02
 -0.13929E+02 -0.12029E+02 -0.10133E+02 -0.82164E+01 -0.64789E+01 -0.52808E+01
 -0.43468E+01 -0.34108E+01 -0.24664E+01 -0.15261E+01 -0.58569E+00  0.16879E+00
  0.67968E+00  0.11330E+01  0.15964E+01  0.20561E+01  0.25156E+01  0.29876E+01
  0.33482E+01  0.32606E+01  0.30202E+01  0.30197E+01  0.31098E+01  0.31836E+01
  0.32636E+01  0.33415E+01  0.34197E+01  0.34979E+01  0.35739E+01  0.36563E+01
  0.37283E+01  0.37385E+01  0.37031E+01  0.36638E+01  0.36328E+01  0.35875E+01
  0.36411E+01  0.39550E+01  0.43725E+01  0.45771E+01  0.46371E+01  0.46726E+01
  0.47533E+01  0.44665E+01  0.34300E+01  0.21521E+01  0.91316E+00 -0.34196E+00
 -0.15684E+01 -0.28526E+01 -0.36823E+01 -0.35765E+01 -0.31753E+01 -0.28234E+01
 -0.24470E+01 -0.21056E+01 -0.15721E+01 -0.52024E+00  0.82081E+00  0.18934E+01
  0.24806E+01  0.29235E+01  0.33928E+01  0.38480E+01  0.43154E+01  0.47769E+01
  0.52423E+01  0.56416E+01  0.61443E+01  0.70144E+01  0.79550E+01  0.85650E+01
  0.88241E+01  0.87070E+01  0.83918E+01  0.80805E+01  0.77674E+01  0.74564E+01
  0.71575E+01  0.66687E+01  0.52011E+01  0.31654E+01  0.83438E+00 -0.12797E+01
 -0.22766E+01 -0.28916E+01 -0.35724E+01 -0.42307E+01 -0.49014E+01 -0.55617E+01
 -0.64367E+01 -0.76673E+01 -0.85547E+01 -0.88766E+01 -0.90890E+01 -0.93194E+01
 -0.93978E+01 -0.92427E+01 -0.90440E+01 -0.88496E+01 -0.86551E+01 -0.84587E+01
 -0.82850E+01 -0.81465E+01 -0.80245E+01 -0.79005E+01 -0.77724E+01 -0.72623E+01
 -0.62834E+01 -0.52013E+01 -0.42017E+01 -0.32230E+01 -0.18766E+01 -0.40213E+00
  0.11135E+01  0.20569E+01  0.17304E+01  0.48847E+00 -0.11664E+01 -0.28831E+01
 -0.44493E+01 -0.56106E+01 -0.65739E+01 -0.75143E+01 -0.80439E+01 -0.81915E+01
 -0.82958E+01 -0.84105E+01 -0.85124E+01 -0.86271E+01 -0.87297E+01 -0.88506E+01
 -0.89385E+01 -0.89464E+01 -0.80781E+01 -0.59071E+01 -0.34016E+01 -0.91223E+00
  0.13536E+01  0.27789E+01  0.35703E+01  0.42870E+01  0.50203E+01  0.59992E+01
  0.71991E+01  0.85023E+01  0.91506E+01  0.83736E+01  0.70307E+01  0.54876E+01
  0.46010E+01  0.47656E+01  0.55477E+01  0.65094E+01  0.74979E+01  0.81415E+01
  0.77088E+01  0.67288E+01  0.57713E+01  0.48138E+01  0.38522E+01  0.28945E+01
  0.19305E+01  0.97486E+00  0.86961E-02 -0.94512E+00 -0.19197E+01 -0.28695E+01
 -0.38421E+01 -0.47821E+01 -0.57838E+01 -0.62342E+01 -0.55218E+01 -0.44502E+01
 -0.34304E+01 -0.24064E+01 -0.12526E+01  0.59518E+00  0.22693E+01  0.31713E+01
  0.39077E+01  0.46809E+01  0.54399E+01  0.62072E+01  0.69640E+01  0.77347E+01
  0.83010E+01  0.85436E+01  0.86989E+01  0.88666E+01  0.90320E+01  0.91975E+01
  0.93628E+01  0.95261E+01  0.96927E+01  0.98559E+01  0.10019E+02  0.10176E+02
  0.10361E+02  0.10261E+02  0.93148E+01  0.76080E+01  0.56742E+01  0.37359E+01
  0.18163E+01 -0.12820E+00 -0.15730E+01 -0.21712E+01 -0.23005E+01 -0.18311E+01
 -0.16259E+01 -0.23669E+01 -0.33971E+01 -0.43715E+01 -0.53772E+01 -0.63455E+01
 -0.75331E+01 -0.86548E+01 -0.94542E+01 -0.10183E+02 -0.10917E+02 -0.11086E+02
 -0.11234E+02 -0.11996E+02 -0.12897E+02 -0.13796E+02 -0.14479E+02 -0.13919E+02
 -0.13006E+02 -0.12538E+02 -0.12128E+02 -0.11693E+02 -0.11256E+02 -0.10409E+02
 -0.91914E+01 -0.84374E+01 -0.81246E+01 -0.78102E+01 -0.74898E+01 -0.72359E+01
 -0.79214E+01 -0.91187E+01 -0.90444E+01 -0.80820E+01 -0.71214E+01 -0.61384E+01
 -0.50503E+01 -0.38711E+01 -0.24010E+01 -0.97616E+00 -0.14214E-01  0.81142E+00
  0.13148E+01  0.14319E+01  0.14808E+01  0.15461E+01  0.16155E+01  0.21909E+01
  0.34024E+01  0.47252E+01  0.60274E+01  0.68628E+01  0.70475E+01  0.70875E+01
  0.71544E+01  0.72109E+01  0.72737E+01  0.73239E+01  0.74071E+01  0.72548E+01
  0.66501E+01  0.58679E+01  0.54099E+01  0.57655E+01  0.64948E+01  0.71974E+01
  0.79038E+01  0.86062E+01  0.93148E+01  0.94926E+01  0.87534E+01  0.76898E+01
  0.66549E+01  0.56098E+01  0.45689E+01  0.35278E+01  0.24828E+01  0.14376E+01
  0.42122E+00 -0.53104E+00 -0.14482E+01 -0.23677E+01 -0.32871E+01 -0.41776E+01
 -0.47623E+01 -0.50951E+01 -0.54281E+01 -0.57568E+01 -0.60835E+01 -0.64142E+01
 -0.67451E+01 -0.70762E+01 -0.74485E+01 -0.78765E+01 -0.83044E+01 -0.87408E+01
 -0.91731E+01 -0.96070E+01 -0.10031E+02 -0.10476E+02 -0.10906E+02 -0.11367E+02
 -0.11231E+02 -0.10094E+02 -0.86877E+01 -0.73229E+01 -0.59543E+01 -0.45916E+01
 -0.35471E+01 -0.29653E+01 -0.24659E+01 -0.20493E+01 -0.18596E+01 -0.17610E+01
 -0.17036E+01 -0.20965E+01 -0.25205E+01 -0.27480E+01 -0.23704E+01 -0.10880E+01
  0.42314E+00  0.18873E+01  0.33718E+01  0.48421E+01  0.63267E+01  0.77972E+01
  0.92649E+01  0.10420E+02  0.11382E+02  0.12187E+02  0.13263E+02  0.15339E+02
  0.17819E+02  0.19226E+02  0.19249E+02  0.18947E+02  0.18708E+02  0.18452E+02
  0.18179E+02  0.17702E+02  0.17087E+02  0.16458E+02  0.15829E+02  0.14823E+02
  0.13355E+02  0.11792E+02  0.10250E+02  0.87038E+01  0.73453E+01  0.62515E+01
  0.52218E+01  0.43491E+01  0.36850E+01  0.30664E+01  0.24355E+01  0.18109E+01
  0.11842E+01  0.55769E+00 -0.68873E-01 -0.69947E+00 -0.13072E+01 -0.17167E+01
 -0.19649E+01 -0.22070E+01 -0.24489E+01 -0.26928E+01 -0.29304E+01 -0.31764E+01
 -0.34179E+01 -0.36615E+01 -0.39031E+01 -0.41465E+01 -0.43878E+01 -0.46166E+01
 -0.43580E+01 -0.34568E+01 -0.20744E+01 -0.42978E+00  0.12276E+01  0.24224E+01
  0.29791E+01  0.33953E+01  0.38385E+01  0.42757E+01  0.47128E+01  0.51421E+01
  0.53439E+01  0.52404E+01  0.50852E+01  0.49283E+01  0.47940E+01  0.44554E+01
  0.35530E+01  0.24031E+01  0.12697E+01  0.12813E+00 -0.96803E+00 -0.15826E+01
 -0.17262E+01 -0.18160E+01 -0.19203E+01 -0.20181E+01 -0.21199E+01 -0.22197E+01
 -0.23191E+01 -0.24185E+01 -0.25201E+01 -0.26067E+01 -0.28028E+01 -0.37671E+01
 -0.53200E+01 -0.68870E+01 -0.84479E+01 -0.10004E+02 -0.11571E+02 -0.13125E+02
 -0.14687E+02 -0.16235E+02 -0.17797E+02 -0.18535E+02 -0.18006E+02 -0.17172E+02
 -0.16387E+02 -0.15588E+02 -0.14795E+02 -0.13999E+02 -0.13197E+02 -0.12403E+02
 -0.11607E+02 -0.10813E+02 -0.10015E+02 -0.93151E+01 -0.88280E+01 -0.83885E+01
 -0.79467E+01 -0.75049E+01 -0.70277E+01 -0.60505E+01 -0.45463E+01 -0.29596E+01
 -0.14036E+01  0.18368E+00  0.15851E+01  0.25778E+01  0.31970E+01  0.33349E+01
  0.32789E+01  0.32315E+01  0.31822E+01  0.31332E+01  0.30884E+01  0.30414E+01
  0.30321E+01  0.30581E+01  0.30822E+01  0.31084E+01  0.31413E+01  0.31681E+01
  0.31949E+01  0.32180E+01  0.32453E+01  0.32709E+01  0.33006E+01  0.33265E+01
  0.33526E+01  0.33829E+01  0.34179E+01  0.34261E+01  0.33889E+01  0.33397E+01
  0.32970E+01  0.32501E+01  0.32057E+01  0.31573E+01  0.31133E+01  0.30654E+01
  0.30715E+01  0.32079E+01  0.34146E+01  0.36198E+01  0.38206E+01  0.40076E+01
  0.41905E+01  0.43737E+01  0.45594E+01  0.47409E+01  0.49372E+01  0.51505E+01
  0.54008E+01  0.56516E+01  0.59068E+01  0.61437E+01  0.61556E+01  0.58931E+01
  0.55504E+01  0.52119E+01  0.48800E+01  0.45505E+01  0.41303E+01  0.34026E+01
  0.25058E+01  0.16155E+01  0.72549E+00 -0.16440E+00 -0.10559E+01 -0.19452E+01
 -0.28340E+01 -0.36442E+01 -0.40824E+01 -0.42683E+01 -0.44685E+01 -0.45462E+01
 -0.42771E+01 -0.38732E+01 -0.35104E+01 -0.31595E+01 -0.27961E+01 -0.24388E+01
 -0.20891E+01 -0.17311E+01 -0.13769E+01 -0.10182E+01 -0.66319E+00 -0.29341E-01
  0.10283E+01  0.21855E+01  0.30785E+01  0.36045E+01  0.40519E+01  0.45061E+01
  0.49750E+01  0.52746E+01  0.50503E+01  0.45763E+01  0.41046E+01  0.36352E+01
  0.31787E+01  0.27101E+01  0.22418E+01  0.17780E+01  0.13041E+01  0.88228E+00
  0.62184E+00  0.44848E+00  0.27542E+00  0.10069E+00 -0.65479E-01 -0.23541E+00
 -0.40916E+00 -0.58464E+00 -0.75558E+00 -0.93448E+00 -0.11378E+01 -0.13635E+01
 -0.15889E+01 -0.18118E+01 -0.20240E+01 -0.22483E+01 -0.24723E+01 -0.26937E+01
 -0.29170E+01 -0.31398E+01 -0.33601E+01 -0.35823E+01 -0.37979E+01 -0.40316E+01
 -0.41100E+01     0.0          0.0          0.0          0.0          0.0     
