 -0.38453E+01 -0.51068E+01 -0.48177E+01 -0.23435E+01  0.23101E+00  0.10970E+01
 -0.29688E+01 -0.60079E+01 -0.23921E+01  0.89669E+00 -0.16396E+01 -0.11045E+01
 -0.23194E+00 -0.61259E+01 -0.59238E+01  0.49358E-01  0.35416E+01 -0.40574E+01
 -0.11198E+02 -0.94123E+00  0.62307E+01  0.32495E+01 -0.33437E+01 -0.60653E+01
 -0.37180E+01 -0.12964E+01  0.89859E+00  0.29244E+01  0.32993E+01  0.40065E+01
  0.40953E+01  0.43670E+00 -0.67628E+01 -0.32469E+01  0.51584E+01  0.28769E+01
  0.13681E+01  0.29192E+01  0.14769E+01 -0.13647E+00 -0.18929E+01 -0.29036E+00
  0.28774E+01  0.17499E+01 -0.14608E+01 -0.23582E+01 -0.13263E+01 -0.57671E+00
  0.13256E+01  0.15196E+01 -0.31032E+01 -0.88962E+01 -0.93040E+01 -0.57942E+01
  0.64419E-01  0.43708E+01  0.42422E+01  0.14700E+01 -0.15959E+01  0.72649E+00
  0.41630E+01  0.54731E+01  0.15582E+01 -0.48172E+01 -0.14834E+01  0.25150E+01
  0.11005E+01 -0.39904E+01 -0.39716E+01  0.54092E+01  0.78029E+01  0.19388E+01
 -0.11976E+01 -0.26501E+01 -0.30943E+01 -0.32343E+01 -0.11848E+01  0.69901E+01
  0.70745E+01  0.65295E+01  0.79266E+00 -0.75945E+01 -0.66025E+01 -0.27644E+01
 -0.12341E+01 -0.23110E+01 -0.17968E+01 -0.31141E+00  0.38049E+01 -0.13781E+00
  0.16796E+01  0.33313E+01 -0.19912E+01 -0.91783E+01 -0.10482E+02 -0.44191E+01
 -0.29199E+01  0.23764E+01  0.58749E+01  0.45739E+01  0.91224E+00  0.20988E+01
 -0.26312E+00 -0.53214E+01 -0.74623E+01 -0.34132E+01 -0.97170E+00  0.57923E+01
  0.98875E+01  0.48976E+01  0.40799E+01  0.58741E+01  0.29821E+01 -0.28348E+01
 -0.32183E+01  0.27132E+00  0.37515E+01  0.18394E+01  0.36425E+01  0.39769E+01
 -0.77471E+00 -0.83219E+00  0.17226E+01  0.17207E+01 -0.37031E+00 -0.17373E+01
 -0.15612E+01  0.11045E+01  0.22981E+01 -0.27122E+01 -0.10861E+01  0.11373E+01
 -0.44011E+00 -0.56541E+00  0.11420E+01 -0.59728E+01 -0.51309E+01  0.39980E+01
  0.25187E+01  0.12272E+01  0.68164E+00 -0.79048E+00 -0.71127E+01 -0.42807E+01
 -0.33689E+01 -0.80143E+01 -0.69299E+01 -0.24082E+01  0.70017E+00  0.28839E+01
  0.95184E+01  0.99194E+01  0.62261E+01  0.60737E+01 -0.12092E+00 -0.62599E+01
 -0.28287E+01 -0.29329E+01 -0.60605E+01 -0.42537E+01  0.15090E+01  0.47122E+01
  0.41827E+01  0.22603E+01 -0.41519E+01 -0.60966E+01 -0.90298E+00 -0.22222E+01
 -0.35224E+01  0.57243E+01  0.72687E+01  0.15137E+01  0.16747E+01 -0.18035E+01
 -0.12918E+01 -0.90518E-01 -0.73557E+01 -0.14118E+02 -0.94826E+01  0.30358E+01
  0.61088E+01  0.50329E+01  0.13767E+02  0.15423E+02  0.81175E+01  0.52429E+01
  0.34026E+01 -0.36670E+01 -0.12708E+02 -0.92248E+01 -0.24997E+01  0.12323E+01
 -0.51388E+01 -0.59522E+01 -0.36201E+01 -0.10034E+02 -0.52107E+00  0.72016E+01
  0.20211E+01  0.29329E+01  0.15387E+02  0.16762E+02  0.63594E+01 -0.31600E+01
 -0.65743E+01 -0.11817E+01 -0.63972E+01 -0.73713E+01 -0.27874E+01  0.75116E+01
  0.10161E+02  0.18346E+01  0.21663E+01  0.28469E+01  0.25509E+01  0.48826E+01
  0.32608E+01 -0.69099E+01 -0.17068E+02 -0.14430E+02 -0.12742E+01 -0.40381E+00
  0.78683E+01  0.14148E+02  0.89330E+01  0.15054E+01  0.13707E+01  0.83628E+01
 -0.24339E+00 -0.28646E+01  0.42016E+01  0.91868E+01  0.11351E+02  0.57894E+01
 -0.33863E+01 -0.87953E+01 -0.14013E+01  0.99460E+01  0.21867E+02  0.20179E+02
  0.11454E+02  0.64546E+01  0.24180E+01 -0.40998E+01 -0.11209E+02 -0.12063E+02
 -0.11822E+02 -0.63318E+01 -0.43877E+01  0.21128E+01  0.30829E+00 -0.51286E+01
 -0.62387E+01  0.26987E+01  0.68738E+01  0.70073E+00 -0.56024E+01 -0.59376E+01
  0.72310E+01  0.76300E+00 -0.61706E+01 -0.50430E-01 -0.98782E+00 -0.12325E+02
 -0.49665E+01 -0.10493E+01 -0.51984E+01  0.65026E+01  0.12898E+02  0.51427E+01
 -0.37908E+01 -0.19057E+01  0.42092E+01  0.56043E+01  0.50178E+01  0.15579E+02
  0.12635E+02 -0.28446E+01 -0.61369E+01 -0.20739E+02 -0.25657E+02 -0.25175E+02
 -0.22744E+02 -0.10828E+02 -0.11992E+00  0.15967E+02  0.29754E+02  0.23556E+02
  0.40623E+01  0.10032E+02  0.18323E+02  0.89513E+01 -0.35227E+01 -0.27135E+01
  0.12024E+01 -0.54641E+01 -0.92279E+01 -0.79797E+01 -0.67650E+01 -0.98277E+01
 -0.46313E+01 -0.16682E+01 -0.14091E+02 -0.69645E+01  0.68101E+01  0.49985E+01
 -0.27400E+01 -0.76586E+01  0.56531E+01  0.82688E+01 -0.71304E+01 -0.10873E+02
  0.59306E+00 -0.27154E+01 -0.25231E+01  0.11510E+02  0.10151E+02  0.12394E+01
 -0.88319E+01  0.95812E+00  0.97323E+01  0.44080E+01 -0.56157E+01 -0.39454E+01
  0.70307E+01  0.16669E+02  0.14586E+02  0.97934E+01 -0.20527E+01 -0.11780E+02
 -0.13085E+02 -0.55366E+01  0.83460E+01  0.70573E+01 -0.13982E+02 -0.36376E+02
 -0.23744E+02 -0.10088E+02 -0.13994E+02 -0.16751E+00  0.19635E+02  0.13566E+02
  0.57740E+01  0.14212E+01 -0.38394E+00 -0.13675E+01 -0.11076E+02 -0.11640E+02
 -0.92098E+01 -0.15923E+02 -0.83141E+01  0.73719E+01  0.60185E+01 -0.75229E+01
 -0.11063E+02  0.33552E+01  0.11408E+02  0.22507E+01 -0.95052E+01 -0.75668E+00
 -0.49746E+01 -0.35845E+01  0.14436E+02  0.13478E+02  0.89904E+01 -0.96780E+01
 -0.14791E+02 -0.57022E+01  0.70429E+01  0.15249E+02  0.15410E+02  0.10150E+02
 -0.30149E+01 -0.16130E+02 -0.16633E+02  0.74548E+01  0.24163E+02  0.11989E+02
  0.35844E+01  0.42498E+01 -0.71368E+01 -0.54546E+01  0.65979E+01 -0.29911E+01
 -0.16860E+02 -0.18991E+02 -0.46662E+01  0.13353E+02  0.10170E+02 -0.12879E+02
 -0.14017E+02 -0.35320E+01 -0.13074E+01  0.10670E+01 -0.11936E+01  0.37512E+01
  0.16454E+02  0.14763E+02  0.89046E+01  0.14069E+02  0.13335E+02  0.14845E+02
  0.12367E+02  0.20729E+01 -0.44633E+01 -0.11907E+01 -0.50504E+01 -0.12382E+02
 -0.27337E+02 -0.93913E+01  0.76474E+01 -0.46676E+01  0.30639E+01  0.14093E+02
  0.52817E+01 -0.40570E+02 -0.30696E+02  0.18131E+02  0.28098E+02 -0.31812E+01
 -0.80624E+01  0.12913E+02  0.46061E+01 -0.55512E+01 -0.71062E+00  0.14691E+02
  0.13488E+02  0.64060E+01 -0.26515E+00 -0.51477E+01 -0.99143E+01 -0.22077E+02
 -0.21249E+02 -0.78812E+01  0.45315E+01  0.22469E+02  0.26340E+02  0.19477E+02
  0.21378E+02  0.32454E+02  0.34719E+02  0.18010E+02  0.24394E+00 -0.71743E+01
 -0.12675E+02 -0.50658E+01  0.53444E+00 -0.73277E+01 -0.50459E+01 -0.46472E+01
 -0.20461E+02 -0.25323E+02 -0.22381E+02 -0.20315E+01  0.29816E+02  0.28193E+02
  0.18074E+02  0.44767E+01  0.61914E+01  0.38771E+01 -0.16021E+02 -0.19314E+02
 -0.25725E+02 -0.15693E+02 -0.72323E+01 -0.35123E+01 -0.14397E+01 -0.11919E+01
  0.57460E+01  0.43062E+00  0.12310E+00  0.28990E+00 -0.34486E+00  0.41850E+01
  0.13888E+02  0.20054E+02  0.17181E+02  0.16477E+02  0.30986E+01 -0.77217E+01
 -0.25229E+01 -0.45178E+01 -0.84285E+01  0.25604E+01  0.18851E+02  0.20693E+02
  0.40480E+01  0.34440E+01  0.15250E+02  0.26721E+02  0.20345E+02  0.18639E+01
 -0.25746E+01 -0.56222E+01 -0.12701E+02 -0.59352E+01 -0.82702E+01 -0.45382E+01
 -0.72369E+01 -0.21803E+02 -0.14621E+02 -0.18352E+02 -0.16297E+02 -0.17660E+02
 -0.12222E+02 -0.20552E+01  0.99115E+01  0.15018E+02  0.14867E+02  0.43588E+01
 -0.47943E+00  0.98061E+01  0.11527E+02  0.97623E+01  0.74061E+01  0.39857E+01
  0.10554E+02  0.15722E+02  0.25542E+02  0.32252E+02 -0.12489E+01 -0.11641E+02
 -0.23970E+02 -0.31917E+02 -0.25815E+02  0.47220E+00  0.30986E+02  0.20659E+02
  0.10715E+02  0.16889E+02  0.22044E+02  0.14673E+02  0.73336E+01  0.78864E+00
  0.24245E+01 -0.10107E+02 -0.21766E+02 -0.54221E+01 -0.19762E+01 -0.14992E+00
 -0.36805E+01 -0.13229E+02 -0.83053E+01 -0.97553E+01 -0.12353E+02 -0.82838E+01
 -0.13606E+02  0.17237E+01  0.45006E+02  0.29380E+02  0.28355E+01 -0.90376E+01
 -0.13681E+02 -0.87655E+01 -0.29568E+01 -0.84061E+01 -0.10043E+02 -0.61036E+01
  0.17004E+02  0.49683E+02  0.40810E+02  0.40476E+02  0.20772E+02 -0.83992E+01
 -0.10814E+02  0.12393E+02  0.26390E+02  0.20899E+02  0.29281E+01 -0.36982E+01
 -0.10753E+02 -0.34324E+02 -0.10300E+02  0.10840E+01 -0.70812E+01 -0.21858E+02
 -0.19306E+02 -0.10622E+02 -0.99620E+01  0.23766E+00  0.84856E+01  0.32355E+02
  0.11319E+02 -0.28867E+02 -0.32312E+02 -0.22696E+02 -0.21230E+02 -0.86181E+01
  0.16795E+02  0.21987E+02  0.14390E+01 -0.16193E+01  0.19898E+01  0.52015E+01
  0.22924E+02  0.10909E+02  0.14711E+02  0.34628E+02  0.41623E+02  0.30069E+02
  0.10299E+02 -0.18990E+01 -0.13933E+02 -0.71488E+01 -0.60315E+01 -0.10647E+02
  0.40741E+01  0.77803E+01 -0.16378E+02 -0.23698E+02 -0.12069E+02  0.11379E+01
  0.82388E+01  0.13538E+02  0.67454E+01 -0.46992E+01  0.53217E+01 -0.12579E+02
 -0.39662E+02 -0.40766E+02 -0.36621E+02 -0.18285E+02 -0.16860E+02 -0.13295E+02
 -0.23020E+02 -0.34389E+02 -0.21275E+02 -0.81503E+01 -0.68255E+01  0.18164E+01
 -0.55535E+01 -0.16711E+02 -0.18573E+02 -0.18390E+02 -0.71160E+01 -0.92137E+01
 -0.13762E+02 -0.94959E+01  0.31256E+00 -0.37322E+01 -0.82034E-01  0.13785E+02
  0.16268E+02  0.27090E+02  0.25693E+02  0.27600E+01 -0.68851E+01 -0.31653E+01
  0.15341E+01  0.27330E+01  0.91325E+01  0.51095E+01  0.16174E+02  0.28683E+02
  0.25095E+02  0.60578E+01 -0.58117E+01 -0.23005E+02 -0.34000E+02 -0.29943E+02
 -0.47873E+02 -0.71933E+02 -0.81403E+02 -0.64656E+02 -0.54657E+02 -0.32954E+02
 -0.78587E+01 -0.15277E+02 -0.31911E+02 -0.37285E+02 -0.27056E+02 -0.40775E+02
 -0.49128E+02 -0.34530E+02  0.90163E+01  0.57488E+02  0.96410E+02  0.11452E+03
  0.10767E+03  0.11563E+03  0.11800E+03  0.10267E+03  0.93777E+02  0.86065E+02
  0.66417E+02  0.38837E+02  0.19361E+02  0.36799E+01  0.20379E+01  0.90574E+01
  0.32690E+02  0.78720E+02  0.75547E+02  0.55248E+02  0.25151E+02 -0.27676E+02
 -0.55036E+02 -0.73639E+02 -0.62169E+02 -0.34621E+02 -0.16402E+02  0.93087E+01
  0.11550E+02 -0.29046E+02 -0.54445E+02 -0.45976E+02 -0.26358E+02 -0.16759E+02
 -0.23949E+02 -0.74148E+01  0.18384E+02  0.53481E+02  0.71414E+02  0.71925E+02
  0.75851E+02  0.74874E+02  0.51712E+02  0.23964E+02 -0.12562E+02 -0.37128E+02
 -0.33664E+02 -0.47028E+02 -0.36311E+02  0.49166E+02  0.92241E+02  0.96831E+01
 -0.62452E+02 -0.55075E+02 -0.38391E+02 -0.44259E+02 -0.32201E+01  0.33147E+02
  0.49213E+02  0.90546E+02  0.48236E+02 -0.15709E+02 -0.29995E+02 -0.11954E+02
 -0.20980E+01 -0.13612E+01  0.62239E+01 -0.32883E+00  0.33255E+01 -0.11681E+02
 -0.40125E+02 -0.20843E+02 -0.83934E+01 -0.52126E+02 -0.71956E+02 -0.72087E+02
 -0.80077E+02 -0.10069E+03 -0.11388E+03 -0.11267E+03 -0.92481E+02 -0.60238E+02
 -0.12558E+02  0.12453E+02  0.31331E+02  0.34703E+02 -0.14756E+02 -0.37412E+02
 -0.26092E+02  0.32307E+01  0.34547E+02  0.53462E+02  0.78241E+02  0.10472E+03
  0.47004E+02 -0.44669E+02 -0.11979E+03 -0.14144E+03 -0.75116E+02 -0.32854E+02
 -0.34473E+02 -0.25902E+02 -0.12689E+02 -0.37458E+02 -0.53590E+02 -0.41486E+02
 -0.30622E+02 -0.12366E+02 -0.24652E+02 -0.32166E+02 -0.20409E+02 -0.82872E+00
  0.12849E+02  0.14721E+02  0.14682E+02 -0.10527E+02 -0.47631E+02 -0.41209E+02
 -0.17421E+02  0.12293E+02  0.72093E+02  0.99421E+02  0.47040E+02 -0.48411E+02
 -0.91000E+02 -0.11875E+03 -0.12544E+03 -0.11635E+03 -0.11629E+03 -0.11214E+03
 -0.11088E+03 -0.10747E+03 -0.78244E+02 -0.34494E+02 -0.18128E+02  0.25295E+02
  0.73062E+02  0.88421E+02  0.10595E+03  0.18965E+03  0.26121E+03  0.24090E+03
  0.19018E+03  0.17222E+03  0.16301E+03  0.12137E+03  0.69923E+02  0.25239E+02
  0.97871E+00 -0.21835E+02  0.32357E+01  0.58709E+02  0.67148E+02  0.38536E+02
 -0.33644E+01 -0.26601E+02 -0.41171E+02 -0.46708E+02 -0.28177E+02 -0.25270E+02
 -0.26150E+02 -0.33296E+02 -0.73871E+02 -0.97723E+02 -0.10239E+03 -0.63445E+02
 -0.22810E+02 -0.16472E+02 -0.47345E+02 -0.66479E+02 -0.41012E+02 -0.41897E+02
 -0.84108E+02 -0.64891E+02 -0.43254E+01  0.18443E+02  0.25717E+02  0.66565E+02
  0.10572E+03  0.11888E+03  0.15913E+03  0.80991E+02  0.18675E+02  0.37464E+02
  0.46539E+02  0.31043E+02  0.82448E+01 -0.25053E+02 -0.11060E+03 -0.13374E+03
 -0.12614E+03 -0.12292E+03 -0.13057E+03 -0.16661E+03 -0.19188E+03 -0.15921E+03
 -0.51407E+02 -0.21228E+01 -0.53493E+01  0.18134E+02  0.88056E+01 -0.45463E+02
 -0.82585E+02 -0.98690E+02 -0.98583E+02 -0.41704E+02  0.14202E+02  0.11784E+02
  0.32547E+02  0.88813E+02  0.71613E+02  0.82310E+00 -0.12263E+02  0.37477E+01
 -0.25467E+02 -0.93883E+02 -0.11239E+03 -0.55771E+02 -0.35596E+01  0.57007E+01
 -0.25229E+01 -0.17485E+02 -0.20329E+02 -0.65573E+02 -0.12172E+03 -0.13480E+03
 -0.12818E+03 -0.41518E+02  0.55064E+02  0.95782E+02  0.14180E+03  0.20109E+03
  0.24918E+03  0.30158E+03  0.32762E+03  0.33122E+03  0.26982E+03  0.16355E+03
  0.10818E+03  0.10812E+03  0.48023E+02 -0.39220E+02 -0.72790E+02 -0.10169E+03
 -0.10150E+03 -0.44648E+02  0.23061E+02  0.30139E+02  0.33279E+02 -0.75667E+01
 -0.32591E+02 -0.67155E+02 -0.99526E+02 -0.21975E+02  0.77049E+02  0.12880E+03
  0.15910E+03  0.16637E+03  0.74359E+02  0.24587E+02  0.10025E+02  0.23469E+02
  0.58747E+02  0.63505E+02  0.68597E+02 -0.68143E+01 -0.12857E+03 -0.19557E+03
 -0.20586E+03 -0.23286E+03 -0.22897E+03 -0.78975E+02  0.10153E+03  0.16599E+03
  0.16329E+03  0.75269E+02  0.13902E+02  0.74324E+02  0.10656E+03  0.13354E+03
  0.16669E+03  0.16385E+03  0.15494E+03  0.97546E+02 -0.20136E+02 -0.66610E+02
 -0.97504E+02 -0.10239E+03 -0.69388E+02 -0.40284E+02  0.38048E+02  0.13083E+03
  0.17260E+03  0.10840E+03 -0.55014E+00 -0.97308E+02 -0.89949E+02  0.40617E+02
  0.91380E+02  0.77477E+02  0.17918E+02 -0.12781E+03 -0.20351E+03 -0.18760E+03
 -0.19163E+03 -0.14865E+03 -0.11943E+03 -0.11526E+03 -0.95946E+02 -0.90077E+02
 -0.10406E+03 -0.17392E+03 -0.18264E+03 -0.62336E+02  0.94509E+02  0.17523E+03
  0.23964E+03  0.30888E+03  0.31343E+03  0.23579E+03  0.13681E+03  0.75638E+02
  0.27483E+02 -0.39898E+02 -0.10329E+03 -0.14742E+03 -0.15863E+03 -0.96718E+02
 -0.74247E+01  0.35780E+02  0.29130E+02  0.50434E+01  0.23241E+02  0.57788E+02
  0.55112E+02  0.67392E+02  0.12640E+03  0.10458E+03  0.60882E+02  0.75999E+02
  0.46579E+02 -0.54434E+02 -0.12912E+03 -0.99288E+02 -0.57319E+02  0.23401E+00
  0.54273E+02  0.50843E+02  0.36415E+02  0.17508E+02  0.12039E+02 -0.71375E+01
 -0.35917E+02 -0.58489E+02 -0.99665E+02 -0.85737E+02 -0.44343E+02 -0.52168E+02
 -0.67311E+02 -0.81809E+02 -0.95943E+02 -0.65635E+02 -0.17874E+02 -0.27909E+02
 -0.31752E+02  0.35159E+02  0.71819E+02  0.76005E+02  0.77922E+02  0.71298E+02
  0.10491E+03  0.12045E+03  0.89404E+02  0.60149E+02  0.58350E+02  0.51090E+02
  0.38319E+02 -0.35462E+02 -0.90786E+02 -0.73578E+02 -0.60938E+02 -0.43426E+02
  0.12050E+02  0.66701E+02  0.77920E+02  0.66911E+02  0.65613E+02  0.79363E+02
  0.49942E+02 -0.27733E+02 -0.84368E+02 -0.86460E+02 -0.26704E+02  0.12998E+02
 -0.15819E+02 -0.36508E+02 -0.37761E+02 -0.40400E+02 -0.66698E+02 -0.85083E+02
 -0.93400E+02 -0.95952E+02 -0.32326E+02  0.87992E+02  0.12573E+03  0.11396E+03
  0.12321E+03  0.81156E+02  0.65479E+01 -0.92935E+02 -0.15407E+03 -0.15978E+03
 -0.11285E+03  0.73753E+01  0.10469E+03  0.17209E+03  0.17920E+03  0.89740E+02
 -0.13546E+02 -0.75913E+02 -0.95480E+02 -0.51424E+02  0.67751E+02  0.13308E+03
  0.10948E+03  0.91831E+02  0.78543E+02  0.83703E+02  0.42776E+02 -0.84824E+01
 -0.21128E+01  0.47507E+02  0.97965E+02  0.12146E+03  0.22797E+02 -0.11294E+03
 -0.16116E+03 -0.14130E+03 -0.77212E+02 -0.97267E+02 -0.71467E+02 -0.11754E+02
  0.27687E+02  0.13351E+00 -0.68643E+02 -0.70291E+02 -0.66056E+02 -0.75348E+02
 -0.80089E+02 -0.52682E+02 -0.22891E+02 -0.70004E+01 -0.63527E+02 -0.89687E+02
 -0.57959E+02 -0.36775E+02 -0.26886E+02 -0.36644E+02 -0.18410E+02  0.56675E+02
  0.10490E+03  0.10137E+03  0.46941E+02 -0.89248E+02 -0.11991E+03 -0.10493E+03
 -0.11201E+03 -0.55626E+02 -0.32834E+02 -0.40394E+02 -0.34142E+02  0.22790E+02
  0.61943E+02  0.43328E+02  0.20997E+02  0.54307E+00 -0.16880E+02 -0.97708E+01
  0.23767E+02  0.76964E+02  0.12232E+03  0.98369E+02  0.22203E+02 -0.32004E+02
 -0.32574E+02 -0.29721E+02 -0.38608E+02  0.84556E+01 -0.15183E+02 -0.79501E+02
 -0.69704E+02 -0.60830E+02 -0.57474E+02 -0.88352E+02 -0.60035E+02 -0.16701E+02
 -0.21792E+02 -0.21331E+02 -0.34404E+02 -0.53940E+02 -0.73828E+02 -0.99819E+02
 -0.12218E+03 -0.11559E+03 -0.46809E+02 -0.70414E+01 -0.24972E+02  0.37724E+01
  0.49996E+02  0.65332E+02  0.65642E+02  0.24327E+02  0.14914E+02  0.14757E+02
 -0.19621E+02 -0.41923E+02 -0.43676E+02 -0.28404E+02 -0.46383E+02 -0.29245E+01
  0.70765E+02  0.74239E+02  0.70247E+02  0.76472E+02  0.89764E+02  0.10317E+03
  0.65425E+02  0.23724E+02  0.28892E+02  0.26245E+02  0.10689E+02  0.24802E+01
 -0.35205E+01 -0.26831E+02 -0.53865E+02 -0.80305E+02 -0.10867E+03 -0.12266E+03
 -0.10577E+03 -0.84137E+02 -0.77997E+02 -0.68383E+02 -0.46146E+02 -0.28709E+02
 -0.25143E+02 -0.13948E+02 -0.66941E+01 -0.14694E+02 -0.11910E+02  0.82491E+01
 -0.27356E+02 -0.84272E+02 -0.75800E+02 -0.44652E+02 -0.22231E+02  0.10712E+01
  0.26477E+02  0.28106E+02  0.31924E+02  0.41690E+02  0.28600E+02  0.52644E+01
  0.24112E+01  0.28583E+02  0.35719E+02 -0.99492E+00 -0.28549E+02 -0.18808E+02
 -0.12487E+02 -0.25397E+01  0.84769E+01  0.28631E+01 -0.49151E+01 -0.29957E+02
 -0.25688E+02 -0.48331E+01 -0.16276E+02 -0.10569E+02  0.10206E+02  0.76927E+01
 -0.21712E+02 -0.51866E+02 -0.51886E+02 -0.41432E+02 -0.60849E+02 -0.77744E+02
 -0.46669E+01  0.46224E+02  0.39098E+02  0.25860E+02  0.33153E+02  0.89783E+01
 -0.55415E+02 -0.60947E+02 -0.57569E+02 -0.50384E+02 -0.40823E+02 -0.31985E+02
 -0.85191E+01  0.54905E+02  0.85477E+02  0.71158E+02  0.71203E+02  0.54970E+02
  0.35383E+02  0.40447E+02  0.35845E+02  0.45203E+02  0.69140E+01 -0.36767E+02
 -0.19361E+02  0.11210E+02  0.56584E+02  0.48598E+02  0.19611E+02  0.34401E+01
 -0.15250E+02 -0.25705E+02 -0.17165E+02 -0.22278E+01  0.36997E+02  0.71896E+02
  0.76657E+02  0.47670E+02  0.16044E+02  0.10598E+02 -0.14577E+02 -0.35407E+02
 -0.54148E+02 -0.49173E+02 -0.53819E+02 -0.53415E+02 -0.28325E+02 -0.14722E+02
 -0.24738E+02 -0.27226E+02  0.37482E+02  0.65996E+02  0.60594E+02  0.48482E+02
  0.37968E+02  0.27990E+02 -0.73749E+00  0.17640E+02  0.47984E+02  0.70039E+02
  0.78584E+02  0.96371E+02  0.93218E+02  0.95688E+02  0.67779E+02 -0.10824E+02
 -0.69507E+00  0.14219E+02  0.10577E+02 -0.77322E+01 -0.86792E+01 -0.29486E+01
  0.42942E+02  0.95062E+02  0.69017E+02  0.50311E+02  0.38138E+02  0.37738E+01
 -0.19913E+02 -0.64065E+00  0.21369E+02  0.36389E+02  0.28842E+02  0.18016E+02
  0.19549E+02  0.22422E+02  0.24778E+02  0.23408E+02  0.30577E+02  0.42368E+02
  0.55416E+02  0.63684E+02  0.71203E+02  0.49215E+02  0.23648E+02  0.23425E+02
  0.16236E+02  0.40220E+01  0.22599E+01  0.20131E+02  0.29116E+02  0.28356E+02
  0.40239E+02  0.33882E+02  0.85857E+01 -0.55144E+01  0.11809E+01  0.38933E+02
  0.69420E+02  0.73905E+02  0.72349E+02  0.55290E+02  0.25782E+02  0.37763E+02
  0.40907E+02  0.33928E+02  0.53554E+02  0.67807E+02  0.37483E+02  0.24600E+01
  0.63709E+00 -0.17701E+02 -0.19007E+02 -0.19255E+02 -0.21781E+02 -0.21430E+02
 -0.22709E+02 -0.38310E+02 -0.52182E+02 -0.38878E+02 -0.38799E+02 -0.46059E+02
 -0.34418E+02 -0.19902E+02 -0.11281E+02 -0.66325E+00  0.19087E+02  0.39081E+02
  0.56704E+02  0.66928E+02  0.63553E+02  0.30590E+02  0.60253E+01 -0.98245E+01
 -0.17199E+02 -0.15061E+01  0.21468E+01  0.69254E+01  0.11156E+02  0.29923E+02
  0.31083E+02  0.29063E+02  0.19074E+02  0.97550E+01 -0.33972E+01  0.19813E+01
  0.18766E+02  0.14114E+02  0.18939E+02  0.35225E+02  0.29260E+02 -0.15729E+02
 -0.18332E+02 -0.21847E+02 -0.43853E+02 -0.72923E+02 -0.80008E+02 -0.64970E+02
 -0.57047E+02 -0.20207E+02  0.65194E+00 -0.77704E+01 -0.17654E+02 -0.21601E+02
 -0.26256E+02 -0.29459E+02 -0.21059E+02 -0.98097E+01 -0.48059E+01 -0.77903E+01
 -0.80978E+01 -0.21225E+02 -0.39306E+02 -0.50754E+02 -0.42284E+02 -0.13868E+02
 -0.26170E+01  0.17241E+01 -0.17367E+01 -0.97920E+01 -0.35334E-01  0.57414E+01
 -0.30491E+01 -0.57915E+00  0.74868E+01 -0.63994E+00 -0.16132E+02 -0.17850E+02
  0.20356E+02  0.51774E+02  0.48749E+02  0.36968E+02  0.11531E+02 -0.22515E+01
  0.28228E+01  0.47227E+01 -0.32856E+01 -0.16757E+02 -0.35705E+02 -0.47190E+02
 -0.51285E+02 -0.46923E+02 -0.25725E+02 -0.23430E+02 -0.22691E+02 -0.27930E+02
 -0.30797E+02 -0.19262E+02 -0.49442E+02 -0.76700E+02 -0.36014E+02 -0.60309E+01
 -0.20115E+02 -0.27850E+02 -0.27032E+02 -0.36195E+02 -0.55257E+02 -0.54272E+02
 -0.41989E+02 -0.22976E+02 -0.14701E+02 -0.24019E+02 -0.21410E+02 -0.22716E+02
 -0.30700E+02 -0.36469E+02 -0.26902E+02 -0.30582E+01  0.75815E+01 -0.21254E+02
 -0.30861E+02  0.22072E+00  0.22650E+02  0.32762E+02  0.46581E+02  0.47110E+02
  0.85602E+01 -0.78770E+00 -0.73466E+00 -0.12301E+02 -0.30683E+02 -0.49041E+02
 -0.38106E+02 -0.18570E+02 -0.19870E+02 -0.42707E+02 -0.55996E+02 -0.36630E+02
 -0.11088E+02 -0.30733E+01 -0.24109E+02 -0.46712E+02 -0.53023E+02 -0.50378E+02
 -0.31207E+02 -0.13896E+02 -0.73200E+01 -0.79734E+01 -0.21785E+02 -0.47135E+02
 -0.57743E+02 -0.38918E+02 -0.10314E+02 -0.59247E+01 -0.12008E+02 -0.15549E+01
  0.14987E+02  0.27462E+02  0.19669E+02 -0.24395E+01 -0.16549E+02 -0.14796E+02
 -0.10225E+02 -0.87460E+01 -0.67281E+00  0.81483E+01  0.17029E+02  0.12429E+02
  0.70993E+01  0.11647E+02  0.69048E+01 -0.17681E+02 -0.28738E+02 -0.29962E+02
 -0.19755E+02 -0.21073E+00 -0.11391E+02 -0.17372E+02 -0.66954E+01  0.13258E+01
  0.56286E+01  0.53726E+01 -0.49009E+01 -0.93098E+01  0.15280E+01 -0.35674E+00
  0.11609E+01  0.40935E+01  0.71429E+01  0.17582E+02  0.23014E+02  0.19898E+02
  0.14365E+02  0.17312E+02  0.24935E+02  0.22819E+02  0.16394E+02  0.14904E+02
  0.11479E+02  0.11955E+02  0.18709E+02  0.25804E+02  0.26472E+02  0.32455E+02
  0.27622E+02  0.60177E+01 -0.67489E+01 -0.82647E+01 -0.11579E+02 -0.13955E+02
 -0.99844E+01  0.10250E+01  0.25925E+02  0.46296E+02  0.52121E+02  0.39106E+02
  0.17421E+02  0.30872E+01  0.29920E+01  0.18370E+02  0.22203E+02  0.19055E+02
  0.12934E+02  0.13065E+02  0.19213E+02  0.25898E+02  0.33393E+02  0.36012E+02
  0.41135E+02  0.29883E+02  0.18602E+02  0.30546E+02  0.38155E+02  0.30952E+02
  0.18453E+02  0.67451E+01  0.17910E+01  0.30180E+01 -0.55338E+00 -0.51442E+01
 -0.45973E+01 -0.19337E+01  0.91210E+01  0.12583E+02  0.12231E+02  0.10454E+02
  0.11426E+02  0.14164E+02  0.17746E+02  0.22056E+02  0.75536E+01 -0.40985E+01
 -0.49309E+01 -0.50801E+01 -0.66184E+01 -0.62943E+01 -0.62437E+00  0.80015E+01
  0.16406E+02  0.86914E+01  0.80308E+01  0.20301E+02  0.28224E+02  0.27426E+02
  0.18340E+02  0.11385E+02  0.10728E+02  0.19412E+02  0.19062E+02  0.10027E+02
 -0.23038E+01 -0.22804E+02 -0.27839E+02 -0.13564E+02 -0.22482E+01  0.97400E+01
  0.21061E+02  0.17663E+02  0.11451E+02  0.31874E+01 -0.41309E+01 -0.99122E+01
 -0.14658E+02 -0.10462E+02 -0.84655E+01 -0.10952E+02 -0.69961E+01  0.54041E+01
  0.22473E+02  0.29303E+02  0.22310E+02  0.11250E+02  0.69694E+01  0.40353E+01
 -0.97792E+00 -0.29041E+01 -0.25604E+01 -0.65534E+01 -0.12864E+02  0.65197E+00
  0.65952E+01  0.60380E+01  0.10264E+02  0.14617E+02  0.22912E+02  0.27100E+02
  0.28165E+02  0.26082E+02  0.13961E+02 -0.74186E+01 -0.66569E+01 -0.11886E+01
 -0.34168E+01 -0.14858E+01 -0.10486E+02 -0.20918E+02 -0.22695E+02 -0.18597E+02
 -0.17971E+02 -0.12702E+02 -0.12065E+02 -0.16634E+02 -0.24438E+02 -0.32390E+02
 -0.25204E+02 -0.25332E+02 -0.28377E+02 -0.20809E+02 -0.12563E+02 -0.18171E+02
 -0.29696E+02 -0.28935E+02 -0.20464E+02 -0.19544E+02 -0.14645E+02 -0.30639E+01
 -0.45201E+01 -0.12169E+02 -0.62296E+01  0.50205E+01  0.55954E+01  0.31118E+01
  0.32848E+01 -0.29446E+01 -0.44669E+01 -0.41363E+01 -0.75658E+01 -0.66711E+01
  0.29490E+01  0.10647E+02  0.87322E+01  0.10555E+02  0.99418E+00 -0.30901E+01
  0.44756E+01  0.67670E+01  0.12439E+02  0.95578E+01  0.27952E+01 -0.12658E+01
 -0.27499E+01 -0.78735E+01 -0.12032E+02 -0.58678E+01 -0.26659E+01 -0.38483E+01
 -0.44489E+01 -0.23200E+00 -0.10826E+01 -0.37491E+01 -0.92487E+01 -0.20231E+02
 -0.32219E+02 -0.23865E+02 -0.15894E+02 -0.13959E+02 -0.36116E+01 -0.20365E+01
 -0.62513E+01 -0.87356E+01 -0.64789E+01 -0.11240E+02 -0.12120E+02 -0.61076E+01
  0.94250E+01  0.11532E+02 -0.37549E+00 -0.59150E+01 -0.58697E+01 -0.91754E+01
 -0.87648E+01 -0.36967E+01  0.89760E+00  0.34657E+01 -0.12761E+02 -0.21231E+02
 -0.16297E+02 -0.12790E+02 -0.44712E+01 -0.30679E+01  0.18557E+01  0.22726E+01
 -0.27045E+01 -0.15971E+01 -0.32229E+01 -0.14269E+02 -0.11836E+02 -0.81670E+00
 -0.71266E+01 -0.15993E+02 -0.17466E+02 -0.15741E+02 -0.19340E+02 -0.10916E+02
  0.67133E+01  0.15355E+02  0.87264E+01  0.95599E+00  0.71292E+01  0.15947E+02
  0.16878E+02  0.19529E+02  0.18228E+02  0.15055E+02  0.18693E+02  0.17568E+02
  0.10040E+02  0.72773E+01  0.62185E+01 -0.18109E+01  0.36864E+01  0.81483E+01
  0.52045E+01  0.41321E+01  0.39176E-01 -0.61952E+01 -0.38472E+01 -0.37479E+01
 -0.89095E+01 -0.88864E+01 -0.67246E+01 -0.33241E+01 -0.37764E+01 -0.18603E+01
 -0.36669E+01 -0.46750E+01 -0.84112E+01 -0.10938E+02 -0.55328E+01 -0.40271E+01
 -0.67570E+00  0.33124E+01  0.63409E+01  0.43959E+01  0.91955E+01  0.16295E+02
  0.13200E+02  0.18725E+02  0.12425E+02  0.73198E+01  0.89049E+01  0.12658E+02
  0.12084E+02  0.96755E+01  0.79943E+01  0.56942E+01  0.85693E+01  0.74614E+01
  0.13947E+02  0.25633E+02  0.31598E+02  0.27736E+02  0.21289E+02  0.12885E+02
  0.18497E+01 -0.88926E+00  0.37994E+01  0.64825E+01  0.99752E+01  0.66009E+01
  0.93014E+00 -0.14133E+01 -0.17922E+01 -0.46499E+00  0.19226E+01  0.39258E+01
  0.44044E+01  0.13514E+01 -0.43757E+01  0.15360E+01  0.17007E+02  0.19729E+02
  0.16787E+02  0.15007E+02  0.11035E+02  0.83286E+01  0.31397E+01 -0.15496E+01
 -0.25957E+01  0.12249E+01  0.96915E-02 -0.13912E+01 -0.73099E+01 -0.10972E+02
 -0.96327E+01 -0.10484E+02 -0.70055E+01 -0.34708E+01 -0.20252E+01  0.19194E+01
  0.11667E+01 -0.15026E+01  0.50279E-01 -0.40118E+01 -0.42540E+00 -0.42264E+00
 -0.23643E+01 -0.41109E+01 -0.96832E+00  0.38380E+01 -0.13141E+01 -0.45125E+01
 -0.78137E+01 -0.92875E+01 -0.86589E+01 -0.17154E+01  0.94173E+01  0.14060E+02
  0.79255E+01 -0.20302E+01 -0.44956E+01 -0.27327E+01  0.13269E+01  0.26033E+01
  0.62637E+00  0.27253E+01  0.87032E+01  0.79666E+01  0.21330E+01 -0.46383E+01
 -0.70421E+01 -0.58196E+01 -0.81738E+01 -0.47747E+01 -0.55912E+01 -0.27959E+01
  0.26361E+01  0.25438E+01  0.50309E+01  0.40383E+01 -0.11668E+02 -0.18827E+02
 -0.17226E+02 -0.13746E+02 -0.90470E+01 -0.95491E+01 -0.82130E+00  0.95278E+01
  0.89473E+01  0.25161E+01 -0.21446E+00  0.32420E+01  0.60487E+01  0.42372E+01
  0.34991E+01  0.25660E+01  0.23462E+01  0.18561E+00  0.12827E+01  0.89702E+01
  0.96828E+01  0.10705E+02  0.10741E+02  0.73017E+01  0.83729E+00  0.24791E+00
  0.44418E+01  0.52302E+01  0.65016E+01  0.28931E+01  0.17765E+01 -0.29721E+01
 -0.95255E+01 -0.15784E+02 -0.17331E+02 -0.18148E+02 -0.20593E+02 -0.25553E+02
 -0.31504E+02 -0.31296E+02 -0.25233E+02 -0.17245E+02 -0.11545E+02 -0.85180E+01
 -0.74936E+01 -0.27789E+01  0.34603E+00  0.69120E+00 -0.11156E+01 -0.57912E+01
 -0.49185E+01 -0.27276E+01 -0.33161E+01  0.42879E+01  0.10965E+02  0.11437E+02
  0.97958E+01  0.82473E+01  0.49793E+01 -0.24199E+01 -0.34633E+01  0.31456E+01
  0.71532E+01  0.60599E+01  0.11655E+02  0.88792E+01 -0.28235E+01 -0.78141E+01
 -0.71751E+01 -0.67955E+01 -0.26709E+01  0.75017E+00 -0.43839E-01 -0.37399E+01
 -0.57576E+01 -0.46071E+01 -0.70218E+01 -0.16828E+02 -0.16271E+02 -0.75891E+01
 -0.63997E+01 -0.55537E+01 -0.51645E+01 -0.40844E+01 -0.47498E+01 -0.63230E+01
 -0.70812E+01 -0.64652E+01 -0.65323E+01 -0.62020E+01 -0.62730E+01 -0.54005E+01
 -0.43685E+01 -0.65986E+01 -0.60565E+01 -0.86677E+00  0.69543E+01  0.11572E+02
  0.15537E+02  0.12951E+02  0.10405E+02  0.48585E+01  0.10578E+01 -0.24403E+01
 -0.62578E+01 -0.31934E+01  0.45390E+01  0.68790E+01  0.24436E+01  0.61861E+01
  0.11070E+02  0.38513E+01 -0.15323E+00  0.36057E+01  0.64959E+01  0.10207E+02
  0.12896E+02  0.18113E+02  0.14341E+02  0.63205E+01  0.57911E+01  0.10874E+02
  0.11819E+02  0.69051E+01  0.88827E+00  0.39765E+00 -0.38976E+01 -0.61243E+01
 -0.62566E+01 -0.52150E+01 -0.37449E+00  0.25149E+01  0.39907E+01 -0.30691E+01
 -0.48441E+01  0.48500E+00  0.21879E+01  0.14621E+01  0.17167E+01  0.14514E+01
  0.36522E+01  0.70876E+01  0.26205E+01 -0.11986E+01  0.16894E+01  0.32757E+01
  0.69066E+01  0.47550E+01  0.56861E+01  0.12059E+02  0.10061E+02  0.11084E+02
  0.10342E+02  0.10520E+02  0.53423E+01  0.53194E+01  0.95394E+01  0.46327E+01
  0.15607E+01 -0.39678E+01 -0.46404E+01 -0.65365E+01 -0.93953E+01 -0.10370E+02
  0.21212E+00  0.76056E+01  0.31619E+01  0.18134E+01 -0.34918E+01  0.97022E+00
  0.78683E+01  0.10813E+02  0.10854E+02  0.72726E+01  0.11856E+01 -0.44070E+01
 -0.66983E+01 -0.57786E+01 -0.47573E+01 -0.41609E+01 -0.43704E+01 -0.58562E+00
  0.22947E+01  0.44437E+01  0.10269E+02  0.61067E+01 -0.24399E+01 -0.59116E+01
 -0.66629E+01 -0.82053E+01 -0.77014E+01 -0.38697E+01  0.11957E+00  0.10434E+01
  0.25576E+01  0.16544E+01  0.22458E+01  0.29952E+01  0.33899E+01  0.72554E+01
  0.74473E+01  0.11213E+02  0.16575E+02  0.16377E+02  0.17649E+02  0.19464E+02
  0.17256E+02  0.17855E+02  0.11693E+02  0.95410E+01  0.92840E+01  0.30951E+01
  0.22294E+01  0.38714E+00  0.85987E-01  0.14730E+01 -0.13423E+01  0.36953E+00
  0.61072E+00 -0.32349E+01 -0.90304E+01 -0.96969E+01 -0.68042E+01 -0.64419E+01
 -0.88133E+01 -0.14068E+02 -0.13556E+02 -0.12088E+02 -0.10122E+02 -0.11604E+02
 -0.14190E+02 -0.11722E+02 -0.90275E+01 -0.62923E+01 -0.12098E+01  0.40787E+00
  0.12658E-01 -0.27351E+01 -0.16485E+01 -0.16947E+01 -0.60840E+01 -0.13960E+02
 -0.20985E+02 -0.14608E+02 -0.78412E+01 -0.25037E+01  0.15540E+01  0.79889E+01
  0.11807E+02  0.89757E+01  0.56932E+01  0.55824E+01  0.62086E+01  0.68962E+01
  0.67930E+01  0.10410E+01 -0.49304E+01 -0.53308E+01 -0.49975E+01 -0.69223E+01
 -0.55828E+01 -0.58589E+01 -0.75277E+01 -0.63718E+01 -0.61631E+01 -0.36241E+01
  0.28031E+01  0.23766E+00 -0.57016E+01 -0.13292E+02 -0.15993E+02 -0.95242E+01
 -0.71133E+01 -0.90065E+01 -0.56781E+01 -0.36514E+01 -0.56188E+01 -0.58762E+01
 -0.62150E+01 -0.53248E+01 -0.12198E+01  0.15454E+01  0.14127E+01 -0.53934E+01
 -0.64248E+01 -0.57165E+01  0.13858E+00 -0.13067E+01 -0.20392E+01 -0.18498E+00
 -0.40389E+01 -0.39173E+01 -0.30845E+01 -0.55247E+00  0.11196E+01  0.25302E+01
  0.23285E+01  0.80450E+01  0.10490E+02  0.60621E+01  0.30401E+01  0.26680E+01
  0.32724E+01  0.13665E+01 -0.31632E+01 -0.54350E+01 -0.85683E+01 -0.10285E+02
 -0.92864E+01 -0.60268E+01 -0.17362E+01  0.30462E+01  0.23714E+01 -0.24962E+01
 -0.29650E+01  0.16766E+01  0.51853E+01  0.10551E+02  0.10905E+02  0.86942E+01
  0.50543E+01 -0.16534E+01 -0.32529E+01 -0.51811E+01 -0.12609E+02 -0.18907E+02
 -0.17667E+02 -0.13599E+02 -0.82055E+01 -0.61024E+01 -0.65987E+01  0.41578E+00
  0.43480E+01  0.25110E+01  0.22671E+01  0.15756E+01  0.21488E+01  0.82050E+00
  0.14785E+00 -0.63279E+00  0.18772E+01  0.12618E+01  0.43010E+01  0.54220E+01
  0.14087E+01  0.63400E+01  0.10641E+02  0.10730E+02  0.11261E+02  0.12389E+02
  0.93710E+01  0.93748E+01  0.37883E+01 -0.38141E+01 -0.65996E+01 -0.27325E+01
  0.49603E+01  0.76278E+01  0.73767E+01  0.85369E+01  0.76226E+01  0.25753E+01
 -0.61155E+00 -0.55549E+01 -0.48776E+01 -0.49914E+01 -0.76877E+01 -0.41231E+01
 -0.65866E+00  0.28970E+00 -0.24384E+01 -0.11891E+01 -0.12229E+01 -0.42499E+01
 -0.10211E+00  0.54495E+01  0.79057E+01  0.75006E+01  0.71921E+01  0.67164E+01
  0.71207E+01  0.12379E+02  0.15912E+02  0.10661E+02  0.93867E+01  0.47667E+01
  0.88169E+00 -0.17572E+01 -0.69084E+01 -0.52764E+01 -0.34533E+01 -0.45900E+01
 -0.10826E+01  0.74612E+00  0.14983E+00 -0.75167E-01  0.97936E+00  0.53428E+01
  0.44197E+01  0.68578E+01  0.76520E+01  0.44656E+01  0.46739E+00  0.18498E+00
  0.38064E-01  0.19895E+01  0.85923E+01  0.94110E+01  0.63842E+01  0.60868E+01
  0.73029E+01  0.75979E+01  0.73248E+01  0.76329E+01  0.82676E+01  0.78888E+01
  0.83956E+01  0.94222E+01  0.13151E+02  0.66163E+01  0.13797E+01  0.59606E+01
  0.76854E+01  0.57802E+01 -0.10494E+01  0.32626E+00 -0.41823E+01 -0.63364E+01
 -0.20138E+01 -0.44668E+01 -0.54955E+01 -0.32899E+01  0.10291E+01 -0.92533E-01
  0.50272E-01 -0.55331E+00  0.13221E+01  0.29949E+01 -0.34387E+00 -0.15420E-01
 -0.23737E+01 -0.66743E+01 -0.67096E+01 -0.72520E+01 -0.72800E+01 -0.67880E+01
 -0.78987E+01 -0.78486E+01 -0.79098E+01 -0.97260E+01 -0.92009E+01 -0.77568E+01
 -0.79313E+01 -0.75488E+01 -0.77573E+01 -0.76643E+01 -0.70090E+01 -0.60752E+01
 -0.77019E+01 -0.72435E+01 -0.76708E+01 -0.66107E+01 -0.15677E+01 -0.17741E+01
  0.27881E+01  0.36308E+01  0.20321E+01  0.23157E+01  0.19460E+01  0.30689E+01
  0.29762E+01  0.71351E+01  0.10815E+02  0.10356E+02  0.10023E+02  0.92115E+01
  0.29203E+01 -0.44199E+01 -0.67359E+01 -0.62665E+01 -0.76636E+01 -0.37035E+01
  0.24374E+01  0.75073E+00  0.14597E+01  0.22856E+01  0.26787E+01  0.31465E+01
  0.40818E+01  0.10135E+02  0.94435E+01  0.47153E+01  0.12017E+01 -0.36322E+01
 -0.28880E+01 -0.43166E+01 -0.60533E+01 -0.58162E+01 -0.43553E+01 -0.35927E+01
 -0.66888E+01 -0.49569E+01 -0.43502E+01 -0.14617E+01  0.88848E+00  0.21598E+01
  0.30337E+01  0.62454E+01  0.89800E+01  0.95900E+01  0.10209E+02  0.56722E+01
 -0.16015E+01 -0.29021E+01  0.55436E+00  0.80256E+00  0.34294E+00 -0.15911E+00
  0.38175E+01 -0.13661E+00 -0.28485E+01 -0.59522E+01 -0.94307E+01 -0.11363E+02
 -0.97764E+01 -0.47878E+01 -0.34351E+00  0.41287E+01  0.28242E+01  0.35678E+01
 -0.17531E+01 -0.33827E+01 -0.83789E+01 -0.11054E+02 -0.10495E+02 -0.88943E+01
 -0.27157E+01 -0.13796E+01  0.51848E+01  0.10813E+02  0.11585E+02  0.96766E+01
  0.74120E+01  0.65532E+01  0.89565E+01  0.85615E+01  0.53758E+01  0.19466E+01
 -0.23775E+01 -0.59141E+01 -0.77464E+01 -0.11241E+02 -0.85271E+01 -0.63224E+01
 -0.28181E+01  0.53400E+00 -0.39574E+01 -0.45641E+01 -0.52581E+01 -0.96463E+00
 -0.32520E+01 -0.14745E+01 -0.29838E+01 -0.54251E+01 -0.38131E+01 -0.41950E+01
 -0.54205E+01 -0.74514E+01 -0.40643E+01 -0.31040E+01 -0.33891E+00  0.14979E+01
  0.23783E+01 -0.12053E+01 -0.37879E+01 -0.26340E+00  0.33503E+01  0.40171E+01
 -0.39949E-01 -0.17797E+01 -0.40467E+01 -0.16234E+01  0.17246E+01  0.81112E+00
  0.13033E+01  0.21409E+01  0.14744E+01  0.14838E+01 -0.14202E+01 -0.23748E+01
  0.58527E+00 -0.11898E+01  0.88437E+00  0.12150E+01  0.24127E+01  0.27246E+01
  0.84548E+00  0.37759E+00  0.10813E+01  0.17258E+01  0.13414E+01  0.27432E+01
  0.34265E+01  0.56043E+01  0.10262E+02  0.10533E+02  0.10029E+02  0.99606E+01
  0.97248E+01  0.72976E+01  0.42042E+01  0.27893E+01 -0.25066E+01 -0.49281E+01
 -0.61164E+01 -0.16693E+01 -0.34242E+01 -0.58305E+01 -0.51882E+01 -0.56210E+01
 -0.48672E+01 -0.52293E+01 -0.46000E+01 -0.52945E+01 -0.43030E+01 -0.35158E+01
 -0.36719E+01 -0.16758E+01 -0.23165E+01 -0.19915E+01 -0.22665E+01  0.10016E+01
  0.20933E+01 -0.20587E+01 -0.21775E+01 -0.21387E+01 -0.98747E+00 -0.33884E+01
 -0.34312E+01 -0.40756E+01  0.11423E+01  0.42042E+01  0.37269E+01  0.47779E+01
  0.44399E+01  0.44790E+01  0.36397E+01  0.60554E+01  0.98397E+01  0.10039E+02
  0.11179E+02  0.88539E+01  0.41985E+01  0.19537E+00  0.14189E+01 -0.72366E+00
 -0.14438E+01 -0.74388E+00 -0.40490E+01 -0.43052E+01 -0.45818E+01 -0.52146E+01
 -0.10497E+02 -0.11168E+02 -0.83358E+01 -0.60423E+01 -0.56430E+01 -0.34386E+01
 -0.41997E+01 -0.39379E+01 -0.28753E+01  0.24948E+01  0.52567E+01  0.42316E+01
  0.49208E+01  0.32518E+01  0.60745E+01  0.50590E+01  0.39955E+01  0.29615E+01
  0.22637E+01  0.36178E+01  0.50275E+01  0.37412E+01 -0.57940E+00 -0.13979E+01
 -0.22534E+01 -0.17757E+01 -0.27333E+01 -0.28257E+01  0.26644E+00  0.54031E+01
  0.47594E+01  0.15327E+01 -0.38099E+00 -0.26422E+01 -0.34882E+01 -0.39797E+01
 -0.22263E+01 -0.21903E+01 -0.21135E+01 -0.21776E+01 -0.22754E+01 -0.62577E+00
  0.29421E+01  0.24878E+01 -0.17283E+01 -0.15659E+01 -0.15930E+01 -0.20972E+01
 -0.31659E+01 -0.25263E+01 -0.16916E+01 -0.48084E+01 -0.41222E+01 -0.26562E+01
 -0.11512E+00  0.15126E+01  0.22472E+01  0.52972E+01  0.57849E+01  0.59287E+01
  0.53857E+01  0.30361E+01  0.61016E+00 -0.36482E+01 -0.57230E+01 -0.26079E+01
 -0.16467E+01 -0.11158E+00  0.50200E+01  0.97767E+01  0.14678E+02  0.12035E+02
  0.77395E+01  0.72622E+01  0.75252E+01  0.63328E+01  0.45014E+01  0.53383E+01
  0.57185E+01  0.65815E+01  0.50828E+01  0.56897E+01  0.56557E+01  0.63314E+01
  0.46097E+01  0.67100E+00 -0.43971E+00 -0.62240E+01 -0.61444E+01 -0.44252E+01
 -0.22938E+01 -0.22931E+00 -0.57304E+00 -0.25922E+00 -0.45262E+00  0.83408E+00
 -0.14611E+01 -0.19012E+01 -0.49949E+01 -0.60348E+01 -0.80551E+01 -0.77470E+01
 -0.23770E+01 -0.20688E+01 -0.18644E+01 -0.19277E+01 -0.41020E+01 -0.71214E+01
 -0.60479E+01 -0.25216E+01 -0.17751E+01 -0.29932E+01 -0.18380E+01 -0.15482E+01
 -0.17338E+01 -0.17728E+01 -0.17298E+01 -0.11967E+01 -0.82151E+00 -0.17140E+00
  0.91875E+00 -0.11623E+01 -0.73341E+00 -0.71087E+00 -0.19626E+00 -0.13975E+01
 -0.28289E+01 -0.35709E+00 -0.30659E+01 -0.32588E+01 -0.26939E+01 -0.26435E+01
 -0.11039E+01  0.25581E+01  0.71320E+01  0.73160E+01  0.66015E+01  0.68396E+01
  0.75472E+01  0.78929E+01  0.76241E+01  0.67352E+01  0.62099E+01  0.50888E+01
  0.35610E+01  0.24788E+01  0.28058E+00 -0.96690E+00 -0.15568E+01 -0.15009E+01
 -0.42334E+00 -0.65160E+00 -0.31263E+01 -0.21937E+01  0.52144E+00  0.64434E+00
  0.14061E+01 -0.21645E+00 -0.34581E+01 -0.36528E+01 -0.59956E+00 -0.15481E+01
 -0.34604E+01 -0.19198E+00  0.48055E+00  0.87087E+00  0.15603E+01  0.18559E+01
  0.23130E+01  0.20162E+01  0.31734E+01  0.18089E+01 -0.27595E+00  0.13102E+01
  0.90198E+00  0.51975E+00 -0.10388E+00  0.76007E+00  0.12059E+01  0.42402E+01
  0.48291E+01  0.48627E+00 -0.13704E+01 -0.38694E+01 -0.42482E+01 -0.74208E+00
  0.16814E+01  0.25227E+01 -0.77853E+00 -0.43826E+01 -0.25776E+01 -0.23415E+01
 -0.27016E+01 -0.33087E+01  0.16455E+01  0.20819E+01 -0.36687E+01 -0.41514E+01
 -0.38821E+01 -0.42812E+01 -0.36832E+01 -0.32079E+01 -0.33750E+01 -0.30204E+01
 -0.22406E+01 -0.16538E+01  0.56879E+00 -0.28009E+00 -0.23005E+01 -0.29522E+01
 -0.19924E+01 -0.14819E+01  0.59116E-01  0.41607E+01  0.35719E+01  0.39689E+01
  0.35955E+01  0.39497E+01  0.38621E+01  0.44172E+01  0.57203E+01  0.37311E+01
  0.36454E+01  0.31883E+01  0.29537E+01  0.50784E+00 -0.27570E+01 -0.26870E+01
 -0.27174E+01 -0.26380E+01 -0.26665E+01 -0.31442E+01 -0.40641E+01 -0.30601E+01
 -0.37738E+01 -0.33140E+01 -0.20911E+01 -0.30149E+01 -0.36877E+01 -0.28195E+01
 -0.96358E+00 -0.11705E+01 -0.27813E+01 -0.29754E+01 -0.24638E+01 -0.24350E+01
 -0.31976E+01 -0.84348E+01 -0.11095E+02 -0.11113E+02 -0.10923E+02 -0.71117E+01
 -0.32078E+01 -0.23996E+01 -0.16487E+01 -0.16498E+01 -0.66531E+00  0.21688E+01
  0.64809E+01  0.11898E+02  0.12222E+02  0.12704E+02  0.11771E+02  0.11972E+02
  0.10866E+02  0.63906E+01  0.53976E+01  0.53142E+01  0.40573E+01  0.62189E+01
  0.69894E+01  0.30271E+01  0.36304E+01  0.71900E+00 -0.28926E+01 -0.32938E+01
 -0.32362E+01 -0.34146E+01 -0.45047E+01 -0.44732E+01 -0.31812E+01 -0.14065E+01
 -0.14862E+01 -0.50886E+01 -0.10146E+02 -0.64712E+01 -0.44662E+01 -0.89118E+01
 -0.59840E+01 -0.28763E+01 -0.22084E+01 -0.23333E+01  0.15915E+01  0.30855E+01
  0.36493E+01  0.39810E+01  0.41568E+01  0.55691E+01  0.66565E+01  0.59704E+01
  0.39863E+01  0.39985E+01  0.33588E+01  0.35694E+01  0.29111E+01  0.42694E+01
  0.39469E+01  0.36135E+01  0.39522E+01  0.39288E+01  0.87300E+00 -0.27212E+01
 -0.47223E+01 -0.92451E+01 -0.10028E+02 -0.10113E+02 -0.10649E+02 -0.71337E+01
 -0.27122E+01 -0.23608E+01 -0.10701E+01 -0.45159E+01 -0.52326E+01 -0.24024E+01
 -0.16688E+01 -0.15628E+01 -0.22274E+01 -0.28957E+01 -0.30721E+01 -0.46113E+01
 -0.57477E+01 -0.25855E+01 -0.25687E+01 -0.15942E+01  0.88855E+00  0.30403E+01
  0.29783E+00 -0.18101E+01 -0.16394E+01 -0.18513E+01 -0.16159E+01 -0.12299E+01
  0.63392E+00 -0.57706E+00 -0.42706E-01 -0.16437E+01 -0.60687E+01 -0.64466E+01
 -0.70562E+01 -0.67948E+01 -0.63961E+01 -0.71155E+01 -0.24572E+01  0.78241E+00
  0.27478E+00  0.96293E+00 -0.12219E+00 -0.40392E+01 -0.63815E+00  0.37915E+01
  0.46168E+01  0.73569E+01  0.59968E+01  0.74422E+01  0.45391E+01  0.25548E+01
  0.15716E+01  0.43391E+01  0.47855E+01  0.12155E+01  0.21226E+01  0.10870E+01
  0.15594E+01  0.21413E+01  0.17502E+01  0.22819E+01  0.20429E+01  0.38093E+01
  0.82719E+01  0.11301E+02  0.15743E+02  0.17806E+02  0.18191E+02  0.13224E+02
  0.80408E+01  0.47267E+01  0.40214E+01  0.24416E+01 -0.17253E+00 -0.21739E+01
 -0.30481E+01 -0.34267E+01 -0.33856E+01 -0.43417E+01 -0.27854E+01 -0.12719E+01
 -0.33867E+01 -0.31786E+01 -0.22612E+01  0.25705E+01  0.33597E+01  0.32465E+01
  0.32652E+01  0.34063E+01  0.40246E+01  0.26671E+01 -0.18524E+01 -0.33992E+01
 -0.35831E+01 -0.34013E+01 -0.34997E+01 -0.27812E+01 -0.38155E+01 -0.44842E+01
 -0.30434E+01 -0.34522E+01 -0.30884E+01 -0.34097E+01 -0.30963E+01 -0.24930E+01
  0.21285E+01 -0.62367E+00 -0.32347E+01 -0.37103E+01 -0.17461E+01  0.22886E+01
  0.18313E+01  0.36210E+01  0.39438E+01  0.40399E+01  0.35679E+01  0.40131E+01
  0.43694E+01  0.46289E+01  0.46116E+01  0.43085E+01  0.78417E+01  0.70409E+01
  0.48270E+01  0.45109E+01  0.39013E+01  0.35925E+01  0.31631E+01  0.38718E+01
  0.42520E+01  0.46953E+01  0.37917E+01  0.60868E+01  0.32786E+01 -0.19248E+01
 -0.16841E+01 -0.30272E+01  0.39711E-01 -0.39169E+00  0.64750E+00  0.70986E+00
 -0.23970E+01 -0.54744E+01 -0.92631E+01 -0.50562E+01 -0.67133E+01 -0.76367E+01
 -0.54816E+01 -0.35343E+01 -0.30466E+01 -0.31644E+01 -0.70851E+00  0.96203E+00
 -0.96980E+00  0.10813E+01  0.28149E+01 -0.17889E+01 -0.12772E+01 -0.65401E+00
  0.26598E+01  0.29302E+01  0.23446E+01  0.39705E+01  0.29318E+01  0.25096E+01
  0.15824E+01  0.10580E+01  0.10944E+01 -0.66107E+00 -0.13915E+01 -0.22666E+01
 -0.42969E+01 -0.49031E+01 -0.67735E+01 -0.10181E+02 -0.88842E+01 -0.74495E+01
 -0.96896E+01 -0.97163E+01 -0.70876E+01 -0.35472E+01 -0.31041E+01 -0.38809E+01
 -0.53114E+01 -0.44522E+01 -0.58734E+01 -0.44869E+01 -0.24115E+01  0.15931E+01
  0.35496E+01  0.32780E+01  0.39236E+01  0.34329E+01  0.43663E+01  0.13744E+01
 -0.77081E+00 -0.13785E+01  0.97924E+00  0.35282E+01  0.39010E+01  0.42050E+01
  0.35509E+01  0.41764E+01  0.41016E+01  0.32025E+01  0.14566E+01 -0.21256E+01
 -0.37509E+01 -0.44660E+01 -0.40596E+01 -0.43087E+01 -0.38059E+01  0.18091E+01
  0.22953E+01  0.99341E+00  0.21556E+01  0.19140E+01  0.40303E-01 -0.20154E+01
 -0.40302E+01 -0.31020E+01 -0.59097E+01 -0.10251E+02 -0.90385E+01 -0.10676E+02
 -0.10533E+02 -0.11049E+02 -0.10017E+02 -0.91068E+01 -0.62583E+01 -0.25428E+01
 -0.35397E+01 -0.33743E+01 -0.34352E+01 -0.33906E+01 -0.38655E+01 -0.43147E+01
 -0.39467E+01 -0.39853E+01 -0.10474E+01  0.28023E+01  0.31760E+01  0.15740E+01
  0.41212E+00  0.35326E+00  0.34494E+01  0.46030E+01  0.48394E+01  0.32803E+01
  0.33701E+01  0.43736E+01  0.40754E+01  0.51738E+01  0.43964E+01  0.69822E+01
  0.78485E+01  0.59516E+01  0.47049E+01  0.61635E+01  0.16691E+01 -0.18058E+01
 -0.12476E+01 -0.20375E+01 -0.89233E+00 -0.47701E+00 -0.75791E+00 -0.12914E+01
 -0.77746E+00 -0.55019E+01 -0.78048E+01 -0.73705E+01 -0.74820E+01 -0.44242E+01
  0.32916E+00  0.43692E+00  0.19872E+01  0.40574E+01  0.26592E+01  0.24012E+01
  0.46795E+01  0.76097E+01  0.79349E+01  0.94798E+01  0.12245E+02  0.14190E+02
  0.96926E+01  0.72197E+01  0.68969E+01  0.64519E+01  0.25065E+01 -0.30229E+00
 -0.40758E+00 -0.26941E+00 -0.57693E+00  0.58251E+00 -0.19660E+01 -0.63308E+01
 -0.54664E+01 -0.53706E+01 -0.41293E+01 -0.20449E+01  0.25513E+00  0.99540E+00
  0.14241E+00  0.45566E+00 -0.13294E+01 -0.49654E+01 -0.43978E+01 -0.53803E+01
 -0.35833E+01 -0.15205E+01  0.14115E+00  0.26961E+01  0.18827E+01  0.20515E+01
  0.21761E+01  0.19346E+01  0.30044E+01  0.15114E+01  0.11126E+01  0.28378E+01
  0.43180E+01  0.52246E+01  0.68608E+01  0.52665E+01  0.34750E+01  0.37300E+01
  0.19947E+01  0.32467E+01  0.55147E+01  0.71663E+01  0.75387E+01  0.92704E+01
  0.91171E+01  0.92870E+01  0.73421E+01  0.21495E+01  0.67089E+01  0.95959E+01
  0.93989E+01  0.95504E+01  0.71825E+01  0.42223E+01  0.24783E+01  0.29719E+01
  0.33004E+01  0.32557E+01  0.31014E+01  0.39926E+01  0.33036E+01  0.29231E+01
 -0.13520E+00 -0.34884E+01 -0.47732E+01 -0.35457E+01 -0.31943E+01 -0.78547E+01
 -0.91135E+01 -0.10725E+02 -0.11218E+02 -0.87980E+01 -0.61512E+01 -0.47210E+01
 -0.48148E+01 -0.27661E+01 -0.18554E+01 -0.41069E+01 -0.49323E+01 -0.26492E+01
 -0.35432E+01 -0.36370E+01  0.12438E+00  0.45971E+00 -0.11193E+01 -0.18923E+01
 -0.33468E+01 -0.37726E+01 -0.35483E+01 -0.37436E+01 -0.34841E+01 -0.32188E+01
 -0.32155E+01 -0.35016E+01 -0.29836E+01 -0.35112E+01 -0.33182E+01 -0.39810E+01
 -0.36358E+01 -0.39161E+01 -0.34815E+01 -0.37913E+01 -0.53491E+01 -0.62551E+01
 -0.83139E+01 -0.46613E+01 -0.34687E+01 -0.34145E+01 -0.34234E+01 -0.36532E+01
 -0.32868E+01 -0.39083E+01 -0.39225E+01 -0.30381E+01 -0.30094E+01 -0.24778E+01
 -0.15372E+01 -0.31149E+01 -0.19665E+01 -0.17817E+01 -0.43638E+01 -0.37740E+01
 -0.32347E+01 -0.38556E+01 -0.31267E+01 -0.40056E+01  0.24763E+00  0.96558E+00
 -0.90687E+00 -0.18618E+01 -0.20239E+01  0.27105E+01  0.38221E+01  0.26891E+01
  0.86152E+00 -0.15398E+01 -0.16145E+01 -0.16834E+01 -0.10098E+01 -0.15430E+01
  0.46960E+00  0.57781E+01  0.66081E+01  0.32153E+01  0.51388E+01  0.64758E+01
  0.39577E+01  0.31962E+01  0.52704E+01  0.63547E+01  0.32075E+01  0.31481E+01
  0.54849E+00  0.52453E+00 -0.46690E+00  0.43374E+00  0.59715E+00  0.46570E+00
  0.16097E+01  0.12552E+01  0.35295E+00  0.42376E+00  0.31265E+00  0.43358E+00
  0.57131E+00  0.15670E+01  0.58565E+01  0.33538E+01  0.18000E+01  0.26342E+01
  0.47552E+01  0.44770E+01  0.45034E+01  0.72336E+01  0.55200E+01  0.53404E+01
  0.57049E+01  0.39486E+01  0.20664E+01  0.23342E+01  0.15048E+01  0.20641E+01
  0.68865E+00  0.17031E+01  0.80490E+00 -0.31832E+01 -0.50338E+01 -0.41290E+01
  0.11526E+01  0.14540E+01  0.13801E+01  0.16741E+01  0.14036E+01  0.11589E+01
  0.10129E+01  0.97255E+00  0.12535E+01  0.45565E+00  0.13401E+01  0.14260E+01
  0.26428E+01  0.34621E+01  0.18956E+01  0.25386E+01  0.26673E+01  0.29982E+01
  0.33404E+01  0.30662E+01  0.13713E+01  0.10302E+01  0.20803E+00  0.45177E+00
  0.81607E+00  0.11136E+01  0.12032E+01  0.12036E+01  0.28752E+01  0.20167E+00
 -0.16771E+01 -0.81317E+00  0.83594E+00 -0.81070E+00 -0.32021E+01 -0.15232E+01
 -0.80249E+00  0.10751E+01  0.62032E+00  0.93991E+00  0.84073E-01 -0.60104E+00
 -0.21512E+01 -0.49551E+01 -0.47674E+01 -0.63087E+01 -0.61841E+01 -0.63883E+01
 -0.66819E+01 -0.20416E+01  0.37795E+00  0.34995E+00  0.52704E+01  0.72553E+01
  0.71882E+01  0.78825E+01  0.45919E+01  0.22612E+01  0.14197E+01  0.56356E-01
 -0.68449E-01 -0.36965E+00 -0.15734E+01 -0.37742E+01 -0.40459E+01 -0.48449E+01
 -0.47322E+01 -0.19216E+01 -0.20411E+01 -0.38007E+00  0.54214E+00 -0.37229E+00
  0.48288E+00  0.13436E+01  0.92666E+00  0.15143E+01  0.36204E+00  0.34061E+00
  0.12680E+01 -0.37783E+01 -0.52482E+01 -0.55170E+01 -0.52991E+01 -0.55678E+01
 -0.53093E+01 -0.50638E+01 -0.33940E+01 -0.48030E+00 -0.30363E+00 -0.11075E+01
 -0.26391E+01  0.60500E+00 -0.31589E+01 -0.60389E+01 -0.43807E+01 -0.31367E+01
 -0.21991E+01 -0.11780E+01 -0.35569E+00 -0.14069E+01  0.38085E+00  0.24026E+01
  0.22351E+01  0.25019E+01  0.21986E+01  0.21145E+01  0.18762E+01  0.10843E+01
 -0.21771E+01 -0.37508E+01 -0.61540E+00 -0.13175E+00 -0.13843E+01 -0.47259E+01
 -0.50352E+01 -0.48080E+01 -0.49151E+01 -0.48367E+01 -0.51129E+01 -0.49937E+01
 -0.26814E+01 -0.37360E+01 -0.23671E+01 -0.25206E+00  0.27904E+00  0.18203E+01
  0.15937E+01  0.27560E+01  0.38347E+01  0.31176E+01  0.30264E+01  0.27234E+01
  0.10501E+01  0.14228E+01 -0.19257E+01  0.28521E+00  0.12705E+01 -0.60751E+00
 -0.17224E+01 -0.47537E+01 -0.42328E+01 -0.47501E+01 -0.46860E+01 -0.52554E+01
 -0.42428E+01 -0.17651E+01 -0.45736E+00  0.15819E+01  0.21319E+01  0.10443E+01
  0.24836E+01  0.47263E+00  0.15237E+01  0.28106E+01  0.22239E+01  0.52171E+01
  0.62289E+01  0.77215E+01  0.55136E+01  0.20929E+01  0.35593E+01  0.43406E+01
  0.27339E+01  0.32347E+01  0.33120E+01  0.20392E+01 -0.16993E+01 -0.79408E+00
  0.36551E+00  0.13356E+01 -0.18073E+01 -0.39067E+01 -0.33806E+01 -0.49415E+01
 -0.43525E+01 -0.30671E+01 -0.54749E+01 -0.25893E+01 -0.10032E+01 -0.26648E+01
 -0.70390E+00 -0.24155E+00  0.22690E+01  0.30266E+01  0.10710E+01  0.16838E+00
  0.21531E+01  0.26522E+01  0.30826E+01  0.66620E+01  0.75825E+01  0.47596E+01
  0.46195E+01  0.18708E+01  0.15635E+01  0.13696E+01 -0.37972E+01 -0.56829E+01
 -0.57212E+01 -0.63072E+01 -0.65570E+01 -0.62519E+01 -0.52411E+01 -0.45965E+01
 -0.48245E+01 -0.12867E+01  0.13856E+01  0.16996E+01 -0.90535E+00 -0.71397E+00
  0.23296E+01  0.18708E+01  0.26358E+01  0.18984E+01  0.32278E+01  0.22398E+01
  0.35374E+01  0.62034E+01  0.80283E+01  0.39113E+01  0.12981E+01  0.14739E+01
  0.35730E+00 -0.73158E+00 -0.63902E+01 -0.63780E+01 -0.76655E+01 -0.39695E+01
 -0.39037E+01 -0.64784E+01 -0.58963E+01 -0.53868E+01 -0.28868E+01 -0.36327E+01
 -0.15692E+01  0.15546E+01  0.19487E+01  0.22090E+01  0.20013E+01  0.21949E+01
  0.54019E+01  0.82488E+01  0.87780E+01  0.89211E+01  0.89304E+01  0.89545E+01
  0.87949E+01  0.89544E+01  0.88485E+01  0.54949E+01  0.33220E+01  0.22448E+01
  0.47716E+01  0.29720E+01  0.10442E+01 -0.20237E+01 -0.33518E+01 -0.26338E+01
 -0.52191E+01 -0.59365E+01 -0.49232E+01 -0.34107E+01 -0.13446E+01 -0.22762E+00
  0.89687E+00  0.14025E+00 -0.28020E+01 -0.17666E+01 -0.77853E-01  0.99080E+00
  0.19218E+01  0.14508E+01  0.14183E+01  0.43734E+01  0.32598E+01  0.26237E+01
  0.21155E+01  0.28086E+01  0.20999E+01  0.16935E+00 -0.17966E+01 -0.13671E+01
 -0.20778E+01 -0.30021E+01 -0.29924E+01 -0.42993E+01 -0.53183E+01 -0.52789E+01
 -0.47735E+01 -0.48401E+01 -0.45057E+01 -0.41359E+01 -0.40930E+01 -0.44381E+01
 -0.38420E+01 -0.34091E+01 -0.35667E+01 -0.31415E+01 -0.95020E+00  0.11444E+01
  0.25223E+01  0.32521E+01  0.42976E+01  0.59632E+01  0.47396E+01  0.42141E+01
  0.31482E+01  0.19989E+01  0.17982E+01 -0.34450E+00 -0.10397E-01 -0.15906E+01
 -0.15906E+01 -0.21867E+01 -0.22166E+01 -0.35145E+01 -0.30503E+01 -0.28702E+01
 -0.13048E+01 -0.85956E+00 -0.24862E+00 -0.20627E+01 -0.51792E+00  0.22283E+01
  0.26777E+01  0.29747E+01  0.37211E+01  0.54832E+01  0.21037E+01  0.32643E+01
  0.46409E+00  0.23566E+00  0.29556E-01 -0.24438E+01 -0.52253E+01 -0.14188E+01
 -0.11104E+01 -0.38510E+01 -0.33384E+01 -0.31953E+01 -0.54551E+00 -0.12417E+01
  0.10369E+01  0.26025E+01  0.28347E+01  0.26344E+01  0.28464E+01  0.31382E+01
  0.30773E+01  0.29755E+01  0.32061E+01  0.30877E+01  0.25032E+01  0.33801E+01
  0.14661E+01 -0.13242E+01 -0.32418E+01 -0.18225E+01 -0.95101E+00 -0.71635E+00
  0.19026E+01  0.87646E+00 -0.92022E+00 -0.20649E-01 -0.11060E+01 -0.39518E+01
 -0.22239E+01  0.11827E+01  0.97572E+00 -0.24008E+01 -0.46816E+01 -0.22090E+01
 -0.26177E+00 -0.68195E+00  0.52269E+00  0.31647E+01  0.25831E+01  0.36633E+01
  0.39343E+01 -0.20004E+01 -0.11557E+01 -0.28549E+01 -0.29311E+01 -0.40952E+01
 -0.64738E+01 -0.12186E+01 -0.59252E+00 -0.10416E+01  0.18243E+00 -0.20229E+01
 -0.76350E+00  0.17587E+01 -0.24784E+00  0.66108E+00  0.68420E+00  0.45283E+00
  0.15291E+01 -0.17989E+00 -0.10812E+01 -0.30835E+01 -0.37431E+01 -0.29933E+01
 -0.13151E+01  0.24559E+01  0.28883E+01  0.32246E+01  0.28922E+01  0.28107E+01
  0.33995E+01  0.15577E+01  0.20188E+01  0.30053E+01  0.26568E+01  0.32758E+01
  0.30372E+01  0.32629E+01  0.32787E+01  0.34008E+01  0.33963E+01  0.36782E+01
  0.28218E+01 -0.21714E+01 -0.38316E+01 -0.36961E+01 -0.39911E+01 -0.35342E+01
 -0.43971E+01 -0.45007E+01 -0.38094E+01 -0.39906E+01 -0.40324E+01 -0.39440E+01
 -0.62105E+00 -0.20922E+01 -0.37379E+01 -0.19185E+01 -0.33817E+01 -0.22881E+01
 -0.13224E+01 -0.14651E+01  0.41622E+00  0.30776E+01  0.33662E+01  0.31683E+01
  0.40048E+01  0.34582E+01  0.33574E+01  0.44841E+01  0.35906E+01  0.34829E+01
  0.35443E+01  0.34460E+01  0.37120E+01  0.11372E+01 -0.28805E+01 -0.44560E+01
 -0.45069E+01 -0.46674E+01 -0.45582E+01 -0.50115E+01 -0.51195E+01 -0.45399E+01
 -0.44728E+01 -0.46190E+01 -0.42472E+01 -0.46550E+01 -0.28045E+01 -0.25433E+01
 -0.34276E+01 -0.13613E+01 -0.89163E+00 -0.24166E+00  0.37508E+00  0.47398E+00
  0.19805E+01  0.16101E+01  0.26696E+01  0.32613E+01  0.39664E+01  0.36748E+01
  0.33963E+01  0.34060E+01  0.35735E+01  0.36020E+01  0.29102E+01  0.38082E+01
  0.35793E+01  0.42030E+01  0.34305E+01 -0.17545E+00 -0.27524E+01 -0.28762E+01
 -0.31130E+01 -0.30656E+01 -0.32277E+01 -0.33004E+01 -0.34694E+01 -0.34341E+01
 -0.25665E+01 -0.23597E+01  0.24077E+00 -0.17913E+01 -0.10395E+00  0.16450E+01
  0.92824E+00  0.22848E+00 -0.20772E+01 -0.17793E+01 -0.26694E+01 -0.22914E+01
 -0.48506E-01  0.69792E+00 -0.25993E+00 -0.59369E+00 -0.11537E+01 -0.25916E+01
 -0.45198E+01 -0.22545E+01 -0.20635E+00 -0.55141E+00 -0.60648E-01  0.44213E-01
 -0.30929E+00 -0.59939E+00 -0.20386E+00  0.15304E+01 -0.16331E+01  0.14648E+01
  0.60262E+01  0.33537E+01  0.71120E+00  0.20626E+00  0.26977E+00 -0.23462E+00
  0.23985E+00  0.99879E+00  0.14665E+01  0.12214E+01  0.11271E+01  0.17517E+01
  0.10936E+01  0.30632E+01  0.37371E+01  0.31541E+01  0.36707E+01  0.31945E+01
  0.56187E+01  0.52803E+01  0.54176E+01  0.33196E+01  0.30436E+01  0.26510E+01
  0.32314E+01  0.34038E+01  0.77468E+00  0.49844E+00  0.58640E+00  0.22718E+01
  0.17504E+00 -0.18901E+00  0.12615E+01  0.19420E+01  0.20712E+01  0.20818E+01
  0.12685E+01 -0.53979E+00 -0.22327E+01 -0.43949E+01 -0.26516E+01 -0.29433E+01
 -0.34145E+01 -0.41158E+01 -0.42652E+01 -0.42415E+01 -0.37607E+01 -0.15377E+01
  0.21036E+00  0.23338E+01  0.55830E+01  0.27793E+01  0.15597E+01  0.17740E+01
 -0.10203E+00  0.40091E+00 -0.12664E+01  0.15839E+00  0.19568E+01  0.23165E+01
 -0.34997E+00  0.32626E+00  0.43063E+01  0.52451E+01  0.24075E+01  0.33603E+01
  0.40089E+01  0.39300E+01  0.40669E+01  0.27560E+01  0.57269E+00 -0.10642E+01
 -0.30739E+01 -0.17409E+01  0.40595E+00 -0.19721E+01 -0.26449E+01 -0.33006E+01
 -0.28697E+01 -0.27484E+01 -0.27529E+01 -0.28257E+01 -0.29703E+01 -0.13935E+01
 -0.22447E+01 -0.19814E+01 -0.27816E+01 -0.57411E+01	   0.0         0.0
