  0.37820E+01 -0.34797E+00 -0.11338E+01  0.30882E+01  0.21297E+01  0.59657E+01
  0.77628E+01  0.30629E+01 -0.33416E+01 -0.12751E+01  0.69914E+01  0.14006E+02
  0.10204E+02 -0.25642E+01 -0.49058E+01 -0.29616E+01  0.41670E+01 -0.10137E+01
 -0.94568E+01 -0.92521E+01 -0.31635E+01  0.79871E+01  0.81841E+01 -0.35232E+01
 -0.88726E+01 -0.18107E+01  0.23175E+01  0.28266E+01 -0.39488E+01 -0.66906E+00
  0.64338E+01  0.87012E+01  0.82858E+01  0.20789E+01 -0.54150E+01 -0.45880E+01
  0.20496E+00 -0.41785E+01 -0.51491E+01 -0.72524E+01 -0.14619E+01 -0.11215E+01
 -0.75530E+01 -0.65996E+01 -0.78637E+01  0.20214E+01  0.15355E+01 -0.61325E+01
 -0.87259E+01 -0.16596E+01  0.92019E+01  0.94871E+01  0.44947E+01 -0.47721E+01
 -0.25133E+01  0.10022E+02  0.10613E+02  0.18940E+01 -0.48901E+01 -0.13676E+02
  0.42178E+01  0.12298E+02 -0.23312E+01 -0.89889E+01 -0.76563E+01  0.18906E+01
  0.95530E+01  0.53705E+00 -0.13500E+02 -0.98516E+01  0.89131E+00  0.21630E+00
 -0.46345E+01 -0.85850E+01 -0.12587E+00  0.10283E+02  0.13804E+02  0.73642E+01
 -0.32374E+01  0.96152E+01  0.16176E+02  0.16378E+02  0.13607E+02  0.50218E+01
 -0.34542E+00  0.22945E+00 -0.37173E+01 -0.74837E+01 -0.77723E+01 -0.43287E+01
  0.16738E+01  0.12153E+02  0.16775E+02  0.93182E+01  0.60639E+01 -0.26459E+01
 -0.24349E+01 -0.12085E+01 -0.13524E+01 -0.27905E+01 -0.81782E+01  0.11982E+01
  0.59228E+01 -0.20348E+01 -0.84787E+01 -0.16758E+02 -0.11727E+02 -0.10146E+02
 -0.45813E+01 -0.62614E+01 -0.29926E+01  0.14052E+02  0.13813E+02  0.18004E+02
 -0.23397E+01 -0.38654E+01  0.41401E+01 -0.57061E+01 -0.11276E+02  0.48513E+01
  0.88554E+01 -0.11288E+00  0.14384E+02  0.11336E+02 -0.30491E+01 -0.12008E+02
 -0.11079E+02 -0.16856E+02 -0.21360E+02 -0.12987E+02 -0.17393E+02 -0.76427E+01
  0.10020E+02  0.11153E+02  0.71404E+01  0.61822E+01 -0.65206E+01 -0.18653E+02
  0.31332E+01  0.13335E+02  0.15326E+02  0.12159E+02  0.75964E+00  0.49911E+01
  0.11485E+02  0.54639E+01 -0.27808E+01 -0.13608E+01  0.52603E+01  0.83683E+01
  0.38201E+01 -0.26200E+01 -0.48731E+01  0.80314E+01  0.12120E+02  0.30645E+01
 -0.11182E+02 -0.13541E+02 -0.11333E+02 -0.11625E+02 -0.19172E+02 -0.20349E+02
 -0.11818E+01 -0.89236E-01  0.10629E+02  0.19929E+02  0.18028E+02  0.10893E+02
  0.66870E+01  0.46467E+01 -0.12895E+01 -0.55268E+01 -0.70418E+01 -0.65033E+01
  0.53045E+01  0.17099E+02  0.10495E+02  0.75135E+01 -0.20901E+01 -0.11893E+02
 -0.13843E+02 -0.16480E+02 -0.10362E+02 -0.14779E+01  0.64743E+01  0.85182E+01
  0.42507E+01 -0.16181E+01 -0.71968E+01 -0.12718E+02 -0.15309E+02 -0.92630E+01
 -0.24346E+01  0.52313E+01 -0.46616E+01 -0.11561E+02 -0.33553E+01  0.66739E+01
  0.16496E+01 -0.66856E+01  0.65598E+01  0.27858E+02  0.18317E+02  0.10654E+02
  0.98646E+01  0.14042E+02  0.28899E+02 -0.69632E+01 -0.32350E+02 -0.30190E+02
 -0.27043E+02 -0.32550E+01  0.15190E+02 -0.38842E+01 -0.33725E+01  0.40968E+01
  0.13725E+02  0.26273E+02  0.22019E+02 -0.48131E+01 -0.30287E+02 -0.19232E+00
  0.88675E+01 -0.14263E+01 -0.35893E+01 -0.17824E+02 -0.12597E+02 -0.79529E+01
  0.29491E+01 -0.28594E+01 -0.25990E+02 -0.14901E+02 -0.17462E+02 -0.14974E+01
  0.12328E+02  0.35707E+01 -0.14748E+02 -0.22065E+02 -0.14290E+02 -0.35808E+01
 -0.48293E+01 -0.17929E+02  0.95536E+01  0.38786E+02  0.28854E+02  0.18428E+02
 -0.11636E+01 -0.19353E+02 -0.97192E+01 -0.20425E+01  0.19273E+02  0.14276E+02
  0.11292E+02  0.11211E+02  0.17637E+02  0.25038E+02  0.21893E+02  0.23553E+02
 -0.17043E+02  0.54735E+00  0.13266E+02 -0.72362E+00 -0.99658E+01 -0.26692E+02
 -0.17995E+02 -0.10644E+02 -0.57590E+01 -0.26068E+02 -0.10136E+02  0.73421E+01
  0.47415E+01 -0.12829E+02  0.10217E+02  0.16151E+02 -0.85788E+01  0.10126E+01
 -0.10284E+02  0.84017E+01  0.50150E+01 -0.16744E+01 -0.21690E+02 -0.15338E+02
  0.24239E+02  0.13929E+02 -0.57184E+01 -0.20317E+02 -0.12991E+02  0.11036E+02
  0.19473E+02 -0.18843E+02 -0.81534E+01 -0.15247E+02 -0.12325E+02 -0.63145E+01
 -0.88738E+01  0.50766E+01 -0.38110E+01  0.40177E+00  0.10764E+02  0.23838E+02
  0.13697E+02  0.58599E+01 -0.11580E+02 -0.14103E+02  0.40529E+01 -0.19646E+02
 -0.36369E+02 -0.95962E+01  0.93545E+01  0.16409E+02 -0.14918E+01 -0.17646E+02
 -0.10777E+02  0.23375E+01 -0.10915E+01  0.12418E+02  0.24699E+02  0.11229E+02
  0.12056E+02  0.14354E+02  0.42453E+01  0.11742E+02  0.15605E+02  0.40707E+01
 -0.79938E+00 -0.30614E+02 -0.28901E+02 -0.24397E+02  0.18212E+02  0.27566E+02
  0.18444E+01 -0.14176E+02 -0.33274E+02  0.63761E+01  0.22984E+02  0.23021E+02
  0.37121E+02  0.46383E+02 -0.70395E+01 -0.94566E+01  0.13227E+02  0.14920E-02
 -0.13336E+02 -0.55460E+01 -0.29910E+02 -0.16140E+02  0.24032E+02 -0.12457E+02
 -0.16495E+02 -0.45792E+02 -0.45007E+02 -0.88251E+01  0.62405E+01  0.32826E+02
  0.54736E+02  0.31949E+02  0.17744E+02  0.16588E+02  0.18877E+02  0.12861E+02
  0.47717E+01 -0.13824E+02 -0.42469E+02 -0.15785E+02  0.79448E+01  0.17783E+02
  0.97361E+01 -0.47682E+01  0.13213E+02  0.66327E+00  0.11173E+02  0.65995E+00
 -0.11800E+02 -0.93127E+01 -0.28761E+02 -0.19541E+02 -0.43887E+02 -0.29650E+02
 -0.16058E+00  0.12408E+02 -0.22720E+02 -0.26798E+02  0.18452E+02  0.46126E+02
  0.43774E+02 -0.22157E+02 -0.47218E+02  0.17663E+01  0.10387E+02  0.97197E+01
  0.76884E+01 -0.36305E+02 -0.61218E+01  0.16973E+02 -0.24664E+02 -0.25968E+02
  0.12393E+02  0.26787E+02  0.25843E+02  0.23182E+02  0.15418E+02  0.23409E+02
  0.11089E+02  0.16098E+02  0.25508E+02 -0.20257E+01  0.21650E+01 -0.19299E+02
 -0.14186E+02 -0.88464E+01 -0.43732E+02 -0.23389E+02 -0.40357E+02 -0.12171E+02
  0.14380E+01  0.32590E+01  0.13074E+02  0.28105E+02  0.35894E+02  0.24606E+01
 -0.17512E+02 -0.16197E+02  0.22940E+02  0.58745E+01 -0.41376E+02 -0.28140E+02
 -0.58061E+01  0.44025E+00 -0.23972E+02 -0.55587E+02 -0.26930E+02  0.27033E+02
  0.41951E+02  0.53270E+01 -0.71021E+01 -0.10902E+02  0.10070E+02 -0.40765E+01
 -0.20903E+02 -0.80363E+01 -0.32866E+01  0.16599E+02  0.26158E+02 -0.27335E+02
 -0.41382E+02 -0.15128E+02 -0.14268E+02 -0.18477E+02 -0.33670E+02 -0.17375E+02
  0.21118E+02  0.37729E+02  0.34382E+02  0.41590E+02  0.24355E+02  0.30740E+02
  0.26792E+02  0.34959E+02  0.21929E+02  0.60912E+01 -0.32987E+01 -0.36333E+02
 -0.89060E+01 -0.26172E+02 -0.27747E+02 -0.14518E+02 -0.11046E+02 -0.11625E+02
 -0.37151E+01  0.11319E+02  0.11115E+02  0.18892E+02  0.65813E+01 -0.42648E+01
  0.41711E+01  0.25432E+02  0.39375E+02  0.97130E+01 -0.37864E+02 -0.20273E+02
 -0.28926E+02 -0.13939E+02 -0.18849E+01 -0.17899E+02 -0.26289E+02 -0.15531E+02
  0.12983E+02  0.10151E+02  0.40705E+02  0.30236E+02  0.29835E+02  0.26997E+02
  0.32925E+02  0.20858E+02  0.25375E+02 -0.24887E+01 -0.22314E+02 -0.21357E+02
 -0.19892E+02 -0.24429E+02 -0.57303E+02 -0.32856E+02  0.41238E+01 -0.23265E+00
 -0.93161E+01 -0.14706E+02 -0.45991E+02 -0.73149E+01  0.51530E+01 -0.66209E+01
  0.20598E+02  0.51637E+02  0.42448E+02  0.26379E+02 -0.36501E+01 -0.15707E+02
 -0.12493E+02  0.38202E+02  0.10744E+02 -0.35141E+02  0.24748E+01 -0.24537E+02
  0.53068E+01 -0.62713E+01 -0.78758E+01  0.99340E+01  0.18489E+02  0.15952E+02
  0.79182E+01  0.10558E+02  0.58923E+01  0.10752E+01 -0.14577E+02 -0.37128E+01
  0.39650E+01 -0.18553E+02 -0.32399E+02 -0.48776E+02 -0.12007E+02  0.32001E+02
  0.42878E+02  0.42117E+02  0.15975E+02  0.24647E+02  0.33448E+02  0.39579E+02
  0.72739E+01  0.19320E+01  0.19802E+02  0.11329E+02  0.19194E+02 -0.14474E+02
 -0.46337E+02 -0.95146E+01  0.65207E+01  0.24162E+02 -0.41727E+01  0.26600E+01
 -0.15622E+02 -0.28312E+02  0.17819E+02  0.19460E+02  0.42046E+02  0.15146E+02
  0.53614E+01 -0.54828E+01 -0.19332E+02 -0.34286E+02 -0.33329E+02 -0.14917E+01
  0.28207E+02  0.42365E+02  0.61353E+02  0.37513E+02  0.36931E+01 -0.46033E+01
 -0.11079E+02  0.55607E+01 -0.91384E+01 -0.67396E+01  0.89191E+01  0.22255E+02
  0.19872E+02  0.84711E+01  0.10635E+01 -0.11706E+02 -0.14945E+02 -0.54365E+01
 -0.31509E+02 -0.39874E+01  0.21758E+02 -0.17171E+02  0.19286E+02  0.75392E+00
 -0.12228E+02  0.25321E+02  0.28169E+01 -0.28256E+02 -0.17392E+02  0.16319E+02
  0.27391E+02  0.10071E+02 -0.22629E+02 -0.10232E+02 -0.13343E+02 -0.20526E+02
 -0.28093E+01 -0.17042E+02  0.28461E+02  0.54137E+02  0.16781E+02  0.97898E+01
 -0.15595E+02 -0.15883E+02 -0.26714E+01 -0.11554E+02 -0.28566E+02 -0.86940E+01
  0.24095E+02 -0.99221E+01 -0.93621E+01 -0.81597E+01 -0.12202E+02  0.43736E+02
  0.26402E+02  0.17989E+02  0.38181E+02  0.97325E+01 -0.88127E+00 -0.11029E+02
 -0.94018E+01  0.10571E+01  0.80298E+01 -0.46323E+01 -0.55797E+01 -0.14699E+02
 -0.21838E+02 -0.91957E+01 -0.27357E+02 -0.13777E+02  0.18342E+02  0.35830E+02
  0.29423E+02  0.40892E+01  0.21433E+01 -0.11833E+02  0.66086E+00  0.31242E+01
  0.59145E+01  0.26908E+02  0.15396E+02  0.25442E+02 -0.18478E+02 -0.44703E+02
 -0.20799E+02  0.36943E+02  0.35727E+02 -0.33926E+02 -0.37594E+02 -0.31197E+02
 -0.20753E+02  0.73998E+01 -0.13133E+02 -0.24735E+01  0.56777E+02  0.39936E+02
  0.19542E+02  0.11091E+02  0.38615E+01 -0.18825E+02 -0.95452E+01  0.51081E+01
 -0.22899E+02 -0.37376E+02 -0.44113E+02 -0.10914E+02 -0.18344E+02 -0.17731E+02
 -0.11086E+02 -0.39881E+02 -0.81663E+01  0.38679E+02  0.35048E+02  0.27879E+02
  0.46176E+02  0.60278E+02  0.34321E+02  0.52219E+01 -0.30396E+02 -0.48679E+02
 -0.38751E+02 -0.90615E+01  0.20691E+02 -0.87624E+01 -0.37711E+02 -0.54022E+02
  0.24268E+01  0.63554E+02  0.52351E+02 -0.52793E+01 -0.30332E+02 -0.18268E+02
 -0.12279E+02 -0.72825E+01 -0.65045E+02 -0.56656E+02 -0.17319E+02 -0.25354E+02
 -0.19241E+02  0.82546E+01  0.41054E+02  0.56999E+02  0.96128E+02  0.97668E+02
  0.37451E+02 -0.28857E+02 -0.61541E+02 -0.35775E+02 -0.43706E+02 -0.98542E+02
 -0.13740E+03 -0.11981E+03 -0.55970E+02  0.72905E+02  0.14852E+03  0.13077E+03
  0.91951E+02  0.43562E+02 -0.87957E+01 -0.11170E+03 -0.12933E+03 -0.93985E+02
 -0.57832E+02  0.11812E+02  0.39367E+02 -0.23240E+02 -0.54244E+02 -0.98026E+01
  0.57525E+02  0.99014E+02  0.74921E+02  0.56484E+02  0.30691E+02  0.49933E+02
  0.40727E+02  0.64268E+02  0.86548E+02  0.46151E+02  0.44343E+02 -0.12233E+02
 -0.33514E+02 -0.68594E+02 -0.12341E+03 -0.13354E+03 -0.15960E+03 -0.21616E+03
 -0.22551E+03 -0.14520E+03 -0.35350E+02  0.70924E+02  0.69185E+02  0.67611E+02
  0.12910E+03  0.12550E+03  0.77285E+02  0.70539E+02  0.22895E+02 -0.65117E+02
 -0.97882E+02 -0.89389E+02 -0.82614E+02 -0.59864E+02 -0.24803E+02  0.81416E+01
  0.33800E+02  0.25172E+02  0.51511E+01 -0.48776E+01  0.52753E+02  0.93549E+02
  0.80646E+02 -0.10443E+02 -0.81594E+02 -0.21995E+02  0.12726E+02 -0.15486E+02
 -0.42980E+02 -0.86061E+02 -0.29232E+02  0.30992E+02 -0.38863E+01 -0.49117E+02
 -0.10427E+03 -0.35458E+02  0.95901E+02  0.11869E+03  0.80871E+02  0.67543E+02
  0.85536E+02  0.66983E+02 -0.74438E+01 -0.37615E+02 -0.49090E+02 -0.88405E+02
 -0.68948E+02  0.28835E+01  0.54043E+02  0.10761E+03  0.11919E+03  0.95365E+02
  0.86136E+02  0.60255E+02  0.36078E+02 -0.73326E+01 -0.63555E+02 -0.86543E+02
 -0.94341E+02 -0.56625E+02 -0.28677E+02 -0.62440E+02 -0.95073E+02 -0.14783E+03
 -0.13559E+03 -0.72160E+02  0.22022E+02  0.73222E+02  0.22494E+02  0.38319E+02
  0.60233E+02  0.77531E+02  0.85245E+02  0.40233E+02  0.43969E+02  0.74295E+02
  0.45425E+02 -0.62306E+02 -0.14973E+03 -0.17378E+03 -0.18338E+03 -0.14907E+03
 -0.10894E+03 -0.71844E+02 -0.56557E+02  0.85941E+01  0.99084E+02  0.80846E+02
  0.11319E+03  0.20511E+03  0.13874E+03  0.88227E+02  0.10975E+03  0.70469E+02
  0.26652E+02  0.21181E+02 -0.94752E+01 -0.10530E+02 -0.52947E+02 -0.10378E+03
 -0.35994E+02  0.64934E+02  0.92249E+02  0.31392E+02 -0.24264E+02 -0.10705E+03
 -0.12465E+03 -0.11232E+03 -0.67417E+02 -0.65620E+01  0.13025E+02  0.91075E+01
  0.49745E+01  0.45714E+02  0.74035E+02  0.48836E+02  0.65016E+02  0.98264E+02
  0.65723E+02  0.85468E+02  0.83554E+02  0.69552E+02  0.35001E+02 -0.88617E+02
 -0.85739E+02 -0.29985E+02 -0.34589E+02 -0.55422E+02 -0.96249E+02 -0.72886E+02
  0.37321E+02  0.87588E+02  0.45921E+02 -0.39641E+01 -0.27190E+02 -0.61670E+02
 -0.81927E+02  0.14764E+01  0.82575E+02  0.68463E+02  0.38930E+02  0.58132E+02
  0.63700E+02  0.90353E+02  0.11256E+03  0.11290E+03  0.87116E+02  0.19276E+02
 -0.48946E+02 -0.10682E+03 -0.19242E+03 -0.24786E+03 -0.15529E+03 -0.57903E+02
  0.14892E+02  0.41335E+02  0.58264E+02  0.14816E+03  0.22524E+03  0.21629E+03
  0.77770E+02 -0.43631E+02 -0.10096E+03 -0.12363E+03 -0.72558E+02 -0.37332E+02
 -0.22747E+02 -0.15887E+02 -0.19265E+02 -0.30927E+02 -0.59338E+02 -0.43056E+02
  0.81673E+02  0.23991E+03  0.21527E+03  0.99730E+02 -0.14458E+02 -0.11750E+03
 -0.22411E+03 -0.28740E+03 -0.24305E+03 -0.94667E+02  0.26678E+02  0.98541E+02
  0.20633E+03  0.23355E+03  0.20074E+03  0.19748E+03  0.24741E+03  0.22488E+03
  0.11824E+03  0.76434E+02  0.12718E+03  0.62129E+02 -0.71247E+02 -0.14471E+03
 -0.16807E+03 -0.20091E+03 -0.15480E+03  0.22202E+02  0.10947E+03  0.10051E+03
 -0.56152E+01 -0.20281E+03 -0.30174E+03 -0.21907E+03 -0.12070E+03  0.13429E+01
  0.22267E+02 -0.31618E+02  0.14992E+02  0.63389E+02  0.41596E+02 -0.38143E+02
  0.29238E+02  0.18936E+03  0.17625E+03  0.51381E+02  0.83367E+01 -0.35058E+02
 -0.71060E+02 -0.36188E+02  0.35687E+01 -0.30847E+02 -0.64794E+02  0.72492E+01
  0.10158E+03  0.54729E+02 -0.35688E+02 -0.69229E+00  0.84655E+01 -0.55045E+02
 -0.82194E+02 -0.52679E+02 -0.10104E+02  0.26304E+02 -0.16147E+02 -0.66109E+02
 -0.64001E+02 -0.54133E+02 -0.25190E+02  0.66365E+02  0.16766E+03  0.23979E+03
  0.24535E+03  0.98969E+02  0.31655E+02  0.12902E+02 -0.97798E+02 -0.15284E+03
 -0.16092E+03 -0.15178E+03 -0.35813E+02  0.28765E+02 -0.42909E+02 -0.40682E+02
 -0.20702E+02  0.94830E+01  0.29515E+02  0.18325E+02  0.51998E+02  0.71971E+02
  0.12231E+03  0.12209E+03  0.52069E+02  0.54106E+01 -0.35441E+02 -0.54372E+02
 -0.65498E+02 -0.53097E+02 -0.94286E+01  0.17757E+02  0.43066E+02  0.32605E+02
 -0.17792E+02 -0.84290E+02 -0.10925E+03 -0.11405E+03 -0.82371E+02 -0.57002E+02
 -0.17340E+02  0.83552E+01 -0.15846E+02  0.71864E+01 -0.30872E+02 -0.49261E+02
 -0.62831E+02 -0.68065E+02 -0.12801E+02  0.10980E+03  0.15414E+03  0.12110E+03
  0.11437E+03  0.14959E+02 -0.37993E+01  0.78605E+02  0.12432E+03  0.14127E+03
  0.37884E+02 -0.85497E+02 -0.13782E+03 -0.11674E+03 -0.11521E+03 -0.12000E+03
 -0.79542E+01  0.52811E+02 -0.14666E+02 -0.51062E+02 -0.74742E+00  0.58618E+02
  0.58819E+02  0.18851E+01  0.47829E+01 -0.24241E+02 -0.96927E+02 -0.16658E+02
  0.49266E+02  0.30285E+02  0.86737E+02  0.10782E+03  0.10248E+03  0.10629E+03
  0.63592E+02 -0.39796E+02 -0.15725E+03 -0.16102E+03 -0.16125E+03 -0.16859E+03
 -0.91650E+02 -0.75913E+01  0.44017E+02  0.62077E+02  0.42325E+02 -0.39338E+02
 -0.12614E+03 -0.87952E+02 -0.25532E+02 -0.19489E+02  0.38194E+02  0.85349E+02
  0.72488E+02  0.37975E+02  0.53832E+01 -0.94092E+02 -0.12266E+03 -0.69053E+02
  0.20249E+02  0.98581E+02  0.60965E+02  0.10779E+03  0.13839E+03  0.60825E+02
 -0.12961E+02 -0.70591E+02 -0.16114E+03 -0.10150E+03  0.87681E+01  0.73699E+02
  0.47903E+02 -0.12296E+02  0.39866E+01 -0.24000E+02 -0.80414E+02 -0.82987E+02
 -0.94637E+02 -0.52057E+02  0.82838E+02  0.17292E+03  0.22939E+03  0.16804E+03
  0.12702E+03  0.11112E+03  0.46160E+01 -0.61169E+02 -0.48136E+02 -0.48375E+02
 -0.31923E+02 -0.18461E+02 -0.79824E+02 -0.16616E+03 -0.15056E+03 -0.11238E+03
 -0.47841E+02  0.97206E+01  0.36142E+02  0.63754E+02  0.30894E+02 -0.45606E+02
 -0.82350E+02 -0.35581E+02 -0.17592E+02 -0.20935E+02  0.31528E+02  0.69803E+02
  0.79151E+02  0.86675E+02  0.34576E+02  0.59386E+02  0.29458E+02 -0.47499E+02
 -0.49411E+02 -0.93300E+02 -0.85898E+02 -0.21188E+02  0.28428E+01 -0.33381E+02
 -0.48597E+02 -0.34947E+02 -0.59270E+01  0.57977E+02  0.30083E+02 -0.11702E+02
 -0.16366E+02 -0.76644E+02 -0.64344E+02  0.10857E+02  0.58347E+02  0.55348E+02
 -0.84081E+00  0.68256E+01  0.52615E+02  0.99498E+02  0.50862E+02  0.10832E+02
 -0.10849E+02 -0.18858E+02 -0.22147E+02 -0.36010E+02 -0.20672E+02 -0.18815E+02
  0.22537E+02  0.12189E+02 -0.30936E+02 -0.74335E+02 -0.10604E+03 -0.11573E+03
 -0.10215E+03 -0.11053E+02  0.53758E+02  0.48602E+02  0.76887E+02  0.49452E+02
  0.22286E+02 -0.12857E+02 -0.17905E+02 -0.37561E+01 -0.33933E+01 -0.35193E+01
  0.14456E+02  0.45075E+02  0.20651E+02 -0.31049E+01 -0.25029E+02 -0.28531E+02
 -0.16244E+02  0.90078E+01  0.15492E+02  0.39270E+02  0.44265E+02  0.44296E+02
  0.34128E+02  0.58980E+01 -0.94152E+02 -0.16551E+03 -0.94882E+02 -0.42261E+02
 -0.20562E+02  0.38192E+02  0.55130E+02 -0.14277E+01  0.42186E+01  0.52038E+02
  0.55467E+02  0.46440E+02  0.56185E+02  0.42006E+02  0.89760E+01  0.16649E+02
  0.29380E+02  0.59362E+01  0.30493E+02  0.35387E+02 -0.45177E+01 -0.28780E+00
  0.95225E+01 -0.49453E+01  0.10802E+02  0.44383E+02  0.24690E+02  0.24713E+01
 -0.23125E+02 -0.36271E+02 -0.17434E+02  0.63816E+00  0.92199E+01 -0.59501E+01
 -0.12081E+02 -0.36727E+01 -0.65153E+01 -0.55353E+01 -0.12159E+02 -0.27497E+02
 -0.37431E+02  0.82668E+01  0.11211E+02 -0.86246E+01 -0.21220E+01  0.58751E+01
 -0.34156E+02 -0.31042E+02  0.46973E+02  0.79928E+02  0.92934E+02  0.60200E+02
 -0.32267E+01 -0.17847E+02  0.16376E+02  0.54559E+02 -0.32979E+01  0.31382E+01
  0.77143E+02  0.30897E+02 -0.39216E+01 -0.21830E+02 -0.15774E+02 -0.16702E+01
  0.92545E+01  0.15121E+02  0.43727E+02  0.45229E+02  0.30915E+02  0.20023E+02
 -0.43781E+01 -0.21916E+02 -0.15000E+02 -0.11137E+02 -0.19601E+01  0.29051E+02
  0.17461E+02  0.67752E+02  0.86693E+02  0.13322E+02 -0.24974E+02 -0.25316E+02
  0.59641E+02  0.63189E+02  0.97714E+02  0.67779E+02 -0.72938E+01  0.28513E+02
 -0.14497E+02 -0.30928E+02 -0.68270E+02 -0.81210E+02 -0.42120E+02  0.13868E+02
  0.61352E+02  0.35144E+02 -0.46212E+02 -0.46181E+02 -0.25630E+02 -0.12287E+02
  0.18500E+02 -0.20577E+02 -0.11486E+02 -0.10774E+02 -0.53545E+02 -0.57300E+02
 -0.31207E+02 -0.13122E+02  0.60560E+01  0.23100E+02 -0.17043E+02 -0.94972E+02
 -0.69038E+02  0.30421E+02  0.60287E+02  0.69364E+02  0.39917E+02  0.32242E+02
  0.61737E+01  0.31861E+02  0.72054E+02 -0.51336E+01 -0.17091E+01 -0.26439E+01
 -0.81311E+01  0.65867E+01  0.21977E+01 -0.79974E+01 -0.46909E+02 -0.63829E+02
 -0.56594E+02 -0.54840E+02 -0.89565E+02 -0.52065E+02  0.22150E+02  0.39582E+02
  0.31481E+02  0.37768E+02  0.42732E+02  0.42891E+02  0.32878E+02  0.85489E+01
  0.10361E+02  0.38520E+02  0.46132E+02 -0.11042E+02 -0.40636E+02 -0.60286E+02
 -0.36938E+02  0.19978E+02  0.30402E+02  0.25067E+02  0.30155E+02  0.42165E+01
 -0.21625E+02 -0.33458E+02 -0.56985E+01  0.20167E+02  0.26184E+01  0.20463E+02
  0.17123E+02 -0.88438E+01  0.64984E+01  0.27991E+02  0.25986E+02  0.12035E+02
 -0.32965E+01 -0.32036E+02 -0.44827E+02 -0.57713E+02 -0.65661E+02 -0.59611E+02
 -0.49831E+02  0.32612E+01 -0.14827E+02 -0.21660E+02  0.19811E+02  0.35758E+02
  0.37368E+02  0.21432E+02 -0.18951E+02 -0.28588E+02 -0.41225E+02 -0.52023E+02
 -0.34604E+02 -0.21636E+02  0.31540E+02  0.38130E+02  0.22922E+02  0.19317E+02
  0.33985E+02  0.46422E+02  0.40535E+02  0.58099E+01  0.85326E+00 -0.12673E+02
 -0.36230E+02 -0.42316E+02 -0.50500E+02 -0.41418E+02 -0.33540E+02 -0.24074E+01
  0.29061E+00 -0.12685E+02 -0.14089E+02 -0.89612E+01  0.12244E+02  0.67352E+01
  0.12000E+02  0.34441E+02  0.31752E+02  0.31224E+02  0.22201E+02  0.18384E+02
 -0.82548E+01  0.10206E+02  0.43155E+02  0.26545E+02  0.92866E+01  0.15458E+02
 -0.14306E+02 -0.82773E+02 -0.79381E+02 -0.44314E+02 -0.49170E+02 -0.64531E+02
 -0.31362E+02  0.38495E+01  0.80196E+00 -0.38144E+02 -0.44507E+02  0.17258E+01
  0.26570E+02  0.55821E+02  0.44282E+02  0.18168E+02  0.23772E+02  0.28092E+02
  0.27169E+02 -0.12277E+02 -0.25406E+02 -0.26467E+01  0.14956E+02  0.42441E+01
 -0.20014E+02 -0.93066E+01 -0.68105E+01 -0.64575E+01 -0.16740E+02 -0.16329E+02
 -0.13271E+02 -0.46938E+02 -0.68864E+02 -0.76425E+02 -0.52412E+02  0.36918E+01
  0.17417E+02 -0.14474E+02 -0.21790E+02 -0.16534E+02  0.30391E+01  0.38865E+02
  0.34919E+02  0.22423E+02  0.19218E+02  0.91683E+01  0.27434E+02  0.18488E+02
 -0.21037E+01 -0.18533E+02 -0.22785E+02  0.16442E+02  0.18368E+02  0.12302E+02
 -0.24233E+01 -0.23675E+02 -0.19545E+02 -0.17533E+02 -0.11165E+02 -0.35193E+01
  0.10710E+02  0.23354E+00  0.12163E+00  0.26777E+02 -0.30561E+01 -0.25058E+02
 -0.27176E+02 -0.26655E+02 -0.37253E+02 -0.14767E+02  0.87724E+01  0.17612E+02
 -0.21510E+01 -0.19154E+02  0.88446E+01  0.76516E+01  0.51802E+01 -0.59935E+01
 -0.22960E+01  0.71116E+01 -0.87046E+00 -0.26069E+02 -0.93268E+01  0.19493E+02
  0.57841E+01  0.25923E+02  0.49025E+02  0.47335E+02  0.33405E+02  0.87716E+01
  0.19959E+02  0.22477E+02  0.30060E+01 -0.65389E+01 -0.25709E+02 -0.96374E+01
 -0.14995E+02 -0.13771E+02  0.45934E+01 -0.64143E+01  0.36195E+01  0.19255E+01
 -0.23159E+01 -0.39003E+01 -0.38115E+01  0.88760E+01  0.44174E+01  0.68921E+01
  0.22920E+02  0.32798E+02  0.19507E+02  0.22679E+02  0.32089E+02  0.36655E+02
  0.28286E+02  0.15507E+02  0.41782E+02  0.52298E+02  0.19114E+02 -0.42069E+02
 -0.44411E+02 -0.21055E+02 -0.21193E+02  0.26536E+02  0.20660E+02  0.78881E+01
  0.85717E+01 -0.18750E+02 -0.53118E+01  0.23851E+01 -0.23970E+00 -0.54744E+01
 -0.22763E+02 -0.23257E+02  0.11872E+01  0.26759E+02  0.33467E+02  0.24554E+02
  0.14754E+02 -0.70213E+01 -0.12389E+02  0.13633E+01  0.22746E+02  0.23158E+02
  0.20330E+02  0.16628E+02  0.94240E+01  0.24337E+02  0.28284E+02  0.19445E+02
  0.86195E+01 -0.14823E+02 -0.11614E+02 -0.33941E+01  0.19390E+02  0.16477E+02
  0.17758E+02  0.25121E+02  0.13532E+02  0.27097E+02  0.14420E+02  0.35780E+01
  0.50636E+01 -0.88272E+01 -0.11009E+02  0.12594E+02  0.32520E+01 -0.10197E+02
 -0.11087E+01 -0.51810E+01 -0.14188E+02 -0.60203E+01  0.12507E+02  0.26288E+02
  0.33569E+02  0.22321E+02  0.87420E+01  0.29411E+01 -0.32238E+01 -0.31069E+01
 -0.15110E+02 -0.19486E+01  0.18527E+02  0.74000E+01  0.54315E+01  0.11810E+02
  0.11284E+02  0.92609E+01  0.11903E+02 -0.48451E+01 -0.84921E+01 -0.90407E+01
 -0.41168E+01  0.25524E+01 -0.42743E+01 -0.16124E+02 -0.83891E+00  0.85151E+01
 -0.31004E+01 -0.14563E+01 -0.12638E+02 -0.15894E+02 -0.27456E+02 -0.30256E+02
 -0.16037E+02 -0.67083E+00  0.35036E+01  0.12278E+02  0.30137E+02  0.18608E+02
  0.30717E+00  0.88670E+00 -0.72761E+01 -0.22350E+02 -0.47974E+01 -0.16398E+02
 -0.11870E+02  0.10978E+02  0.26140E+01 -0.49048E+01 -0.41373E+02 -0.44650E+02
 -0.37661E+02 -0.23783E+02 -0.22879E+02 -0.16936E+02 -0.62530E+01 -0.97265E+01
  0.23767E+02  0.37596E+02  0.22321E+02  0.22750E+02  0.19457E+02 -0.14125E+02
 -0.24798E+02 -0.25243E+02 -0.28209E+02 -0.38936E+02 -0.42499E+02 -0.42810E+02
 -0.38125E+02 -0.35923E+02 -0.35374E+02 -0.23196E+02 -0.15719E+02 -0.70562E+01
 -0.17567E+02 -0.31722E+02 -0.37734E+02 -0.14471E+02 -0.73397E+01 -0.57293E+01
  0.69088E+01  0.10660E+02  0.20106E+02  0.19938E+02  0.25573E+02  0.23925E+02
  0.17868E+02  0.18057E+02  0.27583E+02  0.19100E+02  0.58824E+01  0.10745E+02
  0.39089E+01 -0.46040E+01 -0.15048E+02 -0.39450E+01  0.11367E+02  0.49837E+01
  0.11632E+01 -0.90411E+01 -0.61950E+01  0.41910E+01 -0.40816E+01 -0.11531E+02
 -0.15886E+02 -0.26919E+02 -0.23388E+02 -0.20711E+02 -0.26777E+02 -0.15801E+02
 -0.87725E+01 -0.10914E+02 -0.15383E+02 -0.35445E+01  0.11612E+02  0.11217E+02
  0.36161E+01  0.88292E+01  0.14400E+02  0.20630E+02  0.23421E+02 -0.66228E+00
 -0.18258E+02 -0.23988E+02 -0.30900E+02 -0.19827E+02 -0.20778E+02 -0.10976E+02
  0.91909E+01 -0.51798E+01 -0.17590E+02 -0.19462E+02 -0.88437E+01  0.11355E+02
  0.10382E+02 -0.14200E+02 -0.23068E+02 -0.17437E+02 -0.79736E+01  0.14049E+02
  0.59955E+01 -0.19800E+00  0.98979E+01  0.13963E+02 -0.28395E+01 -0.44013E+01
  0.13026E+02  0.27132E+02  0.20610E+02  0.17578E+02  0.19860E+02  0.16482E+02
  0.25591E+02  0.26809E+02  0.30033E+02  0.32915E+02  0.32672E+02  0.23838E+02
  0.70942E+01  0.48853E+01  0.74876E+01  0.11712E+01 -0.60067E+01 -0.19209E+02
 -0.19467E+02 -0.56784E+01  0.76403E+00  0.28087E+01  0.87195E+01  0.18902E+02
  0.73700E+01 -0.96496E+01  0.48340E+01  0.13919E+02 -0.41138E+01 -0.14553E+02
 -0.33899E+01  0.29547E+01 -0.49836E+01 -0.57877E+01 -0.28780E+00 -0.80405E+01
  0.79733E+01  0.29395E+02  0.36142E+02  0.33554E+02  0.20895E+02  0.80767E+01
 -0.81866E+01 -0.58119E+01 -0.52633E+01 -0.20329E+01 -0.36529E+01 -0.48997E+01
 -0.10573E+02 -0.12682E+02 -0.18663E+02 -0.19435E+02 -0.11625E+02 -0.14025E+02
 -0.17164E+02 -0.10963E+02 -0.48686E+01 -0.77848E+01 -0.82944E+01  0.11539E+01
  0.17545E+01  0.28044E+01  0.21157E+02  0.19627E+02  0.16785E+02  0.91484E+01
  0.29696E+01  0.11939E+02  0.80757E+01  0.97137E+01  0.16819E+02 -0.10057E+02
 -0.13176E+02 -0.78518E+01 -0.15282E+02 -0.85226E+01 -0.11801E+02 -0.88834E+01
 -0.95805E+00  0.63004E+00 -0.96354E+01 -0.39049E+01  0.13786E+02  0.17064E+02
  0.28013E+02  0.11986E+02  0.19599E+01 -0.31032E+01  0.12900E+02  0.24504E+02
  0.18761E+02  0.10563E+02  0.39386E+01  0.10260E+02  0.63576E+01  0.55009E+01
  0.20716E+01  0.59362E+01  0.78662E+01  0.38170E+01 -0.99992E+01 -0.28083E+02
 -0.14742E+02 -0.48406E+01 -0.12401E+02 -0.78790E+01  0.50195E+01  0.81899E+01
  0.29728E+01  0.52872E+01  0.94587E+01  0.61989E+01 -0.58775E+01 -0.84762E+01
 -0.12879E+02 -0.62346E+01  0.50536E+01  0.20264E+01 -0.61279E+01 -0.12045E+01
  0.78228E+01 -0.34436E+01 -0.78471E+01 -0.52618E+00  0.31275E+01  0.94715E+01
  0.52575E+01 -0.72158E+01 -0.86739E+01 -0.57905E+01 -0.49592E+01 -0.93494E+01
 -0.16105E+02 -0.19036E+02 -0.73975E+01  0.10097E+02  0.32880E+01 -0.36885E+01
  0.47450E+01  0.64736E+01  0.11424E+02  0.93848E+01  0.98301E-01 -0.10941E+02
 -0.61838E+01  0.53737E+01  0.51951E+01  0.38079E+01 -0.10332E+02 -0.10819E+02
 -0.66475E+00  0.73272E+01  0.82596E+01 -0.21739E+01 -0.87210E+01 -0.19226E+01
 -0.16382E+01  0.20573E+01  0.66424E+01  0.56308E+01  0.42832E+01  0.70933E+01
  0.59852E+01 -0.39667E+01 -0.82706E+01 -0.85259E+01 -0.32144E+01  0.50253E+01
  0.50540E+01 -0.12734E+02 -0.17017E+02 -0.97388E+01 -0.26762E+01 -0.95602E+00
 -0.13739E+01  0.71694E-01  0.96729E+01  0.76109E+01  0.10911E+01 -0.12013E+00
 -0.51712E+01 -0.58457E+01 -0.67224E+01  0.10648E+01  0.91503E-01 -0.29484E+01
 -0.78230E+01 -0.96429E+01 -0.85250E+01  0.33013E+01  0.19673E+02  0.85929E+01
  0.56190E+01  0.91264E+01  0.10085E+01 -0.26719E+01 -0.56443E+01 -0.41455E+01
 -0.74113E+01 -0.45050E+01  0.16656E+01  0.58795E+01  0.53508E+01  0.53644E+01
  0.28453E+01 -0.75307E+01  0.34578E+01  0.16965E+02  0.19399E+02  0.12854E+02
  0.12036E+02  0.17335E+02  0.11611E+02  0.52354E+01  0.22468E+01 -0.40764E+01
 -0.71803E+01 -0.85397E+01 -0.50390E+00  0.22716E+01 -0.90785E+00 -0.23845E+01
  0.48661E+01  0.16841E+02 -0.13457E+01 -0.21809E+02 -0.20080E+02 -0.57584E+01
 -0.72681E+01 -0.15395E+01  0.41516E+01 -0.19707E+00 -0.55169E+00  0.58853E+00
  0.25701E+01  0.81855E+01  0.14232E+02  0.18190E+02  0.23966E+02  0.13751E+02
  0.42059E+01 -0.13921E+01  0.26974E+01  0.48389E+01 -0.28943E+01 -0.62619E+01
 -0.86716E+01 -0.96623E+01 -0.19707E+02 -0.18956E+02 -0.15123E+02 -0.11426E+02
  0.22652E+01 -0.25693E+01 -0.68836E+01 -0.84644E+01 -0.69816E+01 -0.26445E+01
  0.16721E+01  0.93089E+01  0.63502E+01  0.79670E+01  0.64644E+01  0.24543E+00
  0.87087E+00  0.16857E+00 -0.46984E+01 -0.47358E+01 -0.44557E+01  0.10443E+01
  0.21804E+01  0.14715E+01  0.15416E+01  0.61579E+01  0.12675E+02  0.10713E+02
  0.11079E+02 -0.46058E+01 -0.12982E+02 -0.67184E+01 -0.23397E+01 -0.91878E+01
 -0.10849E+02 -0.56548E+01 -0.70990E+01 -0.55256E+01 -0.60840E+01 -0.43920E+01
 -0.80880E+01 -0.11311E+02 -0.11427E+02 -0.12769E+02 -0.18241E+02 -0.19417E+02
 -0.18382E+02 -0.18648E+02 -0.13162E+02  0.99575E+00  0.52248E+01  0.11017E+02
  0.14623E+02  0.11372E+02  0.12657E+02  0.16513E+02  0.10314E+02  0.19931E+01
  0.70896E+01  0.70687E+01  0.10113E+01  0.47544E+01  0.74280E+01  0.16638E+01
  0.47900E+00  0.56229E+00 -0.33838E+01 -0.53223E+01 -0.69937E+01 -0.49680E+01
  0.10594E+01 -0.63569E+01 -0.18780E+01 -0.35917E+01 -0.33208E+01 -0.42005E+01
 -0.66013E+01  0.87830E+00  0.68502E+01  0.23792E+01  0.76179E+01  0.43278E+01
  0.53606E+01  0.10715E+02  0.36216E+01  0.80172E+01  0.49562E+01  0.11851E+02
  0.14784E+02  0.16794E+02  0.75081E+01  0.33754E+01 -0.45135E+01 -0.72591E+01
 -0.33014E+00 -0.11006E+02 -0.84725E+01 -0.10145E+02 -0.92151E+01 -0.73796E+01
 -0.12552E+02 -0.12987E+02 -0.72592E+01 -0.48014E+01 -0.49283E+01 -0.56289E+01
 -0.87120E+01 -0.45160E+01  0.24765E+01  0.42383E+01 -0.84298E+01 -0.71396E+01
 -0.72641E+00  0.14385E+01  0.26934E+01  0.53856E+01  0.53686E+01 -0.29495E+00
 -0.73587E+01 -0.34705E+01  0.29412E+01  0.24584E+01  0.13401E+02  0.20844E+02
  0.15087E+02  0.84619E+01  0.19629E+01 -0.38826E+01 -0.27287E+01 -0.89901E+01
 -0.78963E+01 -0.14954E+02 -0.17089E+02 -0.92100E+01 -0.91276E+01 -0.54120E+01
  0.14070E+01 -0.20314E+01 -0.56294E+01  0.32450E+01  0.95255E+01  0.93515E+01
  0.77328E+01  0.39326E+01  0.75003E+01 -0.61908E+00 -0.78937E+01 -0.79279E+01
 -0.12505E+02 -0.11215E+02 -0.47598E+01  0.41990E+01  0.23523E+01 -0.33513E+01
 -0.67316E+01 -0.64576E+01 -0.15377E+01  0.45113E+01  0.24605E+01  0.10375E+01
 -0.19119E+01 -0.77561E+01 -0.80762E+01 -0.19975E+01  0.20256E+01  0.77423E+01
  0.64198E+01  0.92103E+01  0.10486E+02  0.57404E+01  0.61783E+01  0.90340E+01
  0.57971E+01  0.16742E+01  0.78998E+01  0.32926E+01 -0.59234E+00  0.18915E+00
  0.44466E+01  0.75604E+01  0.97943E+01  0.97475E+01  0.53537E+01  0.65343E+01
  0.39181E+00 -0.53053E+01 -0.68393E+01 -0.21026E+01  0.64446E+01 -0.14025E+01
 -0.90678E+01 -0.91365E+01 -0.61656E+01 -0.11768E+02 -0.14130E+02 -0.17777E+01
  0.27511E+01  0.22553E+01  0.60104E+00  0.61863E+01  0.55978E+01  0.10210E+02
  0.75811E+01  0.63780E+01  0.16834E+02  0.95923E+01  0.44806E+01  0.12905E+02
  0.17323E+02  0.14378E+02  0.20198E+02  0.10754E+02  0.67355E+01  0.67898E+01
  0.15703E+01  0.34273E+01  0.41016E+01  0.96945E+01  0.14116E+02  0.13162E+02
  0.10763E+02  0.45851E+01 -0.47455E+01 -0.30258E+01 -0.52749E-01 -0.66164E+00
 -0.18759E+01 -0.57220E+00 -0.52927E+00 -0.14632E+01 -0.66232E+01 -0.16632E+02
 -0.19060E+02 -0.76144E+01 -0.63868E+01 -0.40174E+01  0.48121E+01  0.66002E+01
  0.12825E+01 -0.50234E+01 -0.67465E+00 -0.39612E+00  0.62584E-01  0.58595E+01
  0.10164E+02  0.64392E+01 -0.22418E+01 -0.78719E+01 -0.85067E+01 -0.12260E+02
 -0.84311E+01 -0.23237E+01 -0.74381E+00 -0.11060E+01 -0.17690E+01 -0.18362E+01
 -0.60738E+01 -0.66998E+01 -0.18927E+01  0.40216E+00  0.26690E+01  0.67275E-01
  0.46496E+01  0.38025E+01 -0.53709E+01 -0.77389E+01 -0.56800E+01 -0.19148E+01
 -0.22626E+01 -0.63929E+01 -0.83373E+01 -0.29942E+01  0.25239E+01 -0.22748E+01
 -0.11012E+02 -0.11823E+02 -0.11456E+02 -0.21354E+01  0.16964E+01  0.44195E+01
  0.95382E+01  0.61482E+01 -0.13601E+01 -0.48578E+01 -0.70201E+01 -0.45666E+01
 -0.12552E+01 -0.62402E+01  0.16333E+01 -0.43466E+00 -0.17135E+01 -0.65273E+00
  0.24076E+00  0.71039E+01  0.27519E+01 -0.57909E+00  0.11610E+01  0.11346E+02
  0.82063E+01  0.55409E+00  0.98119E+00  0.94958E+00  0.10480E+01 -0.34254E+01
 -0.71671E+01 -0.16904E-02 -0.36489E+01 -0.10626E+02 -0.92202E+01 -0.73212E+01
 -0.31232E+01 -0.52667E+01 -0.17449E+01 -0.48353E+01 -0.53208E+01 -0.18028E+01
 -0.26430E+01 -0.13366E+01  0.23390E+01  0.37530E+01 -0.86330E-01  0.73511E+00
  0.42842E+01  0.76181E+01  0.12253E+02  0.11581E+02  0.11004E+02  0.63698E+01
 -0.95884E+00 -0.88252E+00  0.94123E+00 -0.15634E+00  0.42074E+01  0.64430E+01
  0.35739E+01  0.27103E+01 -0.26582E+01 -0.64128E+01 -0.65505E+01 -0.60758E+01
 -0.10074E+02 -0.83347E+01 -0.59960E+01 -0.47432E+01 -0.45173E+01 -0.10587E+01
 -0.49387E+01 -0.58348E+01 -0.28128E+01 -0.73652E+01 -0.68427E+01 -0.55219E+01
 -0.57535E+01 -0.75987E+01 -0.79530E+01 -0.53773E+01 -0.36000E+01  0.10293E+01
  0.75250E+01  0.55193E+01  0.68582E+01  0.67094E+01  0.67074E+01  0.95556E+01
  0.40533E+01 -0.46125E+00 -0.79960E+00 -0.71284E+00  0.31229E+01  0.67541E+01
  0.59866E+01  0.40472E+01  0.89703E+01  0.13658E+02  0.90113E+01  0.91275E+01
  0.74865E+01  0.58083E+01  0.71386E+01  0.56309E+01  0.65691E+01  0.50783E+01
  0.69056E+01  0.67777E+01  0.66849E+01  0.52161E+01  0.67789E+00  0.84673E+00
 -0.36639E+01 -0.12982E+02 -0.14188E+02 -0.80843E+01 -0.94161E+01 -0.13489E+02
 -0.18206E+02 -0.16822E+02 -0.93839E+01 -0.58951E+01 -0.31649E+01  0.30564E+01
  0.86818E+01  0.13484E+02  0.11408E+02  0.14733E+02  0.16440E+02  0.14447E+02
  0.12104E+02  0.10509E+02  0.63069E+01 -0.34380E+01 -0.59613E+01 -0.11679E+02
 -0.11120E+02 -0.72743E+01 -0.39044E+01  0.19018E+01 -0.87079E+00 -0.62114E+01
 -0.11370E+02 -0.97851E+01 -0.52587E+01 -0.54209E+01 -0.51949E+01 -0.45273E+01
  0.14919E+01 -0.80420E+00 -0.37204E+01 -0.44884E+01  0.23605E+01  0.84785E+00
  0.51612E+00  0.12297E+00 -0.22886E+01  0.17024E+01  0.20444E+01  0.10168E+02
  0.64086E+01  0.88822E+01  0.19805E+02  0.20751E+02  0.20300E+02  0.18414E+02
  0.97572E+01  0.21792E+01 -0.38559E+01 -0.48792E+01 -0.58725E+01 -0.27684E+01
  0.90955E+00 -0.44590E+01 -0.44186E+01 -0.56243E+01 -0.38423E+01 -0.43870E+01
 -0.75127E+01 -0.93536E+01 -0.12199E+02 -0.88132E+01 -0.13818E+02 -0.20992E+02
 -0.15734E+02 -0.16352E+02 -0.59470E+01 -0.14805E+01 -0.37858E+00  0.25783E+01
  0.25568E+01  0.10132E+02  0.97422E+01  0.58154E+01 -0.26886E+01 -0.17204E+00
  0.14310E+01  0.13032E+01  0.19182E+01  0.50749E+00  0.33580E+01  0.53431E+01
  0.36631E+01  0.69183E+01  0.86140E+01  0.34316E+01  0.17865E+01  0.69481E+00
  0.15603E+01 -0.53317E-01 -0.26400E+01 -0.69205E+00 -0.43724E+01 -0.10567E+02
 -0.13207E+02 -0.67417E+01 -0.73398E+01 -0.12199E+02 -0.12651E+02 -0.10792E+02
 -0.71452E+01 -0.90468E+01 -0.41763E+01  0.17581E+01  0.28723E+00 -0.48547E+01
 -0.49457E+01 -0.53154E+01 -0.54251E+01 -0.40753E+01  0.68349E+00  0.46087E+01
  0.66716E+01  0.62424E+01  0.74212E+01  0.96659E+01  0.68544E+01  0.12354E+02
  0.11511E+02  0.38420E+01 -0.47166E+00 -0.40667E+01 -0.19074E+01  0.27717E+01
  0.21477E+01  0.28272E+01  0.14771E+01 -0.47677E+01 -0.84276E+01 -0.10268E+02
 -0.10977E+02 -0.93595E+01 -0.54828E+01 -0.32545E+01 -0.33865E+01 -0.33252E+01
 -0.42629E+01  0.51492E+00 -0.13122E+01 -0.89604E+00  0.11948E+01  0.36536E+01
  0.70146E+01  0.35778E+01  0.83891E+01  0.10573E+02  0.11468E+02  0.99297E+01
  0.85223E+01  0.10118E+02  0.52923E+01  0.24890E+01  0.45469E+01  0.29023E+01
  0.12466E+01 -0.25500E+01 -0.45640E+01 -0.67227E+01 -0.10020E+02 -0.10305E+02
 -0.11942E+02 -0.12019E+02 -0.99752E+01 -0.53230E+01 -0.22951E+01 -0.49474E+01
 -0.19028E+01  0.49936E+00 -0.64514E+01 -0.36036E+01 -0.31918E+01 -0.80219E+01
 -0.96618E+01 -0.51203E+01 -0.28200E+01 -0.86688E-01  0.39706E+01 -0.27075E+00
  0.11720E+01  0.48430E+01  0.89581E+01  0.56066E+01  0.70516E+01  0.12439E+02
  0.13837E+02  0.98566E+01  0.46783E+01  0.77781E+01  0.98587E+01  0.10680E+02
  0.10053E+02  0.95418E+01  0.86475E+01  0.41474E+01  0.89166E+00 -0.57410E+00
 -0.50942E+01 -0.10961E+02 -0.97877E+01 -0.85327E+01 -0.99390E+01 -0.84793E+01
 -0.39766E+01 -0.10558E+01 -0.14308E+01  0.43571E+01  0.46006E+01  0.15500E+01
  0.48221E+01  0.58533E+01  0.14845E+01 -0.18368E+01 -0.21350E+01 -0.24890E+01
  0.61108E+00 -0.16923E+01  0.60332E+01  0.75905E+01  0.41213E+01  0.46832E+00
 -0.22247E+01  0.49035E+01  0.52858E+01  0.57368E+01  0.51294E+01  0.56381E+01
  0.10352E+01 -0.18614E+01 -0.10404E+01 -0.24474E+01 -0.35165E+01 -0.18467E+01
 -0.10291E+01 -0.35985E+00 -0.65239E+00 -0.77447E+01 -0.73871E+01 -0.12788E+01
  0.19367E+01  0.50519E+01  0.40060E+01  0.54411E+01  0.84617E+01  0.46680E+01
  0.10272E+02  0.11041E+02  0.99213E+01  0.13141E+02  0.91124E+01  0.52150E+01
  0.45935E+01  0.57602E+01  0.59446E+01  0.22280E+01 -0.19602E+01 -0.56785E+01
 -0.90143E+01 -0.80920E+01 -0.81633E+01 -0.87877E+01 -0.93225E+01 -0.96589E+01
 -0.74661E+01 -0.11394E+02 -0.10061E+02 -0.77582E+01 -0.42373E+01  0.55058E+01
  0.39223E+01  0.42328E+01  0.64747E+01  0.42899E+01 -0.43338E+00 -0.21668E+01
 -0.81607E+00 -0.14891E+01  0.24636E+00  0.17386E+01  0.13518E+01 -0.18888E+01
 -0.70013E+01 -0.95177E+01 -0.71411E+01 -0.45787E+01 -0.23635E+01 -0.12493E+01
 -0.66061E+00  0.22474E+01 -0.23330E+01 -0.14765E+01 -0.49399E+00  0.39523E-01
  0.27085E+01  0.48503E+01  0.64275E+01  0.51528E+01  0.84219E+01  0.86329E+01
  0.68494E+01  0.72110E+01  0.43396E+01  0.26792E+01  0.27010E+01  0.38593E+01
  0.57457E+01  0.58924E+01  0.40484E+01 -0.19829E+00 -0.32880E+01 -0.60361E+01
 -0.89976E+01 -0.71237E+01 -0.37308E+01 -0.12719E+01 -0.85356E+00 -0.29012E+01
  0.70003E+00  0.25558E+01 -0.16002E+00 -0.62015E+01 -0.62710E+01 -0.97616E+00
 -0.14932E+01 -0.26247E+01 -0.14593E+01  0.67925E+00  0.38884E+00 -0.12029E+01
 -0.72803E+00 -0.43324E+00  0.56643E-01 -0.48940E+01 -0.67696E+01 -0.75664E+01
 -0.68719E+01 -0.73363E+01 -0.55221E+01 -0.34034E+01 -0.88903E+01 -0.63815E+01
 -0.64946E+01 -0.44035E+01 -0.41990E+01 -0.41820E+01 -0.16878E+01 -0.63084E+00
  0.11689E+01  0.10376E+01  0.43711E+01  0.61136E+01  0.75197E+01  0.69263E+01
  0.77717E+01  0.97723E+01  0.77881E+01  0.48829E+01  0.18904E+01  0.30388E+01
  0.21947E+01  0.55360E+01  0.49429E+01  0.14306E+01  0.98965E+00  0.18295E+00
  0.38772E+01  0.19118E+01  0.37346E+01  0.45896E+01  0.38462E+01  0.30804E+01
  0.30963E+01  0.61055E+01  0.42963E+01  0.37979E+01  0.86719E+00 -0.29966E+00
  0.34004E+01  0.28556E+01  0.31446E+01  0.23660E+01  0.12809E+01  0.28529E+01
  0.44121E+01  0.40605E+01  0.53633E+01  0.24715E+01  0.95749E+00  0.48897E+01
  0.67578E+00 -0.13284E+01 -0.36019E+01 -0.27336E+01 -0.94441E+00 -0.32569E+01
  0.48571E+00  0.45143E+01  0.51281E+01  0.38703E+01  0.17490E+01 -0.47086E+00
 -0.19102E-02 -0.31665E+00 -0.33814E+01  0.76403E+00  0.48352E+01  0.45928E+01
  0.55890E+01  0.45238E+01  0.27865E+01  0.52422E+01  0.29757E+01  0.49482E+01
  0.83488E+01  0.88676E+01  0.85506E+01  0.42654E+01  0.19756E+00 -0.16050E+01
 -0.21970E+01 -0.27574E+01 -0.19364E+01  0.54475E+00  0.28029E+01  0.30408E+01
  0.61066E+01  0.55142E+01  0.56479E+01  0.44968E+01  0.53600E+01  0.52764E+01
  0.51407E+01  0.45277E+01  0.14561E+01 -0.38438E+00  0.16306E+00 -0.31890E+01
 -0.42908E+01 -0.16825E+01 -0.30516E+01 -0.83170E+00 -0.31647E+01 -0.41352E+00
 -0.31923E+01 -0.78001E+01 -0.92830E+01 -0.74959E+01 -0.76085E+01 -0.78772E+01
 -0.61554E+01 -0.75515E+01 -0.75123E+01 -0.85232E+01 -0.94223E+01 -0.81168E+01
 -0.85458E+01 -0.89706E+01 -0.83617E+01 -0.81948E+01 -0.41805E+01  0.13620E+01
 -0.15351E+00  0.20017E+01  0.23947E+01 -0.21162E+01 -0.19832E+01 -0.43999E+01
 -0.37767E+01 -0.45669E+01 -0.76280E+01 -0.97793E+01 -0.10128E+02 -0.14904E+02
 -0.14578E+02 -0.11944E+02 -0.94356E+01 -0.74356E+01 -0.78738E+01 -0.98010E+01
 -0.94055E+01 -0.89601E+01 -0.83330E+01 -0.51376E+01 -0.25682E+01 -0.40003E+01
 -0.14385E+01 -0.53485E+00 -0.19972E+01 -0.68657E-01 -0.19975E+00  0.65903E+00
 -0.14776E+01  0.30313E+01  0.65542E+01  0.38120E+01  0.98422E+00  0.22639E+01
  0.19631E+01  0.13688E+01  0.46813E-01 -0.17458E+00 -0.10882E+01  0.32044E+01
  0.37721E+01 -0.16137E+00 -0.41069E+00 -0.54533E+00  0.35521E+01 -0.77358E+00
 -0.39517E+01 -0.57781E+01 -0.69957E+01 -0.85642E+01 -0.72399E+01 -0.55145E+01
 -0.47158E+01 -0.34530E+01 -0.64729E+00  0.22352E+00 -0.14924E+01 -0.10135E+01
  0.13187E+00  0.58877E+01  0.53151E+01  0.54891E+01  0.70704E+01  0.62636E+01
  0.46844E+01  0.32722E+01  0.31505E+01  0.22858E+01  0.41155E+01  0.52152E+01
  0.48702E+01  0.25065E+00 -0.52791E+01 -0.67568E+01 -0.82474E+01 -0.53531E+01
 -0.15020E+01 -0.50155E+00 -0.11090E+01 -0.41295E+00  0.41377E+01  0.32625E+01
  0.43146E+01  0.67779E+01  0.45229E+01  0.22028E+01  0.10345E+00 -0.63300E+00
  0.18929E+01  0.32064E+01  0.22990E+01  0.48283E+01  0.75547E+01  0.97628E+01
  0.99747E+01  0.89682E+01  0.72748E+01  0.93229E+01  0.65375E+01  0.32617E+01
  0.40747E+01  0.25945E+01  0.42523E+01  0.19864E+01  0.61723E+00 -0.84103E+00
 -0.29978E+01 -0.15371E+01 -0.27152E+00 -0.43415E+00 -0.60810E+00 -0.12825E+01
 -0.21381E+01 -0.43363E+01 -0.34499E+01 -0.23985E+01 -0.22142E+01 -0.38312E+01
 -0.42542E+01 -0.41704E+01 -0.38676E+01  0.64467E+00  0.40408E+01  0.41077E+01
  0.22247E+01  0.49857E+01  0.10991E+01  0.51025E+00  0.24262E+01  0.16348E+01
  0.36157E+01  0.14779E+01  0.17749E+00 -0.10930E+01  0.85778E+00  0.90905E+00
  0.25349E+01  0.18600E+01  0.11870E+01 -0.20114E+01 -0.23206E+01 -0.18369E+01
 -0.14127E+01  0.15889E+00 -0.77245E+00  0.62261E+00 -0.21082E+01  0.29561E+01
  0.43512E+01  0.46784E+01  0.62832E+01  0.51101E+01  0.37365E+01  0.54661E-01
  0.97968E+00  0.51950E+01  0.11734E+01  0.11846E+01  0.47946E+01  0.21394E+01
 -0.62706E+00 -0.26437E+01 -0.11933E+01  0.71354E+00  0.20153E+01  0.53521E+01
  0.41673E+01  0.38679E+00 -0.12251E+01 -0.21834E+01 -0.51638E+01 -0.75816E+01
 -0.57639E+01 -0.96802E+01 -0.10605E+02 -0.72001E+01 -0.60603E+01 -0.24358E+01
 -0.13443E+01 -0.13279E+01  0.29090E+00  0.56590E-01  0.48098E+01  0.80069E+01
  0.94828E+01  0.95955E+01  0.53429E+01  0.38348E+01  0.35188E+01 -0.20443E+00
 -0.92377E+00 -0.13195E+01 -0.15558E+01 -0.42923E-01  0.17485E+01  0.21430E+00
  0.52954E+00  0.52324E+01  0.29184E+01  0.65517E+01  0.54372E+01  0.51212E+01
  0.69758E+01  0.53116E+01  0.64606E+01  0.62560E+01  0.52176E+01  0.22221E+01
  0.10575E+01  0.56324E+00 -0.29688E+01 -0.61759E+01 -0.52423E+01  0.70124E+00
  0.69537E+00 -0.39806E+01 -0.68682E+01 -0.92470E+01 -0.75631E+01 -0.40297E+01
 -0.27859E+01 -0.38890E+01 -0.30831E+01 -0.31074E+01 -0.21475E+01 -0.11078E+01
 -0.74388E+00 -0.54497E+00 -0.30500E+01  0.30158E+00  0.27268E+01  0.94241E+00
  0.61714E+01  0.23019E+01 -0.18979E+00 -0.19276E+01 -0.37712E+01 -0.15556E+01
 -0.50962E+01 -0.42882E+01 -0.21153E+01 -0.18679E+01 -0.35591E+01 -0.86092E+01
 -0.74907E+01 -0.49780E+01 -0.70569E+01 -0.24661E+01 -0.22425E+01 -0.26929E+01
  0.32221E+01  0.30910E+01  0.85432E+00  0.18542E+01  0.57961E+00  0.47698E+01
  0.60632E+01  0.62075E+01  0.62679E+01  0.55822E+01  0.53848E+01  0.16706E+01
 -0.18728E+01 -0.15966E+01 -0.78546E+00 -0.16679E+01 -0.17718E+01 -0.30478E+01
 -0.33933E+01 -0.32202E+01 -0.28475E+01 -0.68710E+01 -0.88893E+01 -0.93943E+01
 -0.25720E+01 -0.72606E+00 -0.24933E+01 -0.15442E+01  0.24355E+01  0.61257E+01
  0.47988E+01 -0.47412E+00 -0.41208E+00  0.62882E+01  0.48111E+01  0.10946E+01
 -0.14798E+01  0.11260E+00 -0.33698E+01 -0.69634E+01 -0.70883E+01 -0.70107E+01
 -0.58413E+01 -0.57860E+01 -0.36713E+01 -0.28527E+01 -0.26578E+01 -0.97559E+00
 -0.38721E+01 -0.36123E+01  0.50782E+01  0.16695E+00  0.12944E+01  0.12168E+01
  0.24577E+01  0.57190E+01  0.11219E+01  0.67518E+00 -0.11772E+01  0.24447E+01
  0.10009E+01 -0.54483E+00 -0.12957E+01 -0.10921E+01 -0.52072E+00 -0.22835E+01
 -0.39252E+01 -0.51622E+01 -0.43362E+01 -0.69134E+00  0.68823E+00 -0.69141E+00
  0.15016E+01 -0.57784E+00 -0.45903E+01 -0.15447E+01  0.10868E+01 -0.18928E+01
 -0.48186E+01 -0.15388E+01  0.17783E+01  0.23140E+01  0.44857E+01  0.42581E+01
  0.45658E+01  0.79056E+01  0.85793E+01  0.83873E+01  0.56983E+01  0.16537E+01
  0.12376E+01 -0.27955E+01 -0.34548E+01 -0.40843E+01 -0.43532E+01 -0.38610E+01
  0.15706E+01  0.19926E+01 -0.33529E+01 -0.44477E+01 -0.43172E+01 -0.44629E+01
 -0.37046E+01 -0.18115E+01 -0.41595E+00  0.40268E+01  0.27543E+01  0.91534E+00
 -0.71545E+00  0.18671E+01  0.43421E+01  0.45144E+01  0.50975E+01  0.49599E+01
  0.47223E+01  0.49212E+01  0.56269E+01  0.46692E+01  0.53381E+01  0.43767E+01
  0.45594E+01  0.47066E+01  0.58512E+01  0.35199E+01  0.22376E+01  0.53751E+01
  0.58849E+01  0.94216E+01  0.58297E+01  0.67853E+01  0.11778E+02  0.73620E+01
  0.63724E+01  0.60470E+01  0.64035E+01  0.19563E+01 -0.18873E+01 -0.10200E+01
 -0.21005E+01 -0.20018E+01 -0.13217E+01 -0.14494E+01 -0.14414E+01 -0.19942E+01
 -0.45560E+01 -0.53480E+01 -0.21774E+01  0.14296E+01  0.82505E+00  0.95049E+00
  0.31893E+01  0.13059E+01  0.27854E-01  0.38940E+00  0.14419E+01  0.35881E+01
  0.90467E+00  0.30603E+01  0.43413E+01  0.13129E+01 -0.20240E+01 -0.20925E+01
 -0.19772E+01 -0.16819E+01 -0.16871E+01 -0.17647E+01 -0.10049E+01 -0.12142E+01
 -0.12211E+01 -0.13245E+01 -0.14462E+01 -0.13898E+01 -0.19108E+01 -0.62957E+01
 -0.42654E+01 -0.35013E+01 -0.67942E+01 -0.44294E+01 -0.21870E+01  0.30236E+00
  0.10409E+01 -0.16689E+01 -0.82265E+00 -0.32982E+01 -0.22012E+01 -0.17744E+01
 -0.25194E+01 -0.10805E+01 -0.13666E+01 -0.10196E+01 -0.12555E+01 -0.10699E+01
 -0.11720E+01 -0.10253E+01 -0.94349E+00 -0.21355E+01 -0.38491E+01 -0.52936E+01
 -0.78410E+01 -0.43535E+01 -0.68024E+00  0.48807E+00  0.43601E+01  0.54541E+01
  0.53247E+01  0.67605E+01  0.54204E+01  0.26170E+01  0.12919E+01  0.17493E+01
  0.51870E+01  0.44430E+01  0.82289E+00  0.94809E+00  0.20437E-01  0.11215E+00
  0.70244E-01 -0.31487E+01 -0.51960E+01 -0.47049E+01 -0.55472E+01 -0.42166E+01
 -0.10720E+01 -0.26420E+01 -0.22845E+01  0.43480E+00  0.14255E+01  0.61895E+01
  0.70353E+01  0.79034E+01  0.60364E+01  0.10705E+01  0.71128E+00  0.82923E+00
 -0.60139E+00 -0.46446E+01 -0.34013E+01 -0.48932E+01 -0.60192E+01 -0.52604E+01
 -0.62530E+01 -0.16989E+01  0.58799E+00  0.61690E+00  0.16262E+01  0.16272E+01
  0.12662E+01  0.22792E+01 -0.25606E+01 -0.21158E+01  0.22264E+01  0.11764E+01
  0.26611E+01  0.17094E+01  0.16603E+01  0.23798E+01  0.28115E+01  0.21884E+01
  0.23844E+01  0.28957E+01  0.29728E+01  0.22326E+01  0.29242E+01  0.35599E+01
  0.36794E+01  0.18587E+01 -0.27216E+01 -0.33430E+01 -0.20573E+01  0.23069E+01
  0.41996E+01  0.38604E+01  0.43157E+01  0.21084E+01  0.28832E+01  0.44005E+01
  0.32200E+01  0.44068E+01  0.12523E+00  0.33158E+00  0.27922E+01 -0.32890E+01
 -0.14913E+01  0.16542E+01  0.91712E+00 -0.17066E+01 -0.15916E+01 -0.18125E+01
 -0.11535E+01 -0.17461E+01 -0.30907E+01  0.55036E+00  0.24514E+01  0.25104E+01
  0.37596E+01  0.45186E+01  0.21358E+01  0.14797E+01 -0.43978E+01 -0.59527E+01
 -0.54094E+01 -0.32489E+01 -0.28320E+01 -0.42887E+01 -0.17043E-01  0.21769E+00
  0.71977E+00  0.71491E+00 -0.54530E+00  0.11636E+01  0.32827E+01  0.24754E+01
  0.22436E+01  0.15323E+00 -0.26783E+01 -0.47208E+01 -0.50269E+01 -0.55877E+01
 -0.46149E+01 -0.44757E+01 -0.38873E+01 -0.35179E+01 -0.16613E+01 -0.22763E+01
 -0.35990E+01 -0.81798E+00 -0.36856E+01 -0.44866E+01 -0.22869E+01  0.16563E+01
  0.20843E+01  0.86513E+00 -0.12268E+01 -0.25109E+01 -0.26868E+01 -0.24281E+01
 -0.17034E+01 -0.10736E+01 -0.58860E+00 -0.38528E+01 -0.37227E+01 -0.26734E+01
 -0.28405E+01 -0.29167E+01 -0.29931E+01 -0.13110E+01 -0.41319E+01 -0.18893E+01
 -0.36037E+01 -0.42764E+01 -0.25947E+01 -0.48406E+01 -0.35508E+01 -0.54921E+01
 -0.45257E+01 -0.17193E+01 -0.18486E+01  0.27622E+00  0.26944E+01  0.14841E+01
  0.31295E+01  0.37352E+01  0.11172E+01  0.44866E+00  0.24504E+01  0.12823E+01
 -0.10692E+00 -0.85180E+00 -0.13387E+01 -0.15341E+01 -0.21697E+01 -0.41462E+01
 -0.37402E+01 -0.40919E+01 -0.35098E+01  0.29946E+00 -0.20210E+01 -0.10918E+01
 -0.20606E+01 -0.36105E+00  0.31173E+01  0.41581E+00  0.60916E+00  0.94908E+00
  0.19891E+00 -0.11027E+01 -0.50318E+00  0.15706E+01  0.24579E+01  0.13936E+01
  0.28152E+01  0.50151E+01  0.33579E+01  0.16117E+01  0.15310E+01  0.22970E+01
  0.64142E+00  0.18526E+00 -0.54496E+01 -0.69903E+01 -0.55211E+01 -0.76430E+01
 -0.44139E+01 -0.37508E+01 -0.15132E+01  0.63513E+00 -0.13559E+00  0.10842E+01
  0.61967E+00  0.16220E+01  0.12780E+01  0.17007E+01  0.57499E+01  0.59274E+01
  0.51801E+01  0.49471E+01  0.53640E+01  0.52049E+01  0.47043E+01  0.58822E+01
  0.49599E+01  0.32649E+01  0.65704E+01  0.35941E+01  0.32638E+01  0.64503E+01
  0.63220E+01  0.51260E+01  0.11466E+01  0.10016E+01  0.22044E+01  0.28596E+00
  0.10337E+01 -0.32986E+00 -0.42708E+01 -0.34749E+01 -0.31954E+01 -0.27990E+01
 -0.30767E+01 -0.92202E+00 -0.12760E+01 -0.15632E+01 -0.55077E+00 -0.35546E+00
  0.17859E+01  0.89138E+00  0.91563E+00  0.25832E+01 -0.10303E+01 -0.29410E+01
 -0.99146E+00 -0.35263E+01 -0.12278E+01 -0.27249E+01 -0.98906E+00  0.59992E+00
 -0.18351E+01  0.47984E+00  0.14522E+01  0.22980E+01  0.30288E+01  0.58168E+01
  0.46625E+01  0.46728E+01  0.54236E+01  0.55079E+01  0.50571E+01  0.48050E+01
  0.46142E+01  0.47668E+01  0.21618E+01  0.14601E+01  0.32010E+00 -0.28310E+01
 -0.26063E+01 -0.18580E+01 -0.21014E+01 -0.53625E+00  0.19944E+01  0.46698E+01
  0.41550E+01 -0.17633E+01 -0.21315E+01 -0.23530E+01 -0.19934E+01 -0.24547E+01
 -0.12652E+01 -0.17005E+01 -0.11015E+01 -0.17024E+01 -0.12521E+01  0.62040E+00
  0.31279E+01  0.51097E+01  0.38330E+01  0.43721E+01  0.38489E+01  0.42430E+01
 -0.10802E+01 -0.23443E+01  0.10707E+01 -0.18702E+01 -0.15358E+01 -0.20556E+01
  0.13778E+01  0.30044E+01 -0.20350E+01 -0.18939E+01 -0.23916E+01 -0.22248E+01
 -0.20671E+01 -0.19539E+01  0.12721E+00 -0.35390E+00 -0.15891E+01 -0.74090E+00
 -0.17677E+00 -0.14623E+01  0.83022E+00  0.16318E+01  0.34696E+01  0.49732E+01
  0.22335E+01 -0.88841E+00 -0.19551E+01 -0.16736E+01 -0.31431E+01 -0.24626E+01
 -0.37261E+01 -0.22229E+01 -0.19119E+01 -0.29955E+01 -0.25526E+01 -0.24608E+01
 -0.21351E+01  0.81073E+00  0.24772E+01  0.43551E+01  0.21146E+01  0.30457E+01
  0.47677E+01  0.37728E+01  0.51179E+01  0.18152E+01  0.18158E+01 -0.13274E+01
 -0.17167E+01 -0.10161E+01 -0.41239E+01 -0.26380E+01 -0.57084E+00 -0.17346E+01
 -0.15800E+01  0.40362E+00  0.27419E+01  0.49149E+01  0.16787E+01 -0.12082E+01
 -0.22736E+01 -0.24737E+01 -0.39998E+01 -0.64708E+01 -0.65130E+01 -0.33522E+01
 -0.18163E+01 -0.24007E+01 -0.14141E+01 -0.25707E+01 -0.13558E+01 -0.13591E+01
 -0.45622E+00 -0.10370E+01  0.41720E+01  0.44565E+01  0.11752E+00  0.62104E+01
  0.39009E+01  0.28153E+01  0.29680E+01  0.27532E+01  0.64043E+01  0.41935E+01
  0.12193E+01 -0.14706E+01 -0.18192E+01 -0.25222E+01 -0.40589E+01 -0.38223E+01
 -0.56803E+01 -0.55273E+01 -0.49268E+01 -0.20532E+01 -0.17256E+01 -0.49314E+01
 -0.53466E+01 -0.38266E+01 -0.33576E+01 -0.36593E+01 -0.36619E+01 -0.39412E+01
 -0.17043E+01  0.29373E-01  0.17408E+01  0.79139E+00  0.24157E+01  0.58746E+01
  0.31835E+01  0.39723E+01  0.97694E+00  0.12961E+01  0.11288E+01 -0.17459E+01
 -0.60950E+00 -0.18871E+01 -0.65400E+00  0.16430E+01  0.14593E+01 -0.11100E-01
  0.12444E+01  0.23181E+01  0.23798E+01  0.25420E+01  0.93805E+00 -0.33005E+01
 -0.34037E+01 -0.20289E+01 -0.45534E+01 -0.18209E+01 -0.22544E+01 -0.82910E+00
  0.24829E+01  0.24433E+01  0.21717E+01  0.26169E+01  0.14783E+01 -0.64807E+00
 -0.88585E+00 -0.56987E-02  0.23600E+01  0.20835E+01  0.26166E+01  0.34582E+01
  0.28310E+01  0.20312E+01  0.23253E+01  0.59546E+00 -0.10898E+01 -0.13692E+01
 -0.42147E+01 -0.28820E+01 -0.20712E+01 -0.25638E+01 -0.25400E+01 -0.37898E+01
  0.78354E+00  0.15746E+01  0.90075E+00 -0.69580E+00 -0.22644E+01 -0.20967E+01
 -0.15019E+01 -0.14677E+01 -0.22374E+01 -0.30552E+01 -0.51559E+01 -0.38863E+01
 -0.50453E+01 -0.43735E+01 -0.10330E+01 -0.30512E+00  0.15686E+01  0.19106E+01
  0.20115E+01  0.49499E-01 -0.11808E+01  0.23353E+01  0.43102E+01  0.30303E+01
  0.29369E+01  0.55009E+01  0.63382E+01  0.61751E+01  0.63070E+01  0.48368E+01
  0.55357E+01  0.51873E+01  0.32069E+01  0.38321E+01  0.23031E+01  0.21672E+01
  0.75590E+00  0.21373E+01  0.20131E+01  0.23477E+01  0.27381E+01  0.14113E+01
  0.20807E+01  0.22360E+01  0.14778E+01  0.91301E+00  0.31354E+01  0.34089E+00
  0.27681E+01  0.15858E+01  0.13841E+01  0.39047E+01 -0.86076E+00 -0.78517E+00
 -0.97485E+00 -0.78742E+00 -0.71861E+00 -0.33022E+00 -0.36126E+00 -0.31770E+00
 -0.26481E+00 -0.24671E+00 -0.47737E+00 -0.22953E+01 -0.11050E+01 -0.16394E+01
 -0.23910E+01 -0.43713E+01 -0.50593E+01 -0.71025E+01 -0.50138E+01 -0.66143E+00
 -0.24716E+01 -0.33199E+00 -0.19078E+01  0.96385E+00  0.29037E+01 -0.12913E+01
 -0.59164E+00 -0.11521E+01 -0.71913E+00 -0.10100E+01 -0.66914E+00 -0.71843E-01
 -0.35624E+00 -0.72406E+00 -0.20764E+00 -0.60637E+00  0.46167E-01 -0.92205E+00
 -0.50243E+01 -0.63799E+01 -0.68925E+01 -0.69515E+01 -0.68079E+01 -0.69219E+01
 -0.62653E+01 -0.37348E+01 -0.37681E+01 -0.31866E+01 -0.18471E+01  0.25385E+00
  0.51881E+00  0.67090E+00  0.61526E+00  0.73066E+00 -0.14894E+01 -0.10373E+01
 -0.42321E+00  0.78063E-01  0.14245E+01  0.76572E+00  0.15334E+01  0.11761E+01
  0.19185E+01  0.15657E+01  0.22846E+01  0.19584E+01  0.25258E+01  0.20444E+01
  0.24124E+00 -0.12291E+01 -0.11042E+01 -0.10419E+01 -0.38166E+01 -0.14977E+01
 -0.27398E+01 -0.31830E+01 -0.30985E+01 -0.26051E+01  0.64788E+00 -0.40850E+00
 -0.40242E+00 -0.59637E+00 -0.12115E+01 -0.13417E+01 -0.99977E+00  0.12242E+00
 -0.17576E+01  0.42942E+00  0.51402E+01  0.61024E+01  0.52119E+01  0.32152E+01
  0.15670E+00  0.13258E+00  0.18433E+01  0.17514E+01  0.11846E+01 -0.20037E+01
  0.18775E+01  0.33656E+01  0.51101E+00  0.30096E+00 -0.59751E+00 -0.23851E+00
 -0.28200E+00  0.77925E-01  0.37512E+00  0.14722E+00  0.81848E+00 -0.14789E+01
 -0.15213E+01  0.79458E+00  0.10312E+01  0.12497E+01  0.11811E+01  0.16570E+01
  0.17060E+01  0.21233E+01  0.16926E+01  0.20290E+01  0.36695E+01  0.37062E+01
  0.10380E+01  0.53834E+01  0.78672E+01  0.22125E+01  0.26583E+01  0.20794E+01
  0.24110E+01  0.19521E+01  0.21361E+01  0.15649E+01  0.24071E+01  0.89923E+00
 -0.12673E+01  0.25678E+01  0.18004E+01  0.30147E+01  0.92079E+00  0.12338E+01
  0.28433E+01  0.28119E+01  0.33493E+01 -0.20734E+01  0.40920E+00  0.15962E+01
  0.14875E+01  0.11734E+01  0.23774E+00  0.12430E+01  0.12406E+01  0.15116E+01
 -0.15777E+01 -0.17809E+01 -0.20783E+01 -0.42654E+01 -0.34846E+01 -0.33664E+01
 -0.34220E+01 -0.31354E+01 -0.67189E+00  0.16881E+01 -0.10206E+01 -0.25292E+01
 -0.28060E+01 -0.14706E+01 -0.27156E+01 -0.25360E+01  0.17444E+01  0.62367E+00
 -0.19540E+01 -0.16921E+01 -0.29522E+01 -0.57843E-01 -0.11013E+01 -0.27626E+01
 -0.21282E+01 -0.24995E+01 -0.21851E+01 -0.26630E+01      0.0		0.0
