 -0.10823E+01 -0.11333E+01 -0.11715E+01 -0.90551E+00 -0.75562E+00 -0.72261E+00
 -0.32456E+00 -0.12805E+01 -0.62296E+00 -0.19304E+01 -0.25730E+01  0.48797E+01
  0.27884E+01 -0.79912E+01 -0.86789E+01 -0.28935E+00  0.36832E+01  0.82916E+01
 -0.55754E+01 -0.20276E+01  0.74303E+01  0.27743E+01 -0.28064E+01 -0.53791E+01
  0.63877E+01  0.60727E+01 -0.94859E+00 -0.13668E+01  0.37688E+01 -0.16577E+01
 -0.71598E+01 -0.28284E+02 -0.18268E+02  0.44605E+01  0.22403E+01  0.46750E+01
  0.92524E+00  0.18604E+02  0.14717E+02  0.29488E+00 -0.16579E+02 -0.15040E+02
  0.51576E+01  0.13420E+01  0.66998E+01  0.33275E+02  0.33039E+02  0.56549E+01
 -0.40048E+02 -0.45118E+02 -0.51190E+01  0.19600E+02  0.13561E+02 -0.77314E+01
  0.14642E+02  0.36020E+02  0.39212E+01 -0.20478E+02  0.15937E+02  0.72811E+01
 -0.65599E+01 -0.30213E+02 -0.11306E+02  0.91994E+02  0.17430E+02 -0.65766E+02
  0.12820E+02 -0.58675E+02  0.11914E+02  0.26077E+02 -0.52679E+01  0.24883E+02
 -0.10694E+03  0.11010E+02 -0.88700E+01  0.72478E+00  0.61768E+02 -0.10700E+02
 -0.50300E+02 -0.37746E+02  0.30230E+02  0.77325E+02  0.20619E+02 -0.32516E+02
  0.32387E+02  0.24748E+02  0.41895E+02 -0.20952E+02 -0.39433E+02 -0.47998E+02
 -0.12167E+03 -0.70354E+02  0.11679E+03  0.13726E+03 -0.20230E+02  0.21107E+01
  0.31962E+01  0.44195E+01  0.47984E+02 -0.23872E+02 -0.15194E+02  0.60668E+02
  0.42511E+02  0.55084E+02  0.67112E+02  0.39450E+02  0.31063E+02 -0.22486E+02
 -0.14489E+03 -0.15650E+03 -0.12656E+03 -0.45109E+02  0.11500E+03  0.16056E+03
  0.82126E+02 -0.73557E+02 -0.22516E+03 -0.19417E+03 -0.33629E+02  0.97852E+02
  0.14383E+03  0.88084E+02  0.39544E+02 -0.21210E+02 -0.94672E+02 -0.10263E+03
 -0.19416E+02  0.42862E+02  0.93063E+02  0.10134E+03  0.15514E+02  0.24371E+02
 -0.14133E+02 -0.70760E+02 -0.92439E+02 -0.67911E+02  0.63019E+02  0.20306E+03
  0.17864E+03 -0.28645E+02 -0.17279E+03 -0.19793E+03 -0.37880E+02  0.17895E+03
  0.23772E+03  0.14281E+03  0.36343E+02 -0.84252E+02 -0.12674E+03 -0.75970E+02
 -0.76863E+02 -0.38444E+02  0.18905E+02  0.18615E+02 -0.23863E+02 -0.46082E+02
 -0.62564E+02 -0.10526E+03 -0.92058E+02  0.41305E+02  0.15174E+03  0.15180E+03
  0.61744E+02 -0.25242E+02 -0.10010E+02  0.66240E+02  0.11458E+03  0.47035E+02
 -0.44212E+02 -0.82304E+02 -0.32824E+02  0.56066E+02  0.11032E+03  0.13021E+03
  0.71302E+02 -0.53003E+02 -0.17350E+03 -0.26397E+03 -0.26835E+03 -0.17375E+03
 -0.89387E+02 -0.54477E+02  0.32665E+02  0.14689E+03  0.18085E+03  0.11304E+03
 -0.47125E+02 -0.14352E+03 -0.59303E+02  0.11125E+03  0.25053E+03  0.25124E+03
  0.13864E+03  0.78276E+02  0.58923E+02  0.13285E+02 -0.43007E+02 -0.11512E+03
 -0.14376E+03 -0.74617E+02 -0.15475E+02  0.47785E+02  0.74163E+02  0.23208E+02
 -0.49917E+02 -0.12620E+03 -0.12094E+03 -0.52645E+02 -0.10416E+02 -0.69791E+01
 -0.18173E+02 -0.47143E+02 -0.86482E+02 -0.47622E+02  0.10610E+02  0.25014E+02
  0.58619E+02  0.11376E+03  0.15944E+03  0.13476E+03  0.10713E+03  0.88384E+02
 -0.46372E+02 -0.16423E+03 -0.28630E+03 -0.31241E+03 -0.22230E+03 -0.18747E+03
 -0.11736E+03 -0.56986E+02 -0.37885E+02 -0.49952E+02 -0.51888E+02 -0.67471E+01
  0.28154E+02  0.69693E+01 -0.27567E+02 -0.69231E+02 -0.32620E+02  0.57069E+02
  0.10959E+03  0.13545E+03  0.14063E+03  0.16046E+03  0.17173E+03  0.14577E+03
  0.12847E+03  0.90239E+02  0.19294E+02 -0.19930E+02 -0.83659E+01  0.26570E+02
  0.72537E+02  0.86250E+02 -0.88391E+00 -0.70997E+02 -0.15230E+02  0.89025E+02
  0.13793E+03  0.81080E+02 -0.15589E+02 -0.26336E+02 -0.21900E+02 -0.50140E+02
 -0.83036E+02 -0.12567E+03 -0.95482E+02 -0.11377E+02  0.44080E+02 -0.11073E+02
 -0.10596E+03 -0.15169E+03 -0.15342E+03 -0.14152E+03 -0.14557E+03 -0.12691E+03
 -0.11223E+02  0.16693E+03  0.25993E+03  0.26002E+03  0.16947E+03  0.61403E+02
  0.17545E+02  0.47705E+02  0.94154E+02  0.82217E+02  0.15457E+02 -0.77758E+02
 -0.11313E+03 -0.63989E+02  0.11426E+02  0.39766E+02  0.54094E+02  0.73119E+02
  0.79267E+02  0.59657E+02  0.21749E+02  0.22032E+02  0.17225E+01 -0.63944E+02
 -0.88614E+02 -0.52924E+02  0.44329E+02  0.12310E+03  0.11646E+03  0.69736E+02
  0.69849E+02  0.10897E+03  0.12463E+03  0.11415E+03  0.26497E+02 -0.66245E+02
 -0.10287E+03 -0.12339E+03 -0.15397E+03 -0.14849E+03 -0.95080E+02 -0.86125E+01
  0.86799E+02  0.12811E+03  0.12515E+03  0.75773E+02  0.17154E+02 -0.17819E+02
 -0.35094E+02 -0.43467E+02 -0.54743E+02 -0.82939E+02 -0.11563E+03 -0.12940E+03
 -0.12231E+03 -0.11080E+03 -0.91059E+02 -0.66580E+02 -0.61094E+02 -0.45630E+02
 -0.17836E+02 -0.81664E+01 -0.42497E+02 -0.12131E+03 -0.16524E+03 -0.13825E+03
 -0.10626E+03 -0.90369E+02 -0.10580E+03 -0.10807E+03 -0.66634E+02 -0.15360E+02
  0.33327E+02  0.62979E+02  0.90496E+02  0.12360E+03  0.17336E+03  0.19764E+03
  0.16976E+03  0.14032E+03  0.11554E+03  0.82331E+02  0.66890E+02  0.15506E+02
 -0.67257E+02 -0.10675E+03 -0.10473E+03 -0.60714E+02 -0.76530E+01  0.67596E+01
 -0.23991E+02 -0.54082E+02 -0.58367E+02 -0.56605E+02 -0.63592E+02 -0.72206E+02
 -0.55953E+02 -0.15608E+02  0.17688E+02  0.45853E+02  0.56889E+02  0.70662E+02
  0.89177E+02  0.79272E+02  0.60244E+02  0.41927E+02  0.33363E+02  0.23484E+02
  0.32615E+02  0.72923E+02  0.11833E+03  0.13762E+03  0.12091E+03  0.87654E+02
  0.60485E+02  0.39775E+02 -0.11213E+02 -0.56711E+02 -0.46866E+02 -0.44036E+01
  0.32599E+02  0.36270E+02  0.89492E+01 -0.10446E+02 -0.11778E+02 -0.51287E+01
 -0.28207E+01 -0.14657E+02 -0.54921E+01  0.31529E+02  0.62762E+02  0.78974E+02
  0.92924E+02  0.96288E+02  0.94204E+02  0.99729E+02  0.10443E+03  0.10950E+03
  0.95239E+02  0.49512E+02 -0.12916E+02 -0.68803E+02 -0.92507E+02 -0.91355E+02
 -0.10783E+03 -0.14090E+03 -0.17162E+03 -0.18506E+03 -0.15904E+03 -0.13353E+03
 -0.14043E+03 -0.15914E+03 -0.18623E+03 -0.20445E+03 -0.20756E+03 -0.20389E+03
 -0.17188E+03 -0.87548E+02 -0.12226E+02  0.14678E+02  0.26786E+02  0.32668E+02
  0.49756E+02  0.78961E+02  0.11052E+03  0.13808E+03  0.16235E+03  0.17904E+03
  0.18898E+03  0.19571E+03  0.16171E+03  0.94693E+02  0.26048E+02 -0.26869E+02
 -0.68636E+02 -0.99063E+02 -0.11025E+03 -0.10105E+03 -0.92314E+02 -0.10836E+03
 -0.13802E+03 -0.16186E+03 -0.14693E+03 -0.89453E+02 -0.29845E+02 -0.92773E+01
 -0.52217E+01 -0.10861E+01  0.44484E+01  0.29677E+02  0.61106E+02  0.77506E+02
  0.76824E+02  0.64469E+02  0.63184E+02  0.69689E+02  0.79403E+02  0.88120E+02
  0.83393E+02  0.87104E+02  0.10340E+03  0.10544E+03  0.82103E+02  0.53589E+02
  0.33819E+02  0.22216E+02  0.11624E+01 -0.19586E+02 -0.26860E+02 -0.22256E+02
 -0.67481E+01  0.39798E+01  0.17815E+02  0.21196E+02  0.72775E+01 -0.12454E+02
 -0.22858E+02 -0.17217E+02 -0.18072E+02 -0.22215E+02 -0.19929E+02 -0.53160E+01
  0.44958E+01  0.11137E+01 -0.15940E+02 -0.21651E+02 -0.14433E+02  0.10781E+02
  0.39993E+02  0.36265E+02  0.15391E+02 -0.56844E+01  0.34019E+01  0.20868E+02
  0.68929E+01 -0.22509E+02 -0.46176E+02 -0.50419E+02 -0.37936E+02 -0.30764E+02
 -0.36306E+02 -0.37314E+02 -0.31947E+02 -0.21594E+02 -0.60274E+01  0.17395E+02
  0.47075E+02  0.65240E+02  0.75136E+02  0.73262E+02  0.46246E+02  0.13795E+01
 -0.13488E+02 -0.21722E+01 -0.48069E+01 -0.26502E+02 -0.41432E+02 -0.26860E+02
  0.42075E+00  0.22535E+02  0.22026E+02  0.82087E+01  0.65556E+01  0.16273E+02
  0.32877E+02  0.37831E+02  0.25030E+02  0.92539E+01  0.43642E+01  0.14545E+02
  0.23424E+02  0.30536E+02  0.30824E+02  0.19383E+02  0.16628E+02  0.20073E+02
  0.11285E+02 -0.16829E+01 -0.14530E+02 -0.28103E+02 -0.43510E+02 -0.43271E+02
 -0.33383E+02 -0.27708E+02 -0.26229E+02 -0.24246E+02 -0.20962E+02 -0.19063E+02
 -0.21881E+02 -0.36244E+02 -0.57435E+02 -0.71907E+02 -0.57445E+02 -0.31760E+02
 -0.22205E+02 -0.30619E+02 -0.44683E+02 -0.35816E+02 -0.58875E+01  0.99568E+01
  0.54341E+01 -0.59129E+01 -0.33496E+01 -0.37195E+00 -0.39930E+01 -0.20475E+02
 -0.47221E+02 -0.57034E+02 -0.52229E+02 -0.38794E+02 -0.22210E+02 -0.97913E+01
  0.53951E+00  0.85870E+01  0.14467E+02  0.19964E+02  0.34176E+02  0.59001E+02
  0.77027E+02  0.82497E+02  0.78352E+02  0.58565E+02  0.31814E+02  0.22416E+02
  0.29968E+02  0.47252E+02  0.56349E+02  0.48394E+02  0.29416E+02  0.11877E+02
  0.34358E+01 -0.78065E+01 -0.23492E+02 -0.38827E+02 -0.45394E+02 -0.44303E+02
 -0.36844E+02 -0.32155E+02 -0.27098E+02 -0.18643E+02 -0.13321E+02 -0.68137E+01
 -0.33878E+01  0.14281E+00 -0.42879E+01 -0.17234E+02 -0.26811E+02 -0.28519E+02
 -0.27834E+02 -0.27001E+02 -0.29629E+02 -0.32907E+02 -0.31615E+02 -0.30204E+02
 -0.20200E+02 -0.47121E+01  0.76311E+01  0.14386E+02  0.18987E+02  0.19987E+02
  0.15078E+02  0.70315E+01  0.17640E+01  0.22043E+01 -0.34403E+01 -0.86077E+01
 -0.53662E+01  0.84780E+01  0.25116E+02  0.42273E+02  0.54800E+02  0.61869E+02
  0.63095E+02  0.56018E+02  0.39947E+02  0.22689E+02  0.14175E+02  0.13320E+02
  0.11036E+02  0.15380E+01 -0.78114E+01 -0.14161E+02 -0.72860E+01  0.35879E+01
  0.98281E+01  0.96888E+01  0.11453E+02  0.97503E+01  0.61236E+01  0.78298E+01
  0.55749E+01  0.53606E+01  0.20563E+01 -0.91212E+00 -0.38169E+01 -0.18971E+01
  0.67720E+01  0.69431E+01 -0.93690E+00 -0.63797E+01 -0.26963E+01  0.12205E+02
  0.30087E+02  0.36397E+02  0.29445E+02  0.18492E+02  0.97284E+01 -0.13796E+01
 -0.16847E+02 -0.29990E+02 -0.39625E+02 -0.45610E+02 -0.46959E+02 -0.50323E+02
 -0.51363E+02 -0.51908E+02 -0.59839E+02 -0.67114E+02 -0.59912E+02 -0.40939E+02
 -0.20307E+02  0.15104E+01  0.22133E+02  0.33477E+02  0.38142E+02  0.48752E+02
  0.60801E+02  0.75052E+02  0.89875E+02  0.95848E+02  0.94134E+02  0.86626E+02
  0.80227E+02  0.76457E+02  0.75415E+02  0.73616E+02  0.64074E+02  0.49438E+02
  0.26475E+02  0.58287E+01 -0.76043E+01 -0.19614E+02 -0.33261E+02 -0.52244E+02
 -0.75071E+02 -0.99225E+02 -0.11600E+03 -0.12480E+03 -0.13136E+03 -0.13918E+03
 -0.14307E+03 -0.14160E+03 -0.13752E+03 -0.13516E+03 -0.13398E+03 -0.12274E+03
 -0.10217E+03 -0.71699E+02 -0.45857E+02 -0.22917E+02 -0.37871E+01  0.18324E+02
  0.50360E+02  0.74895E+02  0.89445E+02  0.92252E+02  0.91425E+02  0.92963E+02
  0.95703E+02  0.89554E+02  0.78934E+02  0.70144E+02  0.63702E+02  0.53933E+02
  0.38454E+02  0.22766E+02  0.92270E+01  0.22769E+01  0.28710E+00  0.33878E+01
  0.85152E+01  0.10375E+02  0.15317E+02  0.21679E+02  0.32204E+02  0.43278E+02
  0.46463E+02  0.44746E+02  0.36034E+02  0.30363E+02  0.24165E+02  0.16136E+02
  0.24629E+01 -0.11952E+02 -0.19897E+02 -0.27339E+02 -0.32273E+02 -0.37122E+02
 -0.38324E+02 -0.35636E+02 -0.35583E+02 -0.34930E+02 -0.38119E+02 -0.45299E+02
 -0.47863E+02 -0.50234E+02 -0.49758E+02 -0.48690E+02 -0.43425E+02 -0.38059E+02
 -0.34106E+02 -0.29027E+02 -0.22334E+02 -0.15654E+02 -0.43923E+01  0.10472E+02
  0.25968E+02  0.41056E+02  0.51810E+02  0.66038E+02  0.80358E+02  0.93113E+02
  0.10125E+03  0.10583E+03  0.10807E+03  0.10498E+03  0.95597E+02  0.81640E+02
  0.63372E+02  0.38040E+02  0.90020E+01 -0.20219E+02 -0.42268E+02 -0.54761E+02
 -0.61110E+02 -0.65609E+02 -0.70141E+02 -0.72024E+02 -0.72535E+02 -0.66471E+02
 -0.58873E+02 -0.55144E+02 -0.47304E+02 -0.32315E+02 -0.11067E+02  0.45468E+01
  0.14023E+02  0.20574E+02  0.25390E+02  0.30845E+02  0.38687E+02  0.39277E+02
  0.32261E+02  0.23330E+02  0.82823E+01 -0.82689E+01 -0.20237E+02 -0.26088E+02
 -0.29247E+02 -0.24660E+02 -0.21018E+02 -0.17109E+02 -0.17238E+02 -0.24437E+02
 -0.33315E+02 -0.39870E+02 -0.38744E+02 -0.34591E+02 -0.26230E+02 -0.19773E+02
 -0.12937E+02 -0.99269E+01 -0.61194E+01 -0.18313E+01  0.55303E+00  0.72534E+01
  0.14056E+02  0.20973E+02  0.20634E+02  0.20832E+02  0.19720E+02  0.13092E+02
  0.89526E+01  0.52195E+01  0.10545E+02  0.18531E+02  0.19897E+02  0.17414E+02
  0.80110E+01  0.10974E+01 -0.31185E+00 -0.52163E+01 -0.67600E+01 -0.65337E+01
 -0.37724E+01 -0.87682E+00 -0.65280E+01 -0.18498E+02 -0.27061E+02 -0.27334E+02
 -0.26976E+02 -0.24039E+02 -0.23848E+02 -0.23145E+02 -0.23003E+02 -0.24793E+02
 -0.25862E+02 -0.21616E+02 -0.12215E+02 -0.49668E+01 -0.15204E-01  0.64849E+01
  0.13103E+02  0.17375E+02  0.18577E+02  0.15938E+02  0.18369E+02  0.26592E+02
  0.38488E+02  0.46833E+02  0.48287E+02  0.44162E+02  0.42287E+02  0.43580E+02
  0.45895E+02  0.47513E+02  0.47027E+02  0.45315E+02  0.41447E+02  0.36123E+02
  0.34002E+02  0.35547E+02  0.36970E+02  0.40345E+02  0.40930E+02  0.41341E+02
  0.42688E+02  0.39166E+02  0.29729E+02  0.18680E+02  0.91994E+01 -0.12942E+00
 -0.91606E+01 -0.16874E+02 -0.25184E+02 -0.35029E+02 -0.38690E+02 -0.39008E+02
 -0.40315E+02 -0.37737E+02 -0.38467E+02 -0.34244E+02 -0.32012E+02 -0.32086E+02
 -0.33669E+02 -0.39491E+02 -0.47793E+02 -0.55046E+02 -0.61976E+02 -0.64836E+02
 -0.65187E+02 -0.64336E+02 -0.60933E+02 -0.62674E+02 -0.61579E+02 -0.61788E+02
 -0.59170E+02 -0.53016E+02 -0.46535E+02 -0.37525E+02 -0.26241E+02 -0.14422E+02
 -0.10263E+02 -0.12308E+02 -0.11155E+02 -0.40178E+01  0.81451E+01  0.18953E+02
  0.28293E+02  0.34462E+02  0.37421E+02  0.41712E+02  0.49509E+02  0.53478E+02
  0.55574E+02  0.57008E+02  0.58520E+02  0.55668E+02  0.50700E+02  0.42396E+02
  0.33725E+02  0.29700E+02  0.28111E+02  0.26870E+02  0.22552E+02  0.19456E+02
  0.15262E+02  0.14419E+02  0.15622E+02  0.18341E+02  0.23287E+02  0.22111E+02
  0.14770E+02  0.39748E+01 -0.58573E+01 -0.95116E+01 -0.88818E+01 -0.37246E+01
  0.19901E+01  0.43453E+01  0.57925E+01  0.30127E+01 -0.76296E+00 -0.31487E+00
 -0.39804E+01 -0.91828E+01 -0.95714E+01 -0.59154E+01 -0.32954E+01 -0.85123E+01
 -0.16691E+02 -0.23487E+02 -0.25594E+02 -0.24597E+02 -0.25681E+02 -0.24815E+02
 -0.24718E+02 -0.22620E+02 -0.20851E+02 -0.20132E+02 -0.19357E+02 -0.16709E+02
 -0.12755E+02 -0.58040E+01 -0.29729E+01 -0.10304E+01  0.29187E+01  0.54088E+01
  0.63372E+01  0.45082E+01  0.21007E+01 -0.35318E+01 -0.12612E+01  0.38648E+01
  0.76380E+01  0.87068E+01  0.69040E+01  0.63329E+01  0.77056E+01  0.10547E+02
  0.13679E+02  0.19102E+02  0.23416E+02  0.29408E+02  0.35879E+02  0.38329E+02
  0.40232E+02  0.40413E+02  0.37709E+02  0.36089E+02  0.32451E+02  0.30838E+02
  0.26505E+02  0.19199E+02  0.13200E+02  0.72950E+01 -0.13468E+01 -0.10665E+02
 -0.17412E+02 -0.22778E+02 -0.30495E+02 -0.36272E+02 -0.42359E+02 -0.48732E+02
 -0.52436E+02 -0.55685E+02 -0.54473E+02 -0.51080E+02 -0.45367E+02 -0.38201E+02
 -0.33779E+02 -0.33489E+02 -0.30283E+02 -0.28979E+02 -0.24053E+02 -0.18837E+02
 -0.14185E+02 -0.57877E+01  0.48282E+00  0.88323E+01  0.16626E+02  0.22983E+02
  0.26786E+02  0.23395E+02  0.18973E+02  0.18745E+02  0.21575E+02  0.28424E+02
  0.32194E+02  0.32180E+02  0.31670E+02  0.31043E+02  0.24992E+02  0.22449E+02
  0.23055E+02  0.27880E+02  0.33090E+02  0.32161E+02  0.33206E+02  0.30719E+02
  0.25394E+02  0.21169E+02  0.19458E+02  0.18937E+02  0.16912E+02  0.14882E+02
  0.12257E+02  0.86940E+01  0.78458E+01  0.20563E+01 -0.38417E+01 -0.12409E+02
 -0.21385E+02 -0.25199E+02 -0.30153E+02 -0.35345E+02 -0.41312E+02 -0.48060E+02
 -0.51964E+02 -0.52440E+02 -0.54436E+02 -0.57074E+02 -0.57124E+02 -0.54591E+02
 -0.55399E+02 -0.53131E+02 -0.46461E+02 -0.36343E+02 -0.30753E+02 -0.28961E+02
 -0.21511E+02 -0.13902E+02 -0.76266E+01 -0.70207E+01 -0.23611E+01 -0.40256E+00
  0.38474E+01  0.10984E+02  0.14836E+02  0.20095E+02  0.20645E+02  0.17945E+02
  0.16641E+02  0.22125E+02  0.27092E+02  0.27575E+02  0.24870E+02  0.20825E+02
  0.24763E+02  0.24240E+02  0.26254E+02  0.26106E+02  0.29304E+02  0.29784E+02
  0.28825E+02  0.28769E+02  0.25826E+02  0.26535E+02  0.24278E+02  0.25870E+02
  0.28322E+02  0.33858E+02  0.29935E+02  0.24078E+02  0.19052E+02  0.17419E+02
  0.19315E+02  0.17181E+02  0.97771E+01  0.12961E+01 -0.22012E+01 -0.46148E+01
 -0.15379E+01 -0.61832E+01 -0.10396E+02 -0.11706E+02 -0.95565E+01 -0.55595E+01
 -0.72185E+01 -0.13654E+02 -0.15426E+02 -0.13222E+02 -0.14212E+02 -0.16055E+02
 -0.21795E+02 -0.23246E+02 -0.23506E+02 -0.20603E+02 -0.15760E+02 -0.14608E+02
 -0.11353E+02 -0.10398E+02 -0.43153E+01  0.94152E+00  0.30794E+01  0.50415E+01
  0.16791E+01  0.25451E+01  0.57190E+01  0.74706E+01  0.89566E+01  0.10855E+02
  0.99037E+01  0.96073E+01  0.90790E+01  0.14559E+02  0.19930E+02  0.26229E+02
  0.29027E+02  0.29058E+02  0.27746E+02  0.26995E+02  0.24242E+02  0.18609E+02
  0.15226E+02  0.11175E+02  0.11699E+02  0.13986E+02  0.14539E+02  0.12928E+02
  0.82285E+01  0.12823E+01 -0.18853E+01 -0.60457E+01 -0.13083E+02 -0.22108E+02
 -0.27291E+02 -0.31345E+02 -0.33598E+02 -0.36305E+02 -0.39929E+02 -0.42503E+02
 -0.43116E+02 -0.46137E+02 -0.50932E+02 -0.53010E+02 -0.55443E+02 -0.57211E+02
 -0.59031E+02 -0.60207E+02 -0.62170E+02 -0.61359E+02 -0.61754E+02 -0.57271E+02
 -0.50245E+02 -0.45697E+02 -0.39205E+02 -0.33816E+02 -0.29461E+02 -0.22219E+02
 -0.19224E+02 -0.16250E+02 -0.10405E+02 -0.67025E+01 -0.28192E+01  0.41698E+01
  0.11977E+02  0.19880E+02  0.26213E+02  0.31295E+02  0.38855E+02  0.44131E+02
  0.49872E+02  0.54215E+02  0.57742E+02  0.59538E+02  0.60849E+02  0.64258E+02
  0.66010E+02  0.64330E+02  0.61241E+02  0.57534E+02  0.53973E+02  0.50014E+02
  0.48620E+02  0.46447E+02  0.41481E+02  0.44356E+02  0.42545E+02  0.40854E+02
  0.39056E+02  0.34336E+02  0.34201E+02  0.29774E+02  0.28706E+02  0.27089E+02
  0.27335E+02  0.28837E+02  0.28194E+02  0.23782E+02  0.19296E+02  0.14282E+02
  0.10673E+02  0.74858E+01  0.34927E+01 -0.30124E+00 -0.52835E+01 -0.58867E+01
 -0.95624E+01 -0.12599E+02 -0.16107E+02 -0.18808E+02 -0.21340E+02 -0.21936E+02
 -0.22686E+02 -0.21390E+02 -0.21401E+02 -0.22079E+02 -0.23945E+02 -0.24257E+02
 -0.26427E+02 -0.28566E+02 -0.28082E+02 -0.27878E+02 -0.26136E+02 -0.26115E+02
 -0.26499E+02 -0.28098E+02 -0.28180E+02 -0.28341E+02 -0.30520E+02 -0.32731E+02
 -0.31191E+02 -0.32586E+02 -0.37371E+02 -0.41364E+02 -0.44548E+02 -0.42273E+02
 -0.40478E+02 -0.40267E+02 -0.39546E+02 -0.38281E+02 -0.38832E+02 -0.38307E+02
 -0.34435E+02 -0.32727E+02 -0.26720E+02 -0.24493E+02 -0.20358E+02 -0.19328E+02
 -0.17895E+02 -0.15403E+02 -0.15407E+02 -0.13449E+02 -0.12983E+02 -0.14796E+02
 -0.12570E+02 -0.87531E+01 -0.51445E+01  0.11215E+01  0.59985E+01  0.13507E+02
  0.19542E+02  0.26344E+02  0.28853E+02  0.29661E+02  0.31510E+02  0.33414E+02
  0.36067E+02  0.37104E+02  0.36980E+02  0.38886E+02  0.40461E+02  0.41667E+02
  0.39525E+02  0.40133E+02  0.41474E+02  0.41274E+02  0.43406E+02  0.43834E+02
  0.45125E+02  0.43843E+02  0.44151E+02  0.43159E+02  0.39762E+02  0.36060E+02
  0.31861E+02  0.31249E+02  0.30473E+02  0.26746E+02  0.24039E+02  0.22529E+02
  0.20613E+02  0.16586E+02  0.15677E+02  0.12175E+02  0.64197E+01  0.34079E+01
 -0.31664E+00 -0.30430E+01 -0.65654E+01 -0.10414E+02 -0.14355E+02 -0.18004E+02
 -0.19629E+02 -0.19915E+02 -0.23522E+02 -0.20257E+02 -0.21030E+02 -0.19760E+02
 -0.20824E+02 -0.21215E+02 -0.22436E+02 -0.27516E+02 -0.30096E+02 -0.31215E+02
 -0.28837E+02 -0.29108E+02 -0.28181E+02 -0.26079E+02 -0.23194E+02 -0.21984E+02
 -0.19964E+02 -0.17907E+02 -0.17005E+02 -0.18990E+02 -0.18519E+02 -0.19043E+02
 -0.18175E+02 -0.21298E+02 -0.25853E+02 -0.27781E+02 -0.28276E+02 -0.26608E+02
 -0.24925E+02 -0.20764E+02 -0.16516E+02 -0.10369E+02 -0.62530E+01 -0.30010E+01
 -0.94400E+00  0.22838E+00  0.27363E+00  0.10090E+01  0.35426E+01  0.38346E+01
  0.52849E+01  0.73454E+01  0.88735E+01  0.11024E+02  0.13480E+02  0.14465E+02
  0.13470E+02  0.13507E+02  0.15929E+02  0.15116E+02  0.13905E+02  0.13616E+02
  0.10558E+02  0.71973E+01  0.66881E+01  0.68338E+01  0.87685E+01  0.94597E+01
  0.94958E+01  0.12558E+02  0.13564E+02  0.13782E+02  0.14001E+02  0.14708E+02
  0.15125E+02  0.16129E+02  0.14661E+02  0.14303E+02  0.10864E+02  0.11081E+02
  0.15475E+02  0.16701E+02  0.15469E+02  0.13627E+02  0.88990E+01  0.43020E+01
  0.46492E+01  0.40836E+01  0.71199E+01  0.78199E+01  0.79776E+01  0.69367E+01
  0.57742E+01  0.55593E+01  0.37852E+01  0.34566E+01  0.36553E+01  0.23382E+01
  0.13231E+01  0.12711E+01  0.19983E+00 -0.29310E+01 -0.37571E+01 -0.32284E+01
 -0.15821E+01 -0.45629E+00 -0.55932E+00 -0.10219E+01  0.21715E+01  0.32576E+01
  0.32775E+01  0.73915E+01  0.69405E+01  0.72954E+01  0.17936E+01  0.12682E+01
 -0.93541E+00 -0.44654E+01 -0.85394E+01 -0.84578E+01 -0.97721E+01 -0.12389E+02
 -0.13733E+02 -0.17598E+02 -0.18446E+02 -0.21417E+02 -0.22415E+02 -0.22864E+02
 -0.19961E+02 -0.16370E+02 -0.14742E+02 -0.15436E+02 -0.16450E+02 -0.16939E+02
 -0.16704E+02 -0.17094E+02 -0.16174E+02 -0.15690E+02 -0.15325E+02 -0.14541E+02
 -0.14595E+02 -0.13302E+02 -0.14499E+02 -0.14572E+02 -0.14550E+02 -0.14589E+02
 -0.14489E+02 -0.11720E+02 -0.80429E+01 -0.79537E+01 -0.10522E+02 -0.13452E+02
 -0.17961E+02 -0.17073E+02 -0.13148E+02 -0.94907E+01 -0.65795E+01 -0.42674E+01
 -0.29840E+01 -0.43494E+01 -0.39047E+01  0.10536E+01  0.74642E+01  0.83840E+01
  0.12359E+02  0.14458E+02  0.18764E+02  0.20326E+02  0.20140E+02  0.20588E+02
  0.20115E+02  0.20989E+02  0.20409E+02  0.20171E+02  0.20200E+02  0.19747E+02
  0.20775E+02  0.21995E+02  0.20211E+02  0.19995E+02  0.21449E+02  0.20996E+02
  0.21587E+02  0.21840E+02  0.19734E+02  0.19051E+02  0.20625E+02  0.20570E+02
  0.21679E+02  0.27349E+02  0.28814E+02  0.29622E+02  0.28984E+02  0.28795E+02
  0.28830E+02  0.28443E+02  0.25628E+02  0.22789E+02  0.22516E+02  0.16613E+02
  0.15003E+02  0.12842E+02  0.13046E+02  0.91521E+01  0.59096E+01  0.37117E+01
  0.39810E+00  0.44055E-01 -0.18517E+01 -0.43263E+01 -0.81491E+01 -0.83719E+01
 -0.11646E+02 -0.18994E+02 -0.21778E+02 -0.21056E+02 -0.20836E+02 -0.20597E+02
 -0.22039E+02 -0.24078E+02 -0.25630E+02 -0.24826E+02 -0.24793E+02 -0.28737E+02
 -0.30413E+02 -0.32742E+02 -0.35906E+02 -0.37779E+02 -0.36268E+02 -0.35970E+02
 -0.35367E+02 -0.33358E+02 -0.31508E+02 -0.27317E+02 -0.24884E+02 -0.21966E+02
 -0.21193E+02 -0.21322E+02 -0.20895E+02 -0.22251E+02 -0.22511E+02 -0.22176E+02
 -0.23380E+02 -0.22910E+02 -0.23152E+02 -0.19263E+02 -0.15185E+02 -0.10343E+02
 -0.63172E+01 -0.16032E+01  0.12104E+01  0.32513E+01  0.89186E+01  0.13123E+02
  0.16030E+02  0.17848E+02  0.18486E+02  0.19236E+02  0.20874E+02  0.21618E+02
  0.16676E+02  0.17111E+02  0.17414E+02  0.16505E+02  0.16767E+02  0.15730E+02
  0.20195E+02  0.18906E+02  0.19822E+02  0.21286E+02  0.21330E+02  0.21279E+02
  0.23816E+02  0.24134E+02  0.22289E+02  0.23395E+02  0.22309E+02  0.23801E+02
  0.23136E+02  0.21022E+02  0.19918E+02  0.18200E+02  0.15385E+02  0.14266E+02
  0.95549E+01  0.40845E+01  0.25044E+01  0.65883E+00  0.11098E+01 -0.64304E+00
 -0.16296E+01 -0.23412E+01 -0.36296E+01 -0.87339E+01 -0.88434E+01 -0.11244E+02
 -0.13178E+02 -0.12203E+02 -0.12892E+02 -0.12211E+02 -0.13653E+02 -0.13624E+02
 -0.14001E+02 -0.12583E+02 -0.92839E+01 -0.11481E+02 -0.10656E+02 -0.84047E+01
 -0.76240E+01 -0.70277E+01 -0.87724E+01 -0.79471E+01 -0.68003E+01 -0.82565E+01
 -0.93782E+01 -0.63510E+01 -0.23802E+01 -0.31701E+01 -0.24230E+01 -0.20008E+01
 -0.50132E-01 -0.81847E+00  0.11839E+01  0.16770E+01 -0.11736E-01  0.22076E+01
  0.24501E+00  0.24842E+01  0.23986E+01  0.43508E+01  0.53129E+01  0.50862E+01
  0.67930E+01  0.95279E+01  0.10559E+02  0.87456E+01  0.10699E+02  0.98153E+01
  0.10187E+02  0.97025E+01  0.87903E+01  0.80225E+01  0.70989E+01  0.73140E+01
  0.78226E+01  0.89762E+01  0.86423E+01  0.77366E+01  0.36750E+01  0.24952E+01
  0.21544E+01  0.31946E+01  0.32035E+01  0.53166E+01  0.10295E+02  0.10867E+02
  0.94897E+01  0.75880E+01  0.46132E+01 -0.62857E-01 -0.36798E+01 -0.29367E+01
 -0.64970E+01 -0.93859E+01 -0.10166E+02 -0.10691E+02 -0.10351E+02 -0.10990E+02
 -0.10121E+02 -0.10200E+02 -0.99932E+01 -0.10356E+02 -0.10636E+02 -0.11340E+02
 -0.14372E+02 -0.17772E+02 -0.18008E+02 -0.18244E+02 -0.18188E+02 -0.18284E+02
 -0.17877E+02 -0.17105E+02 -0.17038E+02 -0.17667E+02 -0.14840E+02 -0.12724E+02
 -0.12425E+02 -0.13064E+02 -0.13192E+02 -0.12918E+02 -0.13205E+02 -0.10594E+02
 -0.67845E+01 -0.81119E+01 -0.57032E+01 -0.25586E+01  0.54786E+00  0.30609E+01
  0.34763E+01  0.74288E+01  0.74362E+01  0.74084E+01  0.73334E+01  0.71501E+01
  0.71942E+01  0.74539E+01  0.76558E+01  0.71923E+01  0.80176E+01  0.86885E+01
  0.92337E+01  0.13450E+02  0.15874E+02  0.15271E+02  0.19133E+02  0.19213E+02
  0.17282E+02  0.15856E+02  0.13221E+02  0.12227E+02  0.14432E+02  0.18409E+02
  0.17631E+02  0.18222E+02  0.16735E+02  0.17481E+02  0.16028E+02  0.11562E+02
  0.11416E+02  0.11329E+02  0.11219E+02  0.88062E+01  0.62341E+01  0.57364E+01
  0.50960E+01  0.48972E+01  0.56599E+01  0.59140E+01  0.64366E+01  0.66658E+01
  0.64907E+01  0.67018E+01  0.54558E+01  0.57685E+01  0.39400E+01 -0.58386E+00
 -0.13329E+00 -0.80356E+00 -0.44368E+01 -0.53242E+01 -0.48184E+01 -0.67469E+01
 -0.10234E+02 -0.95804E+01 -0.98553E+01 -0.13373E+02 -0.12662E+02 -0.12719E+02
 -0.17735E+02 -0.18495E+02 -0.18251E+02 -0.19450E+02 -0.17763E+02 -0.18633E+02
 -0.16652E+02 -0.17009E+02 -0.14279E+02 -0.15093E+02 -0.15437E+02 -0.14074E+02
 -0.13711E+02 -0.94491E+01 -0.10769E+02 -0.86193E+01 -0.98651E+01 -0.97270E+01
 -0.10711E+02 -0.94111E+01 -0.81698E+01 -0.88803E+01 -0.52242E+01 -0.55663E+01
 -0.60338E+01 -0.63468E+01 -0.70147E+01 -0.78855E+01 -0.68548E+01 -0.66458E+01
 -0.61506E+01 -0.70672E+01 -0.72900E+01 -0.30475E+01 -0.29370E+01 -0.39521E+01
  0.91754E+00  0.15126E+01  0.45687E+01  0.81902E+01  0.76645E+01  0.11008E+02
  0.12849E+02  0.11123E+02  0.13318E+02  0.17894E+02  0.18388E+02  0.18257E+02
  0.18052E+02  0.16610E+02  0.18793E+02  0.19043E+02  0.16595E+02  0.17588E+02
  0.17151E+02  0.17400E+02  0.16500E+02  0.16260E+02  0.17510E+02  0.13524E+02
  0.10607E+02  0.10762E+02  0.10786E+02  0.95399E+01  0.62747E+01  0.47702E+01
  0.54668E+01  0.10036E+02  0.12106E+02  0.80330E+01  0.57842E+01  0.58008E+01
  0.12362E+01  0.45360E+00 -0.18619E+00  0.76735E+00 -0.11559E+01 -0.48500E+01
 -0.44699E+01 -0.42756E+01 -0.35690E+01 -0.72099E+01 -0.78446E+01 -0.68843E+01
 -0.10031E+02 -0.13493E+02 -0.13334E+02 -0.13794E+02 -0.13734E+02 -0.13744E+02
 -0.13729E+02 -0.13729E+02 -0.13689E+02 -0.13153E+02 -0.13043E+02 -0.12497E+02
 -0.12664E+02 -0.11708E+02 -0.66107E+01 -0.52498E+01 -0.32075E+01 -0.44453E+01
 -0.25438E+01 -0.29274E+00 -0.12119E+00  0.29209E+01  0.34105E+01  0.38501E+01
  0.56385E+01  0.75687E+01  0.31560E+01  0.29607E+01  0.30950E+01  0.43001E+01
  0.60145E+01  0.61930E+01  0.61824E+01  0.51138E+01  0.44597E+01  0.39626E+01
  0.42847E+01  0.34311E+01  0.29884E+01  0.31243E+01  0.31906E+01  0.32250E+01
  0.34484E+01  0.12292E+01 -0.14943E+01 -0.52028E+00 -0.31695E+01 -0.68336E+01
 -0.64985E+01 -0.50524E+01 -0.64519E+01 -0.69331E+01 -0.68986E+01 -0.71180E+01
 -0.71385E+01 -0.71576E+01 -0.81369E+01 -0.11846E+02 -0.13456E+02 -0.13149E+02
 -0.13601E+02 -0.13077E+02 -0.14106E+02 -0.12083E+02 -0.10432E+02 -0.10308E+02
 -0.71220E+01 -0.76104E+01 -0.69580E+01 -0.28387E+01 -0.67613E+00  0.91424E+00
  0.67891E+00  0.42854E+01  0.58672E+01  0.41060E+01  0.46395E+01  0.50138E+01
  0.90723E+01  0.10130E+02  0.95585E+01  0.10455E+02  0.89979E+01  0.12391E+02
  0.12730E+02  0.12980E+02  0.12507E+02  0.13394E+02  0.16364E+02  0.15248E+02
  0.15084E+02  0.13913E+02  0.10075E+02  0.64415E+01  0.73284E+01  0.63742E+01
  0.69408E+01  0.62789E+01  0.58107E+01  0.63527E+01  0.54681E+01  0.58009E+01
  0.46240E+01  0.19937E+01  0.31154E+01  0.65054E+01  0.75739E+01  0.72848E+01
  0.85903E+01  0.53394E+01  0.35275E+01  0.38863E+01  0.40444E+01  0.23917E+01
 -0.10816E+01 -0.48186E+01 -0.66322E+01 -0.77229E+01 -0.11730E+02 -0.10672E+02
 -0.87929E+01 -0.96499E+01 -0.86415E+01 -0.10264E+02 -0.10110E+02 -0.11716E+02
 -0.11598E+02 -0.11099E+02 -0.10559E+02 -0.94631E+01 -0.81497E+01 -0.60388E+01
 -0.73550E+01 -0.62205E+01 -0.60099E+01 -0.56576E+01 -0.60371E+01 -0.52555E+01
 -0.49088E+01 -0.40459E+01 -0.39362E+01 -0.42539E+01 -0.55190E+01 -0.56961E+01
 -0.52628E+01 -0.57431E+01 -0.60974E+01 -0.58573E+01 -0.64159E+01 -0.50418E+01
 -0.52118E+01 -0.39094E+01 -0.12305E+01 -0.22111E+01  0.87084E+00  0.29828E+01
  0.32311E+01  0.32588E+01  0.31490E+01  0.32715E+01  0.30805E+01  0.32744E+01
  0.30157E+01  0.33259E+01  0.53276E+01  0.72178E+01  0.91252E+01  0.82915E+01
  0.78111E+01  0.85942E+01  0.88154E+01  0.43807E+01  0.43318E+01  0.20778E+01
  0.32264E+01  0.48409E+01  0.23980E+01  0.39814E+01  0.50458E+01  0.67784E+01
  0.42863E+01  0.38803E+01  0.20930E+01  0.23339E+01  0.23378E+01  0.15608E+01
  0.18135E+01  0.15822E+01  0.18203E+01  0.24979E+01  0.27727E+01  0.26513E+01
  0.14837E+01  0.95297E+00  0.29346E+01  0.24504E+01  0.29032E+01  0.24443E+01
  0.26355E+01  0.20539E+01  0.43282E+00  0.49999E+00  0.41450E+00  0.42709E+00
  0.41167E+00 -0.90871E+00 -0.46815E+01 -0.54958E+01 -0.54813E+01 -0.55477E+01
 -0.54432E+01 -0.63236E+01 -0.67794E+01 -0.63831E+01 -0.72200E+01 -0.67604E+01
 -0.56123E+01 -0.56617E+01 -0.55796E+01 -0.50948E+01 -0.41424E+01 -0.27751E+01
 -0.59371E+00  0.71715E+00  0.34111E+01  0.21934E+01  0.24598E+01  0.35803E+01
  0.23262E+01  0.23856E+01  0.22078E+01  0.23517E+01  0.21823E+01  0.23379E+01
  0.21387E+01  0.23458E+01  0.20687E+01  0.24733E+01  0.25328E+01  0.27466E+01
  0.31910E+01  0.23088E+01  0.28160E+01  0.14281E+01  0.23084E+01  0.17065E+01
  0.26201E+01  0.35867E+01  0.33064E+01  0.41901E+01  0.30159E+01  0.19894E+01
  0.10727E+00 -0.62015E-01 -0.11363E+00 -0.16865E+00 -0.39671E-01 -0.76441E-01
 -0.11710E+01 -0.13656E+01 -0.42914E+00 -0.46924E+00 -0.56929E+00 -0.18798E+01
 -0.30114E+01 -0.25362E+01 -0.24158E+01 -0.22224E+01 -0.24571E+01 -0.94090E+00
 -0.12138E+01 -0.13077E+01 -0.14944E+01 -0.17227E+01 -0.18864E+01 -0.20452E+01
 -0.19853E+01 -0.23001E+01 -0.30516E+00  0.10546E+01  0.22551E+01  0.27077E+01
  0.13032E+01 -0.10301E+01 -0.13272E+01 -0.77541E+00 -0.39449E+00 -0.93048E+00
 -0.13241E+01 -0.70951E+00 -0.32053E+00 -0.33128E+00 -0.64403E+00 -0.69473E+00
 -0.85666E+00 -0.10251E+01 -0.13214E+01 -0.11038E+01 -0.31281E+01 -0.31244E+01
 -0.39798E+01 -0.60688E+01 -0.66923E+01 -0.73374E+01 -0.71003E+01 -0.63410E+01
 -0.53628E+01 -0.55189E+01 -0.62090E+01 -0.49557E+01 -0.46427E+01 -0.60127E+01
 -0.49952E+01 -0.37106E+01 -0.21260E+01 -0.22133E+00  0.18093E+00 -0.21273E+00
  0.87599E+00  0.41590E+00  0.18445E+01  0.49279E+01  0.48673E+01  0.52810E+01
  0.57991E+01  0.53901E+01  0.55086E+01  0.56122E+01  0.55068E+01  0.55455E+01
  0.57701E+01  0.59879E+01  0.57764E+01  0.59726E+01  0.48458E+01  0.29080E+01
  0.23582E+01  0.22641E+00 -0.10365E+01 -0.23992E+00 -0.19446E+00  0.25894E+00
 -0.65895E+00 -0.39464E+00  0.42122E-01  0.66482E+00  0.24066E+01  0.25682E+01
  0.21560E+01  0.47552E+01  0.36169E+01  0.17721E+01  0.27596E+01  0.86026E+00
  0.50466E+00 -0.24219E+00  0.96943E-01 -0.15408E+00  0.72477E-01  0.57097E+00
  0.55547E+00  0.89151E+00  0.11148E+01  0.75285E+00  0.72917E+00 -0.16006E+00
 -0.11289E+01 -0.27031E+00 -0.16536E+01  0.14070E+01  0.12675E+01  0.11163E+01
  0.20827E+01  0.20774E+01  0.25648E+01  0.17588E+01  0.21815E+01  0.17833E+01
  0.21845E+01  0.16919E+01  0.23966E+01 -0.79535E+00 -0.65945E+00 -0.90821E+00
 -0.20705E+01 -0.17705E+01 -0.38282E+01 -0.33223E+01 -0.43454E+01 -0.32459E+01
 -0.30751E+01 -0.16987E+01 -0.16405E+01 -0.19521E+01 -0.53591E+00  0.82725E+00
  0.22468E+01  0.94031E+00  0.13800E+01  0.20152E+01  0.13338E+01  0.15976E+01
  0.12181E+01  0.13808E+01  0.10642E+01  0.14823E+01  0.18687E+01  0.16882E+01
  0.10699E+01 -0.19516E+00 -0.89803E+00 -0.22925E+01 -0.22457E+01 -0.32688E+01
 -0.13601E+01 -0.15805E+01 -0.48762E+00 -0.13265E+01 -0.41702E+01 -0.29016E+01
 -0.26180E+01 -0.93161E+00 -0.84202E+00 -0.49519E+00 -0.30972E-01 -0.12017E+01
 -0.21203E+01 -0.39359E+01 -0.36441E+01 -0.44317E+01 -0.32626E+01 -0.37884E+01
 -0.58428E+01 -0.64862E+01 -0.60684E+01 -0.57070E+01 -0.47220E+01 -0.57568E+01
 -0.37704E+01 -0.23163E+01 -0.16430E+01 -0.16250E+00 -0.11823E+01 -0.12072E+01
 -0.65684E+00  0.14456E+01  0.12051E+01  0.19944E+01  0.99264E+00  0.18398E+01
 -0.76184E+00 -0.27583E+01 -0.23639E+01 -0.28513E+01 -0.24087E+01  0.44986E+00
  0.33103E+01  0.35720E+01  0.41142E+01  0.50130E+01  0.72846E+01  0.62681E+01
  0.82715E+01  0.70226E+01  0.65483E+01  0.56928E+01  0.38440E+01  0.42503E+01
  0.17697E+01  0.19307E+01  0.15857E+01  0.19590E+01  0.17386E+01  0.20488E+01
  0.25398E+01  0.15217E+01  0.17423E+01  0.22599E+01  0.22038E+01  0.23151E+01
  0.31079E+01  0.27981E+01  0.26425E+01  0.27405E+01  0.16746E+01  0.88896E+00
  0.47472E+00  0.10527E+00 -0.51936E-01 -0.27246E+01 -0.49644E+01 -0.45347E+01
 -0.48958E+01 -0.43498E+01 -0.50657E+01 -0.34884E+01 -0.20437E+01 -0.28607E+01
 -0.28871E+00  0.26402E+01  0.31893E+01  0.31999E+01  0.35600E+01  0.30116E+01
  0.19342E+01  0.39586E+00  0.44436E+00 -0.11985E+01 -0.66906E+00  0.78389E+00
  0.13664E+01  0.18144E+01  0.21399E+01  0.30489E+01 -0.20067E+00 -0.12599E+01
 -0.67749E+00 -0.13271E+01 -0.15606E+01 -0.13033E+01 -0.98953E+00 -0.12976E+01
  0.58302E+00  0.46392E+00  0.17973E+01  0.32203E+01  0.16254E+01  0.13503E+01
 -0.20648E+00 -0.26156E+01 -0.34230E+01 -0.37578E+01 -0.53114E+01 -0.66047E+01
 -0.67688E+01 -0.66876E+01 -0.67472E+01 -0.67902E+01 -0.49532E+01 -0.38305E+01
 -0.33482E+01 -0.18410E+01 -0.37032E+01 -0.41544E+01 -0.24234E+01 -0.26375E+01
 -0.22116E+01 -0.19558E+00  0.79394E-01  0.17687E+01  0.38063E+01  0.36517E+01
  0.38486E+01  0.37039E+01  0.38196E+01  0.37131E+01  0.35798E+01  0.35561E+01
  0.35489E+01  0.49196E+01  0.43271E+01  0.35074E+01  0.35946E+01  0.36253E+01
  0.42183E+01  0.47764E+01  0.53610E+01  0.52441E+01  0.32569E+01  0.37022E+01
  0.34990E+01  0.20439E+01  0.62197E+00 -0.55119E+00  0.52248E+00  0.15154E+00
 -0.73111E-01 -0.52534E-01  0.18859E+00 -0.11094E+00 -0.34238E+00 -0.21957E+01
 -0.27554E+01 -0.28443E+01 -0.33031E+01 -0.20373E+01 -0.25292E+01 -0.21041E+01
 -0.25280E+01 -0.20549E+01 -0.26398E+01 -0.17803E+01 -0.28989E+01 -0.39529E+01
 -0.21832E+01 -0.30399E+01 -0.28171E+01 -0.23257E+01 -0.21213E+01 -0.27989E+01
 -0.22446E+01 -0.23766E+01 -0.21886E+01 -0.21018E+01 -0.20896E+01 -0.20906E+01
 -0.12227E+01 -0.16249E+00 -0.10572E+01 -0.18226E+01 -0.15499E+01 -0.17896E+01
 -0.78071E+00 -0.15858E+01 -0.16811E+01 -0.17284E+01 -0.13627E+01 -0.24810E+01
 -0.31782E+01 -0.19270E+01 -0.22062E+01 -0.20593E+01 -0.21046E+01 -0.16408E+01
 -0.12616E+01  0.15562E+00  0.82237E-01  0.16643E+00  0.70167E+00  0.12436E+01
  0.29911E+01  0.38166E+01  0.37268E+01  0.37998E+01  0.37134E+01  0.48479E+01
  0.46687E+01  0.45692E+01  0.50982E+01  0.49145E+01  0.46877E+01  0.46330E+01
  0.46533E+01  0.31365E+01  0.35465E+01  0.51190E+01  0.40301E+01  0.40937E+01
  0.45171E+01  0.63353E+01  0.60376E+01  0.43686E+01  0.38604E+01  0.37634E+01
  0.37113E+01  0.39744E+01  0.23869E+01  0.57063E+00  0.81390E+00 -0.12626E+01
 -0.14968E+01 -0.18222E+01 -0.23714E+01 -0.92905E+00 -0.29855E+01 -0.23771E+01
 -0.18682E+01 -0.25382E+01 -0.34752E+01 -0.26030E+01 -0.21570E+01 -0.22763E+01
 -0.24520E+01 -0.30754E+01 -0.15830E+01 -0.27054E+01 -0.15711E+01 -0.25095E+01
 -0.18891E+01 -0.32137E+01 -0.22036E+01 -0.23443E+01 -0.22728E+01 -0.30549E+01
 -0.33000E+01 -0.26680E+01 -0.44717E+01 -0.30470E+01 -0.34113E+01 -0.30462E+01
 -0.25584E+01 -0.21086E+01 -0.22210E+01 -0.31707E+01 -0.78745E+00  0.33764E-01
  0.42051E+00  0.59998E+00  0.11211E+01  0.22921E+01  0.16077E+01  0.41086E+00
  0.39466E+00  0.14662E+01  0.34733E+00  0.26630E+00 -0.44965E+00  0.24537E+00
  0.10642E+00  0.16636E+01  0.22410E+01  0.31084E+01  0.24223E+01  0.20775E+01
  0.24457E+01 -0.55380E+00  0.50573E+00 -0.94003E+00 -0.14805E+01 -0.22632E+01
 -0.23345E+01 -0.21937E+01 -0.17543E+01 -0.10291E+00  0.16297E+01  0.19462E+01
  0.72386E+00  0.86125E+00  0.62374E+00  0.23546E+00 -0.61405E+00 -0.18366E+01
 -0.16496E+01 -0.14630E+01 -0.70081E+00  0.59024E+00  0.10870E+01  0.20364E+01
  0.19062E+01  0.21258E+01  0.31182E+01  0.25253E+01  0.34776E+01  0.17287E+01
  0.21256E+01  0.32751E+01  0.26753E+01  0.34799E+01  0.25051E+01  0.36676E+01
  0.23082E+01  0.63012E+00  0.16050E+01  0.24905E+01  0.14209E+01  0.18899E+01
  0.10970E+01  0.55119E+00  0.87249E+00 -0.91401E-01  0.91790E+00  0.88410E+00
  0.26626E+01  0.14166E+01  0.34139E+00  0.21295E+01  0.10940E+01 -0.85375E+00
 -0.28033E+01 -0.54914E+00 -0.68158E+00 -0.15817E+01 -0.28199E+01 -0.20585E+01
 -0.80320E+00 -0.36072E+01 -0.24960E+01 -0.13472E+01 -0.11051E+01 -0.11666E+01
 -0.11471E+01 -0.48246E+00 -0.16287E+01 -0.47171E+00 -0.45231E+00  0.28001E+00
  0.36561E+00  0.64018E+00 -0.62079E+00 -0.26910E+01 -0.25012E+01 -0.31753E+01
 -0.39241E+01 -0.61686E+01 -0.60288E+01 -0.64990E+01 -0.58420E+01 -0.64866E+01
 -0.75490E+01 -0.52918E+01 -0.51240E+01 -0.50525E+01 -0.56125E+01 -0.48215E+01
 -0.29343E+01 -0.23985E+01 -0.27581E+01 -0.15393E+01  0.29310E+00  0.29817E+00
  0.14902E+00  0.10097E+01  0.23528E+01  0.21340E+01  0.20827E+01  0.36745E+01
  0.29086E+01  0.36547E+01  0.42766E+01  0.30082E+01  0.44955E+01  0.43597E+01
  0.58986E+01  0.48092E+01  0.56765E+01  0.58260E+01  0.35263E+01  0.49442E+01
  0.55215E+01  0.60838E+01  0.54392E+01  0.33535E+01  0.29276E+01  0.30392E+01
  0.29634E+01  0.26256E+01  0.50200E+00  0.23561E+00  0.53839E-01  0.20044E+00
  0.95063E-01 -0.21258E+00 -0.70587E+00 -0.20928E+01 -0.23140E+00  0.18747E+00
  0.28498E-02  0.13004E+00 -0.36451E+00  0.52977E-01 -0.11047E+01 -0.32373E+01
 -0.33088E+01 -0.36770E+01 -0.38926E+01 -0.36984E+01 -0.36868E+01 -0.34428E+01
 -0.29234E+01 -0.28036E+01 -0.26589E+01 -0.30546E+01 -0.21222E+01 -0.27051E+01
 -0.26695E+01 -0.32175E+01 -0.12549E+01  0.10909E+01  0.73874E+00  0.22173E+01
  0.25851E+01  0.49346E+01  0.52328E+01  0.50719E+01  0.61397E+01  0.45461E+01
  0.23511E+01  0.22386E+01  0.22818E+01  0.49646E+00 -0.17135E+01 -0.15768E+01
 -0.21881E+01 -0.26666E+01 -0.28614E+01 -0.27975E+01 -0.27533E+01 -0.27589E+01
 -0.27297E+01 -0.28046E+01 -0.20424E+01 -0.71116E+00 -0.88385E+00 -0.31806E+01
 -0.24444E+01 -0.71001E+00 -0.62701E+00 -0.88883E+00  0.94689E+00  0.28259E+01
  0.20102E+01  0.11550E+01  0.79336E-01  0.59213E+00  0.75377E-01 -0.83771E+00
 -0.71600E+00 -0.11315E+01 -0.11599E+00  0.54306E+00  0.24939E+01  0.32525E+01
  0.30710E+01  0.33140E+01  0.39468E+01  0.28996E+01  0.38443E+01  0.28702E+01
  0.21186E+01  0.16918E+01  0.25385E+01  0.40104E+01  0.38657E+01  0.42234E+01
  0.51530E+01  0.56865E+01  0.36663E+01  0.42378E+01  0.31927E+01  0.32368E+01
  0.13958E+01  0.58101E+00 -0.10777E+01 -0.36301E+01 -0.34999E+01 -0.37144E+01
 -0.35624E+01 -0.39910E+01 -0.44892E+01 -0.47070E+01 -0.45952E+01 -0.46573E+01
 -0.46780E+01 -0.53340E+01 -0.42953E+01 -0.37939E+01 -0.37236E+01 -0.36103E+01
 -0.37507E+01 -0.67113E+00 -0.59284E+00 -0.79479E+00 -0.82274E+00  0.89359E+00
  0.29731E+01  0.24972E+01  0.22983E+01  0.21637E+01  0.20178E+01  0.15946E+01
  0.16772E+01  0.15226E+01  0.16762E+01  0.16127E+01  0.16270E+01  0.16494E+01
  0.16204E+01  0.15548E+01 -0.40609E+00 -0.71565E+00 -0.18123E+00 -0.12952E+01
 -0.10395E+01 -0.13162E+01  0.30560E+00 -0.72913E+00 -0.12416E+01  0.53924E+00
  0.61519E+00  0.75746E+00  0.81685E+00  0.17497E+01  0.25899E+01  0.33985E+01
  0.14609E+01  0.12263E+01  0.11804E+01 -0.48359E+00 -0.91922E+00 -0.15986E+01
 -0.12102E+01 -0.16029E+01 -0.11583E+01 -0.34380E+01 -0.19556E+01 -0.17086E+01
 -0.31480E+01 -0.36007E+01 -0.43986E+01 -0.10626E+01 -0.24789E+01 -0.22223E+01
 -0.20204E+01 -0.21038E+01 -0.20446E+01 -0.22193E+01 -0.21785E+01 -0.21874E+01
 -0.21450E+01 -0.21474E+01 -0.21548E+01 -0.20511E+01 -0.22989E+01 -0.18089E+01
 -0.44344E+00 -0.13480E+01 -0.46004E+00 -0.15668E+01 -0.95417E+00 -0.93847E+00
 -0.27272E+00  0.34010E-02  0.18169E+00  0.80438E+00  0.89818E+00  0.27878E+01
  0.75090E+00  0.88955E+00  0.60045E+00  0.11886E+01  0.13307E+01  0.10485E+01
  0.28755E+01  0.20478E+01  0.15685E+01  0.13925E+01  0.14688E+01  0.36692E+01
  0.33295E+01  0.30894E+01  0.33585E+01  0.36889E+01  0.39731E+01  0.19542E+01
  0.30844E+01  0.34850E+01  0.19607E+01  0.85936E+00  0.82271E+00  0.17729E+01
  0.10749E+01  0.78339E+00  0.83694E+00  0.77627E+00  0.88161E+00  0.62399E+00
  0.68102E-01 -0.99830E+00 -0.89050E+00 -0.14889E+01 -0.22164E+01 -0.17049E+01
 -0.23789E+01 -0.81746E+00 -0.44630E+00 -0.37171E+00 -0.33665E+00 -0.11005E+01
 -0.91575E+00  0.56268E+00  0.12720E+01  0.11294E+01  0.10251E+01  0.80673E+00
  0.10264E+01  0.78211E+00  0.11632E+01 -0.32404E+00 -0.13318E+01 -0.18020E+01
 -0.18988E+01 -0.18294E+01 -0.18823E+01 -0.18123E+01 -0.19209E+01 -0.18220E+01
