 -0.15623E+00 -0.16630E+00  0.12070E-01  0.42325E+00  0.62202E+00  0.12055E+01
  0.11076E+01  0.44428E+01  0.45532E+01  0.17269E+01  0.17333E+01  0.24024E+01
  0.34197E+01 -0.12538E+01 -0.89747E+01 -0.49591E+01  0.96058E+01  0.90071E+01
 -0.44296E+01 -0.68621E+01  0.31711E+01 -0.11947E+01 -0.69502E+01 -0.11379E+02
 -0.14198E+02 -0.96703E+01  0.12488E+02  0.19093E+02  0.68067E+01  0.10976E+02
  0.17152E+02  0.12543E+02  0.13040E+02  0.97679E+01 -0.11731E+02 -0.41862E+01
  0.92048E+01 -0.10350E+02 -0.40463E+02 -0.24625E+02 -0.12676E+02 -0.35925E+01
  0.22700E+02  0.21126E+01 -0.11198E+02 -0.15757E+02 -0.31394E+00  0.13680E+02
  0.17394E+02  0.78100E+01 -0.71830E+01  0.96854E+01  0.24378E+02  0.45630E+01
 -0.21529E+02 -0.26417E+01 -0.10290E+02 -0.47915E+02 -0.67107E+02  0.34862E+02
  0.58129E+02  0.31291E+02  0.16388E+02 -0.12342E+03 -0.19749E+03  0.26411E+02
  0.21794E+03  0.18580E+03  0.33271E+02 -0.49715E+02 -0.14775E+03 -0.19781E+03
  0.94651E+02  0.19325E+03  0.12223E+03  0.17469E+02 -0.12842E+03 -0.83434E+02
  0.19897E+02  0.62190E+01 -0.23558E+02 -0.15540E+03 -0.17969E+03 -0.56709E+02
 -0.19222E+02  0.36369E+02  0.13091E+03  0.17813E+03  0.45637E+02 -0.15629E+03
 -0.88257E+02  0.48637E+02  0.25168E+03  0.21869E+03  0.12987E+03  0.38225E+02
 -0.18177E+03 -0.20479E+03 -0.25709E+03 -0.16869E+03  0.66060E+02  0.11655E+03
  0.15409E+03  0.11133E+03 -0.13456E+03 -0.23866E+03 -0.18902E+03 -0.85161E+01
  0.25499E+03  0.32721E+03  0.23671E+03  0.70180E+02 -0.14544E+03 -0.13503E+03
 -0.37617E+02  0.63774E+01  0.84776E+02  0.18495E+03  0.16139E+03  0.13697E+01
 -0.18914E+03 -0.25015E+03 -0.13194E+03  0.62352E+02  0.13435E+03  0.75967E+02
  0.18297E+02  0.86409E+01 -0.15974E+02 -0.13902E+03 -0.18724E+03 -0.16577E+03
  0.18514E+02  0.18900E+03  0.23026E+03  0.11683E+03 -0.71863E+02 -0.15298E+03
 -0.17094E+03 -0.15525E+03 -0.76757E+02  0.10721E+03  0.18155E+03  0.86891E+02
 -0.10827E+03 -0.18102E+03 -0.92126E+02  0.85298E+02  0.21624E+03  0.19767E+03
  0.17385E+03  0.96779E+02 -0.60448E+02 -0.15185E+03 -0.47915E+02  0.29680E+02
  0.14759E+02 -0.21941E+02 -0.14111E+02  0.38701E+02  0.21335E+02 -0.38964E+02
 -0.94173E+02 -0.65947E+02  0.19925E+02  0.12236E+03  0.13357E+03  0.99011E+02
  0.45876E+02  0.11611E+02 -0.66597E+02 -0.89414E+02 -0.13524E+02  0.10123E+02
  0.55843E+02  0.42557E+02 -0.23653E+02 -0.86373E+02 -0.14988E+03 -0.21436E+03
 -0.21509E+03 -0.15337E+03 -0.15867E+02  0.12240E+03  0.14917E+03  0.12820E+03
  0.12293E+02 -0.10517E+03 -0.11545E+03 -0.22702E+02  0.11165E+03  0.14907E+03
  0.14050E+03  0.81219E+02 -0.94893E+01 -0.53904E+02 -0.60811E+02 -0.22193E+02
  0.22014E+02  0.10217E+02 -0.19137E+01  0.37424E+02  0.62812E+02  0.86818E+02
  0.52760E+02  0.20626E+01 -0.10921E+02 -0.52807E+02 -0.11062E+03 -0.16775E+03
 -0.19650E+03 -0.12665E+03 -0.76891E+01  0.51318E+02  0.81394E+02  0.13691E+03
  0.20662E+03  0.24640E+03  0.25072E+03  0.21080E+03  0.10065E+03 -0.79003E+02
 -0.28373E+03 -0.49618E+03 -0.53588E+03 -0.38518E+03 -0.25466E+03 -0.53148E+02
  0.99208E+02  0.12256E+03  0.13517E+03  0.89008E+02 -0.39564E+02 -0.13159E+03
 -0.13277E+03 -0.59540E+02  0.53225E+02  0.11728E+03  0.12301E+03  0.10527E+03
  0.10042E+03  0.10392E+03  0.92563E+02  0.77312E+02  0.90832E+02  0.10783E+03
  0.90497E+02  0.10982E+03  0.99732E+02  0.25428E+02 -0.20121E+01 -0.41946E+02
 -0.60195E+02 -0.33510E+02  0.50373E+02  0.62976E+02  0.32665E+01 -0.39801E+02
 -0.72618E+02 -0.48280E+02  0.84439E+01  0.38733E+02  0.78569E+02  0.11242E+03
  0.92058E+02  0.61035E+02 -0.43177E+02 -0.11740E+03 -0.99194E+02 -0.58032E+02
 -0.55429E+02 -0.76493E+02 -0.86843E+02 -0.80143E+02 -0.64758E+01  0.63559E+02
  0.69736E+02  0.97304E+02  0.11305E+03  0.56236E+02 -0.91916E+00 -0.62986E+02
 -0.10214E+03 -0.48061E+02  0.34599E+02  0.78239E+02  0.43510E+02 -0.17262E+02
 -0.46323E+02 -0.11144E+01  0.40710E+02  0.31048E+02 -0.76226E+01 -0.61218E+02
 -0.48721E+02 -0.99758E+01  0.37795E+02  0.69531E+02  0.91261E+02  0.10316E+03
  0.34133E+02 -0.10691E+03 -0.21290E+03 -0.21566E+03 -0.13992E+03  0.28965E+02
  0.16573E+03  0.16935E+03  0.14001E+03  0.89158E+02  0.41955E+02  0.12279E+02
 -0.52715E+01 -0.24749E+02 -0.32465E+02 -0.44991E+02 -0.10719E+03 -0.17106E+03
 -0.18329E+03 -0.11043E+03  0.93839E+00  0.11764E+03  0.21589E+03  0.24119E+03
  0.20097E+03  0.14855E+03  0.11772E+03  0.86130E+02  0.35680E+02 -0.20723E+02
 -0.59221E+02 -0.78198E+02 -0.10054E+03 -0.15445E+03 -0.20260E+03 -0.20290E+03
 -0.14437E+03 -0.46599E+02 -0.12810E+02 -0.26804E+02 -0.99703E+01  0.18533E+02
  0.67717E+02  0.99050E+02  0.91031E+02  0.61524E+02  0.27932E+02  0.18272E+02
 -0.10599E+01 -0.32004E+02 -0.69918E+02 -0.81689E+02 -0.60844E+02 -0.22019E+02
  0.37902E+01 -0.18384E+01 -0.54305E+01  0.33945E+02  0.51472E+02  0.33824E+02
 -0.15870E+02 -0.71012E+02 -0.82361E+02 -0.69800E+02 -0.28097E+02  0.19978E+02
  0.51118E+02  0.51619E+02  0.31443E+02  0.64884E+01  0.31982E+01  0.32699E+02
  0.70398E+02  0.94245E+02  0.11679E+03  0.11531E+03  0.10840E+03  0.80037E+02
  0.20407E+02 -0.43963E+02 -0.98388E+02 -0.10928E+03 -0.71416E+02  0.19535E+02
  0.83400E+02  0.69955E+02  0.10177E+02 -0.55404E+02 -0.84238E+02 -0.71190E+02
 -0.34823E+02  0.59708E+01  0.25230E+02  0.14889E+02  0.38473E+01 -0.10159E+02
 -0.26866E+02 -0.43689E+02 -0.35526E+02  0.12367E+00  0.38886E+02  0.67665E+02
  0.57159E+02  0.16070E+02 -0.62496E+02 -0.15058E+03 -0.16753E+03 -0.14821E+03
 -0.11747E+03 -0.85240E+02 -0.65942E+02 -0.57970E+02 -0.56611E+02 -0.35514E+02
 -0.22889E+02 -0.20649E+02 -0.35569E+02 -0.66010E+02 -0.74497E+02 -0.49085E+02
  0.29481E+00  0.50628E+02  0.56163E+02  0.23907E+02 -0.47730E+01 -0.89280E+01
  0.33517E+02  0.93004E+02  0.13393E+03  0.13202E+03  0.91316E+02  0.45424E+02
  0.26820E+02  0.43855E+02  0.70732E+02  0.74850E+02  0.76213E+02  0.84575E+02
  0.91177E+02  0.99852E+02  0.83849E+02  0.53358E+02  0.21495E+02 -0.10409E+02
 -0.25314E+02 -0.42122E+02 -0.60760E+02 -0.69907E+02 -0.84157E+02 -0.93975E+02
 -0.10888E+03 -0.10511E+03 -0.95336E+02 -0.96765E+02 -0.92510E+02 -0.91172E+02
 -0.81865E+02 -0.56653E+02 -0.25673E+02  0.21067E+00  0.14660E+02  0.21787E+02
  0.16482E+02  0.37625E+02  0.91171E+02  0.13277E+03  0.14234E+03  0.10764E+03
  0.63586E+02  0.38238E+02  0.39797E+02  0.52658E+02  0.62160E+02  0.66793E+02
  0.64096E+02  0.66847E+02  0.69501E+02  0.66187E+02  0.49887E+02  0.21828E+02
  0.20493E+02  0.48048E+02  0.78997E+02  0.95541E+02  0.79033E+02  0.39435E+02
  0.80206E+01  0.50728E+01  0.23278E+02  0.39479E+02  0.56798E+02  0.48675E+02
  0.18109E+02 -0.13739E+02 -0.39679E+02 -0.48863E+02 -0.45038E+02 -0.31445E+02
 -0.19175E+02 -0.28617E+02 -0.50274E+02 -0.72116E+02 -0.77791E+02 -0.67948E+02
 -0.75262E+02 -0.77227E+02 -0.85170E+02 -0.84182E+02 -0.72916E+02 -0.73850E+02
 -0.74898E+02 -0.83113E+02 -0.91816E+02 -0.92275E+02 -0.78239E+02 -0.54137E+02
 -0.31901E+02 -0.14998E+02 -0.10253E+01  0.15701E+02  0.42872E+02  0.49953E+02
  0.36842E+02  0.39496E+02  0.58880E+02  0.89231E+02  0.11107E+03  0.92366E+02
  0.27936E+02 -0.42419E+02 -0.56263E+02 -0.20279E+02  0.81847E+01 -0.19431E+01
 -0.40963E+02 -0.61236E+02 -0.43648E+02 -0.46606E+01  0.23921E+02  0.42317E+02
  0.54943E+02  0.64359E+02  0.71399E+02  0.72639E+02  0.74690E+02  0.65491E+02
  0.47462E+02  0.29948E+02  0.14428E+02  0.14113E+02  0.11390E+02 -0.49207E+01
 -0.30670E+02 -0.57888E+02 -0.77985E+02 -0.81164E+02 -0.61207E+02 -0.47388E+02
 -0.46763E+02 -0.54971E+02 -0.72078E+02 -0.87246E+02 -0.93889E+02 -0.94429E+02
 -0.90957E+02 -0.84944E+02 -0.77287E+02 -0.63838E+02 -0.54361E+02 -0.53981E+02
 -0.50054E+02 -0.47779E+02 -0.40082E+02 -0.29784E+02 -0.66184E+01  0.29477E+02
  0.48875E+02  0.45672E+02  0.29771E+02  0.20130E+02  0.32267E+02  0.54948E+02
  0.64639E+02  0.55960E+02  0.46723E+02  0.45909E+02  0.49369E+02  0.44570E+02
  0.22836E+02  0.17014E-02 -0.12133E+02 -0.94670E+01 -0.39513E+01 -0.17508E+01
  0.13085E+00  0.44442E+01  0.17277E+02  0.37039E+02  0.46173E+02  0.32774E+02
  0.13864E+02  0.56194E+01  0.18252E+02  0.41468E+02  0.63498E+02  0.76098E+02
  0.72230E+02  0.40220E+02  0.37328E+01 -0.17289E+02 -0.21968E+02 -0.12601E+01
  0.24369E+02  0.46047E+02  0.62668E+02  0.64451E+02  0.60588E+02  0.54323E+02
  0.48828E+02  0.56819E+02  0.70863E+02  0.78886E+02  0.75405E+02  0.62644E+02
  0.43162E+02  0.22996E+02  0.12007E+01 -0.15919E+02 -0.24785E+02 -0.26439E+02
 -0.25290E+02 -0.20474E+02 -0.22000E+02 -0.29025E+02 -0.23206E+02 -0.16009E+02
 -0.97727E+01 -0.96223E+01 -0.49049E+01  0.78842E+01  0.14273E+02  0.19378E+02
  0.23168E+02  0.17667E+02  0.35907E+01 -0.11531E+02 -0.19624E+02 -0.21560E+02
 -0.17850E+02 -0.18842E+02 -0.24938E+02 -0.32628E+02 -0.42995E+02 -0.45642E+02
 -0.39923E+02 -0.28360E+02 -0.23645E+02 -0.37959E+02 -0.56289E+02 -0.61173E+02
 -0.61287E+02 -0.60511E+02 -0.64640E+02 -0.73533E+02 -0.70746E+02 -0.73079E+02
 -0.80620E+02 -0.88226E+02 -0.92840E+02 -0.88128E+02 -0.78889E+02 -0.63275E+02
 -0.47712E+02 -0.35250E+02 -0.24938E+02 -0.17635E+02 -0.10624E+02 -0.46069E+01
 -0.75293E+01 -0.61610E+01  0.46400E+01  0.21477E+02  0.34644E+02  0.30716E+02
  0.13789E+02  0.23192E+00  0.49031E+01  0.23390E+02  0.42164E+02  0.55671E+02
  0.53695E+02  0.44061E+02  0.44201E+02  0.47207E+02  0.50893E+02  0.50973E+02
  0.42653E+02  0.35297E+02  0.28391E+02  0.19008E+02  0.88240E+01  0.44267E+00
 -0.15782E+01  0.26432E+01  0.81332E+01  0.14801E+02  0.18571E+02  0.12048E+02
  0.32556E+01 -0.47673E+01 -0.64919E+01 -0.52432E+01 -0.67667E+00  0.88601E+01
  0.25797E+02  0.42474E+02  0.52578E+02  0.57998E+02  0.60107E+02  0.62474E+02
  0.58795E+02  0.54641E+02  0.46871E+02  0.39293E+02  0.31968E+02  0.24954E+02
  0.13380E+02  0.81310E+00 -0.10295E+02 -0.17476E+02 -0.21135E+02 -0.21271E+02
 -0.22510E+02 -0.24504E+02 -0.17541E+02 -0.82159E+01  0.42794E+00  0.40913E+01
  0.10628E+02  0.22384E+02  0.29817E+02  0.27743E+02  0.23096E+02  0.21646E+02
  0.23419E+02  0.22207E+02  0.15177E+02  0.45962E+01 -0.33715E+01 -0.46492E+01
 -0.95063E+01 -0.15386E+02 -0.24314E+02 -0.32435E+02 -0.31854E+02 -0.27627E+02
 -0.22264E+02 -0.24884E+02 -0.32236E+02 -0.35053E+02 -0.33234E+02 -0.24388E+02
 -0.16653E+02 -0.12448E+02 -0.10030E+02 -0.14524E+02 -0.21248E+02 -0.24353E+02
 -0.17181E+02 -0.47829E+01  0.58319E+01  0.14420E+02  0.20354E+02  0.17922E+02
  0.65655E+01 -0.11545E+02 -0.30734E+02 -0.40606E+02 -0.40262E+02 -0.31172E+02
 -0.22699E+02 -0.16769E+02 -0.17503E+02 -0.20561E+02 -0.16869E+02 -0.92914E+01
 -0.27952E+01 -0.27599E+01 -0.55289E+01 -0.39049E+01 -0.21428E-01  0.50910E+01
  0.39216E+01 -0.43770E+01 -0.10418E+02 -0.13172E+02 -0.14127E+02 -0.12171E+02
 -0.12287E+02 -0.11766E+02 -0.46400E+01  0.44973E+01  0.90340E+01  0.44294E+01
 -0.10250E+00 -0.28574E+01 -0.21736E+00  0.71517E+01  0.89095E+01  0.64290E+01
 -0.43247E+01 -0.16229E+02 -0.17417E+02 -0.15133E+02 -0.68943E+01 -0.78775E+00
  0.30893E+01  0.91266E+01  0.10612E+02  0.78658E+01  0.28322E+01  0.21552E+01
  0.90141E+01  0.18297E+02  0.20538E+02  0.16609E+02  0.88198E+01  0.67177E+00
  0.66470E+00  0.12124E+02  0.21879E+02  0.25824E+02  0.25319E+02  0.19963E+02
  0.15510E+02  0.11302E+02  0.11479E+02  0.15677E+02  0.15458E+02  0.12321E+02
  0.34931E+01 -0.88806E+01 -0.19173E+02 -0.22258E+02 -0.16995E+02 -0.71215E+01
 -0.46605E-01 -0.22328E+01 -0.77369E+01 -0.87608E+01 -0.52346E+01 -0.42175E+01
 -0.74117E+01 -0.58527E+01  0.14008E+01  0.13675E+02  0.25793E+02  0.24867E+02
  0.17145E+02  0.12376E+02  0.10906E+02  0.11193E+02  0.10548E+02  0.11527E+02
  0.16602E+02  0.21106E+02  0.28514E+02  0.30016E+02  0.26606E+02  0.24993E+02
  0.21156E+02  0.21468E+02  0.25330E+02  0.29245E+02  0.29230E+02  0.29830E+02
  0.26997E+02  0.21024E+02  0.14335E+02  0.13448E+02  0.16428E+02  0.21370E+02
  0.20633E+02  0.11005E+02  0.61812E+01  0.29732E+01  0.17596E+01 -0.35131E+01
 -0.13265E+02 -0.26298E+02 -0.41671E+02 -0.56957E+02 -0.63438E+02 -0.63970E+02
 -0.63450E+02 -0.61730E+02 -0.58678E+02 -0.52379E+02 -0.47108E+02 -0.45288E+02
 -0.42620E+02 -0.40373E+02 -0.36545E+02 -0.33382E+02 -0.35445E+02 -0.36844E+02
 -0.37633E+02 -0.28869E+02 -0.15709E+02  0.12730E+00  0.13263E+02  0.22983E+02
  0.32328E+02  0.38774E+02  0.46441E+02  0.48217E+02  0.42128E+02  0.34267E+02
  0.24769E+02  0.15455E+02  0.87490E+01  0.51513E+01  0.37618E+01  0.37293E+01
  0.31056E+01  0.79901E+00  0.48576E+00  0.38111E+00  0.15825E+01  0.26898E+01
  0.13244E+01  0.75941E+00 -0.18427E+01 -0.61766E+01 -0.74423E+01 -0.14706E+02
 -0.24553E+02 -0.38139E+02 -0.45465E+02 -0.43193E+02 -0.36661E+02 -0.22510E+02
 -0.13893E+02 -0.80639E+01 -0.81982E+01 -0.77294E+01 -0.31565E+01  0.21233E+01
  0.11515E+02  0.19489E+02  0.26024E+02  0.29693E+02  0.28805E+02  0.23695E+02
  0.21691E+02  0.23879E+02  0.30345E+02  0.34929E+02  0.36819E+02  0.36567E+02
  0.29506E+02  0.26229E+02  0.21360E+02  0.17162E+02  0.16638E+02  0.13577E+02
  0.89584E+01  0.20605E+01 -0.33496E+01 -0.88275E+01 -0.13738E+02 -0.15815E+02
 -0.13154E+02 -0.77957E+01 -0.43345E+00  0.63188E+01  0.10118E+02  0.12584E+02
  0.10875E+02  0.98702E+01  0.11259E+02  0.82410E+01  0.11720E+01 -0.45573E+01
 -0.80312E+01 -0.11203E+02 -0.13442E+02 -0.13686E+02 -0.15998E+02 -0.14362E+02
 -0.10952E+02 -0.78556E+01 -0.41602E+01 -0.39915E+01 -0.88185E+01 -0.10551E+02
 -0.80435E+01 -0.43515E+01 -0.28779E+01 -0.21949E+01  0.86266E+00 -0.71419E+00
 -0.26686E+01 -0.21440E+01  0.21963E+01  0.64255E+01  0.11637E+02  0.69612E+01
  0.53923E+00 -0.51761E+01 -0.95266E+01 -0.82987E+01 -0.79864E+01 -0.31533E+01
  0.23861E+01  0.60106E+01  0.11079E+02  0.98158E+01  0.48544E+01 -0.71672E+00
 -0.60857E+01 -0.11645E+02 -0.14605E+02 -0.92348E+01 -0.87303E+01 -0.65079E+01
 -0.10172E+02 -0.12992E+02 -0.12118E+02 -0.79811E+01 -0.72813E-01  0.65613E+01
  0.84775E+01  0.10111E+02  0.14169E+02  0.12253E+02  0.98691E+01  0.51408E+00
 -0.43289E+01 -0.17798E+01  0.41524E+01  0.99032E+01  0.13979E+02  0.16761E+02
  0.14286E+02  0.13675E+02  0.15098E+02  0.15059E+02  0.13352E+02  0.17054E+02
  0.16295E+02  0.15534E+02  0.11871E+02  0.93366E+01  0.12397E+02  0.10937E+02
  0.94660E+01  0.72987E+01 -0.29205E+00 -0.61540E+01 -0.11011E+02 -0.13304E+02
 -0.14566E+02 -0.16373E+02 -0.11549E+02 -0.10103E+02 -0.10203E+02 -0.13109E+02
 -0.13501E+02 -0.14066E+02 -0.11795E+02 -0.38961E+01  0.51973E+00  0.12877E+01
 -0.35065E+01 -0.98351E+01 -0.10826E+02 -0.11416E+02 -0.88643E+01 -0.25031E+01
 -0.12367E+01  0.48650E+00 -0.15952E+01 -0.87526E+01 -0.80150E+01 -0.66362E+01
 -0.79684E+01 -0.99411E+01 -0.94570E+01 -0.69469E+01 -0.10281E+02 -0.11659E+02
 -0.12966E+02 -0.14393E+02 -0.12368E+02 -0.95731E+01 -0.10528E+02 -0.12567E+02
 -0.11265E+02 -0.11715E+02 -0.12382E+02 -0.91528E+01 -0.10373E+02 -0.90305E+01
 -0.67289E+01 -0.74466E+01 -0.24098E+01  0.20329E+01  0.62218E+01  0.12554E+02
  0.17410E+02  0.21167E+02  0.22647E+02  0.20269E+02  0.21714E+02  0.20303E+02
  0.17018E+02  0.13265E+02  0.11465E+02  0.86360E+01  0.97648E+01  0.86699E+01
  0.40329E+01  0.22196E+01  0.51769E+01  0.48493E+01  0.35893E+01  0.22203E+01
 -0.39644E+01 -0.65181E+01 -0.13042E+02 -0.12285E+02 -0.62869E+01 -0.76964E+01
 -0.79238E+01 -0.86967E+01 -0.67649E+01 -0.83665E+01 -0.11251E+02 -0.65329E+01
 -0.45106E+01  0.18952E+00 -0.28447E+01 -0.26205E+01 -0.20929E+00  0.46387E+00
 -0.24211E+01 -0.46683E+01 -0.63426E+00  0.87003E+01  0.13208E+02  0.11499E+02
  0.69700E+01  0.48694E+01  0.71228E+01  0.10674E+02  0.13255E+02  0.61000E+01
 -0.34045E+00 -0.32406E+01 -0.39401E+01  0.16582E+01  0.23932E+01  0.18183E+01
  0.34906E+01  0.28395E+01  0.90157E+01  0.14234E+02  0.20172E+02  0.21147E+02
  0.23240E+02  0.26479E+02  0.27904E+02  0.29327E+02  0.25856E+02  0.20274E+02
  0.12647E+02  0.50874E+01  0.77780E-01 -0.10149E+01  0.63005E-01 -0.56071E-01
 -0.40203E+01 -0.10856E+02 -0.10472E+02 -0.63211E+01 -0.49057E+01 -0.50136E+01
 -0.10741E+02 -0.96981E+01 -0.11259E+02 -0.10613E+02 -0.73415E+01 -0.11129E+02
 -0.11983E+02 -0.12669E+02 -0.86698E+01 -0.58478E+01 -0.18335E+01 -0.27061E+01
 -0.98348E+01 -0.11124E+02 -0.11086E+02 -0.12047E+02 -0.14277E+02 -0.18358E+02
 -0.16889E+02 -0.14786E+02 -0.15181E+02 -0.10836E+02 -0.11639E+02 -0.84471E+01
 -0.12917E+02 -0.19066E+02 -0.19917E+02 -0.20570E+02 -0.17228E+02 -0.12847E+02
 -0.94250E+01 -0.61618E+01 -0.38431E+01  0.68799E+00  0.76042E+01  0.13716E+02
  0.18199E+02  0.23352E+02  0.27014E+02  0.29439E+02  0.30908E+02  0.30152E+02
  0.30196E+02  0.27452E+02  0.21727E+02  0.16185E+02  0.16006E+02  0.15424E+02
  0.20969E+02  0.21815E+02  0.18578E+02  0.18309E+02  0.11364E+02  0.56078E+01
  0.25528E+01  0.61528E-01 -0.32774E+01 -0.73596E+01 -0.13354E+02 -0.17146E+02
 -0.19098E+02 -0.22173E+02 -0.20616E+02 -0.20273E+02 -0.19684E+02 -0.18571E+02
 -0.17754E+02 -0.18316E+02 -0.19379E+02 -0.20638E+02 -0.21708E+02 -0.22992E+02
 -0.23550E+02 -0.20267E+02 -0.16780E+02 -0.12621E+02 -0.61023E+01 -0.47616E+01
 -0.54051E+01 -0.13838E+01 -0.29131E+00 -0.18293E+01 -0.21977E+01 -0.27344E+01
 -0.27117E+01 -0.20881E+01 -0.25958E+01 -0.20372E+01  0.11363E+01  0.26069E+01
  0.72448E+01  0.11936E+02  0.16172E+02  0.20751E+02  0.21828E+02  0.20561E+02
  0.18846E+02  0.15880E+02  0.16307E+02  0.16136E+02  0.11156E+02  0.11257E+02
  0.58527E+01  0.10013E+01 -0.40086E+01 -0.59694E+01 -0.16850E+01  0.30546E+00
  0.40940E+00 -0.57050E+01 -0.78404E+01 -0.93218E+01 -0.13747E+02 -0.14202E+02
 -0.12816E+02 -0.82456E+01 -0.80476E+01 -0.72408E+01 -0.36543E+01 -0.57488E+01
 -0.10018E+02 -0.64283E+01 -0.50954E+01 -0.22981E+01  0.89588E+00  0.11971E+01
  0.83325E+01  0.87653E+01  0.12835E+02  0.17330E+02  0.22413E+02  0.23811E+02
  0.24911E+02  0.24711E+02  0.20806E+02  0.21617E+02  0.22458E+02  0.23353E+02
  0.23264E+02  0.24837E+02  0.23466E+02  0.23979E+02  0.25370E+02  0.24761E+02
  0.23730E+02  0.19248E+02  0.16680E+02  0.12598E+02  0.10269E+02  0.61714E+01
  0.31926E+01  0.18102E+01 -0.19226E+01 -0.42815E+01 -0.83750E+01 -0.72012E+01
 -0.68038E+01 -0.60111E+01 -0.65768E+01 -0.50721E+01 -0.78786E+01 -0.12190E+02
 -0.11792E+02 -0.15685E+02 -0.18598E+02 -0.18516E+02 -0.23763E+02 -0.24940E+02
 -0.24166E+02 -0.24602E+02 -0.24417E+02 -0.24235E+02 -0.25941E+02 -0.23806E+02
 -0.21486E+02 -0.23314E+02 -0.20658E+02 -0.16891E+02 -0.15998E+02 -0.16103E+02
 -0.10938E+02 -0.10825E+02 -0.11662E+02 -0.11998E+02 -0.92894E+01 -0.72714E+01
 -0.33170E+01 -0.29214E+01 -0.48906E+01 -0.53954E+01 -0.77336E+01 -0.76770E+01
 -0.13036E+02 -0.14558E+02 -0.18052E+02 -0.23916E+02 -0.22758E+02 -0.23892E+02
 -0.21416E+02 -0.18024E+02 -0.14435E+02 -0.12282E+02 -0.11007E+02 -0.59475E+01
 -0.53224E+01 -0.57990E+01 -0.12332E+01  0.25533E+01  0.29960E+01  0.37052E+01
  0.42942E+01  0.48459E+01  0.67073E+01  0.11161E+02  0.11646E+02  0.11850E+02
  0.11474E+02  0.13736E+02  0.16739E+02  0.17301E+02  0.16056E+02  0.16070E+02
  0.17040E+02  0.18159E+02  0.20388E+02  0.19182E+02  0.22747E+02  0.24894E+02
  0.25092E+02  0.30443E+02  0.32499E+02  0.32867E+02  0.33531E+02  0.33945E+02
  0.33675E+02  0.30032E+02  0.28100E+02  0.29455E+02  0.29487E+02  0.28290E+02
  0.28328E+02  0.25522E+02  0.23980E+02  0.21115E+02  0.16829E+02  0.10763E+02
  0.79807E+01  0.38541E+01  0.37530E+01  0.30203E+01  0.63796E+00  0.14458E+01
  0.19623E+00  0.19391E+01  0.16301E+01 -0.87320E+00 -0.50779E+01 -0.43820E+01
 -0.47457E+01 -0.39476E+01 -0.54637E+01 -0.98386E+01 -0.12079E+02 -0.16846E+02
 -0.20016E+02 -0.23954E+02 -0.25955E+02 -0.25767E+02 -0.22945E+02 -0.21640E+02
 -0.23423E+02 -0.26512E+02 -0.28906E+02 -0.27419E+02 -0.28054E+02 -0.25040E+02
 -0.21630E+02 -0.21011E+02 -0.15843E+02 -0.15739E+02 -0.14769E+02 -0.10443E+02
 -0.90485E+01 -0.93405E+01 -0.51736E+01 -0.36797E+01 -0.38542E+01 -0.58541E+01
 -0.10656E+02 -0.94525E+01 -0.10426E+02 -0.95107E+01 -0.96718E+01 -0.66539E+01
 -0.42247E+01 -0.53390E+01 -0.31485E+01 -0.40953E+01 -0.24187E+01 -0.26409E+01
 -0.13804E+01  0.28813E+01  0.15055E+01  0.81267E+00 -0.46487E+01 -0.70314E+01
 -0.74551E+01 -0.44271E+01 -0.23886E+01 -0.14906E+01  0.26976E+01  0.22889E+01
 -0.14178E+01 -0.17918E+01 -0.10803E+01  0.36062E+00  0.40381E+01  0.56699E+01
  0.52076E+01  0.62192E+01  0.37987E+01  0.29551E+01  0.18235E+01 -0.33800E+00
 -0.25103E+00 -0.38964E+01 -0.50064E+00 -0.15416E+00 -0.32174E+00 -0.56576E-01
 -0.31113E+00  0.99129E+00  0.18526E+01  0.28568E+01  0.55446E+01  0.78870E+01
  0.10953E+02  0.13458E+02  0.12933E+02  0.11383E+02  0.15279E+02  0.17250E+02
  0.19829E+02  0.23976E+02  0.24831E+02  0.22291E+02  0.22251E+02  0.20223E+02
  0.17007E+02  0.16139E+02  0.12754E+02  0.13503E+02  0.11980E+02  0.12242E+02
  0.11945E+02  0.12106E+02  0.11863E+02  0.11280E+02  0.11634E+02  0.10876E+02
  0.13727E+02  0.13839E+02  0.11951E+02  0.10219E+02  0.58888E+01  0.34556E+01
 -0.83720E+00 -0.31579E+01 -0.47277E+01 -0.56006E+01 -0.87369E+01 -0.95947E+01
 -0.87166E+01 -0.11966E+02 -0.13791E+02 -0.15453E+02 -0.13640E+02 -0.13459E+02
 -0.13698E+02 -0.14026E+02 -0.14868E+02 -0.16354E+02 -0.14358E+02 -0.10236E+02
 -0.11860E+02 -0.86219E+01 -0.55606E+01 -0.37163E+01 -0.15091E+01 -0.22234E+01
 -0.32081E+01 -0.33621E+01 -0.41197E+01 -0.20467E+01  0.11751E+01  0.23695E+00
  0.18454E+01  0.57699E+00 -0.24759E-01 -0.18060E+01 -0.38255E+01 -0.33552E+01
 -0.40065E+01 -0.48840E+01 -0.83962E+01 -0.11176E+02 -0.12519E+02 -0.13593E+02
 -0.14324E+02 -0.11922E+02 -0.98196E+01 -0.10228E+02 -0.96725E+01 -0.96626E+01
 -0.92638E+01 -0.88226E+01 -0.77874E+01 -0.72266E+01 -0.27924E+01 -0.17847E+01
 -0.51096E+01 -0.37519E+01 -0.51039E+01 -0.20888E+01 -0.20938E+01 -0.58479E+00
  0.22451E+01  0.20336E+01  0.12431E+01 -0.82308E+00  0.16899E+00  0.22197E+01
  0.43836E+01  0.61876E+01  0.70064E+01  0.91352E+01  0.76009E+01  0.78044E+01
  0.84582E+01  0.62485E+01  0.61087E+01  0.68368E+01  0.66009E+01  0.84400E+01
  0.81105E+01  0.55786E+01  0.66033E+01  0.76959E+01  0.93354E+01  0.83204E+01
  0.96664E+01  0.99017E+01  0.98183E+01  0.63421E+01  0.40397E+01  0.28631E+01
  0.19043E+01  0.15104E+01  0.54943E+00  0.10635E+01  0.26609E+01  0.46061E+01
  0.11943E+01 -0.99692E-01 -0.34647E+00 -0.11179E+01 -0.16536E+01 -0.23202E+01
 -0.56299E+00 -0.11104E+01 -0.27958E+01 -0.41519E+00  0.16320E+01  0.39196E+01
  0.29933E+01  0.23126E+01  0.34955E+01  0.84966E+00  0.71728E+00 -0.23564E+01
 -0.62926E+01 -0.77681E+01 -0.76866E+01 -0.78611E+01 -0.56223E+01 -0.45714E+01
 -0.50910E+01 -0.56035E+01 -0.15777E+01 -0.14076E+01 -0.39714E+01 -0.19661E+01
 -0.33981E+01 -0.37774E+00  0.14651E+01  0.47906E+00  0.17280E+01  0.62897E+00
  0.10121E+01  0.80836E+00  0.41033E+00  0.20037E+01 -0.27153E+00 -0.33825E+01
 -0.34360E+01 -0.56421E+01 -0.66426E+01 -0.39686E+01 -0.34210E+01 -0.13691E+01
  0.41067E+00  0.16729E+01  0.17611E+01  0.26466E+01  0.30031E+01  0.32152E+01
  0.65513E+01  0.83520E+01  0.11729E+02  0.12178E+02  0.87295E+01  0.83107E+01
  0.81257E+01  0.83018E+01  0.10338E+02  0.11614E+02  0.14093E+02  0.14209E+02
  0.11985E+02  0.92785E+01  0.97538E+01  0.11212E+02  0.95021E+01  0.91514E+01
  0.91022E+01  0.72140E+01  0.53191E+01  0.36511E+01  0.28952E+01  0.77716E-01
 -0.30480E+01 -0.62040E+01 -0.90929E+01 -0.10188E+02 -0.13345E+02 -0.15690E+02
 -0.16362E+02 -0.18280E+02 -0.16369E+02 -0.14576E+02 -0.13767E+02 -0.12264E+02
 -0.13839E+02 -0.13774E+02 -0.13701E+02 -0.12745E+02 -0.12024E+02 -0.10676E+02
 -0.11528E+02 -0.10351E+02 -0.95547E+01 -0.99806E+01 -0.99284E+01 -0.97710E+01
 -0.10678E+02 -0.13310E+02 -0.12760E+02 -0.11774E+02 -0.57821E+01 -0.51995E+01
 -0.72763E+01 -0.39662E+01 -0.41818E+01 -0.33713E+01 -0.43894E+01 -0.34648E+01
 -0.15398E+01 -0.20888E+01 -0.13960E+01 -0.11286E+00  0.40208E+01  0.46655E+01
  0.48510E+01  0.85702E+01  0.93859E+01  0.89158E+01  0.88763E+01  0.84699E+01
  0.86889E+01  0.66162E+01  0.42668E+01  0.14315E+01  0.10718E+01  0.19908E+01
  0.22830E+01  0.27741E+01  0.38942E+01  0.32646E+01  0.46782E+01  0.60339E+01
  0.52038E+01  0.67090E+01  0.62822E+01  0.83912E+01  0.96913E+01  0.11011E+02
  0.10721E+02  0.11371E+02  0.13558E+02  0.14264E+02  0.13862E+02  0.12192E+02
  0.12514E+02  0.12297E+02  0.12489E+02  0.11356E+02  0.10854E+02  0.10084E+02
  0.11238E+02  0.12240E+02  0.95712E+01  0.92817E+01  0.72446E+01  0.71294E+01
  0.69881E+01  0.71435E+01  0.97187E+01  0.10447E+02  0.11209E+02  0.94620E+01
  0.80365E+01  0.86506E+01  0.45474E+01  0.28953E+01  0.30174E+01  0.26987E+01
  0.55503E-01 -0.20785E+01 -0.21432E+01 -0.68867E+01 -0.64753E+01 -0.68027E+01
 -0.83087E+01 -0.86483E+01 -0.98156E+01 -0.13762E+02 -0.15097E+02 -0.16214E+02
 -0.17732E+02 -0.19762E+02 -0.20151E+02 -0.18150E+02 -0.19988E+02 -0.18536E+02
 -0.19891E+02 -0.19583E+02 -0.19918E+02 -0.22598E+02 -0.21958E+02 -0.19561E+02
 -0.19524E+02 -0.19740E+02 -0.16897E+02 -0.16205E+02 -0.14851E+02 -0.14303E+02
 -0.12154E+02 -0.11595E+02 -0.94538E+01 -0.69185E+01 -0.99631E+01 -0.10377E+02
 -0.12021E+02 -0.90364E+01 -0.86581E+01 -0.72172E+01 -0.20915E+01 -0.35320E+00
  0.23354E+01  0.19069E+01  0.36277E+01  0.41164E+01  0.55357E+01  0.89498E+01
  0.98042E+01  0.12614E+02  0.13125E+02  0.11518E+02  0.11763E+02  0.11248E+02
  0.13639E+02  0.14932E+02  0.15396E+02  0.18435E+02  0.16214E+02  0.14739E+02
  0.15306E+02  0.14680E+02  0.17947E+02  0.17382E+02  0.16466E+02  0.17435E+02
  0.16083E+02  0.16374E+02  0.16312E+02  0.15922E+02  0.14872E+02  0.14257E+02
  0.14765E+02  0.15066E+02  0.13605E+02  0.12272E+02  0.11145E+02  0.12430E+02
  0.11007E+02  0.90814E+01  0.99983E+01  0.89368E+01  0.72341E+01  0.60820E+01
  0.42218E+01  0.40431E+01  0.68922E+00 -0.26247E+01 -0.50052E+01 -0.51603E+01
 -0.40036E+01 -0.63524E+01 -0.65786E+01 -0.57264E+01 -0.55612E+01 -0.56219E+01
 -0.54707E+01 -0.56641E+01 -0.52331E+01 -0.78252E+01 -0.64977E+01 -0.72455E+01
 -0.84544E+01 -0.96737E+01 -0.10357E+02 -0.11222E+02 -0.15297E+02 -0.14665E+02
 -0.13188E+02 -0.14607E+02 -0.13875E+02 -0.13046E+02 -0.14887E+02 -0.16827E+02
 -0.17832E+02 -0.15725E+02 -0.14011E+02 -0.12976E+02 -0.10911E+02 -0.60076E+01
 -0.46512E+01 -0.48467E+01 -0.45217E+01 -0.16631E+01  0.58853E+00  0.15614E+01
  0.13139E+01  0.32302E+01  0.52325E+01  0.47755E+01  0.55522E+01  0.50004E+01
  0.64451E+01  0.61798E+01  0.78429E+00  0.15934E+01  0.27153E+00 -0.49682E+00
 -0.78086E+00 -0.59236E+01 -0.17709E+01 -0.54327E+00 -0.12443E+01 -0.10816E+01
 -0.15293E+01 -0.14151E+01 -0.22047E+01 -0.33161E+01 -0.42886E+01 -0.41668E+01
 -0.44962E+01 -0.41705E+01 -0.46144E+01 -0.38354E+01 -0.33045E+01 -0.32036E+01
 -0.21827E+01 -0.20109E+01 -0.11494E+01 -0.28600E+01 -0.25876E+01 -0.18162E+01
  0.12396E+00 -0.89901E+00 -0.30782E+01  0.12359E+01  0.12386E+01  0.23090E+01
  0.34356E+01  0.39318E+01  0.36949E+01  0.39970E+01  0.35376E+01  0.46547E+01
  0.48304E+01  0.48643E+01  0.47441E+01  0.50332E+01  0.60218E+01  0.58304E+01
  0.86721E+01  0.10123E+02  0.12162E+02  0.12905E+02  0.11995E+02  0.13971E+02
  0.13212E+02  0.14574E+02  0.16179E+02  0.14513E+02  0.16826E+02  0.16604E+02
  0.15939E+02  0.13136E+02  0.12430E+02  0.12311E+02  0.10172E+02  0.10127E+02
  0.79065E+01  0.52745E+01  0.19822E+01  0.15701E+01  0.16302E+01  0.11562E+01
 -0.27307E+00 -0.96803E+00 -0.23564E+01 -0.70386E+00 -0.81106E+00 -0.33341E+01
 -0.27320E+01 -0.64976E+01 -0.85143E+01 -0.99620E+01 -0.96465E+01 -0.84716E+01
 -0.72573E+01 -0.68092E+01 -0.64234E+01 -0.64015E+01 -0.67321E+01 -0.63086E+01
 -0.53562E+01 -0.71499E+01 -0.91448E+01 -0.92737E+01 -0.89210E+01 -0.10714E+02
 -0.12229E+02 -0.14445E+02 -0.15173E+02 -0.13987E+02 -0.10767E+02 -0.98687E+01
 -0.11803E+02 -0.96860E+01 -0.97715E+01 -0.90245E+01 -0.95703E+01 -0.88072E+01
 -0.79931E+01 -0.66622E+01 -0.39449E+01 -0.16872E+01 -0.14943E+00  0.28885E+00
  0.47164E+00  0.35730E+00  0.35073E+00  0.32739E+00  0.22253E+00  0.30993E+00
  0.73894E-01  0.34330E+00  0.67904E+00  0.18288E+01  0.14861E+01  0.40035E+01
  0.47783E+01  0.10061E+01  0.25085E+01  0.21604E+01  0.51864E+01  0.31850E+01
  0.24735E+01  0.74875E+01  0.65968E+01  0.58917E+01  0.42001E+01  0.43771E+01
  0.39770E+01  0.26883E+01  0.26679E+01  0.75236E+00  0.10074E+01  0.27366E+01
  0.24709E+01  0.25535E+01  0.22929E+01 -0.26085E+00 -0.65733E+00 -0.83644E+00
  0.28896E+01  0.39725E+01 -0.15226E+01 -0.50247E+00 -0.15632E+01 -0.54461E+00
 -0.97178E+00  0.45842E+00  0.52431E+01  0.48413E+01  0.51294E+01  0.49052E+01
  0.49813E+01  0.44326E+01  0.31428E+01  0.28347E+01  0.27957E+01  0.27682E+01
  0.27460E+01  0.24355E+01  0.22413E+01  0.23392E+01  0.20591E+01  0.21178E+01
  0.26125E+01  0.24112E+01  0.26163E+01  0.64799E+00 -0.15989E+01 -0.43095E+01
 -0.19345E+01 -0.50195E+01 -0.60912E+01 -0.15166E+01 -0.23522E+01 -0.13454E+01
 -0.21953E+01 -0.19409E+01 -0.21751E+01 -0.20607E+01 -0.21701E+01 -0.21397E+01
 -0.21920E+01 -0.21959E+01 -0.22226E+01 -0.21846E+01 -0.20830E+01 -0.21221E+01
 -0.18708E+01 -0.23156E+01 -0.19573E+01 -0.15674E+01 -0.15186E+01 -0.25640E+01
 -0.21332E+01 -0.18979E+01 -0.19440E+01 -0.16782E+01 -0.20402E+01  0.18618E+00
  0.27513E+01  0.39189E+01  0.38647E+01  0.39237E+01  0.39280E+01  0.42745E+01
  0.35700E+01  0.39287E+01  0.36543E+01  0.48177E+01  0.61141E+01  0.80144E+01
  0.79086E+01  0.97680E+01  0.90578E+01  0.77275E+01  0.74156E+01  0.19738E+01
  0.21119E+01  0.12885E+01  0.11320E+01  0.65245E+00  0.54955E+00  0.25625E+00
  0.96157E-02 -0.22670E+00  0.51706E+00  0.85487E+00  0.15477E+01  0.14467E+01
  0.13492E+01 -0.12441E+00 -0.29841E+01 -0.38768E+01 -0.56333E+01 -0.35144E+01
 -0.31596E+01 -0.50165E+01 -0.65648E+01 -0.69607E+01 -0.67826E+01 -0.69225E+01
 -0.79098E+01 -0.80577E+01 -0.86017E+01 -0.87609E+01 -0.97758E+01 -0.10314E+02
 -0.94832E+01 -0.85358E+01 -0.57313E+01 -0.48053E+01 -0.51890E+01 -0.44335E+01
  0.11872E+01  0.32959E+01  0.22974E+01  0.32888E+01  0.43748E+01  0.56117E+01
  0.43317E+01  0.10536E+01  0.31424E+00  0.82683E+00  0.98134E+00  0.55885E+00
  0.10650E+01  0.48671E+00  0.15551E+01  0.16086E+01  0.17915E+01  0.18352E+01
  0.86239E+00  0.26569E+01  0.22463E+01  0.26000E+01  0.24662E+01  0.26591E+01
  0.19600E+01  0.27889E+00  0.84132E+00  0.30256E+01  0.29612E+01  0.24608E+01
  0.23002E+01  0.29287E+01  0.45853E+01  0.26900E+01  0.21527E+01  0.14661E+01
  0.39282E+01  0.41567E+01  0.14435E+01  0.30581E+01  0.27938E+01  0.36619E+01
  0.24173E+01  0.26418E+01  0.35759E+01  0.29278E+01  0.32880E+01  0.27342E+01
  0.25500E+01  0.24454E+01  0.24284E+01  0.25605E+01  0.23509E+01  0.53924E+00
  0.10157E+01 -0.11642E+00 -0.60202E+00  0.43267E+00  0.23685E+00 -0.89379E-02
 -0.25433E+01  0.42773E-01 -0.22730E+01 -0.41545E+01 -0.29522E+01 -0.39570E+01
 -0.26075E+01 -0.40538E+01 -0.41855E+01 -0.29344E+01 -0.31412E+01 -0.30016E+01
 -0.30215E+01 -0.30034E+01 -0.28795E+01 -0.38137E+01 -0.38677E+01 -0.38126E+01
 -0.42798E+01 -0.40909E+01 -0.47677E+01 -0.55144E+01 -0.49679E+01 -0.46307E+01
 -0.42474E+01 -0.44561E+01 -0.12610E+01 -0.24752E+01 -0.37295E+01 -0.23939E+01
 -0.25277E+01 -0.24993E+01 -0.28841E+01 -0.24334E+01 -0.27523E+01 -0.27099E+01
 -0.68475E+00 -0.16379E+00 -0.11005E+01 -0.20128E+01 -0.14974E+01 -0.15362E+01
  0.71298E+00  0.39933E+01  0.34480E+01  0.34747E+01  0.30647E+01  0.31804E+01
  0.33388E+01  0.39382E+01  0.32837E+01  0.55853E+01  0.50830E+01  0.24513E+01
  0.37858E+01  0.33624E+01  0.43862E+01  0.32127E+01  0.19348E+01  0.39927E+01
  0.32383E+01  0.27439E+01  0.29541E+01  0.26848E+01  0.31847E+01  0.42783E+01
  0.46617E+01  0.38462E+01  0.54946E+01  0.54746E+01  0.57662E+01  0.35770E+01
  0.29232E+01  0.35045E+01  0.37125E+01  0.42141E+01  0.38861E+01  0.39330E+01
  0.18986E+01  0.83022E-01 -0.19234E+01 -0.13880E+01 -0.24975E+01 -0.21132E+01
 -0.29926E+01 -0.37808E+01 -0.34649E+01 -0.39150E+01 -0.32725E+01 -0.44460E+01
 -0.61616E+01 -0.83399E+01 -0.84274E+01 -0.81154E+01 -0.72196E+01 -0.77118E+01
 -0.66442E+01 -0.67482E+01 -0.56836E+01 -0.18001E+01 -0.14537E+01 -0.14223E+01
 -0.21187E+01 -0.22698E+01 -0.20642E+01 -0.21291E+01 -0.17264E+01 -0.23781E+01
 -0.30416E+01 -0.15659E+01 -0.16339E+01 -0.11466E+01 -0.96771E+00 -0.83347E+00
 -0.43551E+00 -0.36762E+00 -0.37745E+00 -0.17345E+00 -0.62601E+00 -0.40364E+00
 -0.80800E+00 -0.31192E+00 -0.10726E+01  0.15444E+01  0.51249E+01  0.50642E+01
  0.52837E+01  0.55249E+01  0.52770E+01  0.61385E+01  0.63337E+01  0.61706E+01
  0.42600E+01  0.18903E+01  0.42213E+01  0.13545E+01  0.14540E+01  0.13315E+01
  0.98857E+00  0.44350E+00  0.46398E+00 -0.13554E+00  0.11737E+00 -0.71235E+00
 -0.26049E+01 -0.47509E+01 -0.57295E+01 -0.48274E+01 -0.50561E+01 -0.32180E+00
 -0.11746E+00 -0.19315E+00 -0.50913E+00 -0.50665E+00 -0.37126E+00 -0.50604E+00
  0.37418E+00  0.32265E+00  0.79859E+00  0.12282E+01  0.10910E+01  0.20881E+01
  0.21418E+01  0.35819E+01  0.27606E+01  0.30553E+01  0.56467E+01  0.46383E+01
  0.50413E+01  0.46453E+01  0.51100E+01  0.31605E+01  0.53003E+01  0.45764E+01
  0.26524E+01  0.91408E+00  0.35801E+01  0.46892E+01 -0.50924E-02  0.94681E+00
 -0.36621E+00  0.13951E-01  0.62607E-01  0.68677E+00  0.13410E+01  0.13287E+01
  0.13463E+01  0.13542E+01  0.13142E+01  0.13805E+01  0.11947E+01  0.13673E+01
  0.11354E+01  0.18868E+01  0.13451E+01  0.14585E+01  0.10298E+01  0.15494E+01
  0.12454E+01  0.23660E+00 -0.31468E+01 -0.26017E+01  0.39110E+00 -0.45970E+01
 -0.35011E+01 -0.55903E+01 -0.69038E+01 -0.70761E+01 -0.69581E+01 -0.68320E+01
 -0.71565E+01 -0.69108E+01 -0.70513E+01 -0.67671E+01 -0.51879E+01 -0.22889E+01
 -0.94505E+00 -0.95424E+00 -0.10081E+01 -0.74696E+00 -0.63831E+00 -0.88268E+00
 -0.48041E+00 -0.10613E+01 -0.20294E+00 -0.15649E+01  0.30244E+01  0.42195E+01
 -0.30102E+00  0.21395E+01  0.13913E+01  0.23525E+00 -0.88927E+00 -0.66397E+00
 -0.76205E+00 -0.61462E+00 -0.66454E+00 -0.56031E+00 -0.57368E+00 -0.70972E+00
 -0.25470E+01 -0.17413E+01 -0.17104E+00 -0.48779E+00 -0.38331E+00 -0.36013E+00
 -0.20258E+00 -0.16773E+00 -0.64029E+00 -0.21303E-03 -0.92037E+00  0.12220E+01
  0.24691E+01 -0.93497E+00 -0.13895E+00 -0.73409E+00 -0.25802E+00 -0.50990E+00
  0.92149E-01  0.11254E+01  0.22353E+00  0.39453E+00  0.50252E+00  0.73986E+00
  0.13305E+01  0.16225E+01  0.16161E+01  0.16198E+01  0.16332E+01  0.51273E+00
 -0.48521E+00 -0.84301E+00 -0.20349E+01 -0.18240E+01 -0.82378E+00 -0.10272E+01
 -0.54603E+00  0.20327E+01  0.53592E+00  0.22310E+01  0.15897E+01  0.13182E+01
  0.13004E+01 -0.10901E+01  0.24490E+01  0.19172E+01  0.17934E+01  0.18219E+01
  0.17065E+01  0.19460E+01  0.12435E+01  0.79636E+00  0.71741E+00  0.17916E+00
 -0.55721E-01 -0.13577E-01 -0.31799E+00  0.28462E+00 -0.47581E+00 -0.23625E+00
 -0.29912E-01 -0.34592E+00 -0.47454E+00 -0.19477E+01 -0.32527E+00 -0.27309E+00
  0.24535E-01 -0.99101E+00 -0.14164E+01 -0.69156E-01  0.22839E-01 -0.21998E+00
  0.50547E+00  0.15310E+01  0.19896E+01  0.33303E+01  0.34838E+01  0.34895E+01
  0.28918E+01  0.60499E+01  0.49713E+01  0.29459E+01  0.35752E+01  0.29377E+01
  0.13120E+01  0.36061E-01  0.55925E+00  0.34789E+00  0.13977E+00  0.12582E+01
  0.40675E+00  0.18154E+01 -0.51360E+00 -0.21991E+01  0.55422E+00 -0.10783E+01
 -0.71078E-01 -0.14284E+01 -0.24491E+01 -0.42193E+01 -0.59217E+01 -0.44485E+01
 -0.59717E+01 -0.55766E+01 -0.54251E+01 -0.50067E+01 -0.54193E+01 -0.52811E+01
 -0.54879E+01 -0.60347E+01 -0.64589E+01 -0.42783E+01 -0.35299E+00 -0.37868E+01
 -0.45700E+00  0.60457E-01  0.52482E+00  0.64261E+00  0.86481E+00  0.23206E+01
  0.26721E+01  0.42870E+01  0.37561E+01  0.48816E+01  0.42564E+01  0.41299E+01
  0.39337E+01  0.43015E+01  0.27339E+01  0.12044E+01  0.14474E+01  0.16258E+01
  0.17195E+01  0.16489E+01  0.21753E+01  0.16868E+01  0.27766E+01  0.21503E+01
  0.15671E+01  0.25291E+01  0.20800E+01  0.29060E+01  0.19958E+01  0.12363E+01
  0.23655E+01  0.16175E+01  0.20831E+01  0.23000E+01  0.20012E+01  0.20737E+01
  0.16436E+01  0.13809E+01  0.13055E+01  0.92990E+00 -0.14887E+00 -0.69544E+00
 -0.15555E+01 -0.23162E+01 -0.35529E+01 -0.29905E+01 -0.38228E+01 -0.13421E+01
 -0.11847E+01 -0.43554E+01 -0.26858E+01 -0.36147E+01 -0.26965E+01 -0.47731E+01
 -0.42731E+01 -0.81155E+00 -0.30226E+01 -0.27552E+01 -0.35835E+01 -0.32995E+01
 -0.34815E+01 -0.28163E+01 -0.26355E+01 -0.21345E+01 -0.61879E-01  0.92627E+00
  0.10123E+01  0.10087E+01  0.62684E+00  0.56993E+00  0.35539E+00 -0.71312E+00
  0.49830E+00 -0.25053E+00 -0.14506E+01 -0.18843E+01 -0.40461E+01 -0.37457E+01
 -0.57302E+01 -0.69487E+01 -0.26192E+01 -0.23556E+01 -0.14933E+01 -0.81530E+00
 -0.50381E+00  0.11454E-01 -0.46485E+00  0.30232E+00  0.54547E+00  0.94107E+00
  0.38315E+00  0.19261E+01  0.45849E+01  0.50746E+01  0.48099E+01  0.55548E+01
  0.56300E+01  0.65041E+01  0.77182E+01  0.46475E+01  0.50853E+01  0.25269E+01
  0.25153E+01  0.18917E+01  0.76410E+00  0.26392E+01  0.14585E+01  0.22241E+01
  0.22056E+01  0.25300E+01  0.21947E+01  0.15226E+01  0.13329E+01  0.13556E+01
  0.13465E+01  0.11518E+01  0.51095E+00  0.27133E+00  0.37822E+00  0.15676E+00
  0.48244E+00 -0.28630E+00  0.14521E+01  0.12620E+01 -0.45869E+00  0.68263E+00
 -0.35492E+00  0.10119E+01  0.19810E+00 -0.71515E+00  0.76926E+00  0.56229E+00
  0.94073E+00  0.17021E+01  0.24170E+01  0.17772E+01  0.17941E+01  0.95198E+00
 -0.38106E+00 -0.10921E+01 -0.96252E+00 -0.83969E+00 -0.70188E+00 -0.63371E+00
 -0.10647E+01 -0.55713E+00 -0.25930E+01 -0.24918E+01 -0.15264E+01 -0.59668E+01
 -0.59333E+01 -0.54870E+01 -0.51450E+01 -0.53719E+01 -0.72055E+01 -0.59232E+01
 -0.63041E+01 -0.68210E+01 -0.61573E+01 -0.38668E+01 -0.42493E+01 -0.45272E+01
 -0.31055E+01 -0.15710E+01 -0.10595E+01 -0.12906E+01 -0.13096E+01 -0.14776E+01
 -0.12861E+01 -0.15931E+01 -0.94699E+00 -0.11911E+01  0.13225E+01  0.16423E+01
  0.16920E+01  0.30849E+01  0.17551E+01  0.31978E+01  0.27654E+01  0.17129E+01
  0.38093E+01  0.33124E+01  0.31756E+01  0.30455E+01  0.22207E+01  0.27111E+01
  0.16129E+01 -0.64246E+00 -0.78685E+00 -0.43864E+00  0.11038E+00  0.51527E+00
  0.55706E+00  0.70534E+00  0.56342E+00  0.42660E+00  0.24544E+00  0.18432E+01
  0.95248E-01 -0.87655E+00  0.16150E+00 -0.15014E+01 -0.13021E+01 -0.28454E+01
 -0.32758E+01 -0.61681E+00 -0.32307E+01 -0.23342E+01 -0.47722E+00  0.14121E+00
 -0.16370E+00 -0.88468E+00  0.15267E+01  0.16782E+01  0.15681E+01  0.15575E+01
  0.16416E+01  0.24590E+01  0.43442E+01  0.46095E+01  0.47044E+01  0.44595E+01
  0.51085E+01  0.44727E+01  0.18870E+01  0.22697E+01  0.91132E+00  0.17353E+01
  0.82682E+00 -0.35345E+00  0.21343E+01  0.23654E+01  0.18954E+01 -0.67039E+00
 -0.16023E+00  0.91896E+00  0.15358E+01  0.13980E+01  0.15742E+01  0.24981E+01
  0.18388E+01  0.21031E+01  0.16180E+01  0.19474E+01  0.15423E+01  0.20742E+01
  0.12946E+01  0.31749E+01  0.31699E+01  0.82387E+00  0.19617E+01  0.76167E+00
  0.15184E+01  0.38324E+00 -0.14333E+01 -0.15618E+01 -0.26203E+01 -0.41613E+01
 -0.57717E+01 -0.57140E+01 -0.57492E+01 -0.57127E+01 -0.48108E+01 -0.42454E+01
 -0.32221E+01 -0.22138E+01 -0.22301E+01 -0.28599E+01 -0.67913E+00  0.93296E+00
  0.60508E+00  0.73325E+00  0.11715E+01  0.77237E+00  0.22917E+00  0.87478E+00
 -0.41472E+00  0.12820E+00 -0.17765E+01 -0.33677E+01 -0.55473E+00 -0.58237E+00
 -0.59828E+00 -0.50488E+00 -0.66020E+00 -0.76085E+00 -0.88134E+00 -0.80958E+00
 -0.10214E+01 -0.78062E+00 -0.10755E+01 -0.83149E+00 -0.92578E+00 -0.67360E+00
 -0.36850E+00 -0.43986E+00 -0.35384E-01  0.20652E+01  0.36833E+01  0.40308E+00
  0.61811E+00  0.47654E+00 -0.87999E-01  0.17975E+00  0.23014E+00  0.85249E+00
  0.21114E+00  0.21635E+00  0.16171E+00  0.40377E+00 -0.25964E-01 -0.13314E+01
 -0.14496E+01 -0.20011E+00 -0.20782E+01 -0.14905E+01 -0.95629E+00  0.13932E-01
 -0.14934E+01  0.86622E-01  0.86882E+00  0.70393E+00  0.16995E+01  0.55758E+00
  0.12278E+01  0.12444E+01  0.70199E+00  0.54238E+00 -0.13816E+00 -0.90355E+00
  0.74844E+00  0.15332E+00  0.52962E+00  0.25730E+00  0.48876E+00  0.24735E+00
  0.18142E+00 -0.28609E+00 -0.17023E+00 -0.43276E+00 -0.65917E+00 -0.46955E+00
 -0.77280E+00 -0.84882E-01 -0.24291E+00  0.28354E+00 -0.68604E+00  0.42139E+01
  0.21426E+01  0.41590E+00  0.12788E+01  0.83144E+00  0.90263E+00 -0.13131E-01
  0.65921E+00  0.70987E-01  0.59830E+00 -0.25273E+00 -0.34642E+00 -0.72566E+00
 -0.61289E+00 -0.71281E+00 -0.67385E+00 -0.69499E+00 -0.55411E+00 -0.62433E+00
