 -0.20910E+01  0.16228E+01  0.25797E+01  0.21200E+01 -0.27331E+01  0.12164E+01
  0.31410E+01 -0.70442E+00  0.28629E+01 -0.31264E+01 -0.11096E+02 -0.26436E+01
  0.66554E+01  0.81534E+01  0.58007E+01 -0.15483E+01 -0.40142E+01  0.42839E+01
  0.99185E+00 -0.56378E+01 -0.53209E+00 -0.30816E+01 -0.14535E+01  0.17574E+02
  0.11221E+02  0.50146E+01  0.78673E+01 -0.99815E+00 -0.52878E+01  0.35981E+00
 -0.32320E+01 -0.92197E+01  0.50083E+01  0.16261E+02  0.53246E+00 -0.51469E+01
 -0.89934E+01 -0.13546E+02  0.80760E+01  0.17654E+02  0.23277E+01  0.33103E+01
 -0.14429E+02 -0.31070E+02 -0.29400E+01  0.13405E+02  0.16272E+02 -0.15297E+01
  0.12877E+01  0.38040E+01 -0.72557E+01 -0.27350E+01 -0.66625E+00 -0.19263E+02
 -0.12951E+02 -0.44389E+01  0.52920E+01  0.27329E+02  0.32192E+02 -0.34923E+01
 -0.30706E+02 -0.24954E+02 -0.15788E+02  0.29126E+01  0.16986E+02  0.11941E+02
  0.72028E+01  0.11049E+02  0.36099E+01 -0.15398E+02 -0.11571E+02 -0.94046E+00
  0.38713E+01  0.12793E+02  0.16268E+02  0.46394E+00 -0.14799E+02 -0.15429E+02
 -0.41592E+00  0.30991E+01  0.41926E+01  0.77992E+01  0.14757E+01 -0.88225E+01
 -0.97749E+01 -0.10083E+00  0.17173E+01 -0.99914E+01 -0.25066E+01  0.10518E+02
  0.13463E+02 -0.17127E+01 -0.26147E+02 -0.25160E+02 -0.54471E+01  0.73767E+01
  0.64796E+01 -0.28458E+01 -0.15520E+02 -0.14535E+02  0.23186E+01  0.20157E+02
  0.73122E+01 -0.51035E+01 -0.94492E+01 -0.20166E+02  0.45346E-01  0.17764E+02
  0.97078E+01  0.84498E+00 -0.12135E+02 -0.71042E+01  0.68968E+01  0.27775E+01
  0.12676E+01 -0.18058E+01 -0.10782E+02  0.26758E+01  0.16695E+02  0.20325E+02
  0.96502E+01  0.37854E+01 -0.43159E+01 -0.60784E+01  0.36954E+01  0.72686E+01
  0.10926E+01 -0.32505E+01 -0.53961E+01 -0.51796E+01  0.11499E+02  0.77590E+01
 -0.37934E+01 -0.14886E+02 -0.18943E+02 -0.12067E+02 -0.14681E+02  0.44391E+01
  0.12228E+02 -0.10609E+02 -0.56337E+01  0.32038E+00  0.36190E+01  0.25849E+01
 -0.42347E+01 -0.86555E+01 -0.90852E+01 -0.20474E+02 -0.19760E+02 -0.18213E+01
  0.15112E+02  0.25656E+02  0.21315E+02  0.74705E+01  0.10498E+01 -0.57412E+01
 -0.13790E+02 -0.19509E+02 -0.10921E+02 -0.85084E+01 -0.19497E+02  0.57367E+01
  0.27222E+02  0.12713E+02  0.47589E+00 -0.56398E+01 -0.14078E+02 -0.99722E+01
 -0.33078E+01  0.91016E+01  0.20681E+02  0.59996E+01 -0.12819E+02 -0.13937E+02
 -0.56366E+01  0.20064E+02  0.32555E+02  0.15533E+02  0.54707E+01 -0.15686E+02
 -0.34725E+02 -0.29341E+02 -0.21858E+02  0.84188E+00  0.53661E+01 -0.12837E+01
  0.10233E+02  0.64224E+01 -0.51230E+01  0.17893E+01  0.26292E+02  0.11668E+02
 -0.32237E+02 -0.16570E+02  0.63378E+01  0.91632E+01  0.31588E+02  0.50167E+01
 -0.79030E+01  0.40157E+01 -0.80220E+01  0.96676E+00  0.30463E+02  0.25165E+02
  0.32214E+02  0.18461E+02 -0.23623E+01  0.20064E+02 -0.28192E+01 -0.26657E+02
 -0.16595E+02  0.38686E+01 -0.62689E+01  0.25768E+02  0.48197E+02  0.27438E+02
  0.28559E+02  0.38394E+02 -0.12869E+01  0.81957E+01  0.71409E-01 -0.18294E+02
  0.22137E+02  0.55101E+02 -0.47001E+01 -0.10839E+02 -0.26816E+02  0.57169E+01
  0.58145E+02  0.17652E+02  0.48559E+01  0.54249E+02  0.16531E+02  0.22420E+02
 -0.28687E+02 -0.22461E+02  0.91826E+02 -0.69126E+01  0.21727E+02  0.78932E+02
 -0.26598E+02 -0.37152E+02 -0.55657E+02 -0.31838E+02 -0.17331E+02 -0.30314E+02
 -0.78371E+02 -0.53041E+02 -0.43933E+02 -0.34583E+02 -0.78861E+02 -0.57255E+01
  0.27652E+02 -0.26910E+02  0.55776E+01  0.75235E+01  0.92291E+01  0.10086E+03
  0.58169E+02 -0.49102E+02 -0.29634E+02  0.18414E+02 -0.28540E+02 -0.98973E+02
 -0.40134E+02 -0.61480E+02 -0.69103E+02  0.25843E+02  0.27293E+01  0.20584E+02
  0.87430E+02  0.33682E+02  0.57226E+02  0.72751E+02  0.45303E+02  0.37421E+02
  0.35383E+02  0.14411E+03  0.13613E+03 -0.46859E+01 -0.89328E+02 -0.10941E+03
 -0.69509E+02 -0.62285E+02 -0.12580E+02  0.22990E+02  0.24105E+02  0.26982E+02
 -0.30833E+02 -0.47117E+02 -0.72408E+02 -0.10697E+03 -0.79101E+02 -0.10611E+03
 -0.12155E+03 -0.12381E+03 -0.18091E+03 -0.15320E+03 -0.76387E+02 -0.79077E+02
 -0.68080E+02  0.52361E+02  0.96018E+02  0.74741E+02  0.12338E+03  0.19644E+03
  0.19806E+03  0.13528E+03  0.12078E+02 -0.59934E+02 -0.43627E+01 -0.35638E+02
 -0.29889E+02 -0.45973E+02 -0.75716E+02 -0.66668E+02 -0.11116E+02  0.14814E+02
  0.98542E+02  0.13272E+03  0.10355E+03  0.12717E+03  0.10820E+03 -0.14987E+02
 -0.10440E+03 -0.86927E+02 -0.23677E+02  0.14510E+01 -0.23208E+02  0.27847E+02
  0.13047E+03  0.14310E+03  0.11286E+03  0.12842E+03  0.10798E+03  0.82572E+02
  0.87652E+02  0.69448E+02 -0.15482E+02 -0.13714E+03 -0.25622E+03 -0.21790E+03
 -0.20037E+03 -0.27065E+03 -0.24814E+03 -0.15652E+03 -0.13293E+01  0.94682E+02
  0.16968E+03  0.25440E+03  0.13970E+03 -0.74160E+02 -0.19316E+03 -0.18082E+03
 -0.66235E+02  0.20258E+02  0.72938E+02  0.99631E+02  0.15614E+03  0.22227E+03
  0.24662E+03  0.21872E+03  0.26305E+03  0.31628E+03  0.31486E+03  0.20241E+03
  0.32760E+02 -0.18398E+03 -0.42039E+03 -0.60616E+03 -0.61936E+03 -0.50851E+03
 -0.47708E+03 -0.42936E+03 -0.20605E+03  0.33156E+02  0.17473E+03  0.24037E+03
  0.33716E+03  0.43718E+03  0.49689E+03  0.42564E+03  0.30985E+03  0.15658E+03
  0.75873E+02  0.45867E+02 -0.73797E+02 -0.19477E+03 -0.19766E+03 -0.25590E+02
  0.18611E+02 -0.13808E+03 -0.24555E+03 -0.16361E+03  0.32577E+02  0.17334E+03
  0.83614E+02 -0.74850E+02 -0.16135E+03 -0.16053E+03 -0.71807E+02 -0.45941E+02
  0.99681E+01  0.14201E+03  0.18245E+03  0.15581E+03  0.18167E+03  0.20748E+03
  0.21630E+03  0.13177E+03  0.11491E+02 -0.72118E+02 -0.15185E+03 -0.23653E+03
 -0.24800E+03 -0.23982E+03 -0.20006E+03 -0.12060E+03 -0.50985E+02 -0.13378E+02
 -0.23356E+02 -0.54943E+01  0.48691E+02  0.77131E+02  0.91934E+02  0.13801E+03
  0.13005E+03  0.34422E+02 -0.32668E+01  0.47332E+02  0.12027E+03  0.13773E+03
  0.19055E+02 -0.28613E+02  0.69751E+02  0.13145E+03  0.75119E+02 -0.22854E+02
 -0.71568E+02 -0.18972E+02 -0.19580E+02 -0.82961E+02 -0.11398E+03 -0.45807E+02
  0.42385E+02  0.38059E+02 -0.20635E+02 -0.15258E+02  0.84824E+01  0.29056E+02
  0.19238E+02 -0.31198E+02 -0.99638E+02 -0.12185E+03 -0.12068E+03 -0.10448E+03
 -0.92633E+02 -0.67772E+02 -0.33557E+02 -0.21705E+02 -0.94887E+01  0.35737E+02
  0.67843E+02  0.68426E+02  0.80899E+02  0.75237E+02  0.48629E+02  0.23759E+01
 -0.27790E+02 -0.62685E+01  0.23087E+01 -0.78100E+01  0.12961E+02  0.52161E+02
  0.66331E+02  0.58385E+02  0.45428E+02  0.22211E+02 -0.67353E+01 -0.24078E+02
 -0.28807E+02 -0.31116E+02 -0.27893E+02 -0.10322E+02 -0.22366E+01 -0.11035E+02
 -0.49700E+01 -0.12104E+02 -0.14972E+02 -0.77400E+01 -0.91289E+01 -0.10996E+02
 -0.65818E+01  0.12395E+02  0.75613E+01 -0.15868E+02 -0.16251E+02 -0.53178E+02
 -0.10563E+03 -0.10035E+03 -0.88928E+02 -0.66631E+02 -0.46230E+02 -0.22279E+02
  0.19614E+02  0.60732E+02  0.82530E+02  0.71218E+02  0.48037E+02  0.37650E+02
  0.47065E+01 -0.45771E+02 -0.74017E+02 -0.86794E+02 -0.99521E+02 -0.10688E+03
 -0.72350E+02 -0.24795E+02  0.17492E+02  0.51315E+02  0.56673E+02  0.47776E+02
  0.49374E+02  0.38167E+02  0.12560E+02 -0.88100E+01 -0.23942E+01 -0.47871E+01
 -0.76509E+01  0.30107E+02  0.83161E+02  0.12604E+03  0.15137E+03  0.15782E+03
  0.14013E+03  0.10719E+03  0.53611E+02 -0.74196E+01 -0.54695E+02 -0.75986E+02
 -0.87138E+02 -0.90324E+02 -0.82439E+02 -0.68407E+02 -0.46653E+02 -0.10510E+02
  0.27811E+02  0.56701E+02  0.63939E+02  0.63142E+02  0.62428E+02  0.52195E+02
  0.17953E+02 -0.24564E+02 -0.57318E+02 -0.70466E+02 -0.86317E+02 -0.94635E+02
 -0.88400E+02 -0.84545E+02 -0.67106E+02 -0.39616E+02  0.32243E+01  0.32215E+02
  0.43675E+02  0.70987E+02  0.93900E+02  0.90575E+02  0.93027E+02  0.84342E+02
  0.74441E+02  0.75004E+02  0.71184E+02  0.48108E+02  0.17234E+02 -0.18628E+01
 -0.13171E+02 -0.32283E+02 -0.28491E+02 -0.27225E+02 -0.25208E+02 -0.11650E+02
  0.44984E+01 -0.31018E+01 -0.30323E+02 -0.52041E+02 -0.60275E+02 -0.57276E+02
 -0.41494E+02 -0.98501E+01  0.14339E+02  0.26591E+02  0.32352E+02  0.24378E+02
  0.21571E+02  0.26096E+02  0.27401E+02  0.21496E+02  0.21370E+02  0.30574E+02
  0.38647E+02  0.40886E+02  0.37414E+02  0.37987E+02  0.39957E+02  0.44276E+02
  0.48328E+02  0.38730E+02  0.20609E+02  0.49989E+01 -0.36020E+01  0.59537E+00
  0.34938E+01  0.18272E+01 -0.50170E+00 -0.66823E+00  0.51251E+01  0.16200E+02
  0.13715E+02 -0.32605E+01 -0.20397E+02 -0.37603E+02 -0.55882E+02 -0.77224E+02
 -0.99268E+02 -0.11537E+03 -0.12134E+03 -0.12045E+03 -0.11130E+03 -0.10159E+03
 -0.90018E+02 -0.75820E+02 -0.51720E+02 -0.25459E+02 -0.15191E+02 -0.15918E+02
 -0.16570E+02 -0.10557E+02  0.35461E+01  0.12637E+02  0.15206E+02  0.17726E+02
  0.24933E+02  0.37544E+02  0.52491E+02  0.66367E+02  0.72320E+02  0.66384E+02
  0.54787E+02  0.36699E+02  0.79776E+01 -0.31748E+02 -0.55469E+02 -0.70955E+02
 -0.84925E+02 -0.70115E+02 -0.38009E+02 -0.10213E+02  0.18163E+02  0.43752E+02
  0.64441E+02  0.58664E+02  0.38958E+02  0.29695E+02  0.10970E+02 -0.16460E+02
 -0.30786E+02 -0.40377E+02 -0.50659E+02 -0.60628E+02 -0.66867E+02 -0.61730E+02
 -0.51272E+02 -0.43546E+02 -0.38826E+02 -0.28219E+02 -0.90144E+01  0.23345E-01
  0.66157E+01  0.19173E+02  0.33532E+02  0.46769E+02  0.54618E+02  0.60500E+02
  0.70383E+02  0.76042E+02  0.69878E+02  0.62660E+02  0.59780E+02  0.54606E+02
  0.40009E+02  0.18147E+02  0.45007E+01 -0.63581E+01 -0.29881E+01  0.91292E+01
  0.15327E+02  0.16281E+02  0.20273E+02  0.27240E+02  0.36206E+02  0.44797E+02
  0.41244E+02  0.31536E+02  0.20723E+02  0.38189E+01 -0.92497E+01 -0.15174E+02
 -0.17489E+02 -0.12474E+02 -0.20719E+00  0.18346E+02  0.31218E+02  0.35294E+02
  0.34159E+02  0.25162E+02  0.28588E+01 -0.24368E+02 -0.45100E+02 -0.56547E+02
 -0.64309E+02 -0.66778E+02 -0.65211E+02 -0.62576E+02 -0.63330E+02 -0.56193E+02
 -0.40740E+02 -0.18253E+02  0.49342E+01  0.22736E+02  0.24161E+02  0.17579E+02
  0.21637E+02  0.22620E+02  0.92299E+01 -0.84575E+01 -0.15592E+02 -0.19595E+02
 -0.13577E+02  0.34627E+00  0.85945E+01  0.11542E+02  0.12303E+02  0.91627E+01
  0.10201E+02  0.17629E+02  0.18143E+02  0.26347E+01 -0.13345E+02 -0.19580E+02
 -0.23507E+02 -0.26619E+02 -0.26535E+02 -0.17829E+02  0.73999E+00  0.14105E+02
  0.17439E+02  0.11243E+02 -0.14022E+01 -0.41641E+01 -0.91110E+01 -0.17419E+02
 -0.25360E+02 -0.28804E+02 -0.22480E+02 -0.14152E+02 -0.98012E+01 -0.70845E+01
  0.22559E+00  0.43374E+01  0.10547E+01  0.83259E+01  0.22317E+02  0.34338E+02
  0.40552E+02  0.41355E+02  0.42696E+02  0.43125E+02  0.42951E+02  0.41795E+02
  0.41115E+02  0.41115E+02  0.36212E+02  0.27950E+02  0.30135E+02  0.32863E+02
  0.28900E+02  0.21127E+02  0.14294E+02  0.66807E+01  0.13999E+00 -0.97017E+00
  0.13604E+01 -0.64986E+00 -0.10448E+02 -0.20149E+02 -0.26913E+02 -0.31350E+02
 -0.33174E+02 -0.35407E+02 -0.39563E+02 -0.46464E+02 -0.42928E+02 -0.33616E+02
 -0.35885E+02 -0.40596E+02 -0.32567E+02 -0.21703E+02 -0.12838E+02 -0.12941E+02
 -0.17529E+02 -0.13323E+02 -0.84549E+01 -0.57587E+01 -0.72224E+01  0.66399E+00
  0.14996E+02  0.19651E+02  0.15751E+02  0.15829E+02  0.23258E+02  0.31370E+02
  0.36375E+02  0.29927E+02  0.19646E+02  0.14837E+02  0.12313E+02  0.16278E+02
  0.22186E+02  0.28269E+02  0.23887E+02  0.10980E+02 -0.11540E+00 -0.84398E+01
 -0.47279E+01  0.20683E+01  0.54969E+01  0.86017E+01  0.11179E+02  0.14847E+02
  0.19314E+02  0.19141E+02  0.81176E+01 -0.43166E+01 -0.10258E+02 -0.81006E+01
 -0.17011E+02 -0.32217E+02 -0.38021E+02 -0.38106E+02 -0.39199E+02 -0.37720E+02
 -0.24427E+02 -0.11011E+02 -0.50731E+01 -0.44617E+00  0.18413E+01 -0.11978E+01
 -0.49844E+01 -0.97100E+01 -0.14675E+02 -0.21150E+02 -0.28418E+02 -0.32466E+02
 -0.29364E+02 -0.23782E+02 -0.17612E+02 -0.90995E+01  0.13064E+01  0.14044E+02
  0.26624E+02  0.37807E+02  0.41788E+02  0.31836E+02  0.17009E+02 -0.87067E+00
 -0.15481E+02 -0.20887E+02 -0.22902E+02 -0.22396E+02 -0.18957E+02 -0.13965E+02
 -0.62194E+01 -0.33748E+01 -0.70426E+01 -0.42051E+01  0.70638E+01  0.17961E+02
  0.21056E+02  0.17144E+02  0.15346E+02  0.15819E+02  0.68391E+01 -0.35261E+01
 -0.72473E+01 -0.10583E+02 -0.83212E+01 -0.41125E+01  0.21489E+01  0.58060E+01
 -0.76015E+00 -0.52694E+01 -0.11540E+01 -0.29897E+01 -0.10883E+02 -0.18300E+02
 -0.26286E+02 -0.33697E+02 -0.38040E+02 -0.29219E+02 -0.17686E+02 -0.10790E+02
  0.87822E+00  0.10392E+02  0.15480E+02  0.19399E+02  0.23168E+02  0.25052E+02
  0.22671E+02  0.18887E+02  0.15298E+02  0.11814E+02  0.84479E+01  0.45056E+01
  0.11100E+01  0.21637E+01  0.85207E+01  0.15254E+02  0.22101E+02  0.28910E+02
  0.32982E+02  0.27424E+02  0.22234E+02  0.25787E+02  0.21754E+02  0.13188E+02
  0.62677E+01  0.11476E+01 -0.29856E+01 -0.39180E+01 -0.33274E+01 -0.21120E+01
  0.63802E+00  0.56301E+01  0.13875E+02  0.23425E+02  0.24966E+02  0.18739E+02
  0.13635E+02  0.80161E+01  0.20280E+01 -0.26983E+01 -0.15040E+01 -0.37434E+01
 -0.95902E+01 -0.12875E+02 -0.10332E+02 -0.61507E+01 -0.37884E+01 -0.29843E+01
 -0.24897E+01 -0.31054E+01 -0.97368E+01 -0.19057E+02 -0.24422E+02 -0.27220E+02
 -0.32583E+02 -0.37477E+02 -0.40389E+02 -0.39838E+02 -0.36100E+02 -0.36414E+02
 -0.37819E+02 -0.30173E+02 -0.20326E+02 -0.10971E+02 -0.21581E+01  0.48536E+01
  0.10411E+02  0.17596E+02  0.27140E+02  0.35449E+02  0.35845E+02  0.33341E+02
  0.32963E+02  0.36152E+02  0.36636E+02  0.28067E+02  0.19670E+02  0.17410E+02
  0.15515E+02  0.11445E+02 -0.23757E+00 -0.12685E+02 -0.19605E+02 -0.21740E+02
 -0.17710E+02 -0.16331E+02 -0.17900E+02 -0.16014E+02 -0.55416E+01  0.50382E+01
  0.12792E+02  0.17373E+02  0.14899E+02  0.10635E+02  0.62544E+01  0.11073E+01
 -0.48366E+01 -0.12178E+02 -0.15323E+02 -0.13611E+02 -0.10994E+02 -0.65429E+01
 -0.16299E+01  0.37469E+01  0.97022E+01  0.15815E+02  0.21914E+02  0.25221E+02
  0.22048E+02  0.25761E+02  0.23383E+02  0.14219E+01  0.12415E+01  0.23188E-01
 -0.57193E+01 -0.26447E+00 -0.33425E+01 -0.12816E+02 -0.67296E+01 -0.51202E+01
 -0.14963E+02 -0.15655E+02 -0.12188E+02 -0.80632E+01  0.57415E+00  0.10122E+02
  0.13205E+02  0.92221E+01  0.10554E+02  0.15975E+02  0.18428E+02  0.14710E+02
  0.88971E+01  0.55067E+01  0.22806E+01 -0.13359E+01 -0.80551E+01 -0.16000E+02
 -0.17593E+02 -0.15681E+02 -0.18502E+02 -0.15364E+02 -0.10414E+02 -0.10329E+02
 -0.14932E+02 -0.14796E+02 -0.11735E+02 -0.15730E+02 -0.19473E+02 -0.17846E+02
 -0.16788E+02 -0.18381E+02 -0.23150E+02 -0.27174E+02 -0.29665E+02 -0.29146E+02
 -0.25631E+02 -0.21785E+02 -0.17756E+02 -0.12450E+02 -0.69431E+01 -0.69167E+01
 -0.89919E+01 -0.45848E+01  0.18284E+01  0.55784E+01  0.85833E+01  0.11268E+02
  0.13234E+02  0.15087E+02  0.16264E+02  0.15993E+02  0.15314E+02  0.15442E+02
  0.19377E+02  0.25268E+02  0.28303E+02  0.27748E+02  0.25756E+02  0.20864E+02
  0.15113E+02  0.10852E+02  0.75024E+01  0.34274E+01 -0.12530E+01 -0.52983E+01
 -0.46648E+01  0.13852E+01  0.66113E+01  0.99641E+01  0.12834E+02  0.15209E+02
  0.17043E+02  0.18532E+02  0.16928E+02  0.12343E+02  0.80257E+01  0.48486E+01
  0.24303E+01 -0.35781E+00 -0.32463E+01 -0.60854E+01 -0.89223E+01 -0.11645E+02
 -0.14050E+02 -0.15234E+02 -0.16242E+02 -0.18499E+02 -0.21797E+02 -0.24931E+02
 -0.26572E+02 -0.23851E+02 -0.17464E+02 -0.13393E+02 -0.11457E+02 -0.99334E+01
 -0.11774E+02 -0.13701E+02 -0.69367E+01  0.30356E+01  0.10210E+02  0.13925E+02
  0.12525E+02  0.78323E+01  0.32895E+01  0.98140E+01  0.18704E+02  0.18698E+02
  0.15169E+02  0.16622E+02  0.21400E+02  0.23498E+02  0.21745E+02  0.18332E+02
  0.11801E+02  0.68036E+01  0.84845E+01  0.68972E+01 -0.30906E+01 -0.12825E+02
 -0.17642E+02 -0.12388E+02 -0.59521E+01  0.10656E+00  0.28103E+01 -0.12399E+01
 -0.65732E+01 -0.11200E+02 -0.15462E+02 -0.18651E+02 -0.19188E+02 -0.19186E+02
 -0.18496E+02 -0.14567E+02 -0.10607E+02 -0.11646E+02 -0.90429E+01 -0.32547E+01
  0.19668E+01  0.77583E+01  0.13641E+02  0.18221E+02  0.18710E+02  0.15237E+02
  0.12665E+02  0.12624E+02  0.11524E+02  0.88970E+01  0.83302E+01  0.11555E+02
  0.15076E+02  0.13767E+02  0.84381E+01  0.42079E+01  0.44741E+01  0.70919E+01
  0.93495E+01  0.10165E+02  0.90117E+01  0.80577E+01  0.80013E+01  0.95549E+01
  0.11070E+02  0.11047E+02  0.66097E+01  0.71284E+00 -0.20781E+01 -0.12244E+01
 -0.23484E+01 -0.93489E+01 -0.16950E+02 -0.19233E+02 -0.17860E+02 -0.16929E+02
 -0.15976E+02 -0.15720E+02 -0.15491E+02 -0.15168E+02 -0.12172E+02 -0.44657E+01
  0.25191E+01 -0.76515E-01 -0.78930E+01 -0.11723E+02 -0.13389E+02 -0.14866E+02
 -0.14722E+02 -0.11154E+02 -0.70463E+01 -0.29409E+01 -0.63358E+00 -0.21044E+01
 -0.48218E+01 -0.68215E+01 -0.61045E+01 -0.29571E+01  0.11525E+00  0.31938E+01
  0.48139E+01  0.55243E+01  0.62283E+01  0.69313E+01  0.85521E+01  0.11250E+02
  0.14124E+02  0.16425E+02  0.15988E+02  0.12449E+02  0.84436E+01  0.47115E+01
  0.18887E+01  0.20110E+01  0.27577E+01  0.31558E+01  0.24551E+01  0.13067E+01
  0.55161E-01 -0.19187E+01 -0.47834E+01 -0.94127E+01 -0.17267E+02 -0.24047E+02
 -0.28470E+02 -0.30024E+02 -0.30326E+02 -0.28644E+02 -0.26256E+02 -0.22648E+02
 -0.17579E+02 -0.13244E+02 -0.11588E+02 -0.10477E+02 -0.75861E+01 -0.22391E+01
  0.30826E+01  0.78617E+01  0.11905E+02  0.16259E+02  0.21680E+02  0.27533E+02
  0.27168E+02  0.22838E+02  0.21855E+02  0.25062E+02  0.28779E+02  0.29803E+02
  0.25948E+02  0.21441E+02  0.16791E+02  0.12497E+02  0.11059E+02  0.12464E+02
  0.13520E+02  0.12648E+02  0.78545E+01  0.32304E+01  0.52328E-01 -0.22646E+01
 -0.41027E+01 -0.34227E+01 -0.17752E+01  0.18568E+00  0.44139E+01  0.93940E+01
  0.85223E+01  0.97941E+00 -0.47554E+01 -0.66683E+01 -0.84047E+01 -0.99573E+01
 -0.11500E+02 -0.11896E+02 -0.95169E+01 -0.68068E+01 -0.43286E+01 -0.25802E+01
 -0.85630E+00  0.77288E+00  0.16136E+01 -0.24536E+00 -0.30141E+01 -0.19800E+01
  0.30284E+01  0.84029E+01  0.12524E+02  0.12512E+02  0.10863E+02  0.92347E+01
  0.63721E+01  0.17065E+01 -0.29593E+01 -0.68961E+01 -0.95273E+01 -0.12136E+02
 -0.13760E+02 -0.13139E+02 -0.11796E+02 -0.10453E+02 -0.82057E+01 -0.46797E+01
 -0.91709E+00  0.25342E+01  0.38099E+01  0.23520E+01  0.48182E+00 -0.15383E+01
 -0.37799E+01 -0.65272E+01 -0.92866E+01 -0.12053E+02 -0.14172E+02 -0.13093E+02
 -0.10013E+02 -0.73061E+01 -0.44504E+01 -0.16138E+01  0.14284E+01  0.44821E+01
  0.75367E+01  0.98245E+01  0.89784E+01  0.66872E+01  0.46070E+01  0.18408E+01
 -0.22951E+01 -0.70618E+01 -0.10747E+02 -0.11206E+02 -0.99616E+01 -0.89565E+01
 -0.77432E+01 -0.75549E+01 -0.81999E+01 -0.90319E+01 -0.95028E+01 -0.94445E+01
 -0.87009E+01 -0.79622E+01 -0.68636E+01 -0.54405E+01 -0.38675E+01 -0.24701E+01
 -0.25317E+01 -0.57194E+01 -0.80024E+01 -0.58633E+01 -0.18904E+01  0.14465E+01
  0.24863E+01 -0.42851E+00 -0.33057E+01 -0.45149E+01 -0.28687E+01 -0.10953E+01
  0.82094E+00  0.25070E+01  0.43466E+01  0.63739E+01  0.84028E+01  0.10437E+02
  0.12471E+02  0.14318E+02  0.16333E+02  0.18349E+02  0.20364E+02  0.21113E+02
  0.18072E+02  0.13226E+02  0.10192E+02  0.97070E+01  0.93898E+01  0.82623E+01
  0.47140E+01  0.81661E+00 -0.55607E+00 -0.28666E+00 -0.19255E+00  0.83504E-01
  0.37108E+00  0.12592E+01  0.29327E+01  0.44152E+01  0.40931E+01  0.34036E+01
  0.43499E+01  0.67361E+01  0.87667E+01  0.86208E+01  0.28689E+01 -0.36134E+01
 -0.59021E+01 -0.37953E+01 -0.14820E+01  0.99533E+00  0.30657E+01  0.37815E+01
  0.10612E+01 -0.23762E+01 -0.56245E+01 -0.73895E+01 -0.58664E+01 -0.38389E+01
 -0.21368E+01 -0.34839E+00  0.37279E+00 -0.17925E+01 -0.54715E+01 -0.88251E+01
 -0.12227E+02 -0.13948E+02 -0.12619E+02 -0.10975E+02 -0.90889E+01 -0.74313E+01
 -0.56776E+01 -0.41233E+01 -0.23101E+01 -0.57764E+00  0.11183E+01  0.28667E+01
  0.44427E+01  0.51141E+01  0.25367E+01 -0.18180E+01 -0.57795E+01 -0.75823E+01
 -0.46752E+01 -0.10450E+01  0.25773E+01  0.58393E+01  0.81915E+01  0.98248E+01
  0.11292E+02  0.13501E+02  0.16977E+02  0.21181E+02  0.22351E+02  0.19199E+02
  0.15515E+02  0.11885E+02  0.75348E+01  0.26439E+01 -0.20973E+01 -0.70081E+01
 -0.99086E+01 -0.91710E+01 -0.82024E+01 -0.71270E+01 -0.58448E+01 -0.47559E+01
 -0.32918E+01 -0.16343E+01  0.22939E+00  0.18745E+01  0.12610E+01 -0.29826E+01
 -0.75742E+01 -0.12143E+02 -0.16333E+02 -0.20184E+02 -0.21384E+02 -0.19882E+02
 -0.18086E+02 -0.16220E+02 -0.14556E+02 -0.12697E+02 -0.11155E+02 -0.93958E+01
 -0.78219E+01 -0.61312E+01 -0.51404E+01 -0.45476E+01 -0.42746E+01 -0.37685E+01
 -0.32569E+01 -0.27392E+01 -0.21820E+01 -0.10586E+01  0.59693E+00  0.20684E+01
  0.37373E+01  0.52609E+01  0.64281E+01  0.72369E+01  0.78487E+01  0.79155E+01
  0.74308E+01  0.69077E+01  0.65229E+01  0.59706E+01  0.54552E+01  0.46725E+01
  0.31975E+01  0.16867E+01  0.47808E+00 -0.44915E+00 -0.28489E+00  0.60889E+00
  0.15090E+01  0.20405E+01  0.20167E+01  0.19750E+01  0.34367E+01  0.82601E+01
  0.14014E+02  0.17935E+02  0.17101E+02  0.14085E+02  0.13408E+02  0.14139E+02
  0.14283E+02  0.12438E+02  0.98752E+01  0.87213E+01  0.91576E+01  0.83856E+01
  0.65779E+01  0.53053E+01  0.49448E+01  0.47711E+01  0.45972E+01  0.42733E+01
  0.37805E+01  0.29203E+01  0.95028E+00 -0.17569E+01 -0.41354E+01 -0.61749E+01
 -0.73125E+01 -0.46511E+01 -0.26885E-02 -0.78390E+00 -0.40915E+01 -0.48682E+01
 -0.43783E+01 -0.38706E+01 -0.32989E+01 -0.28779E+01 -0.29991E+01 -0.45477E+01
 -0.64409E+01 -0.81844E+01 -0.87881E+01 -0.78283E+01 -0.68117E+01 -0.58869E+01
 -0.51125E+01 -0.45393E+01 -0.37706E+01 -0.30175E+01 -0.20831E+01 -0.96740E+00
 -0.32246E-01  0.10752E+01  0.19839E+01  0.27118E+01  0.32640E+01  0.39900E+01
  0.50777E+01  0.67025E+01  0.83244E+01  0.84999E+01  0.68427E+01  0.47961E+01
  0.13044E+01 -0.32243E+01 -0.74707E+01 -0.10606E+02 -0.10252E+02 -0.83836E+01
 -0.77738E+01 -0.91695E+01 -0.10953E+02 -0.97316E+01 -0.67362E+01 -0.39736E+01
 -0.16126E+01 -0.60478E+00 -0.26798E+01 -0.51281E+01 -0.69103E+01 -0.75151E+01
 -0.75786E+01 -0.76348E+01 -0.82209E+01 -0.86159E+01 -0.97339E+01 -0.11936E+02
 -0.13785E+02 -0.14373E+02 -0.14420E+02 -0.14287E+02 -0.12705E+02 -0.98339E+01
 -0.69118E+01 -0.41446E+01 -0.19523E+01 -0.19799E+00  0.14921E+01  0.33766E+01
  0.51100E+01  0.65089E+01  0.68215E+01  0.67716E+01  0.67227E+01  0.66724E+01
  0.69906E+01  0.75338E+01  0.82767E+01  0.90192E+01  0.95816E+01  0.10142E+02
  0.92562E+01  0.76477E+01  0.62195E+01  0.46043E+01  0.33243E+01  0.36298E+01
  0.53748E+01  0.73244E+01  0.91513E+01  0.10636E+02  0.10673E+02  0.96116E+01
  0.88880E+01  0.77702E+01  0.59232E+01  0.37205E+01  0.15124E+01  0.38841E+00
  0.14156E+01  0.31734E+01  0.49315E+01  0.65077E+01  0.71806E+01  0.67607E+01
  0.63378E+01  0.57246E+01  0.52937E+01  0.39645E+01  0.15436E+01 -0.12247E+01
 -0.27160E+01  0.17755E+01  0.55352E+01  0.44122E+00 -0.42526E+01 -0.49319E+01
 -0.30898E+01 -0.15957E+01  0.90078E-01  0.72322E+00  0.11749E+01  0.14538E+01
  0.15385E+01  0.88765E+00 -0.51933E+00 -0.17443E+01 -0.33312E+01 -0.56334E+01
 -0.81042E+01 -0.10402E+02 -0.12154E+02 -0.13740E+02 -0.15350E+02 -0.16605E+02
 -0.16774E+02 -0.16575E+02 -0.15652E+02 -0.14173E+02 -0.12690E+02 -0.11203E+02
 -0.97376E+01 -0.83276E+01 -0.67679E+01 -0.50214E+01 -0.32740E+01 -0.17019E+01
 -0.12841E+00  0.14571E+01  0.32180E+01  0.47977E+01  0.60295E+01  0.71054E+01
  0.80205E+01  0.91082E+01  0.10206E+02  0.11474E+02  0.12740E+02  0.12902E+02
  0.12332E+02  0.11583E+02  0.10834E+02  0.97229E+01  0.75207E+01  0.51255E+01
  0.34358E+01  0.37488E+01  0.47774E+01  0.45408E+01  0.23156E+01  0.27655E+00
 -0.31912E+00 -0.19396E+00 -0.68737E-01  0.65754E-01  0.39760E+00  0.75016E+00
  0.11041E+01  0.14861E+01  0.22780E+01  0.36168E+01  0.47696E+01  0.46549E+01
  0.36318E+01  0.25690E+01  0.16511E+01  0.92645E+00  0.19565E+00 -0.52333E+00
 -0.12157E+01 -0.18769E+01 -0.21825E+01 -0.24814E+01 -0.27803E+01 -0.39775E+01
 -0.54996E+01 -0.65033E+01 -0.59726E+01 -0.47508E+01 -0.35175E+01 -0.24697E+01
 -0.17840E+01 -0.19787E+01 -0.24651E+01 -0.27250E+01 -0.29990E+01 -0.32769E+01
 -0.34652E+01 -0.35535E+01 -0.36305E+01 -0.37049E+01 -0.37808E+01 -0.38578E+01
 -0.39145E+01 -0.41529E+01 -0.42098E+01 -0.42487E+01 -0.42238E+01 -0.34325E+01
 -0.12375E+01  0.10636E+01  0.33247E+01  0.57788E+01  0.78919E+01  0.91492E+01
  0.96979E+01  0.10245E+02  0.10797E+02  0.11378E+02  0.11987E+02  0.12595E+02
  0.12662E+02  0.11114E+02  0.88538E+01  0.67824E+01  0.50513E+01  0.40006E+01
  0.31111E+01  0.20523E+01  0.13503E+01  0.10089E+01  0.10293E+01  0.86925E+00
  0.70237E+00 -0.34616E-02 -0.10756E+01 -0.21403E+01 -0.30275E+01 -0.39200E+01
 -0.46248E+01 -0.53553E+01 -0.61183E+01 -0.68879E+01 -0.71076E+01 -0.67938E+01
 -0.64793E+01 -0.61637E+01 -0.60378E+01 -0.60914E+01 -0.63143E+01 -0.63120E+01
 -0.60979E+01 -0.48003E+01 -0.29641E+01 -0.36554E+01 -0.65112E+01 -0.91855E+01
 -0.10595E+02 -0.95049E+01 -0.80645E+01 -0.68063E+01 -0.60897E+01 -0.53812E+01
 -0.46653E+01 -0.39510E+01 -0.32677E+01 -0.24426E+01 -0.14424E+01 -0.26213E+00
  0.18277E+01  0.50548E+01  0.78019E+01  0.87392E+01  0.85964E+01  0.84608E+01
  0.70786E+01  0.49733E+01  0.26719E+01  0.67600E+00 -0.10141E+01 -0.27046E+01
 -0.43773E+01 -0.58185E+01 -0.74084E+01 -0.90122E+01 -0.10241E+02 -0.96682E+01
 -0.71244E+01 -0.48138E+01 -0.28764E+01 -0.32902E+01 -0.55071E+01 -0.73620E+01
 -0.84747E+01 -0.74045E+01 -0.59851E+01 -0.45529E+01 -0.25845E+01  0.64799E+00
  0.40633E+01  0.74788E+01  0.10337E+02  0.10483E+02  0.93584E+01  0.84127E+01
  0.74745E+01  0.70728E+01  0.75614E+01  0.80567E+01  0.87274E+01  0.92161E+01
  0.89887E+01  0.76694E+01  0.65372E+01  0.52245E+01  0.40937E+01  0.35109E+01
  0.29280E+01  0.21904E+01  0.16526E+01  0.39053E+00 -0.24978E+01 -0.53872E+01
 -0.73768E+01 -0.70054E+01 -0.57201E+01 -0.44295E+01 -0.33256E+01 -0.29456E+01
 -0.29201E+01 -0.29020E+01 -0.28887E+01 -0.29201E+01 -0.28079E+01 -0.26955E+01
 -0.24025E+01 -0.21013E+01 -0.15890E+01 -0.86402E+00  0.40383E+00  0.18603E+01
  0.31275E+01  0.42170E+01  0.51237E+01  0.62126E+01  0.67579E+01  0.70999E+01
  0.79262E+01  0.96509E+01  0.11931E+02  0.13727E+02  0.13570E+02  0.11961E+02
  0.10539E+02  0.89311E+01  0.69659E+01  0.49961E+01  0.33952E+01  0.25110E+01
  0.19958E+01  0.14745E+01  0.95869E+00  0.44444E+00  0.29261E+00  0.13982E+00
 -0.13929E-01  0.22063E-01 -0.31657E+00 -0.10095E+01 -0.18965E+01 -0.26207E+01
 -0.31656E+01 -0.17175E+01  0.27068E+00  0.63286E+00 -0.63364E+00 -0.18987E+01
 -0.31647E+01 -0.44342E+01 -0.55179E+01 -0.62404E+01 -0.71419E+01 -0.78637E+01
 -0.87659E+01 -0.93054E+01 -0.94766E+01 -0.94411E+01 -0.95808E+01 -0.99007E+01
 -0.10395E+02 -0.10921E+02 -0.11140E+02 -0.10470E+02 -0.94291E+01 -0.85768E+01
 -0.73555E+01 -0.59405E+01 -0.45193E+01 -0.31038E+01 -0.16820E+01 -0.44675E+00
  0.97559E+00  0.20359E+01  0.20305E+01  0.13024E+01  0.58067E+00 -0.14701E+00
 -0.10498E+01 -0.21203E+01 -0.33465E+01 -0.45778E+01 -0.43628E+01 -0.21784E+01
  0.35815E+00  0.27118E+01  0.47113E+01  0.63475E+01  0.80117E+01  0.96738E+01
  0.11162E+02  0.11742E+02  0.11783E+02  0.11819E+02  0.11686E+02  0.11392E+02
  0.98248E+01  0.75299E+01  0.55880E+01  0.47084E+01  0.47310E+01  0.47551E+01
  0.49607E+01  0.55197E+01  0.58996E+01  0.64280E+01  0.65829E+01  0.58394E+01
  0.47337E+01  0.38099E+01  0.27119E+01  0.18189E+01  0.76976E+00 -0.96447E-01
 -0.78481E+00 -0.92800E+00 -0.54793E+00 -0.18165E+00  0.17275E+00  0.89584E+00
  0.17852E+01  0.24764E+01  0.33427E+01  0.42141E+01  0.43612E+01  0.30572E+01
  0.10288E+01 -0.10010E+01 -0.28426E+01 -0.34176E+01 -0.24953E+01 -0.15297E+01
 -0.12883E+01 -0.21372E+01 -0.30042E+01 -0.39237E+01 -0.46795E+01 -0.54251E+01
 -0.59942E+01 -0.65596E+01 -0.74720E+01 -0.85656E+01 -0.96524E+01 -0.10915E+02
 -0.11990E+02 -0.12879E+02 -0.13005E+02 -0.12171E+02 -0.11161E+02 -0.99668E+01
 -0.84396E+01 -0.68537E+01 -0.53176E+01 -0.36998E+01 -0.23610E+01 -0.22750E+01
 -0.32884E+01 -0.43083E+01 -0.53780E+01 -0.62854E+01 -0.68320E+01 -0.75589E+01
 -0.82861E+01 -0.81162E+01 -0.64864E+01 -0.48692E+01 -0.32394E+01 -0.16225E+01
  0.18901E+00  0.16318E+01  0.28929E+01  0.39750E+01  0.52361E+01  0.63167E+01
  0.73974E+01  0.79354E+01  0.82930E+01  0.88310E+01  0.91888E+01  0.99073E+01
  0.10976E+02  0.12231E+02  0.13481E+02  0.14555E+02  0.14382E+02  0.12233E+02
  0.99039E+01  0.75735E+01  0.56064E+01  0.45352E+01  0.39901E+01  0.32313E+01
  0.26673E+01  0.25075E+01  0.30914E+01  0.34810E+01  0.40588E+01  0.40863E+01
  0.33988E+01  0.25234E+01  0.16365E+01  0.75487E+00 -0.13298E+00 -0.83383E+00
 -0.15396E+01 -0.26008E+01 -0.43863E+01 -0.67193E+01 -0.90469E+01 -0.10830E+02
 -0.10812E+02 -0.10412E+02 -0.99998E+01 -0.94015E+01 -0.87959E+01 -0.82002E+01
 -0.76518E+01 -0.69588E+01 -0.62648E+01 -0.53904E+01 -0.46899E+01 -0.38151E+01
 -0.31203E+01 -0.24188E+01 -0.18923E+01 -0.15331E+01 -0.18914E+01 -0.31593E+01
 -0.44280E+01 -0.44283E+01 -0.18921E+01  0.13638E+01  0.44384E+01  0.66151E+01
  0.78883E+01  0.89807E+01  0.10254E+02  0.11166E+02  0.12078E+02  0.12811E+02
  0.13363E+02  0.12294E+02  0.10682E+02  0.89156E+01  0.75189E+01  0.62955E+01
  0.52607E+01  0.42264E+01  0.28239E+01  0.10534E+01 -0.72814E+00 -0.21483E+01
 -0.23011E+01 -0.15499E+01 -0.98512E+00 -0.88390E-01  0.79486E+00  0.18603E+01
  0.29316E+01  0.27875E+01  0.69268E+00 -0.14004E+01 -0.36746E+01 -0.57665E+01
 -0.69545E+01 -0.68762E+01 -0.66143E+01 -0.65349E+01 -0.62668E+01 -0.60300E+01
 -0.60116E+01 -0.58234E+01 -0.52662E+01 -0.47173E+01 -0.41588E+01 -0.35997E+01
 -0.30413E+01 -0.30054E+01 -0.34937E+01 -0.37984E+01 -0.40970E+01 -0.44016E+01
 -0.43433E+01 -0.31993E+01 -0.98846E+00  0.10234E+01  0.28542E+01  0.41444E+01
  0.48915E+01  0.58222E+01  0.60219E+01  0.53186E+01  0.44295E+01  0.40899E+01
  0.35823E+01	   0.0          0.0          0.0           0.0         0.0
