 -0.52344E+01 -0.16985E+02  0.33269E-01  0.33088E+02  0.35456E+02  0.13512E+02
  0.19999E+02  0.53061E+01 -0.34928E+02 -0.45596E+02 -0.38003E+02  0.97510E+01
  0.28643E+02 -0.28920E+00 -0.43203E+00  0.23427E+01 -0.12928E+02 -0.11759E+02
 -0.13504E+02 -0.24495E+02 -0.23053E+02 -0.33601E+02 -0.19760E+02  0.10147E+02
  0.25417E+02  0.33074E+02  0.37026E+02  0.15959E+02 -0.24166E+02 -0.32057E+02
 -0.34929E+02 -0.29257E+02 -0.24660E+02 -0.28434E+02 -0.37438E+02 -0.34831E+02
 -0.16764E+02  0.27974E+02  0.28581E+02  0.31176E+01  0.26985E+02  0.20568E+02
 -0.24180E+02 -0.31371E+02 -0.19108E+02  0.18351E+02  0.16353E+02 -0.41405E+02
 -0.43071E+02 -0.25516E+02 -0.10311E+02  0.11625E+02  0.34027E+02  0.61965E+02
  0.67507E+02  0.31961E+02  0.27902E+02  0.24159E+02  0.44099E+01  0.32888E+01
  0.15222E+02  0.56219E+01  0.17252E+01  0.87754E+01  0.15860E+02  0.53068E+02
  0.78715E+02  0.11898E+03  0.13065E+03  0.11250E+03  0.97021E+02  0.58997E+02
 -0.13821E+02 -0.33712E+02  0.23236E+02  0.43528E+02  0.73043E+02  0.10839E+03
  0.11466E+03  0.15375E+03  0.15999E+03  0.81789E+02  0.12915E+02 -0.35126E+02
 -0.85343E+02 -0.14668E+03 -0.19698E+03 -0.21733E+03 -0.21019E+03 -0.20315E+03
 -0.20307E+03 -0.15750E+03 -0.86936E+02 -0.44742E+02 -0.59963E+01  0.39829E+02
  0.81010E+02  0.30074E+02 -0.66641E+02 -0.47475E+02  0.43022E+02  0.26071E+02
 -0.86800E+02 -0.13678E+03 -0.10946E+03 -0.11316E+03 -0.13299E+03 -0.98991E+02
 -0.31353E+02 -0.33538E+01 -0.15888E+02  0.40729E+02  0.11607E+03  0.55239E+02
  0.54282E+02  0.15197E+03  0.15636E+03  0.12183E+03  0.15380E+03  0.16264E+03
  0.16347E+03  0.18588E+03  0.18274E+03  0.77594E+02 -0.32889E+02 -0.77641E+02
 -0.88953E+02 -0.43234E+02 -0.11684E+02 -0.42472E+02 -0.54041E+02 -0.40982E+02
 -0.60822E+02 -0.14972E+02  0.62486E+02  0.10200E+03  0.75351E+02  0.20677E+02
 -0.37071E+02 -0.11815E+03 -0.16346E+03 -0.12083E+03 -0.15809E+02  0.62135E+02
  0.47592E+02 -0.30233E+02 -0.71461E+02  0.35375E+02  0.14264E+03  0.12882E+03
  0.46642E+02 -0.43207E+02 -0.10440E+03 -0.13038E+03 -0.10293E+03 -0.30111E+02
 -0.45688E+02 -0.10223E+03 -0.55083E+02  0.47063E+02  0.83855E+02  0.33427E+02
 -0.46622E+02 -0.96903E+02 -0.97210E+02 -0.13537E+03 -0.18427E+03 -0.72398E+02
  0.46108E+02  0.99200E+01 -0.12208E+02  0.88055E+02  0.14391E+03  0.55694E+02
 -0.65781E+02 -0.37476E+01  0.95346E+02  0.10587E+03  0.18696E+02 -0.65994E+02
 -0.68795E+02  0.13564E+02  0.12580E+03  0.12836E+03  0.38382E+02  0.26928E+02
  0.58820E+02  0.39103E+02 -0.28967E+02 -0.73082E+02 -0.10713E+03 -0.17862E+03
 -0.22183E+03 -0.17107E+03 -0.10823E+03 -0.51775E+01  0.37143E+02 -0.16490E+02
 -0.17894E+02  0.17088E+02  0.26714E+02 -0.49891E+02 -0.16680E+03 -0.17168E+03
 -0.43352E+02  0.15241E+03  0.12495E+03 -0.65039E+02 -0.63222E+02  0.10236E+03
  0.17550E+03  0.21153E+03  0.26132E+03  0.18800E+03 -0.84747E+02 -0.41295E+03
 -0.19451E+03  0.32791E+03  0.33070E+03 -0.40545E+02 -0.15495E+03 -0.86939E+02
 -0.16323E+03 -0.30072E+03 -0.31508E+03  0.75852E+02  0.46703E+03  0.46541E+03
  0.40487E+03  0.35409E+03  0.76836E+02 -0.40785E+03 -0.68001E+03 -0.42432E+03
  0.16007E+03  0.37994E+03  0.24293E+03  0.12966E+03  0.49204E+02 -0.87187E+01
 -0.47468E+02 -0.21871E+02 -0.41281E+02 -0.12222E+03 -0.17738E+03 -0.48000E+02
  0.11000E+03  0.87227E+02 -0.98258E+02 -0.10746E+03  0.13283E+03  0.30532E+03
  0.28072E+03  0.16318E+03  0.90823E+02  0.14218E+03  0.18183E+03  0.15128E+03
  0.24343E+02 -0.15050E+03 -0.32830E+03 -0.36746E+03 -0.90715E+02  0.30580E+03
  0.22655E+03 -0.13227E+02 -0.92029E+02 -0.40434E+02 -0.32399E+02 -0.70132E+02
 -0.13759E+03 -0.13889E+03 -0.47065E+02 -0.82278E+02 -0.20269E+03 -0.15785E+03
 -0.13117E+02  0.63802E+02  0.73201E+02  0.19639E+03  0.28861E+03  0.22343E+03
  0.14894E+03  0.10964E+03  0.87963E+01 -0.83124E+02 -0.11446E+03 -0.60231E+02
  0.66115E+01 -0.10492E+02 -0.73597E+02 -0.83247E+02 -0.60463E+02 -0.57066E+02
 -0.12895E+03 -0.17940E+03 -0.69326E+02  0.42950E+02  0.46252E+02 -0.31120E+00
 -0.31388E+02 -0.12377E+02 -0.17975E+02 -0.13376E+02 -0.28691E+02 -0.72953E+02
 -0.85474E+02 -0.27436E+02  0.11152E+03  0.15666E+03  0.75844E+02 -0.33963E+02
 -0.73065E+02 -0.21642E+02  0.77527E+01  0.36374E+02  0.86993E+02  0.26124E+02
 -0.51069E+02 -0.46065E+02 -0.12606E+02 -0.45948E+01 -0.42621E+02 -0.41710E+02
 -0.18548E+01  0.47402E+02  0.70377E+02  0.42178E+02  0.30696E+02  0.91266E+02
  0.12715E+03  0.14316E+03  0.16910E+03  0.11378E+03 -0.26661E+02 -0.14681E+03
 -0.19894E+03 -0.19245E+03 -0.99636E+02 -0.24291E+01 -0.11388E+02 -0.86231E+02
 -0.12435E+03 -0.12948E+03 -0.11118E+03 -0.73613E+02 -0.15619E+02 -0.25386E+02
 -0.93229E+02 -0.11217E+03 -0.72422E+02 -0.29421E+02 -0.45027E+02 -0.11173E+03
 -0.15957E+03 -0.18521E+03 -0.16531E+03 -0.87933E+02  0.90878E+01  0.92659E+02
  0.12559E+03  0.11605E+03  0.13108E+03  0.15989E+03  0.15444E+03  0.13536E+03
  0.12397E+03  0.11582E+03  0.94049E+02  0.66670E+02  0.62042E+02  0.82209E+02
  0.11363E+03  0.12928E+03  0.10273E+03  0.54215E+02  0.33429E+02  0.15701E+02
 -0.13584E+01 -0.27391E+02 -0.45332E+02 -0.41291E+02 -0.40142E+02 -0.30411E+02
 -0.51921E+02 -0.73386E+02 -0.47788E+02 -0.23035E+02 -0.96075E+01  0.22055E+02
  0.28646E+02  0.27168E+02  0.14580E+01 -0.54384E+02 -0.84302E+02 -0.97410E+02
 -0.88050E+02 -0.55984E+02 -0.21708E+02 -0.20147E+00  0.39119E+02  0.81607E+02
  0.10056E+03  0.12244E+03  0.12752E+03  0.10720E+03  0.80320E+02  0.52212E+02
  0.21824E+01 -0.55492E+02 -0.10796E+03 -0.15196E+03 -0.16589E+03 -0.13913E+03
 -0.99680E+02 -0.67809E+02 -0.33404E+02 -0.11222E+01  0.25045E+02  0.41480E+02
  0.49855E+02  0.38100E+02  0.24917E+02  0.29141E+02  0.59873E+02  0.98861E+02
  0.13624E+03  0.13631E+03  0.12955E+03  0.14492E+03  0.16144E+03  0.17891E+03
  0.18047E+03  0.14900E+03  0.10774E+03  0.59952E+02 -0.12124E+02 -0.97447E+02
 -0.16016E+03 -0.18570E+03 -0.18086E+03 -0.14766E+03 -0.10045E+03 -0.71629E+02
 -0.54657E+02 -0.14081E+02  0.25841E+02  0.56705E+02  0.80607E+02  0.94277E+02
  0.95669E+02  0.66965E+02  0.10979E+02 -0.18365E+02 -0.35542E+02 -0.80477E+02
 -0.14260E+03 -0.16924E+03 -0.17764E+03 -0.19126E+03 -0.22008E+03 -0.23597E+03
 -0.21983E+03 -0.17260E+03 -0.65877E+02  0.56752E+02  0.12653E+03  0.15389E+03
  0.15946E+03  0.17845E+03  0.18167E+03  0.15145E+03  0.13916E+03  0.14809E+03
  0.13750E+03  0.88474E+02  0.45656E+02  0.31151E+02  0.65747E+01 -0.19593E+02
 -0.46615E+02 -0.62904E+02 -0.60911E+02 -0.53259E+02 -0.45281E+02 -0.22666E+02
 -0.69177E+01 -0.24058E+02 -0.41620E+02 -0.25490E+02  0.71948E+01  0.32059E+02
  0.36089E+02  0.23945E+02  0.28779E+02  0.39132E+02  0.39409E+02  0.26592E+02
  0.36922E+02  0.67485E+02  0.69090E+02  0.42590E+02  0.14036E+02 -0.21436E+02
 -0.48609E+02 -0.73312E+02 -0.98736E+02 -0.10784E+03 -0.10467E+03 -0.10199E+03
 -0.98679E+02 -0.90363E+02 -0.79277E+02 -0.69516E+02 -0.69521E+02 -0.80750E+02
 -0.72770E+02 -0.38740E+02  0.27478E+01  0.38097E+02  0.54265E+02  0.52288E+02
  0.35151E+02  0.31312E+02  0.46651E+02  0.47812E+02  0.14825E+02 -0.95607E+01
 -0.25886E+01  0.80957E+01 -0.18710E+01 -0.23614E+02 -0.20249E+02  0.12177E+01
  0.11956E+02  0.15054E+02  0.21511E+02  0.22731E+02  0.15514E+02  0.98125E+01
  0.10498E+02  0.20768E+02  0.35456E+02  0.39329E+02  0.26273E+02  0.13544E+02
  0.18043E+01 -0.68232E+01 -0.53280E+01  0.56866E+01  0.15112E+02  0.61943E+01
 -0.17185E+02 -0.42912E+02 -0.55272E+02 -0.59249E+02 -0.60647E+02 -0.43565E+02
 -0.18765E+02  0.42673E+01  0.20259E+02  0.35650E+02  0.56792E+02  0.84360E+02
  0.96493E+02  0.86121E+02  0.80436E+02  0.75733E+02  0.53509E+02  0.18200E+02
 -0.82686E+01 -0.28515E+02 -0.32700E+02 -0.20844E+02 -0.25731E+02 -0.41213E+02
 -0.41283E+02 -0.34922E+02 -0.28914E+02 -0.26818E+02 -0.31070E+02 -0.32113E+02
 -0.21946E+02 -0.43700E+01  0.14955E+02  0.29068E+02  0.17091E+02 -0.53853E+01
 -0.22340E+02 -0.31031E+02 -0.23861E+02 -0.15321E+02 -0.40658E+01  0.13012E+02
  0.26202E+02  0.24195E+02  0.26563E+02  0.46930E+02  0.65917E+02  0.84402E+02
  0.99312E+02  0.95792E+02  0.64898E+02  0.27632E+02 -0.15266E+01 -0.11988E+02
 -0.24225E+02 -0.35833E+02 -0.46798E+02 -0.47293E+02 -0.35580E+02 -0.28225E+02
 -0.37855E+02 -0.51103E+02 -0.42455E+02 -0.36200E+02 -0.21492E+02  0.43655E+01
  0.22585E+02  0.25231E+02  0.19275E+02  0.23974E+02  0.25596E+02  0.12601E+02
 -0.37300E+01 -0.19015E+02 -0.34814E+02 -0.51323E+02 -0.69171E+02 -0.83529E+02
 -0.86780E+02 -0.87168E+02 -0.82227E+02 -0.67569E+02 -0.53938E+02 -0.41002E+02
 -0.28100E+02 -0.18415E+02 -0.13324E+02 -0.14317E+02 -0.28624E+02 -0.42260E+02
 -0.45660E+02 -0.42466E+02 -0.30122E+02 -0.15173E+02  0.46183E+01  0.22494E+02
  0.31267E+02  0.33758E+02  0.32711E+02  0.30531E+02  0.38624E+02  0.40210E+02
  0.24356E+02  0.10341E+02  0.17218E+02  0.29967E+02  0.42211E+02  0.68025E+02
  0.10214E+03  0.11649E+03  0.11553E+03  0.10273E+03  0.93469E+02  0.86795E+02
  0.73543E+02  0.52212E+02  0.31550E+02  0.10382E+02 -0.95410E+01 -0.26637E+02
 -0.34097E+02 -0.24934E+02 -0.10343E+02 -0.16758E+02 -0.30565E+02 -0.31073E+02
 -0.11699E+02  0.12250E+02  0.31636E+02  0.40282E+02  0.39870E+02  0.27931E+02
  0.31434E+02  0.53949E+02  0.55792E+02  0.29942E+02  0.13693E+02  0.14526E+02
  0.69013E+01 -0.93402E+01 -0.91420E+01  0.41043E+01  0.46807E+01 -0.17867E+02
 -0.40137E+02 -0.39743E+02 -0.30454E+02 -0.29077E+02 -0.27447E+02 -0.18171E+02
 -0.64364E+01 -0.35277E+01 -0.82578E+01 -0.59505E+01  0.11037E+02  0.15837E+02
  0.21630E+01  0.16525E+01  0.87511E+01  0.11148E+02 -0.43742E+01 -0.30886E+02
 -0.50475E+02 -0.60896E+02 -0.55101E+02 -0.48947E+02 -0.59719E+02 -0.83632E+02
 -0.97067E+02 -0.82709E+02 -0.58648E+02 -0.41767E+02 -0.26333E+02 -0.12964E+02
 -0.15510E+01  0.27571E+01 -0.17081E+01 -0.13029E+01  0.67303E+01  0.78015E+01
 -0.40772E+01 -0.15380E+02 -0.20032E+02 -0.17222E+02 -0.12008E+02 -0.12283E+01
  0.68497E+01 -0.32813E+00 -0.13984E+02 -0.14716E+02 -0.71864E+01  0.88176E+01
  0.23598E+02  0.35852E+02  0.45898E+02  0.51618E+02  0.52124E+02  0.53426E+02
  0.59404E+02  0.71061E+02  0.81244E+02  0.78523E+02  0.57857E+02  0.42448E+02
  0.37533E+02  0.34377E+02  0.30356E+02  0.21377E+02  0.43170E+01 -0.13233E+02
 -0.29677E+02 -0.37480E+02 -0.29151E+02 -0.18189E+02 -0.11407E+02 -0.16880E+02
 -0.28186E+02 -0.34951E+02 -0.39993E+02 -0.47218E+02 -0.57560E+02 -0.65140E+02
 -0.61559E+02 -0.52538E+02 -0.44505E+02 -0.34036E+02 -0.20343E+02 -0.67854E+01
  0.85680E+01  0.31453E+02  0.56805E+02  0.53643E+02  0.42543E+02  0.44181E+02
  0.48335E+02  0.51607E+02  0.50832E+02  0.42457E+02  0.32749E+02  0.23924E+02
  0.14711E+02  0.89393E+01  0.96858E+01  0.81310E+01 -0.77448E+01 -0.31583E+02
 -0.49652E+02 -0.57870E+02 -0.56166E+02 -0.42219E+02 -0.94611E+01  0.13093E+02
  0.78807E+01  0.50289E+01  0.27563E+01  0.10690E+02  0.26458E+02  0.34446E+02
  0.34751E+02  0.35120E+02  0.30847E+02  0.22001E+02  0.13154E+02  0.31170E+01
 -0.75695E+01 -0.18084E+02 -0.28187E+02 -0.38585E+02 -0.46490E+02 -0.44838E+02
 -0.37862E+02 -0.28300E+02 -0.18481E+02 -0.20773E+02 -0.25668E+02 -0.23632E+02
 -0.16073E+02 -0.15487E+02 -0.18401E+02 -0.13692E+02 -0.73401E+01 -0.15847E+02
 -0.25691E+02 -0.20682E+02 -0.80951E+01  0.22973E+01  0.13768E+02  0.22434E+02
  0.20593E+02  0.10355E+02  0.13302E+02  0.26003E+02  0.30125E+02  0.16112E+02
 -0.21284E+01 -0.14260E+02 -0.98627E+01 -0.33036E+01 -0.65796E+01 -0.17133E+01
  0.68667E+01 -0.14128E+01 -0.13990E+02 -0.76191E+01  0.44575E+00  0.11380E+02
  0.30071E+02  0.49009E+02  0.51368E+02  0.39464E+02  0.30402E+02  0.27309E+02
  0.24408E+02  0.10407E+02 -0.18933E+02 -0.47744E+02 -0.65068E+02 -0.73988E+02
 -0.78499E+02 -0.73941E+02 -0.74048E+02 -0.81042E+02 -0.81346E+02 -0.73108E+02
 -0.49548E+02 -0.11840E+02  0.99765E+01  0.16056E+02  0.20372E+02  0.29962E+02
  0.43619E+02  0.55434E+02  0.65297E+02  0.69750E+02  0.64374E+02  0.51598E+02
  0.41100E+02  0.33485E+02  0.26184E+02  0.74628E+01 -0.70400E+01 -0.72556E+01
 -0.10884E+02 -0.18995E+02 -0.17789E+02 -0.14005E+02 -0.45657E+01  0.83748E+01
  0.13579E+02  0.84307E+01  0.26913E+01 -0.26806E+01 -0.73336E+01 -0.10305E+02
 -0.12323E+02 -0.12401E+02 -0.96817E+01  0.45686E+01  0.22383E+02  0.22994E+02
  0.18153E+02  0.29655E+02  0.39585E+02  0.34673E+02  0.30358E+02  0.25703E+02
  0.20717E+02  0.84655E+01 -0.12573E+02 -0.29379E+02 -0.27416E+02 -0.15482E+02
 -0.11783E+02 -0.24493E+02 -0.41813E+02 -0.41577E+02 -0.27806E+02 -0.14223E+02
 -0.91824E+00  0.96309E+01  0.74931E+01 -0.38704E+01 -0.77490E+01 -0.13085E+01
  0.53919E+01  0.51187E+01  0.21333E+01 -0.17113E+00  0.21312E+01  0.90241E+01
  0.12905E+02  0.13452E+02  0.13821E+02  0.14363E+02  0.14410E+02  0.14703E+02
  0.14755E+02  0.15995E+02  0.22820E+02  0.32810E+02  0.37955E+02  0.34145E+02
  0.28954E+02  0.29214E+02  0.36836E+02  0.44775E+02  0.47742E+02  0.41973E+02
  0.33896E+02  0.26004E+02  0.19193E+02  0.18644E+02  0.17685E+02  0.67882E+01
  0.47023E+00  0.30857E+01  0.20106E+01  0.11066E+01  0.65846E+01  0.22587E+01
 -0.33596E+02 -0.62004E+02 -0.62174E+02 -0.48990E+02 -0.35888E+02 -0.56124E+02
 -0.84382E+02 -0.94168E+02 -0.95302E+02 -0.90592E+02 -0.68601E+02 -0.45644E+02
 -0.35346E+02 -0.40413E+02 -0.44813E+02 -0.45859E+02 -0.34115E+02 -0.18544E+02
 -0.90757E+01 -0.16440E+01  0.25795E+01  0.79698E+01  0.15416E+02  0.23504E+02
  0.31695E+02  0.38461E+02  0.35097E+02  0.20968E+02  0.18672E+02  0.26919E+02
  0.24129E+02  0.16845E+02  0.11891E+02  0.85646E+01  0.64775E+01  0.65534E+01
  0.17011E+02  0.31476E+02  0.35616E+02  0.31406E+02  0.39130E+02  0.51485E+02
  0.46567E+02  0.41137E+02  0.51255E+02  0.57807E+02  0.53080E+02  0.44806E+02
  0.40535E+02  0.35836E+02  0.27480E+02  0.16809E+02  0.70228E+01 -0.27309E+01
 -0.11572E+02 -0.20692E+02 -0.28743E+02 -0.35136E+02 -0.40844E+02 -0.40114E+02
 -0.31330E+02 -0.23583E+02 -0.18366E+02 -0.12330E+02  0.11922E+01  0.14254E+02
  0.13279E+02  0.10220E+02  0.12357E+02  0.13819E+02  0.13693E+02  0.55989E+01
 -0.61695E+01 -0.12611E+02 -0.11168E+02 -0.80778E+01 -0.75514E+01 -0.12350E+02
 -0.18945E+02 -0.22936E+02 -0.20557E+02 -0.15186E+02 -0.11105E+02 -0.58145E+01
 -0.70719E-01  0.34090E+01 -0.13881E+01 -0.89796E+01 -0.51676E+01  0.38298E+01
  0.38092E+01 -0.64835E+01 -0.15339E+02 -0.18159E+02 -0.14882E+02 -0.12758E+02
 -0.15865E+02 -0.23756E+02 -0.30733E+02 -0.30445E+02 -0.18142E+02 -0.69134E+01
 -0.49915E+01 -0.98830E+01 -0.11967E+02 -0.65733E+01  0.23101E+01  0.58466E+01
  0.32289E+01 -0.58549E+00 -0.35891E+01 -0.71961E+01 -0.10514E+02 -0.10947E+02
 -0.15331E+01  0.10752E+02  0.14304E+02  0.12596E+02  0.11077E+02  0.74554E+01
  0.33355E+00 -0.65718E+00  0.74774E+01  0.11455E+02  0.33086E+00 -0.13449E+02
 -0.18241E+02 -0.20766E+02 -0.15362E+02 -0.93083E+01 -0.43601E+01 -0.24042E+01
 -0.12862E+01  0.29063E+00  0.30211E+01  0.59219E+01  0.84684E+01  0.11375E+02
  0.12808E+02  0.80300E+01  0.29184E+01  0.74253E+01  0.14714E+02  0.21008E+02
  0.26725E+02  0.24871E+02  0.14596E+02  0.47830E+01 -0.40955E+01 -0.11377E+02
 -0.18531E+02 -0.24784E+02 -0.25343E+02 -0.20843E+02 -0.16929E+02 -0.12927E+02
 -0.94755E+01 -0.81675E+01 -0.79577E+01 -0.98501E+01 -0.15796E+02 -0.20743E+02
 -0.19425E+02 -0.15477E+02 -0.12395E+02 -0.88082E+01 -0.59989E+01 -0.35328E+01
 -0.44855E+01 -0.64401E+01 -0.56234E+01  0.15613E+00  0.59639E+01  0.54414E+01
  0.14928E+01 -0.18844E+01 -0.49597E+01 -0.27973E+01  0.60677E+01  0.14975E+02
  0.22032E+02  0.27205E+02  0.32125E+02  0.36908E+02  0.39938E+02  0.41963E+02
  0.44230E+02  0.44363E+02  0.40897E+02  0.37139E+02  0.33280E+02  0.29279E+02
  0.24986E+02  0.21034E+02  0.16914E+02  0.12805E+02  0.89849E+01  0.60313E+01
  0.62937E+01  0.77032E+01  0.88192E+01  0.84815E+01  0.34764E+01 -0.30157E+01
 -0.25219E+01  0.87595E+01  0.20038E+02  0.26060E+02  0.22475E+02  0.16546E+02
  0.11208E+02  0.58742E+01  0.57940E+00 -0.46638E+01 -0.90342E+01 -0.12245E+02
 -0.14865E+02 -0.17465E+02 -0.20063E+02 -0.22955E+02 -0.25231E+02 -0.25427E+02
 -0.22317E+02 -0.19431E+02 -0.15779E+02 -0.93224E+01 -0.23209E+01  0.41441E+01
  0.78044E+01  0.56519E+01  0.26771E+01  0.22908E+00 -0.22196E+01 -0.55367E+01
 -0.10618E+02 -0.15990E+02 -0.21360E+02 -0.26431E+02 -0.30343E+02 -0.33403E+02
 -0.36546E+02 -0.37997E+02 -0.36816E+02 -0.35343E+02 -0.33873E+02 -0.32400E+02
 -0.31222E+02 -0.29761E+02 -0.28300E+02 -0.25964E+02 -0.21881E+02 -0.17806E+02
 -0.13724E+02 -0.99227E+01 -0.69747E+01 -0.51923E+01 -0.34521E+01 -0.18752E+01
 -0.66128E+00  0.86366E+00  0.23781E+01  0.56945E+01  0.11451E+02  0.18698E+02
  0.29721E+02  0.39592E+02  0.41277E+02  0.36818E+02  0.33506E+02  0.34566E+02
  0.42351E+02  0.49020E+02  0.49618E+02  0.43462E+02  0.38022E+02  0.33086E+02
  0.33348E+02  0.38469E+02  0.43277E+02  0.45432E+02  0.39911E+02  0.31456E+02
  0.24167E+02  0.18917E+02  0.16350E+02  0.12378E+02  0.43124E+01 -0.63795E+01
 -0.16779E+02 -0.26036E+02 -0.33692E+02 -0.40693E+02 -0.43884E+02 -0.43696E+02
 -0.43554E+02 -0.43414E+02 -0.43377E+02 -0.43025E+02 -0.40723E+02 -0.37520E+02
 -0.34512E+02 -0.30944E+02 -0.26119E+02 -0.19605E+02 -0.13237E+02 -0.72820E+01
 -0.13308E+01  0.22890E+01  0.99419E+00 -0.51435E+00 -0.19933E+01 -0.36180E+01
 -0.32929E+01  0.14032E+01  0.63891E+01  0.99167E+01  0.12628E+02  0.15504E+02
  0.18426E+02  0.20753E+02  0.19511E+02  0.17308E+02  0.15098E+02  0.12896E+02
  0.98441E+01  0.60721E+01  0.23880E+01 -0.10251E+01 -0.32829E+01 -0.52950E+01
 -0.70572E+01 -0.59052E+01 -0.30159E+01 -0.13858E+00  0.32789E+01  0.78600E+01
