 -0.21518E-01 -0.57356E+00  0.18000E+01  0.14979E+01  0.42929E+01 -0.11343E+02
 -0.33432E+01  0.29348E+02  0.15111E+01 -0.15643E+02 -0.46726E+02  0.43607E+02
  0.31833E+02 -0.17677E+01 -0.84679E+02  0.24835E+02  0.48003E+02  0.26168E+02
 -0.48463E+02 -0.40335E+02  0.33610E+02  0.76275E+02  0.33233E+02 -0.21526E+02
  0.27571E+02  0.23015E+02  0.59039E+02 -0.82528E+02 -0.48062E+02  0.44984E+02
  0.52211E+02 -0.81225E+02 -0.81889E+02 -0.68441E+01  0.11678E+03 -0.47504E+02
 -0.99393E+02  0.22662E+02  0.72464E+02  0.33567E+02 -0.10472E+03  0.58913E+02
 -0.18239E+02 -0.36835E+02 -0.32069E+02  0.63739E+02 -0.41102E+02 -0.55425E+02
  0.57288E+02  0.39527E+01  0.39693E+02 -0.25990E+02 -0.27987E+02 -0.56193E+02
 -0.52838E+02 -0.14100E+02  0.69147E+02 -0.40570E+02 -0.29103E+02  0.55177E+02
  0.19172E+02 -0.23519E+02 -0.25085E+02  0.15266E+02  0.86164E+01 -0.49665E+02
 -0.24960E+01  0.13141E+03 -0.24010E+02 -0.22763E+00  0.12504E+03 -0.12523E+02
 -0.13041E+03  0.46120E+02  0.67908E+02 -0.53036E+02  0.36746E+02  0.24328E+02
 -0.74803E+02  0.68029E+02  0.69074E+02 -0.11013E+03  0.45974E+02  0.11828E+02
 -0.18135E+02 -0.21418E+01  0.14055E+02  0.26509E+01 -0.28658E+02  0.11730E+02
 -0.61414E+02  0.28805E+02  0.31925E+02 -0.14846E+02 -0.29911E+02 -0.72729E+02
  0.73294E+02  0.13784E+02 -0.24456E+02  0.49821E+02 -0.57241E+02  0.20753E+02
  0.45222E+02 -0.56907E+02 -0.15065E+02  0.76505E+02 -0.49961E+02 -0.24832E+02
  0.85198E+02 -0.85880E+02 -0.66754E+02  0.85825E+02 -0.31969E+02 -0.77444E+02
  0.56633E+02  0.78141E+02 -0.14614E+03 -0.48314E+02  0.82236E+02  0.10905E+02
 -0.14324E+02 -0.26943E+02  0.26070E+02  0.21199E+01  0.69605E+02  0.24359E+02
 -0.46543E+02  0.55664E+01 -0.20916E+02 -0.11886E+02 -0.47796E+02  0.29490E+02
 -0.75032E+02 -0.81963E+02  0.43948E+02 -0.77976E+02 -0.12771E+03 -0.60139E+02
 -0.51724E+02 -0.13429E+03 -0.50801E+02 -0.72666E+02 -0.89792E+02 -0.35117E+02
 -0.94517E+02 -0.10476E+02  0.22971E+02  0.11062E+02 -0.39722E+02 -0.71413E+02
  0.58806E+02  0.32456E+02  0.16916E+03  0.20382E+03  0.25972E+03  0.13170E+03
  0.51007E+02  0.25056E+03  0.15773E+03  0.16242E+03  0.25228E+03  0.29424E+03
  0.21891E+03  0.57974E+02  0.72590E+02  0.13872E+03  0.25285E+03  0.17380E+03
 -0.16640E+03 -0.27700E+03 -0.93871E+02  0.16929E+03  0.23335E+03  0.15831E+03
 -0.74754E+02 -0.49110E+03 -0.50758E+03 -0.11831E+03 -0.99907E+02 -0.16064E+03
  0.70005E+01  0.12325E+03 -0.12320E+02 -0.22931E+03 -0.11751E+03  0.20968E+02
 -0.48206E+02 -0.12225E+03  0.74736E+02  0.10696E+02 -0.29569E+03 -0.43409E+03
 -0.23742E+03  0.16129E+03  0.14803E+03 -0.23908E+02  0.63488E+02  0.25763E+03
  0.21849E+03 -0.56837E+02 -0.13928E+03 -0.26354E+02 -0.37371E+02  0.50730E+02
  0.17174E+03  0.75201E+02 -0.21590E+03 -0.13473E+03  0.25208E+03  0.31321E+03
  0.14788E+03  0.13925E+03  0.18109E+03  0.18516E+03  0.14679E+03  0.77400E+02
 -0.85446E+02 -0.48220E+03 -0.25102E+03 -0.64443E+02 -0.19297E+03 -0.30199E+03
 -0.18199E+03  0.48771E+02 -0.10811E+03 -0.66099E+02 -0.63842E+02 -0.80564E+02
 -0.90097E+02 -0.99312E+02 -0.50808E+02 -0.82110E+02 -0.11288E+03  0.28291E+02
  0.12369E+03  0.14869E+03  0.14915E+03  0.20336E+03  0.31210E+03  0.23369E+03
 -0.34827E+02 -0.23432E+03  0.87051E+00  0.30307E+03  0.16163E+03 -0.96786E+02
  0.82131E+01  0.11171E+03  0.84530E+02  0.16033E+02 -0.63808E+02 -0.23622E+03
 -0.14147E+03  0.25803E+03  0.22608E+03 -0.22193E+02 -0.12969E+03 -0.75137E+02
 -0.36734E+02 -0.32142E+02 -0.13151E+03  0.10142E+02  0.31657E+03  0.21902E+03
 -0.29660E+02 -0.20043E+03 -0.25499E+03 -0.29524E+03 -0.22969E+03 -0.16988E+03
 -0.15095E+02  0.27446E+03  0.16665E+03  0.14878E+03  0.19710E+03  0.13139E+03
  0.46212E+02 -0.96104E+02 -0.25174E+03 -0.13221E+03  0.47898E+02 -0.13598E+02
 -0.13252E+03 -0.13952E+03  0.73998E+01  0.11901E+03  0.11532E+03 -0.15824E+03
 -0.49858E+02  0.19506E+03  0.27771E+03  0.18633E+03  0.56509E+02  0.72551E+02
  0.48720E+02  0.49542E+02 -0.10636E+03  0.29917E+01 -0.18392E+02 -0.36295E+03
 -0.42278E+03 -0.14265E+03 -0.41196E+02 -0.39414E+02 -0.38734E+02 -0.55913E+02
  0.35044E+02 -0.12613E+03 -0.17260E+03 -0.61596E+01 -0.21617E+02 -0.52218E+02
  0.12054E+03  0.20308E+03  0.21652E+03  0.16007E+03 -0.95414E+02  0.32983E+02
  0.11815E+03  0.20038E+02  0.91371E+02  0.95256E+02  0.22151E+03  0.20801E+03
  0.16906E+03  0.11370E+03 -0.21695E+02  0.81161E+01  0.18286E+02 -0.98983E+02
 -0.27978E+02  0.68120E+02  0.45198E+02 -0.61078E+02 -0.10077E+03  0.76427E+02
  0.41162E+02  0.62948E+02  0.10415E+02 -0.39491E+02 -0.31084E-01  0.13465E+03
  0.15516E+03  0.18143E+02 -0.12451E+03 -0.23171E+03 -0.96045E+02 -0.89212E+02
 -0.83451E+02 -0.13651E+03 -0.24853E+03 -0.22046E+03  0.54543E+02  0.22619E+03
  0.61217E+02 -0.47399E+02 -0.82533E+01  0.14636E+03  0.14974E+03 -0.37602E+02
 -0.96002E+02 -0.52946E+02 -0.36785E+02  0.13316E+02  0.40739E+02  0.32808E+02
  0.54151E+02  0.11577E+03  0.99620E+02  0.94137E+01  0.24933E+02  0.43643E+01
  0.22979E+01  0.88463E+02 -0.52308E+02 -0.15885E+03 -0.18765E+03 -0.13809E+03
 -0.88282E+01  0.11387E+03 -0.18256E+02 -0.11806E+03  0.36321E+02  0.65615E+02
 -0.18262E+02 -0.15051E+03 -0.54966E+02  0.35711E+02  0.60585E+01 -0.35599E+02
 -0.12549E+03 -0.95841E+02 -0.53754E+02 -0.94859E+01 -0.12320E+03 -0.21784E+03
 -0.10750E+03  0.19778E+02  0.63628E+02 -0.40601E+02 -0.90943E+02  0.11878E+02
  0.31422E+02  0.76088E+00  0.24936E+02  0.18675E+02  0.21800E+02  0.76456E+02
  0.12072E+03  0.59802E+02  0.41922E+02  0.65255E+02  0.87724E+02  0.71348E+02
 -0.42059E+02 -0.52417E+02  0.12691E+02  0.83301E+02  0.33246E+02 -0.47099E+02
  0.49980E+02  0.17543E+03  0.15414E+03  0.36397E+02  0.37427E+02  0.54801E+02
  0.47028E+02 -0.27755E+02 -0.11858E+02 -0.12509E+02 -0.21079E+02 -0.17434E+02
  0.13856E+02  0.86290E+02  0.56221E+02  0.77811E+02  0.14971E+03  0.13010E+03
  0.63724E+02  0.12018E+02  0.76779E+02  0.81855E+02 -0.20258E+02 -0.72404E+02
 -0.71563E+02 -0.47444E+02 -0.82400E+02 -0.86053E+02 -0.85383E+02 -0.11125E+03
 -0.13383E+03 -0.83251E+02 -0.47669E+02 -0.91669E+02 -0.35960E+02  0.28162E+02
  0.91806E+02  0.59002E+02 -0.53535E+02 -0.31215E+02 -0.64767E+00  0.20549E+02
 -0.50422E+02 -0.53235E+02  0.53831E+02  0.89239E+02 -0.12400E+02 -0.69616E+02
 -0.48001E+02  0.49741E+02  0.97915E+02  0.51826E+02  0.16852E+02  0.19655E+00
  0.68409E+02  0.29888E+02 -0.31418E+02  0.59328E+02  0.46075E+02  0.47545E+02
  0.73863E+02  0.33575E+02  0.15496E+02 -0.53729E+02 -0.70284E+02 -0.10856E+03
 -0.59100E+02  0.42466E+02 -0.36919E+02 -0.46305E+02 -0.71720E+02 -0.96979E+02
 -0.71935E+02 -0.65717E+02 -0.26097E+02 -0.42492E+02 -0.53392E+02 -0.37291E+02
  0.21091E+02  0.20193E+02  0.70668E+01 -0.27095E+02 -0.36342E+00  0.61281E+02
 -0.44626E+01 -0.81669E+02 -0.96783E+01  0.37213E+02  0.11411E+02  0.16496E+02
 -0.54560E+01  0.10322E+03  0.12383E+03 -0.19594E+02 -0.32753E+01  0.90041E+02
  0.53753E+02  0.49536E+02  0.64019E+02  0.20225E+02  0.64668E+02  0.29889E+02
 -0.37873E+02 -0.30174E+02  0.25089E+01  0.24626E+02 -0.13150E+02 -0.39722E+02
 -0.34613E+02 -0.78393E+02 -0.16061E+02  0.70202E+01 -0.77709E+02 -0.73466E+02
 -0.36362E+02  0.81013E+02  0.93295E+02 -0.13930E+02 -0.30188E+02 -0.21632E+02
  0.65505E+01  0.26481E+01 -0.32927E+02  0.57646E+02  0.35615E+02 -0.10422E+02
  0.24728E+02  0.33519E+02  0.39253E+02  0.60839E+01 -0.54859E+02 -0.43464E+02
  0.20859E+02  0.71596E+02  0.45366E+02 -0.21101E+02 -0.36036E+02 -0.35432E+02
  0.64080E+02 -0.58273E+01 -0.13559E+03 -0.13518E+03 -0.51834E+02 -0.82575E+01
 -0.34554E+02 -0.41399E+02  0.22245E+02  0.86242E+02  0.38103E+02  0.35700E+02
  0.20897E+02  0.41666E+02  0.32418E+02  0.97595E+01  0.20277E+02  0.18154E+02
 -0.40881E+02 -0.12155E+03 -0.12417E+03 -0.94938E+02 -0.86314E+02 -0.95319E+02
 -0.27531E+02 -0.15799E+02 -0.56779E+02 -0.61278E+02 -0.12528E+03 -0.14489E+03
 -0.81568E+02 -0.63897E+02 -0.27843E+02  0.40427E+02  0.62761E+02  0.13748E+02
  0.40206E+01  0.53956E+02  0.10600E+03  0.90568E+02  0.65233E+02  0.65312E+02
  0.10247E+03  0.12829E+03  0.68161E+02 -0.70577E+01 -0.25793E+02  0.78998E+02
  0.10593E+03  0.15143E+02  0.16235E+02  0.98597E+02  0.14793E+03  0.61011E+02
  0.26407E+02  0.43951E+02  0.36097E+02  0.79593E+02  0.74704E+02  0.66893E+01
  0.99200E+01  0.49139E+02 -0.35933E+02 -0.11163E+03 -0.94893E+01  0.23078E+02
 -0.96979E+02 -0.13347E+03 -0.88999E+02 -0.73644E+02 -0.69782E+02 -0.23858E+02
 -0.93162E+01 -0.41561E+02 -0.28925E+02  0.38399E+02  0.43005E+02 -0.36055E+02
 -0.23712E+02  0.30933E+02  0.59927E+02  0.61019E+02  0.56706E+02  0.61176E+02
  0.74793E+02  0.66307E+02  0.27938E+02 -0.69424E+01 -0.38813E+01  0.43907E+02
  0.49589E+01  0.41790E+01  0.20227E+02  0.32436E+02  0.62448E+02  0.10212E+03
  0.80592E+02  0.20114E+02  0.82753E+01  0.31280E+01 -0.20547E+02 -0.43655E+02
 -0.45988E+02 -0.79601E+02 -0.70452E+02 -0.62469E+02 -0.46882E+02 -0.90318E+02
 -0.13457E+03 -0.80293E+02 -0.82252E+02 -0.66114E+02 -0.42668E+02 -0.52242E+02
  0.30858E+02 -0.67288E+01 -0.22734E+02 -0.88380E+00 -0.35404E+01  0.41485E+02
  0.55543E+01  0.16835E+02  0.36754E+02  0.46390E+02  0.31979E+02  0.31636E+02
  0.35852E+02  0.38672E+01  0.24098E+01  0.12966E+02  0.14898E+02  0.32292E+02
 -0.21512E+02 -0.54165E+02 -0.10529E+02  0.29490E+02  0.26413E+02 -0.33181E+02
 -0.29621E+02  0.11522E+02  0.10163E+02 -0.69283E+01  0.18016E+02  0.38088E+02
 -0.23777E+01  0.16389E+02  0.32924E+02  0.16198E+02  0.31642E+02  0.39913E+02
  0.30582E+02  0.19485E+02  0.46787E+02  0.13702E+02 -0.44977E+02 -0.67377E+02
 -0.30143E+02 -0.17079E+01 -0.30119E+02 -0.47617E+02 -0.36779E+02 -0.15648E+01
  0.13086E+02  0.59305E+01 -0.28832E+02 -0.64360E+02 -0.33356E+02  0.11016E+02
 -0.18878E+02 -0.26578E+02 -0.21266E+02  0.98189E+01  0.10706E+02 -0.22026E+02
 -0.32043E+02 -0.37371E+02 -0.50065E+02 -0.35854E+02  0.82212E+01 -0.17539E+02
 -0.14133E+02  0.33642E+01 -0.10245E+02  0.95990E+01  0.37045E+02  0.74236E+02
  0.87112E+02  0.75577E+02  0.38593E+02  0.79153E+01  0.24008E+02  0.29446E+02
 -0.21243E+02 -0.48809E+02 -0.59595E+02 -0.76529E+02 -0.67238E+02 -0.93622E+02
 -0.11177E+03 -0.11508E+03 -0.75163E+02 -0.73570E+02 -0.93465E+02 -0.68615E+02
 -0.36836E+02 -0.82556E+01 -0.32440E+02 -0.23315E+02  0.12941E+02  0.24346E+02
  0.31089E+02  0.23402E+02  0.28276E+02  0.26134E+02  0.37059E+02  0.51952E+02
  0.59245E+02  0.56382E+02  0.66141E+02  0.68961E+02  0.52550E+02  0.93830E+02
  0.12918E+03  0.12302E+03  0.76961E+02  0.10002E+03  0.13725E+03  0.11099E+03
  0.92745E+02  0.11088E+03  0.13962E+03  0.14438E+03  0.12203E+03  0.79220E+02
  0.72091E+02  0.81230E+02  0.61072E+02  0.14519E+02 -0.41866E+02 -0.35913E+02
 -0.20233E+02 -0.24116E+02 -0.11580E+02 -0.31763E+02 -0.65178E+02 -0.82067E+02
 -0.97584E+02 -0.11556E+03 -0.11899E+03 -0.10115E+03 -0.10235E+03 -0.72309E+02
 -0.30203E+02 -0.48353E+02 -0.53261E+02 -0.41095E+02 -0.34896E+02 -0.43729E+02
 -0.37840E+02 -0.38882E+02 -0.31457E+02  0.65584E+01  0.40443E+02  0.36264E+02
  0.28475E+01 -0.22868E+02 -0.29551E+02 -0.40471E+02 -0.22591E+02  0.10749E+00
 -0.29684E+01 -0.11038E+02 -0.31260E+02 -0.41805E+02 -0.65745E+02 -0.69494E+02
 -0.43828E+02 -0.34297E+02 -0.21122E+02 -0.15264E+02  0.16716E+01  0.28006E+02
  0.11992E+01 -0.12643E+02 -0.18965E+01 -0.28688E+02 -0.54692E+02 -0.31180E+02
 -0.24300E+02 -0.34217E+02 -0.40175E+02 -0.21636E+02  0.36939E+01  0.14285E+00
 -0.29543E+01 -0.17981E+01  0.38176E+02  0.59439E+02  0.41922E+02  0.40374E+02
  0.11027E+02 -0.23265E+02  0.31975E+01  0.34725E+02  0.40676E+02  0.87980E+01
  0.36807E+01  0.47029E+02  0.54389E+02  0.32963E+02  0.33598E+02  0.64232E+02
  0.68766E+02  0.36115E+02 -0.57244E+01  0.53146E+01  0.42121E+02  0.24354E+02
  0.20071E+02  0.11631E+02  0.45715E+01  0.72330E+01 -0.11220E+02 -0.12870E+02
 -0.86514E+01 -0.68603E+01 -0.35373E+02 -0.47875E+02 -0.26689E+02 -0.17859E+02
 -0.12323E+02 -0.10529E+02  0.41228E+00  0.24972E+02  0.72622E+00 -0.16384E+02
  0.12504E+02  0.30551E+02  0.26446E+02  0.12535E+02  0.34197E+02  0.57954E+02
  0.45602E+02  0.33252E+02  0.44795E+02  0.44150E+02  0.13122E+02 -0.63219E+00
 -0.52100E+01 -0.25107E+00 -0.46422E+01 -0.30045E+01 -0.10664E+01 -0.12736E+02
 -0.20132E+02 -0.44244E+02 -0.31000E+02 -0.15687E+02 -0.26777E+02 -0.63285E+02
 -0.73269E+02 -0.66660E+02 -0.75349E+02 -0.80643E+02 -0.67317E+02 -0.32464E+02
 -0.22345E+02 -0.34788E+02 -0.44649E+02 -0.19936E+02  0.86261E+01  0.11323E+02
 -0.10824E+02 -0.33975E+02 -0.12809E+02  0.21078E+02  0.74335E+01  0.75357E+01
  0.18579E+02  0.27226E+02  0.59164E+02  0.84354E+02  0.67755E+02  0.66892E+02
  0.84991E+02  0.82036E+02  0.80123E+02  0.78252E+02  0.63018E+02  0.45862E+02
  0.41330E+02  0.30579E+02  0.25874E+02  0.11662E+02  0.16775E+02  0.47396E+02
  0.47047E+02  0.27001E+02 -0.24077E+01 -0.26160E+02 -0.38600E+02 -0.39154E+02
 -0.28942E+02 -0.24129E+02  0.48741E+01  0.92177E+01 -0.50256E+01 -0.97146E+01
 -0.33823E+02 -0.35071E+02 -0.29646E+02 -0.45084E+02 -0.53780E+02 -0.26247E+02
 -0.23371E+02 -0.41821E+02 -0.33809E+02 -0.22115E+02 -0.24906E+02 -0.31483E+02
 -0.24571E+02 -0.19726E+02 -0.30410E+02 -0.40881E+02 -0.24902E+02 -0.75909E+01
 -0.49642E+01 -0.29065E+02 -0.39157E+02 -0.33560E+02 -0.34195E+02 -0.26502E+02
 -0.28185E+02 -0.16227E+02 -0.19220E+02 -0.25460E+02 -0.86099E+01  0.12288E+02
  0.16328E+02  0.68669E+01 -0.10696E+02 -0.19529E+02 -0.96987E+01 -0.30601E+01
  0.56498E+00  0.53310E+01  0.20380E+02  0.37558E+02  0.47984E+02  0.47604E+02
  0.38507E+02  0.33056E+02  0.45694E+02  0.56457E+02  0.53152E+02  0.28293E+02
  0.16457E+02  0.22023E+02  0.93668E+01  0.19429E+02  0.38625E+02  0.50746E+02
  0.39247E+02  0.18904E+02  0.37858E+01  0.89025E+01  0.20147E+02  0.61250E+01
  0.23318E+01  0.19301E+02  0.14153E+02 -0.65959E+00 -0.70552E+01  0.32626E+01
  0.14486E+02 -0.76778E+01 -0.13277E+02 -0.20282E+02 -0.25307E+02 -0.25878E+02
 -0.26191E+02 -0.29500E+02 -0.33006E+02 -0.37747E+02 -0.40499E+02 -0.23358E+02
 -0.21549E+02 -0.21905E+02 -0.16887E+02 -0.27476E+02 -0.41658E+02 -0.33931E+02
 -0.20062E+02 -0.13324E+02 -0.71582E+01 -0.13152E+01 -0.57462E+01 -0.18114E+02
 -0.12283E+02  0.63099E+01  0.91362E+01  0.28482E+01  0.51141E+01  0.54862E+01
  0.86942E+01  0.19508E+02  0.18308E+02  0.12572E+01  0.38870E+01  0.14549E+01
 -0.60121E+01 -0.11823E+02 -0.21279E+02 -0.22917E+02 -0.19551E+02 -0.83507E+01
 -0.20492E+02 -0.16835E+02 -0.87710E+01 -0.22997E+02 -0.29626E+02 -0.16065E+02
 -0.10518E+02 -0.98006E+01  0.34309E+01  0.11207E+01 -0.95339E+01 -0.26164E+00
  0.82427E+01  0.97224E+01  0.15873E+02  0.15631E+02  0.37629E+02  0.54816E+02
  0.55773E+02  0.53140E+02  0.64195E+02  0.73337E+02  0.60141E+02  0.66485E+02
  0.47848E+02  0.40838E+02  0.47827E+02  0.53873E+02  0.51873E+02  0.52931E+02
  0.54212E+02  0.30543E+02  0.18971E+02  0.93161E+01  0.50912E+01 -0.22302E+01
 -0.16801E+01 -0.78269E+01 -0.96251E+01 -0.18052E+02 -0.39835E+02 -0.47768E+02
 -0.41668E+02 -0.32708E+02 -0.27969E+02 -0.32746E+02 -0.29632E+02 -0.23923E+02
 -0.26852E+02 -0.32014E+02 -0.22306E+02 -0.54376E+01 -0.12263E+01 -0.82355E+01
 -0.53116E+00  0.18259E+02  0.83012E+01 -0.28009E+01  0.92623E-01 -0.34469E+01
 -0.99105E+01  0.39457E+01  0.78763E+01  0.70097E+01  0.27485E+01  0.12975E+01
  0.69568E+01 -0.66788E+01 -0.24662E+02 -0.30463E+02 -0.24027E+02 -0.12093E+02
 -0.16947E+02 -0.33371E+02 -0.36006E+02 -0.31332E+02 -0.36973E+02 -0.52142E+02
 -0.37943E+02 -0.20179E+02 -0.16688E+02 -0.27826E+02 -0.38858E+02 -0.24545E+02
 -0.34683E+01 -0.17408E+02 -0.27276E+02 -0.19602E+02 -0.17450E+02 -0.21142E+02
 -0.17318E+02 -0.78598E+01  0.66274E+01  0.10426E+02  0.59331E+01  0.25186E+02
  0.31988E+02  0.21408E+02  0.19891E+01  0.15619E+02  0.27917E+02  0.23746E+02
  0.28765E+02  0.42098E+02  0.46887E+02  0.24673E+02  0.14777E+02  0.16681E+02
  0.25149E+02  0.19191E+02  0.38229E+01  0.17106E+01 -0.86012E+01 -0.85474E+01
 -0.84882E+01 -0.46373E+01  0.47504E+01 -0.29844E+01 -0.69383E+01  0.52305E+01
  0.60788E+01 -0.65651E+01 -0.13431E+02 -0.98737E+01 -0.12625E+02 -0.15728E+02
 -0.10711E+02 -0.81450E+01 -0.32512E+01  0.34832E+00 -0.98187E+00 -0.10431E+01
  0.42302E+01  0.87930E+01  0.18189E+02  0.23304E+02  0.24355E+02  0.17277E+02
  0.14625E+02  0.21821E+02  0.23728E+02  0.20116E+02  0.20053E+02  0.34563E+02
  0.25014E+02  0.28041E+02  0.38722E+02  0.30849E+02  0.33743E+02  0.29179E+02
  0.29513E+02  0.23456E+02  0.28422E+02  0.26000E+02  0.93094E+01  0.15874E+01
 -0.47796E+01  0.59055E+01  0.84266E+01  0.43480E+01 -0.59823E+00 -0.10303E+01
 -0.12650E+01 -0.11318E+02 -0.27731E+02 -0.39258E+02 -0.41996E+02 -0.45757E+02
 -0.45590E+02 -0.47793E+02 -0.51304E+02 -0.44184E+02 -0.44308E+02 -0.46368E+02
 -0.45976E+02 -0.39716E+02 -0.39079E+02 -0.38891E+02 -0.28943E+02 -0.21387E+02
 -0.20266E+02 -0.35983E+02 -0.22632E+02 -0.17059E+02 -0.17429E+02 -0.11717E+02
 -0.12627E+02 -0.14089E+02 -0.42929E+01  0.16589E+01 -0.17409E+01  0.91251E+01
  0.15715E+02  0.17230E+02  0.24213E+02  0.32414E+02  0.37436E+02  0.48121E+02
  0.53298E+02  0.52462E+02  0.53959E+02  0.52831E+02  0.45839E+02  0.49669E+02
  0.58418E+02  0.58806E+02  0.38686E+02  0.19506E+02  0.72090E+01  0.48536E+01
  0.22499E+02  0.11134E+02 -0.59184E+00  0.68324E+01  0.21101E+00 -0.86408E+01
 -0.18610E+02 -0.27904E+02 -0.28805E+02 -0.20620E+02 -0.17115E+02 -0.26590E+02
 -0.32682E+02 -0.27929E+02 -0.30246E+02 -0.23289E+02 -0.19586E+02 -0.28529E+02
 -0.17804E+02 -0.10759E+02 -0.14430E+02 -0.24247E+01 -0.26730E+00 -0.17323E+02
 -0.20524E+02 -0.71022E+01  0.60302E+01  0.53132E+01  0.10470E+02  0.16727E+02
  0.27400E+01  0.67753E+01  0.96656E+01  0.21963E+01  0.72435E+00  0.39386E+01
  0.76900E+01 -0.22408E+01  0.50336E+01  0.13324E+02  0.79453E+01  0.11249E+02
  0.11773E+02  0.38884E+00 -0.65018E+01 -0.40715E+00 -0.66524E+00 -0.25152E+01
 -0.38397E+01 -0.20231E+01  0.19286E+01 -0.50134E+00 -0.20673E+01 -0.20295E+01
  0.47016E+00 -0.65277E+01 -0.16640E+02 -0.55141E+01 -0.10296E+00 -0.63439E+01
 -0.10376E+02 -0.47263E+00  0.94093E+01  0.34271E+01  0.10394E+01  0.15485E+00
 -0.11516E+02 -0.14643E+02 -0.14496E+01 -0.34394E+01 -0.11603E+02 -0.10099E+02
 -0.18731E+01 -0.62671E+01 -0.14715E+02 -0.14442E+02 -0.23261E+01 -0.10319E+02
 -0.41995E+01  0.39238E+00  0.62784E+01  0.68565E+01  0.18456E+01  0.34637E+01
 -0.75262E+01 -0.81642E+01 -0.10289E+02 -0.10526E+02 -0.10493E+02 -0.28882E+01
  0.79740E+01  0.21164E+01 -0.17248E+02 -0.10497E+02  0.85755E+01  0.14222E+02
  0.40574E+00 -0.57150E+01 -0.12303E+00  0.10738E+02 -0.45077E+00 -0.37088E+01
  0.58322E+01  0.18464E+02  0.16321E+02 -0.64977E+01 -0.48997E+01  0.17746E+01
  0.19978E+02  0.17418E+02  0.94049E+01  0.17048E+02  0.14151E+02  0.11263E+02
 -0.19147E+01  0.33368E+01  0.14378E+02 -0.17748E+01 -0.24151E+01  0.14311E+02
  0.28141E+02  0.58736E+01  0.64185E+01  0.28007E+02  0.26822E+02  0.17745E+02
  0.15194E+02  0.17868E+02  0.35864E+01 -0.41735E-01  0.38785E+01 -0.51159E+01
 -0.95042E+01 -0.41296E+00 -0.43961E+01 -0.12692E+02 -0.14788E+02 -0.12978E+02
 -0.95595E+01 -0.66649E+01 -0.15191E+02 -0.24090E+02 -0.13469E+02 -0.59618E+01
 -0.80728E+01 -0.18946E+02 -0.15570E+02 -0.61307E+01 -0.11222E+01  0.88084E+01
  0.83170E+01  0.53139E+01 -0.58400E+01 -0.79068E+01  0.49570E+00 -0.63208E+01
  0.74478E+01  0.83262E+01 -0.13088E+02 -0.10080E+02 -0.10799E+02 -0.60267E+01
  0.10254E+02  0.21144E+02  0.25316E+00 -0.12678E+02  0.41555E+01  0.61633E+01
 -0.54724E+01 -0.15395E+02  0.50608E+01  0.21936E+02  0.13188E+02  0.65081E+01
 -0.35822E+01  0.99824E+01  0.17259E+02  0.63258E+01  0.21446E+01  0.21927E+01
  0.82738E+01  0.75659E+00 -0.14935E+02 -0.19013E+02 -0.16436E+02 -0.13879E+02
 -0.99897E+01 -0.50565E+01 -0.78633E+01 -0.11558E+02 -0.13682E+02 -0.20247E+02
 -0.19479E+02 -0.92203E+01 -0.12117E+02 -0.15327E+02 -0.11544E+02 -0.19343E+02
 -0.14526E+02 -0.52057E+01 -0.94409E+01 -0.11430E+02 -0.14126E+02 -0.16260E+02
 -0.10242E+02 -0.10516E+02 -0.65133E+01 -0.16456E+01 -0.51062E+01 -0.12917E+01
  0.57537E+01  0.15067E+02  0.17016E+02  0.10538E+02  0.25017E+02  0.32336E+02
  0.25788E+02  0.15472E+02  0.13282E+02  0.20359E+02  0.20841E+02  0.18900E+02
  0.23381E+02  0.23329E+02  0.21960E+02  0.12908E+02  0.15847E+02  0.24130E+02
  0.19754E+02  0.74831E+01  0.62087E+01  0.21157E+02  0.20962E+02  0.16969E+02
  0.15899E+02  0.16045E+02  0.70854E+01 -0.29661E+01 -0.37654E+01  0.22255E+01
  0.44354E+01  0.72738E+01 -0.24647E+01 -0.35539E+01 -0.26502E+01  0.49745E+00
  0.62102E+01 -0.38431E+01 -0.22193E+01  0.35253E+01  0.96196E+01  0.12813E+01
  0.73821E+00  0.10152E+02  0.84166E+01 -0.12127E+01 -0.87495E+01 -0.99591E+01
 -0.99931E+01 -0.69424E+01 -0.14650E+02 -0.87344E+01 -0.11532E+02 -0.21901E+02
 -0.17461E+02 -0.17744E+02 -0.25618E+02 -0.25522E+02 -0.16471E+02 -0.17589E+02
 -0.15875E+02 -0.18304E+02 -0.16241E+02 -0.84388E+01 -0.10717E+02 -0.18175E+02
 -0.16403E+02 -0.16273E+02 -0.21895E+02 -0.19945E+02 -0.18581E+02 -0.18245E+02
 -0.21683E+02 -0.71259E+01  0.20442E+01 -0.15599E+02 -0.13687E+02 -0.53784E+01
 -0.43961E+01 -0.20360E+02 -0.77177E+01  0.30938E+02  0.14583E+02 -0.10446E+02
  0.49564E+01  0.31760E+02  0.29758E+02  0.21582E+01  0.12107E+02  0.23331E+02
  0.23328E+02  0.18207E+02  0.57488E+01  0.23883E+02  0.25937E+02  0.16177E+02
  0.11860E+02  0.26326E+02  0.24167E+02  0.14185E+02  0.94415E+01  0.72669E+01
  0.88529E+01  0.60749E+01  0.91265E+01  0.68877E+01  0.62846E+01  0.18024E+02
  0.44466E+01 -0.75390E+01  0.65217E+00 -0.31745E+01  0.10826E+00  0.65638E+01
  0.64545E+01  0.15474E+01  0.75006E+01  0.49623E+01  0.68802E+00 -0.17821E+01
  0.15163E+01  0.11132E+02  0.69415E+01  0.24590E+01  0.93269E+00 -0.22966E+01
 -0.46773E+01 -0.11316E+02 -0.45479E+01  0.65004E+00 -0.19291E+01 -0.50649E+01
 -0.39505E+01  0.14501E+01  0.20746E+01  0.56390E+01  0.38479E+01 -0.31530E+00
 -0.42435E+01 -0.17840E+01  0.29525E+01 -0.21280E+01 -0.42706E+01  0.93328E-01
 -0.55678E+01 -0.65712E+01  0.40393E+01  0.18074E+01  0.50187E+01  0.88833E+01
  0.38340E+01 -0.11920E+01 -0.86680E+01 -0.38501E+01  0.16340E+01 -0.22244E+01
 -0.11775E+02 -0.61146E+01 -0.35911E+01 -0.40123E+01 -0.44783E+01 -0.14412E+02
 -0.18045E+02 -0.20333E+02 -0.14914E+02 -0.20343E+02 -0.22949E+02 -0.19280E+02
 -0.11697E+02 -0.14530E+02 -0.17140E+02 -0.74452E+01 -0.83958E+01 -0.19401E+02
 -0.24212E+02 -0.21595E+02 -0.15406E+02 -0.97212E+01 -0.14208E+02 -0.12100E+02
 -0.33699E+01 -0.13264E+02 -0.12240E+02 -0.45666E+01 -0.11154E+02 -0.11149E+02
 -0.16863E+02 -0.11888E+02  0.47902E+01 -0.44675E+01 -0.56716E+01  0.31155E+00
 -0.15854E+01  0.10073E+01 -0.17811E+01 -0.68094E+00  0.11200E+02  0.17130E+02
  0.10570E+02  0.14820E+02  0.26234E+02  0.22434E+02  0.17063E+02  0.11091E+02
  0.17547E+02  0.20326E+02  0.11701E+02  0.22919E+02  0.26893E+02  0.27415E+02
  0.27643E+02  0.28571E+02  0.30800E+02  0.20026E+02  0.16057E+02  0.18829E+02
  0.22676E+02  0.22383E+02  0.15831E+02  0.16805E+02  0.19790E+02  0.13521E+02
  0.39588E+01  0.59963E+01  0.32715E+01 -0.10555E+02 -0.16769E+02 -0.10921E+02
 -0.73439E+01 -0.42398E+01 -0.56686E+01 -0.27477E+01  0.87984E+00 -0.31324E-01
 -0.36452E+00  0.13846E+01  0.23964E+01  0.29627E+00  0.28143E+01 -0.41656E+01
  0.12515E+00 -0.77086E-01 -0.14193E+02 -0.15211E+02 -0.90107E+01 -0.63626E+01
 -0.11345E+02 -0.96896E+01 -0.12627E+02 -0.11234E+02 -0.12104E+02 -0.11633E+02
 -0.34549E+01 -0.94388E+01 -0.82205E+01 -0.11602E+02 -0.14709E+02 -0.10712E+02
 -0.11974E+02 -0.16058E+02 -0.16742E+02 -0.16034E+02 -0.18492E+02 -0.13734E+02
 -0.13375E+02 -0.13037E+02 -0.14683E+02 -0.77663E+01 -0.71795E+01 -0.16063E+02
 -0.88239E+01 -0.17725E+02 -0.16667E+02 -0.63821E+01 -0.54568E+01 -0.31982E+00
 -0.51748E+01 -0.16843E+01  0.44044E+01  0.12099E+01  0.10607E+01  0.69827E+01
  0.96280E+01  0.66673E+01  0.11444E+02  0.11684E+02  0.10884E+02  0.15874E+02
  0.15467E+02  0.98733E+01  0.52326E+01  0.10336E+02  0.12926E+02  0.13621E+02
  0.15636E+02  0.13543E+02  0.13108E+02  0.76684E+01  0.25180E+01 -0.27108E+01
 -0.11089E+02 -0.43169E+01  0.73145E+01  0.68171E+01  0.62204E+01  0.56704E+01
  0.59048E+01  0.61875E+01 -0.26809E+01 -0.46942E+01 -0.15018E+01 -0.32874E+01
 -0.20220E+01 -0.21568E+00  0.36437E+01 -0.68237E+00  0.21461E+01 -0.83806E+01
 -0.11994E+02 -0.98581E+01 -0.95264E+01 -0.29513E+01 -0.88279E+01 -0.78073E+01
 -0.95096E+01 -0.67282E+00 -0.22111E+01 -0.93786E+01 -0.97964E+01 -0.79893E+01
  0.13453E+01 -0.55529E+00 -0.62493E+01  0.43353E+01  0.94858E+01  0.16393E+01
 -0.13531E+01  0.66208E+00 -0.99928E+00  0.12658E+00  0.70561E+01  0.10576E+02
  0.10401E+02  0.15901E+02  0.23112E+02  0.20737E+02  0.14175E+02  0.15511E+02
  0.19368E+02  0.24425E+02  0.22250E+02  0.21398E+02  0.22020E+02  0.18631E+02
  0.18530E+02  0.15045E+02  0.14033E+02  0.12880E+02  0.79974E+01  0.22335E+01
  0.25461E+01  0.56396E+01  0.22970E+01 -0.51847E+01 -0.94367E+01 -0.89875E+01
 -0.74352E+01 -0.15036E+02 -0.15771E+02 -0.15390E+02 -0.14135E+02 -0.13700E+02
 -0.15729E+02 -0.19556E+02 -0.20855E+02 -0.15254E+02 -0.20590E+02 -0.22245E+02
 -0.20889E+02 -0.16900E+02 -0.83760E+01 -0.10981E+02 -0.14103E+02 -0.14939E+02
 -0.13242E+02 -0.12371E+02 -0.20176E+02 -0.19266E+02 -0.83416E+01 -0.11199E+01
 -0.43515E+00 -0.46373E+01 -0.91745E+01 -0.66646E+01  0.49144E+00  0.95990E+00
 -0.40719E+01 -0.13509E+01  0.62295E+01  0.11509E+02  0.70458E+01  0.86046E+01
  0.11214E+02  0.65661E+01  0.66576E+01  0.64237E+01  0.43001E+01  0.53198E+01
  0.14620E+02  0.10778E+02  0.85903E+01  0.77203E+01  0.56980E+01  0.79457E+01
  0.95959E+01  0.12871E+02  0.51760E+01  0.78053E+01  0.16413E+02  0.12075E+02
  0.13654E+02  0.12758E+02  0.14632E+02  0.14074E+02  0.88560E+01  0.11104E+02
  0.91362E+01  0.10983E+02  0.11351E+02  0.99542E+01  0.13123E+02  0.56119E+01
 -0.48082E+01  0.18618E+01  0.18775E+01 -0.29781E+01 -0.38112E+01  0.41338E+01
  0.53230E+01  0.19077E+01 -0.53164E+01  0.51603E+01 -0.26567E+00 -0.16059E+02
 -0.76102E+01 -0.56266E+01 -0.65272E+01 -0.15246E+02 -0.57815E+01 -0.32976E+01
 -0.65359E+01 -0.31393E+01 -0.31214E+01 -0.49915E+01 -0.61706E+01 -0.17094E+01
 -0.64987E+01 -0.13032E+02 -0.10614E+02 -0.11692E+02 -0.98462E+01 -0.90752E+01
 -0.12340E+02 -0.43273E+01  0.18067E+00 -0.32697E+01 -0.37402E+01  0.20350E+01
  0.18877E+01  0.47729E+00 -0.34441E+01 -0.10321E+01  0.31996E+01  0.18347E+00
 -0.17000E+01 -0.29858E+01  0.79245E+00  0.30192E-01  0.12685E+01  0.32621E+01
  0.55086E+01  0.67995E+01 -0.24874E+01 -0.16788E+01  0.37594E+01  0.93339E-01
 -0.40418E+00 -0.40510E+01 -0.19153E+01 -0.63003E+00  0.36318E+00 -0.21973E+01
 -0.86582E+01 -0.49207E+01  0.35693E+01  0.35895E+01 -0.80638E+00 -0.21623E+01
 -0.44057E+01 -0.25930E+01 -0.71874E+01 -0.31793E+01 -0.11604E+01 -0.16852E+01
  0.47866E+01  0.64338E+01  0.50255E+01  0.73655E+01  0.77712E+01  0.34689E+00
  0.69268E-01  0.65966E+00 -0.15330E+01 -0.26222E+01 -0.79600E+00 -0.29401E+01
 -0.38484E+01  0.18646E+01  0.34922E+01  0.40030E+01  0.21839E+01 -0.62970E+00
 -0.10155E+00  0.41360E+01  0.12699E+01 -0.60363E+00  0.47783E+01  0.78142E+00
 -0.23943E+01  0.14931E+01  0.59993E+01  0.11564E+02  0.89963E+01  0.11225E+02
  0.10356E+02  0.72580E+01  0.11061E+02  0.75415E+01  0.75596E+01  0.89461E+01
  0.76814E+01  0.27500E-01 -0.12174E+01  0.36370E+01  0.21915E+01  0.30823E+00
  0.78567E+00  0.53541E+01  0.77153E+01  0.27082E+01  0.29969E+01  0.56249E+01
  0.13748E+01 -0.50765E+01 -0.27132E+01  0.14796E+01 -0.53026E+01 -0.92531E+01
 -0.13540E+02 -0.93844E+01 -0.61706E+01 -0.90269E+01 -0.11450E+02 -0.12063E+02
 -0.62309E+01 -0.10590E+02 -0.12779E+02 -0.99743E+01 -0.94307E+01 -0.79629E+01
 -0.12162E+02 -0.11203E+02 -0.12337E+02 -0.96098E+01 -0.57247E+01 -0.10329E+02
 -0.75903E+01 -0.84813E+01 -0.12189E+02 -0.14679E+02 -0.15496E+02 -0.12948E+02
 -0.13390E+02 -0.10513E+02 -0.86171E+01 -0.78464E+01 -0.66782E+01 -0.58804E+01
 -0.49202E+01 -0.40462E+01 -0.26194E+01  0.11976E+01  0.10740E+02  0.94462E+01
  0.95978E+01  0.13026E+02  0.98362E+01  0.90189E+01  0.89744E+01  0.14652E+02
  0.23538E+02  0.21893E+02  0.21049E+02  0.21927E+02  0.17303E+02  0.15532E+02
  0.12978E+02  0.11371E+02  0.10491E+02  0.92322E+01  0.11743E+02  0.10233E+02
  0.10048E+02  0.99916E+01  0.47990E+01  0.28566E+01  0.27829E+01  0.80008E+01
  0.43418E+01  0.40050E+00 -0.13531E+01 -0.52692E+01 -0.16216E+01 -0.37761E+01
 -0.31924E+01 -0.84121E+01 -0.10796E+02 -0.13922E+02 -0.14788E+02 -0.14679E+02
 -0.15925E+02 -0.12323E+02 -0.11174E+02 -0.64276E+01 -0.73893E+01 -0.86488E+01
 -0.64166E+01 -0.59744E+01 -0.90651E+01 -0.88047E+01 -0.80108E+01 -0.45799E+01
 -0.13862E+01 -0.74528E+01 -0.51721E+01  0.32685E+01  0.61605E+01  0.38910E+01
  0.18238E+01  0.86512E+01  0.61713E+01  0.47076E+01  0.29986E+01  0.16768E+01
  0.60148E+01  0.61216E+01  0.76704E+01  0.33515E+01  0.39391E+01  0.54217E+01
  0.13812E+01  0.10150E+01  0.22602E+01  0.17734E+01  0.80633E+01  0.87579E+01
  0.29733E+01  0.66457E+01  0.67117E+01  0.76764E+01  0.87215E+01  0.36336E+01
  0.76293E+01  0.11336E+02  0.67950E+01  0.44323E+01  0.29409E+01  0.37428E+01
  0.66016E+01  0.53927E+01  0.20231E+01 -0.44689E+00 -0.94582E+01 -0.55527E+01
 -0.56094E+01 -0.66880E+01 -0.36386E+01 -0.61496E+01 -0.25553E+01 -0.99766E+01
 -0.14150E+02 -0.13842E+02 -0.15378E+02 -0.76269E+01 -0.54748E+01 -0.66915E+01
 -0.18788E+01 -0.25604E+01 -0.70586E+01 -0.11273E+02 -0.11862E+02 -0.92842E+01
 -0.49229E+01 -0.73541E+01 -0.65837E+01 -0.30302E+01 -0.93070E+00 -0.21726E+01
 -0.33252E+01 -0.49958E+00  0.28821E+00 -0.23978E+01 -0.15749E+01  0.20253E+01
 -0.95472E+00  0.29724E+01  0.39725E+01  0.76699E+01  0.76406E+01  0.73813E+01
  0.13231E+02  0.80928E+01  0.63819E+01  0.65958E+01  0.66655E+01  0.81559E+01
  0.12490E+02  0.74861E+01  0.68491E+01  0.10307E+02  0.75802E+01  0.43357E+01
  0.21613E+01  0.24375E+01  0.67781E+00  0.22812E+01  0.33806E+01  0.66927E+01
  0.92652E-02 -0.28170E+01 -0.27745E+01  0.12793E+01 -0.41081E+01 -0.13658E+02
 -0.35344E+01 -0.16429E+01 -0.49460E+01 -0.56544E+01 -0.39732E+01 -0.15679E+01
 -0.90549E+01 -0.53516E+01 -0.15041E+01 -0.71797E+01 -0.83201E+01 -0.64327E+01
 -0.50158E+01 -0.10238E+02 -0.96035E+01 -0.25835E+01 -0.25097E+01 -0.99503E+01
 -0.53130E+01 -0.19623E+00 -0.23876E+01 -0.10233E+01 -0.20570E+01  0.29351E+01
  0.67146E+01  0.26411E+01  0.59340E+01  0.12960E+01 -0.25986E+01  0.89102E+00
  0.34095E+01  0.47932E+01  0.13269E+01  0.13075E+01 -0.26376E+01 -0.13687E+01
 -0.12751E+01 -0.29042E+01 -0.67776E+00 -0.21452E+01 -0.59150E+01 -0.51696E+01
 -0.88593E+00 -0.79252E+00 -0.72620E+00 -0.16546E+01 -0.35211E-01  0.12903E+01
  0.71227E+00 -0.34622E+01 -0.29230E+01  0.27502E+01  0.40370E+01  0.20616E+01
  0.22331E+01  0.62367E+01  0.70945E+01  0.10376E+02  0.79961E+01  0.45223E+01
  0.84868E+01  0.12446E+02  0.12532E+02  0.97233E+01  0.84507E+01  0.89276E+01
  0.68608E+01  0.63667E+01  0.85524E+01  0.10450E+02  0.11091E+02  0.13444E+02
  0.11142E+02  0.13943E+02  0.11232E+02  0.89081E+01  0.86556E+01  0.53705E+01
  0.54563E+01  0.15037E+01  0.80999E+01  0.60974E+01  0.43754E+01  0.36263E+01
  0.35895E+01  0.31169E+01  0.27299E+01 -0.20839E+00 -0.43752E+01 -0.65838E+01
 -0.51044E+01 -0.46429E+01 -0.55826E+01 -0.48527E+01 -0.82252E+01 -0.62919E+01
 -0.60834E+01 -0.86035E+01 -0.93914E+01 -0.66606E+01 -0.53075E+01 -0.63348E+01
 -0.68716E+01 -0.57678E+01 -0.66199E+01 -0.72287E+01 -0.91027E+01 -0.10181E+02
 -0.86582E+01 -0.80854E+01 -0.63125E+01 -0.44240E+01 -0.35107E+01 -0.52873E+01
 -0.71029E+01 -0.10678E+02 -0.70203E+01 -0.57786E+01 -0.39916E+01 -0.30569E+01
 -0.35468E+01 -0.53946E+00 -0.71001E+01 -0.49956E+01 -0.29421E+01 -0.24785E+01
 -0.24782E+01 -0.13236E+01  0.26277E+01  0.50530E+01  0.37766E+01 -0.21863E+01
  0.22612E+01  0.16271E+01 -0.56982E+00 -0.64339E+00  0.29184E+01  0.50535E+01
  0.92059E+00 -0.10800E+01 -0.58128E+01 -0.69533E+01 -0.65303E+01 -0.52532E+01
 -0.50158E+01 -0.69856E-01 -0.45882E+01 -0.96523E+01 -0.69334E+01 -0.54596E+01
 -0.84992E+01 -0.85187E+01 -0.61666E+01 -0.33406E+01 -0.14800E+01 -0.46071E+01
 -0.26099E+01 -0.10330E+01 -0.51511E+01 -0.47987E+01  0.11552E+01  0.30978E+01
 -0.72229E+00  0.56248E+00  0.45799E+01  0.74118E+01  0.61859E+01  0.48492E+01
  0.78058E+01  0.67745E+01  0.16210E+01  0.33885E+01  0.26978E+01  0.11313E+01
  0.56817E+01  0.48763E+01  0.69629E+01  0.98687E+01  0.95249E+01  0.72612E+01
  0.12370E+02  0.80088E+01  0.51522E+01  0.70281E+01  0.81476E+01  0.90180E+01
  0.75794E+01  0.73755E+01  0.59101E+01  0.53768E+01  0.54899E+01  0.70431E+01
  0.65955E+01  0.89389E+01  0.89527E+01  0.73354E+01  0.73044E+01  0.40346E+01
  0.45951E+00  0.16761E+00  0.37396E+00  0.22696E+01  0.13919E+01  0.89171E+00
  0.45137E+01  0.27115E+01  0.79932E-02 -0.44341E+00 -0.61971E-01 -0.25162E+01
 -0.62278E+01 -0.45657E+01 -0.39039E+01 -0.17925E+01 -0.27539E+01 -0.57455E+01
 -0.58370E+01 -0.84977E+01 -0.70319E+01 -0.62110E+01 -0.83714E+01 -0.60031E+01
 -0.38778E+01  0.66256E+00  0.31996E+00 -0.22495E+01  0.50436E+00  0.21682E+01
 -0.70081E+00 -0.11520E+00  0.16849E+01 -0.34516E+01 -0.83408E+00  0.14934E+01
 -0.33180E+01 -0.32883E+00  0.15860E+01 -0.21764E+01 -0.38759E+01 -0.41856E+01
 -0.54958E+01 -0.65236E+01 -0.61678E+01 -0.36808E+01 -0.27841E+01 -0.10873E+01
 -0.23353E+01 -0.14792E+01  0.32246E+00 -0.30041E+01 -0.19710E+01 -0.19643E+00
  0.34249E+01  0.14763E+01  0.13437E+01  0.25867E+01  0.11616E+01 -0.47765E+00
 -0.15951E+01  0.73589E+00  0.17337E+01  0.20913E+01 -0.12219E+01 -0.11876E-01
  0.49363E+00  0.12172E+01  0.23648E+01  0.41586E+01  0.52342E+01  0.48088E+00
 -0.50102E+01 -0.61026E+01 -0.21587E+00 -0.22970E+01 -0.38179E+01  0.18159E+01
  0.58906E+01 -0.33137E+01 -0.17594E+01  0.16284E+00  0.32760E+01 -0.26276E+01
 -0.57017E+01  0.24720E+01  0.29168E+01  0.23069E+01 -0.11484E+01  0.32688E+01
  0.17557E+01  0.93564E+00  0.15440E+01  0.30340E+01  0.32803E+01  0.42974E+01
  0.38899E+01  0.19428E+01  0.37342E+01  0.25501E+01  0.33025E+01  0.36345E+01
  0.34720E+01  0.46025E+00  0.28884E+01  0.44290E+01 -0.18604E+01 -0.33598E+01
 -0.19301E+01  0.13950E+01 -0.74105E+00 -0.43073E+01  0.10730E+01  0.51377E+01
 -0.34168E+01 -0.32116E+01 -0.17049E+00 -0.29158E+01 -0.17936E+01 -0.26626E+01
 -0.29517E+01 -0.13703E+01 -0.19999E+01 -0.10763E+01  0.69947E+00 -0.15181E+01
 -0.32941E+01 -0.47391E+01 -0.36814E+01 -0.43012E+01 -0.68111E+01 -0.47566E+01
 -0.12856E+01  0.45922E+00 -0.14394E+01 -0.17264E+01 -0.22023E+01 -0.25224E+01
 -0.14705E+01 -0.90715E+00 -0.48686E+01 -0.59830E+01 -0.56939E+01 -0.24757E+01
 -0.44015E+01 -0.33125E+01  0.12155E+00 -0.23121E+01 -0.11551E+01 -0.12826E+01
 -0.86406E-01  0.13792E-01 -0.46202E+00 -0.62649E+00 -0.33163E+00 -0.15469E+01
 -0.26332E+00  0.25443E+01  0.16073E+01 -0.30754E-01 -0.59594E+00  0.14235E+01
  0.36585E+01  0.63980E+01  0.49711E+01  0.29827E+01  0.50041E+01  0.69184E+01
  0.58570E+01  0.72585E+00  0.37009E+01  0.93288E+01  0.46860E+01  0.24706E+01
  0.32890E+01  0.33663E+01  0.13900E+01 -0.18200E+01 -0.44286E+00  0.12419E+01
  0.13852E+01  0.45238E+00  0.37603E+01  0.45945E+01  0.32181E+01  0.13665E+01
  0.91245E+00  0.31929E+01  0.50878E+01  0.23685E+01  0.17569E+01  0.22857E+01
  0.96955E+00 -0.21080E+01 -0.33403E+01 -0.55763E+00 -0.21288E+01 -0.41358E+01
 -0.44242E+01 -0.18868E+01 -0.32669E+01 -0.80279E+01 -0.65178E+01 -0.40075E+01
 -0.41576E+01 -0.47535E+01 -0.54406E+01 -0.63128E+01 -0.63364E+01 -0.11245E+01
 -0.13310E+01 -0.50893E+01 -0.73101E+01 -0.54008E+01 -0.53855E+01 -0.72927E+01
 -0.87429E+01 -0.93363E+01 -0.50214E+01 -0.86960E+01 -0.64285E+01 -0.63855E+01
 -0.54941E+01 -0.53344E+01 -0.45985E+01 -0.36330E+01 -0.69491E+01 -0.28365E+01
  0.12723E+01  0.26836E+01 -0.43593E+00 -0.22436E+01  0.16843E+01  0.34576E+01
 -0.20206E+01 -0.29155E+01  0.86858E+00  0.39830E+01  0.27087E+01  0.13353E+01
  0.11587E+01  0.21365E+01  0.14676E+01  0.10245E+01 -0.71079E+00 -0.26842E+00
  0.30799E+01  0.26896E+01  0.34941E+01  0.15273E+01  0.14737E+01  0.44036E+01
  0.70728E+01  0.18617E+01  0.41572E+01  0.91835E+01  0.27153E+01  0.12372E+01
  0.19506E+01 -0.95735E-01  0.97978E+00  0.12320E+01  0.23671E+00  0.49575E+01
  0.34524E+01  0.22003E+01  0.10528E+02  0.20143E+01  0.20370E+01  0.22039E+01
  0.36571E+01  0.74479E+01  0.26286E+01  0.42804E+01  0.21198E+01  0.55778E+01
  0.64806E+01  0.64471E+01  0.29826E+01  0.66626E+01  0.84198E+01  0.50973E+01
  0.12073E+02  0.38027E+01  0.67764E+01  0.99001E+01  0.65115E+01  0.79691E+01
  0.65756E+01  0.60697E+01  0.58828E+01  0.61962E+01  0.41002E+01  0.81621E+01
  0.26348E+01  0.11656E+01  0.46339E+01  0.38517E+01  0.32719E+01  0.34025E+01
  0.16569E+01  0.60047E+00  0.12183E+00 -0.45020E+01 -0.14967E+01 -0.32401E+01
 -0.44505E+01 -0.38544E+01 -0.18610E+01 -0.18549E+01 -0.41821E+01 -0.35628E+01
 -0.35291E+01 -0.42040E+01 -0.46279E+01 -0.29691E+01 -0.25326E+01 -0.18256E+01
 -0.19846E+01 -0.23440E+01 -0.27755E+01 -0.49548E+01 -0.66824E+01 -0.49652E+01
 -0.43729E+01 -0.30235E+01 -0.10187E+02 -0.23156E+01 -0.35819E+01 -0.93110E+01
 -0.66808E+01 -0.77313E+01 -0.44044E+01 -0.87612E+01 -0.72328E+01 -0.78082E+01
 -0.37805E+01 -0.22987E+01 -0.30842E+01 -0.32294E+01 -0.18586E+01 -0.36055E+01
 -0.38985E+01 -0.14729E+01 -0.17796E+01 -0.30594E+01  0.18322E+01  0.21386E+01
 -0.23779E+01  0.24636E+00  0.60509E+01  0.24978E+01 -0.69528E+00  0.13023E+01
  0.45026E+01  0.56011E+01  0.25286E+01  0.14161E+01  0.60325E+00  0.19196E+01
  0.15485E+01  0.17594E+01  0.28908E+01  0.45634E+01  0.16737E+01  0.12306E+01
  0.38236E+01  0.13350E+01  0.41497E+01  0.34351E+00  0.21579E+01  0.41164E+01
 -0.45490E+00  0.40629E+01  0.46900E+01  0.32074E+01  0.42334E+01  0.42728E+01
  0.28660E+01  0.64356E+01  0.16813E+01 -0.22965E+01  0.28748E+01  0.15429E+00
 -0.55091E+01  0.30409E+01  0.44775E+01  0.72323E+00  0.13616E+01  0.24263E+01
  0.24906E+01  0.59672E+00  0.89870E+01  0.74572E+01  0.57754E+01  0.55885E+01
  0.59607E+00  0.54615E+01  0.55468E+01 -0.50049E+00 -0.94145E-01  0.27216E+01
 -0.40451E+00 -0.27055E+01  0.17430E+01  0.99313E+00 -0.21059E+01  0.10755E+01
 -0.29540E+01 -0.26122E+01 -0.94612E-01  0.43579E+00 -0.64880E+01 -0.64072E+01
 -0.43802E+01 -0.30403E+00  0.23456E+01 -0.35488E+01 -0.30461E+01 -0.35670E+01
 -0.95848E+00  0.34715E+01 -0.48966E+01 -0.12524E+02  0.20966E+01  0.47805E+01
 -0.10010E+02 -0.63963E+01  0.48433E+01 -0.39999E+00 -0.51257E+01 -0.20041E+02
 -0.15164E+02  0.41007E+01 -0.25151E+01 -0.21394E+02 -0.74478E+01  0.80650E+01
 -0.33989E+01  0.38247E+01  0.11313E+02  0.58568E+01 -0.19809E+02 -0.17617E+02
  0.11437E+02  0.12633E+02 -0.15876E+02 -0.20066E+02  0.12970E+02 -0.25554E+01
  0.26551E+01 -0.16617E+01 -0.14553E+02  0.47436E+01 -0.14961E+01 -0.78043E+01
  0.51167E+01  0.48925E+01 -0.32433E+01  0.62173E+01  0.12962E+01 -0.72797E+01
 -0.84833E+01  0.21170E+01  0.58293E+01  0.68948E+01 -0.81954E+01 -0.58011E+01
  0.10966E+02  0.12140E+01 -0.56695E+01 -0.93618E+00 -0.55992E+01 -0.57082E+01
  0.69325E+01 -0.13373E+01 -0.29161E+01 -0.16845E+01  0.90718E+01  0.12160E+01
 -0.68481E+01 -0.15824E+01 -0.46719E+01 -0.29159E+01 -0.31545E+01 -0.49659E+01
 -0.16314E+01  0.25669E+01 -0.41065E+01 -0.36217E+01 -0.13253E+01 -0.16446E+01
 -0.22384E+01  0.49681E+01  0.63668E+01  0.15241E+01  0.24517E+01  0.13273E+00
  0.12029E+02  0.74659E+01 -0.37281E+01  0.65349E+01  0.17055E+02  0.10076E+02
 -0.62646E+01 -0.15918E+01  0.11372E+02  0.11070E+02 -0.44846E+01 -0.71912E+00
  0.20136E+02  0.75332E+01  0.18314E+00  0.12675E+02  0.10182E+02  0.11232E+02
  0.55592E+01  0.12375E+00  0.79140E+00 -0.57473E+00  0.31229E+01  0.32187E+00
 -0.36182E+00 -0.24761E+01  0.76672E+01  0.28861E+01 -0.28525E+01 -0.74591E+00
 -0.30731E+01  0.30986E+00 -0.60253E+00 -0.31035E+01 -0.44990E+01  0.44321E+01
 -0.79776E+00 -0.82641E+01 -0.95008E+01 -0.33807E+01 -0.19902E+01 -0.82213E+01
 -0.36391E+01 -0.88607E+01 -0.83797E+01 -0.56333E+01 -0.31345E+01  0.54369E+00
 -0.65376E+01 -0.17831E+01  0.30369E+01  0.17890E+00 -0.51705E+01 -0.59869E+01
 -0.22519E+01  0.23707E+01  0.59190E+01  0.91781E-01 -0.30752E+00  0.64572E+01
  0.86755E-01 -0.10001E+01  0.12898E+01  0.44630E+01  0.44263E+01  0.19961E+01
