 -0.83766E-01  0.32709E+00  0.19704E+01 -0.27764E+00 -0.21888E+02 -0.22616E+02
  0.37014E+02  0.27840E+02 -0.37178E+02 -0.10584E+03  0.10895E+03  0.11614E+03
 -0.73829E+01 -0.15580E+03 -0.21278E+02  0.13199E+03 -0.30251E+02 -0.12842E+03
  0.13951E+01  0.15879E+03  0.66274E+02  0.11633E+02 -0.37560E+02  0.11769E+03
 -0.72005E+01  0.11431E+02 -0.90500E+02  0.81737E+00 -0.75684E+02 -0.31768E+02
  0.29056E+02 -0.48298E+02  0.29892E+02  0.45393E+02  0.58257E+02 -0.46232E+02
  0.68219E+02 -0.67254E+02 -0.95597E+00 -0.53274E+02  0.69146E+02  0.33677E+02
  0.11935E+02 -0.19877E+02  0.63060E+01  0.57754E+02 -0.42447E+02 -0.49216E+02
  0.15486E+02  0.81838E+02 -0.92814E+02  0.93256E+02  0.38026E+02 -0.47161E+02
 -0.14962E+03 -0.10235E+03 -0.57841E+01  0.60747E+02 -0.57987E+02 -0.46156E+02
  0.73702E+02 -0.87080E+01  0.12771E+03  0.18718E+02  0.11690E+02 -0.10957E+02
 -0.15580E+03 -0.11542E+02  0.43587E+02 -0.11044E+03 -0.76119E+01  0.30711E+02
 -0.35193E+02  0.18465E+02  0.81490E+02 -0.13142E+03 -0.74489E+02  0.10269E+03
 -0.57557E+02  0.29026E+02  0.18748E+02 -0.60340E+02  0.34223E+02  0.94655E+02
 -0.31152E+02  0.35263E+02  0.16174E+02  0.31748E+02  0.40380E+02 -0.79125E+02
  0.40480E+02 -0.38735E+01  0.26875E+02 -0.78944E+02  0.20193E+02 -0.18328E+02
  0.43847E+02  0.49406E+02 -0.37614E+02  0.15346E+03  0.44368E+02 -0.12691E+03
  0.23429E+02  0.10362E+03 -0.50531E+02  0.47692E+02 -0.26736E+02  0.11604E+02
  0.86106E+02 -0.11977E+02 -0.90237E+02 -0.10945E+02  0.20268E+02 -0.10394E+03
 -0.28729E+02  0.39984E+02 -0.70782E+02 -0.11525E+03  0.54682E+02  0.13595E+02
 -0.50898E+02 -0.12044E+02 -0.51873E+02  0.88564E+02 -0.28166E+02 -0.49579E+02
 -0.22448E+02 -0.90870E+02 -0.10816E+02 -0.95189E+02 -0.15403E+03  0.44744E+02
  0.96371E+02 -0.10502E+03 -0.50748E+02  0.78082E+02  0.73886E+00 -0.53479E+01
  0.22229E+02  0.57730E+02 -0.33319E+01  0.69986E+02  0.56013E+02 -0.48159E+02
 -0.36578E+02 -0.68992E+02  0.18866E+02 -0.13681E+02  0.26466E+02  0.79979E+02
  0.13344E+03  0.18307E+03  0.15164E+03  0.41196E+02 -0.18173E+02  0.71476E+02
 -0.92182E+02 -0.36550E+02  0.97393E+02 -0.22477E+02 -0.56667E+02  0.12968E+03
  0.18396E+03  0.16582E+02 -0.11160E+03 -0.11958E+03 -0.17174E+03 -0.20661E+03
  0.22175E+03  0.30496E+03  0.19172E+03  0.25297E+03  0.17092E+03 -0.15358E+02
 -0.10099E+03 -0.71420E+01  0.32230E+02 -0.17452E+03 -0.27009E+03 -0.25180E+03
 -0.24742E+03 -0.69692E+02  0.20825E+02 -0.25675E+02  0.77946E+02  0.40156E+02
 -0.10853E+03 -0.27999E+03 -0.17028E+03  0.69379E+02  0.52389E+02  0.15360E+03
  0.96210E+02 -0.13434E+01  0.41246E+02 -0.13354E+03 -0.93320E+02  0.54334E+02
 -0.86623E+02 -0.21666E+03 -0.66940E+02  0.31357E+03  0.31088E+03  0.13276E+03
  0.93823E+02  0.12357E+03  0.22388E+03  0.15643E+03 -0.28362E+02 -0.75788E+02
  0.88688E+02  0.15325E+03  0.10444E+03  0.12159E+03  0.26370E+02 -0.29133E+02
 -0.12517E+02 -0.12941E+03 -0.27492E+03 -0.18937E+03 -0.61884E+02 -0.16780E+03
 -0.18144E+03  0.82265E+01  0.15097E+03 -0.67317E+02 -0.14483E+03  0.67150E+02
 -0.15180E+03 -0.22871E+03 -0.11842E+03 -0.29438E+02 -0.63984E+02 -0.94003E+02
  0.19834E+03  0.25886E+03  0.21985E+02  0.87866E+02  0.17321E+03  0.13089E+03
  0.11228E+03 -0.58011E+02 -0.13083E+03  0.86911E+02  0.33933E+03  0.10335E+03
 -0.77624E+02 -0.45802E+02 -0.64274E+02 -0.21222E+02  0.55077E+02  0.28390E+02
 -0.50640E+02 -0.11560E+03 -0.33566E+02 -0.11736E+03 -0.22088E+03 -0.33972E+03
 -0.21696E+03  0.10539E+03 -0.86140E+01 -0.10381E+03 -0.10331E+03 -0.51972E+02
 -0.41670E+02 -0.53493E+02 -0.69827E+02  0.54949E+02  0.27835E+03  0.15327E+03
 -0.60100E+02  0.32315E+02  0.78134E+02  0.32666E+02  0.19946E+03  0.11236E+03
 -0.66093E+01  0.19487E+03  0.36175E+02 -0.28907E+03 -0.51508E+02  0.21952E+03
  0.19277E+03  0.12407E+03  0.60929E+02  0.11522E+03 -0.11085E+03 -0.28703E+03
 -0.37166E+03 -0.33521E+03 -0.15257E+03 -0.66131E+02 -0.37619E+02  0.44597E+02
  0.26033E+03  0.15945E+03 -0.42250E+01  0.89167E+02  0.16162E+03  0.31275E+02
 -0.26686E+02  0.65831E+02 -0.75450E+02 -0.16996E+03  0.16555E+02  0.77785E+02
 -0.17364E+02 -0.42146E+02 -0.63004E+02 -0.30502E+02  0.52772E+02  0.54490E+02
  0.19934E+01 -0.18908E+02  0.80116E+01  0.23905E+02 -0.22359E+01  0.21376E+01
  0.50595E+02  0.38711E+02  0.98982E+02  0.22916E+03  0.12486E+03 -0.60945E+02
  0.10621E+02  0.31274E+02  0.11769E+03  0.80037E+02  0.20561E+02  0.54063E+02
  0.13617E+03  0.13164E+03  0.22012E+01 -0.12370E+03 -0.99586E+02  0.20441E+02
 -0.28326E+02 -0.15518E+03 -0.87723E+02  0.84040E+02 -0.53016E+02 -0.14716E+03
 -0.14536E+03  0.17253E+02  0.59455E+02  0.69572E+02  0.33220E+02  0.52690E+02
  0.36212E+02  0.13012E+02  0.24890E+02 -0.56272E+02 -0.90315E+02 -0.12314E+03
 -0.83217E+02 -0.12979E+03 -0.50032E+02  0.72943E+02  0.15669E+03 -0.11880E+02
 -0.17611E+03 -0.45223E+02 -0.34494E+02 -0.10304E+03 -0.80127E+02 -0.84430E+02
 -0.75064E+02 -0.13129E+02 -0.29758E+02 -0.68556E+02 -0.68494E+02 -0.22186E+02
 -0.19082E+01  0.75643E+02  0.27352E+02 -0.18304E+02  0.11621E+03  0.12167E+02
 -0.50268E+02  0.31937E+02  0.11902E+03  0.79233E+02  0.23343E+02  0.96412E+02
  0.42209E+02 -0.73203E+02 -0.95690E+02 -0.22181E+02 -0.63608E+02 -0.54310E+02
 -0.16371E+02  0.19077E+02  0.41483E+02  0.57484E+02  0.10108E+03  0.68837E+02
  0.60931E+02  0.48368E+02  0.45781E+02 -0.40150E+01 -0.10063E+03 -0.61176E+02
 -0.38938E+02 -0.69950E+02 -0.17238E+02 -0.36069E+02 -0.34898E+02  0.32120E+02
  0.42406E+01  0.14602E+02  0.26657E+02 -0.27849E+02 -0.50970E+02  0.60373E+02
  0.28076E+02 -0.48951E+02 -0.11942E+02  0.31360E+02  0.56363E+02 -0.56068E+02
 -0.71306E+02  0.63075E+01  0.20295E+01  0.90004E+02  0.11812E+03  0.97213E+02
  0.12945E+03  0.12594E+03  0.15556E+03  0.12298E+03  0.10926E+02 -0.42164E+02
  0.49350E+02  0.24505E+02 -0.55147E+02 -0.12425E+02  0.30437E+02  0.48276E+02
 -0.16267E+02 -0.67817E+02 -0.20307E+02  0.31389E+02 -0.63820E+01  0.25562E+02
  0.12916E+03  0.43808E+02 -0.18224E+02  0.21220E+02  0.15459E+02 -0.40266E+02
 -0.38532E+02 -0.21667E+02 -0.50544E+01  0.57432E+02  0.52905E+02 -0.20112E+02
 -0.13521E+02  0.11841E+02 -0.21711E+02 -0.75902E+02 -0.73990E+02 -0.65962E+02
 -0.12842E+03 -0.14941E+03 -0.15673E+03 -0.13882E+03 -0.76831E+02 -0.75355E+02
 -0.12995E+03 -0.11159E+03 -0.43988E+02  0.82703E+02  0.91599E+02  0.43944E+02
  0.91227E+02  0.72542E+02 -0.20819E+02  0.37595E+02  0.48060E+02 -0.69658E+02
 -0.75139E+02 -0.39557E+02  0.39415E+02  0.51104E+02  0.14106E+01 -0.10547E+02
  0.27737E+02  0.67450E+02 -0.32764E+02 -0.40341E+02  0.14470E+02 -0.77478E+01
  0.31006E+01  0.62459E+02  0.24700E+02 -0.72076E+01  0.28600E+02  0.23158E+01
 -0.29176E+02  0.20811E+02  0.54146E+02 -0.46878E+02 -0.60943E+02  0.48939E+02
  0.59760E+02  0.50067E+02  0.23455E+02 -0.51419E+02  0.39425E+02  0.73248E+02
 -0.23327E+02  0.65839E+01  0.41970E+02  0.14721E+02  0.56789E+02  0.42849E+02
  0.73313E+01  0.51841E+02  0.38255E+02 -0.13733E+02  0.33890E+02  0.54372E+02
 -0.84280E+01  0.50784E+01  0.15333E+02 -0.66829E+01 -0.20412E+02  0.90163E+01
  0.49625E+01  0.12913E+02  0.12178E+02 -0.84718E+02 -0.86453E+02 -0.47042E+02
 -0.12251E+03 -0.10599E+03 -0.65626E+01 -0.39713E+02 -0.67855E+02 -0.50624E+02
 -0.90355E+01  0.25427E+02  0.23432E+02  0.39973E+02  0.15769E+02 -0.87578E+01
 -0.14298E+02 -0.16943E+02  0.66420E+02  0.67157E+02  0.54362E+01  0.12938E+02
 -0.27326E+02 -0.29643E+02 -0.53456E+02 -0.11722E+03 -0.10068E+03 -0.36435E+02
  0.14174E+02 -0.13149E+02 -0.19580E+02  0.32178E+02  0.15054E+02 -0.10170E+02
  0.25768E+02  0.31251E+02  0.21371E+02  0.24300E+02  0.22974E+02  0.43692E+01
  0.13202E+02 -0.12253E+02 -0.24857E+02  0.25777E+02  0.25414E+02 -0.19542E+02
 -0.56760E+01 -0.73023E+01 -0.16619E+02  0.14496E+02 -0.50367E+02 -0.75009E+02
  0.25523E+02 -0.55741E+01 -0.45367E+02  0.15412E+02 -0.37449E+01 -0.28537E+02
 -0.24416E+02 -0.18802E+02 -0.18065E+02  0.22047E+02  0.68043E+02  0.88308E+02
  0.70173E+02  0.73736E+02  0.42349E+02  0.41134E+02  0.45586E+02  0.80069E+02
  0.84697E+02  0.55388E+01  0.54575E+01  0.10508E+02 -0.17157E+02  0.19907E+02
  0.71889E+02  0.36510E+02 -0.49188E+01  0.24250E+02  0.12445E+02  0.22097E+02
  0.35608E+02  0.15873E+02 -0.40666E+02 -0.65123E+02 -0.14445E+02 -0.58055E+02
 -0.91288E+02 -0.39820E+02  0.22022E+02 -0.23511E+02 -0.88445E+02 -0.54845E+02
 -0.42921E+02 -0.55936E+02 -0.15054E+02 -0.39187E+02 -0.10535E+02  0.75498E+01
  0.39846E+02  0.50882E+02 -0.16900E+01 -0.38411E+02 -0.35005E+02  0.14286E+02
  0.13378E+01  0.15244E+02  0.45537E+02  0.64378E+02  0.74880E+02  0.82140E+02
  0.52619E+02  0.10932E+02  0.52875E+02  0.65547E+02  0.27688E+02  0.37535E+02
  0.52915E+02  0.53664E+02  0.91627E+02  0.80905E+02  0.62871E+02  0.88506E+02
  0.60460E+02  0.36518E+02  0.61073E+01  0.61313E+00  0.16061E+02  0.24059E+02
  0.12053E+02 -0.25619E+01 -0.27067E+02 -0.46731E+02 -0.56538E+02 -0.71708E+02
 -0.89102E+02 -0.12799E+03 -0.14299E+03 -0.13195E+03 -0.16763E+03 -0.19037E+03
 -0.18545E+03 -0.14451E+03 -0.10603E+03 -0.15168E+03 -0.13775E+03 -0.77466E+02
 -0.55896E+02 -0.89204E+02 -0.65844E+02 -0.89344E+02 -0.66435E+02  0.84174E+01
  0.87752E+01  0.19214E+02  0.42883E+02  0.83626E+02  0.85995E+02  0.95650E+02
  0.78502E+02  0.72243E+02  0.75016E+02  0.56923E+02  0.50705E+02  0.73103E+02
  0.99126E+02  0.10156E+03  0.11554E+03  0.10712E+03  0.97470E+02  0.51641E+02
  0.58233E+01  0.91102E+02  0.12859E+03  0.94461E+02  0.10294E+03  0.12599E+03
  0.74671E+02  0.36259E+02  0.13779E+02  0.13776E+02  0.24407E+02  0.28180E+02
  0.12511E+02  0.12086E+02  0.39583E+02 -0.53952E+01 -0.57668E+02 -0.91816E+02
 -0.65207E+02 -0.73609E+02 -0.37099E+02 -0.29647E+02 -0.47463E+02 -0.79166E+02
 -0.94658E+02 -0.99710E+02 -0.10014E+03 -0.54084E+02 -0.80035E+02 -0.79393E+02
 -0.52930E+02 -0.28946E+02 -0.62396E+02 -0.53619E+02 -0.15095E+02 -0.17550E+01
 -0.20030E+02 -0.17071E+02 -0.52559E+01 -0.20425E+02  0.13094E+02 -0.80475E+01
 -0.16369E+01  0.43448E+02  0.66644E+02  0.67680E+02  0.32822E+02  0.29673E+02
  0.24945E+02  0.20893E+02  0.24583E+02  0.55569E+02  0.44687E+02  0.42284E+02
  0.52252E+02  0.46236E+02  0.45026E+02  0.28573E+02  0.41768E+02  0.33166E+02
  0.13384E+02  0.23331E-01  0.47224E+02  0.45803E+02  0.17090E+02  0.18059E+02
  0.29462E+02  0.24849E+02 -0.10684E+02 -0.10702E+02 -0.16229E+02 -0.33064E+02
 -0.69274E+02 -0.71483E+02 -0.41016E+02 -0.50932E+02 -0.80566E+02 -0.97584E+02
 -0.92213E+02 -0.84133E+02 -0.94583E+02 -0.10206E+03 -0.94628E+02 -0.86106E+02
 -0.72124E+02 -0.56144E+02 -0.54499E+02 -0.36510E+02 -0.20734E+02 -0.16792E+02
  0.90793E+01  0.29811E+02  0.48588E+02  0.72809E+02  0.83612E+02  0.83385E+02
  0.68387E+02  0.54007E+02  0.52537E+02  0.49886E+02  0.35097E+02  0.67656E+02
  0.91935E+02  0.72685E+02  0.65974E+02  0.58524E+02  0.42843E+02  0.55649E+01
 -0.22564E+01 -0.57453E+01 -0.88745E+00  0.97135E+01  0.18632E+01  0.79365E+01
  0.12400E+02  0.24529E+01 -0.28312E+02 -0.32105E+02 -0.26749E+02 -0.19764E+02
 -0.21689E+02 -0.12719E+02 -0.41147E+01  0.60394E+01  0.34514E+01 -0.18153E+02
 -0.24094E+02 -0.16110E+02  0.11285E+02  0.41726E+01 -0.91571E+01  0.12949E+02
  0.37871E+02  0.35389E+02  0.29484E+02  0.11103E+02  0.25879E+02  0.42903E+02
  0.15887E+02 -0.79665E+01  0.22496E+02  0.40435E+02  0.26112E+02  0.23794E+02
  0.27197E+02  0.27495E+02  0.11724E+02 -0.13001E+02 -0.34419E+02 -0.22076E+02
 -0.40424E+02 -0.67247E+02 -0.50218E+02 -0.19077E+02 -0.14008E+02  0.56944E+01
  0.10435E+02 -0.14459E+02 -0.17121E+02 -0.16606E+02 -0.79493E+01  0.40445E+01
  0.82307E+01  0.10923E+02  0.19751E+02  0.25067E+02  0.24185E+02  0.44746E+01
 -0.15825E+02 -0.68151E+01 -0.91290E+01 -0.36962E+02 -0.30477E+02  0.99115E-02
  0.20126E+02  0.58402E+01 -0.22129E+02 -0.23492E+02 -0.33221E+02 -0.64882E+02
 -0.79125E+02 -0.87007E+02 -0.82794E+02 -0.82200E+02 -0.93706E+02 -0.94198E+02
 -0.59567E+02 -0.53054E+02 -0.74712E+02 -0.64485E+02 -0.35843E+02 -0.33805E+02
 -0.42929E+02 -0.33363E+02 -0.11257E+02  0.23325E+02  0.30859E+02  0.38844E+02
  0.47365E+02  0.57634E+02  0.56737E+02  0.52369E+02  0.64759E+02  0.78140E+02
  0.98100E+02  0.88405E+02  0.76450E+02  0.78990E+02  0.76246E+02  0.71836E+02
  0.68959E+02  0.37595E+02  0.45510E+02  0.89305E+02  0.71166E+02  0.47297E+02
  0.45385E+02  0.43739E+02  0.29531E+02  0.20772E+02  0.14896E+02  0.45898E+01
  0.22399E+02  0.23292E+02  0.11108E+01 -0.32244E+01 -0.28629E+01 -0.69890E+00
 -0.21492E+01 -0.17600E+02 -0.91225E+01  0.16856E+02  0.11218E+01 -0.27195E+02
 -0.26690E+02 -0.32363E+02 -0.37078E+02 -0.38348E+02 -0.35805E+02 -0.45379E+02
 -0.30764E+02 -0.15300E+02 -0.19108E+02 -0.35766E+02 -0.46929E+02 -0.37788E+02
 -0.45631E+02 -0.27672E+02 -0.21108E+02 -0.28189E+02 -0.40449E+02 -0.31816E+02
 -0.16968E+02 -0.33010E+02 -0.18052E+02 -0.13964E+02 -0.10001E+02 -0.11766E+01
 -0.92320E+01 -0.31082E+02 -0.27520E+02 -0.16415E+02 -0.62245E+01  0.10487E+02
  0.55260E+01  0.19540E+02  0.35363E+02  0.26417E+02  0.18352E+02  0.33853E+02
  0.39017E+02  0.24312E+02  0.19148E+02  0.32465E+02  0.36151E+02  0.29372E+02
  0.14013E+02  0.14713E+02  0.20565E+02  0.17277E+02  0.11549E+02  0.61012E+01
  0.59687E+01  0.67797E+01  0.11803E+02 -0.75597E+01 -0.21880E+02 -0.94731E+01
  0.21595E+01  0.41081E+01  0.89380E+01  0.10393E+02  0.10342E+02 -0.78199E-01
 -0.31574E+01  0.54978E+00 -0.34326E+01 -0.12763E+02 -0.23057E+02 -0.16193E+02
 -0.57911E+01  0.54091E+01  0.39223E+01 -0.17411E+02 -0.22840E+02 -0.12683E+02
 -0.15649E+02 -0.17368E+02 -0.12895E+02 -0.84117E+01 -0.91471E+01 -0.12211E+02
 -0.12991E+02 -0.15199E+02 -0.15769E+02 -0.26257E+02 -0.25796E+02 -0.23079E+02
 -0.85956E+01  0.23750E+02  0.19757E+02  0.11008E+02  0.10248E+02 -0.32951E+00
  0.11172E+00  0.57148E+01  0.17964E+01  0.60794E+01  0.14106E+02  0.20491E+02
  0.91300E+01 -0.36027E+01 -0.51931E+01 -0.20740E+01 -0.60097E+01 -0.21556E+02
 -0.19522E+02  0.91993E+00  0.12159E+02  0.44321E+01 -0.11793E+02 -0.17191E+02
 -0.24923E+02 -0.31578E+02 -0.20235E+02 -0.22499E+02 -0.22937E+02 -0.14534E+02
 -0.87229E+01 -0.61851E+01 -0.13301E+02 -0.26688E+02 -0.11579E+02 -0.49530E+01
  0.16014E+01 -0.23365E+01  0.25794E+01  0.15266E+02  0.80262E+01  0.15318E+02
  0.16641E+02  0.17727E+02  0.13630E+02  0.24744E+02  0.19900E+02  0.83934E+01
  0.93562E+01  0.15794E+02  0.14452E+02  0.18072E+02  0.26135E+02  0.14997E+02
  0.15450E+02  0.20407E+02  0.26757E+02  0.23818E+02  0.13892E+02  0.54038E+01
  0.73109E+01  0.14262E+02  0.21946E+02  0.28269E+02  0.26756E+02  0.20902E+02
  0.14890E+02  0.23410E+02  0.25955E+02  0.19675E+02  0.20980E+02  0.30508E+02
  0.27825E+02  0.15336E+02  0.21241E+02  0.19157E+02  0.11812E+02  0.40461E+01
  0.11761E+02  0.78220E+01 -0.13896E+02 -0.23786E+02 -0.26082E+02 -0.32002E+02
 -0.43484E+02 -0.34095E+02 -0.29510E+02 -0.24015E+02 -0.35888E+02 -0.36160E+02
 -0.33272E+02 -0.33694E+02 -0.31694E+02 -0.32617E+02 -0.31950E+02 -0.34267E+02
 -0.35544E+02 -0.41614E+02 -0.30427E+02 -0.23231E+02 -0.24517E+02 -0.22705E+02
 -0.20578E+02 -0.10356E+02 -0.77598E+01 -0.10997E+02  0.22164E+01 -0.36494E+01
  0.27050E+00  0.16148E+02  0.14698E+02  0.14187E+02  0.16717E+02  0.13570E+02
  0.71591E+01  0.12692E+02  0.14392E+02  0.15704E+02  0.12719E+02  0.17130E+02
  0.12383E+02  0.99170E+01  0.15555E+02  0.86599E+01  0.85539E+01  0.12729E+02
  0.13953E+02  0.62890E+01 -0.85030E-02  0.10392E+02  0.20872E+02  0.20181E+02
  0.14870E+02  0.16418E+02  0.17068E+02  0.17074E+02  0.83926E+01  0.25823E+01
  0.14481E+02  0.13978E+02  0.74953E+01  0.97526E+01  0.89303E+01  0.11860E+02
  0.74153E+01 -0.28814E+01 -0.35444E+01 -0.24713E+01 -0.58125E+01 -0.64962E+01
  0.26872E+00 -0.13115E+02 -0.27715E+02 -0.15380E+02 -0.16002E+01 -0.12930E+02
 -0.16290E+02 -0.82859E+01 -0.50544E+01 -0.11558E+02 -0.15490E+02 -0.20096E+02
 -0.20486E+02 -0.57246E+01 -0.13713E+02 -0.13755E+02 -0.60685E+01 -0.85801E+01
  0.40515E+01  0.30055E+01  0.20042E+01  0.12419E+02  0.63024E+00 -0.61573E+01
 -0.10436E+02 -0.16494E+02 -0.15960E+02 -0.16299E+02 -0.10460E+02 -0.56878E+01
 -0.94332E+01 -0.72331E+01 -0.89525E+01 -0.51817E+01 -0.80159E+00 -0.18081E-01
 -0.41683E+01 -0.88069E+01  0.33595E+01  0.53266E+01  0.41076E+01  0.55668E+01
  0.21674E+01 -0.49101E+01  0.10296E+01 -0.31770E+01 -0.10175E+01  0.72776E+01
  0.45630E+01  0.33361E+01  0.64198E+01  0.93176E+01  0.10488E+02  0.17158E+02
 -0.71057E+01 -0.24258E+02 -0.18417E+02 -0.28588E+01 -0.41344E+01 -0.48882E+01
  0.12041E+02  0.16873E+02  0.25486E+02  0.18895E+02  0.29269E+02  0.30399E+02
  0.26857E+02  0.32955E+02  0.42104E+02  0.33181E+02  0.25589E+02  0.32128E+02
  0.33692E+02  0.43047E+02  0.44431E+02  0.48130E+02  0.37520E+02  0.31711E+02
  0.25454E+02  0.26090E+02  0.30130E+02  0.32364E+02  0.25886E+02  0.26751E+02
  0.29150E+02  0.24565E+02  0.16553E+02  0.13519E+02  0.67473E+01 -0.47674E+01
  0.80828E+01  0.43498E+01 -0.40825E+01 -0.18675E+02 -0.18721E+02 -0.19750E+02
 -0.34284E+02 -0.40340E+02 -0.41153E+02 -0.46922E+02 -0.42955E+02 -0.45314E+02
 -0.51269E+02 -0.39537E+02 -0.51480E+02 -0.52791E+02 -0.34303E+02 -0.35790E+02
 -0.43538E+02 -0.39737E+02 -0.43842E+02 -0.45498E+02 -0.35827E+02 -0.42452E+02
 -0.33927E+02 -0.17887E+02 -0.18281E+02 -0.14394E+02 -0.13886E+02 -0.24104E+02
 -0.21829E+02 -0.22220E+02 -0.13973E+02 -0.73819E+01 -0.13934E+02 -0.11158E+02
 -0.16327E+01  0.83679E+01  0.24126E+01  0.36296E+01  0.17440E+02  0.17550E+02
  0.17475E+02  0.26149E+02  0.18457E+02  0.21601E+02  0.32880E+02  0.27955E+02
  0.25722E+02  0.27695E+02  0.29556E+02  0.30055E+02  0.25072E+02  0.21003E+02
  0.22416E+02  0.20494E+02  0.23353E+02  0.20533E+02  0.13484E+02  0.93468E+01
  0.12659E+02  0.19561E+02  0.79381E+01  0.86235E+01  0.48925E+01 -0.33402E+01
  0.20784E+01  0.43533E+01 -0.66038E+01 -0.11832E+02 -0.10193E+02 -0.12692E+02
 -0.56933E+01 -0.11042E+01 -0.19665E+01 -0.69181E+01 -0.10737E+02 -0.12847E+02
 -0.21406E+01 -0.36376E+01 -0.87976E+01 -0.15286E+01  0.51994E+01  0.46501E+01
  0.49440E+00  0.23254E+01  0.18696E+01  0.59230E+01  0.18806E+02  0.21426E+02
  0.17938E+02  0.25753E+02  0.25087E+02  0.25324E+02  0.12715E+02  0.47974E+01
  0.16048E+02  0.45700E+01 -0.38609E+00 -0.38919E+01 -0.65086E+01 -0.41665E+01
 -0.58116E+01 -0.13216E+02 -0.22393E+02 -0.10670E+02 -0.95033E+01 -0.12646E+02
 -0.18041E+02 -0.22213E+02 -0.19709E+02 -0.14652E+02 -0.18534E+02 -0.16799E+02
 -0.88014E+01 -0.88745E+01 -0.13533E+02 -0.97238E+01 -0.73585E+01 -0.11237E+02
 -0.20359E+01 -0.12851E+02 -0.19485E+02 -0.15253E+02 -0.11373E+02 -0.15406E+02
 -0.13466E+02 -0.94412E+01 -0.12413E+02 -0.18190E+02 -0.10746E+02 -0.11366E+02
 -0.21146E+02 -0.56455E+01 -0.66549E+01 -0.32503E+01 -0.31197E+01  0.11078E+01
  0.30680E+01 -0.48958E+01  0.66554E+01  0.22214E+02  0.12594E+02  0.56110E+01
  0.19028E+02  0.19598E+02  0.15966E+02  0.12120E+02  0.14360E+02  0.16552E+02
  0.27756E+02  0.40364E+02  0.38872E+02  0.30106E+02  0.24400E+02  0.32224E+02
  0.29030E+02  0.24735E+02  0.24534E+02  0.20321E+02  0.15878E+02  0.12340E+02
  0.65866E+01 -0.15856E+01  0.51894E+01  0.19297E+01 -0.27673E+01  0.43623E+01
 -0.25179E+01 -0.17918E+02 -0.17661E+02 -0.13493E+02 -0.22794E+02 -0.27492E+02
 -0.32076E+02 -0.35992E+02 -0.27165E+02 -0.20338E+02 -0.29576E+02 -0.28535E+02
 -0.18587E+02 -0.24718E+02 -0.32618E+02 -0.25034E+02 -0.21947E+02 -0.35526E+02
 -0.31629E+02 -0.15578E+02 -0.24911E+02 -0.20850E+02 -0.13880E+02 -0.14295E+02
 -0.36275E+01  0.68491E+01 -0.11107E+01 -0.18101E+00  0.10549E+02  0.14117E+02
  0.16143E+02  0.43153E+01  0.64024E+01  0.15238E+02  0.18190E+02  0.82727E+01
  0.14489E+02  0.22514E+02  0.15124E+02  0.10947E+02  0.23771E+02  0.25657E+02
  0.23544E+02  0.27865E+02  0.19004E+02  0.16227E+02  0.15799E+02  0.67843E+01
  0.10899E+02  0.18361E+02  0.20415E+02  0.17515E+02  0.16210E+02  0.19831E+02
  0.11742E+02  0.87765E+01  0.12508E+02  0.16224E+02  0.66020E+01 -0.14497E+00
 -0.19174E+01 -0.49452E+01 -0.18463E+01 -0.68397E+01 -0.52645E+01  0.24335E+01
 -0.78984E+01 -0.10845E+02 -0.72757E+01 -0.94863E+01 -0.11585E+02 -0.13521E+02
 -0.20104E+02 -0.13070E+02 -0.10215E+02 -0.94697E+01 -0.13814E+02 -0.18440E+02
 -0.82208E+01 -0.10742E+02 -0.10338E+02 -0.84256E+01 -0.20128E+02 -0.18006E+02
 -0.12241E+02 -0.16895E+02 -0.15683E+02 -0.19402E+02 -0.13952E+02 -0.12435E+02
 -0.12070E+02 -0.12216E+02 -0.14739E+02 -0.79843E+01 -0.48883E+01 -0.94780E+01
 -0.98425E+01 -0.11766E+02 -0.82625E+01 -0.37008E+01 -0.48211E+00  0.53779E+01
  0.14417E+02  0.18346E+02  0.14437E+02  0.16039E+02  0.16804E+02  0.15708E+02
  0.16928E+02  0.16348E+02  0.20537E+02  0.23440E+02  0.21072E+02  0.99630E+01
  0.16082E+02  0.21397E+02  0.17348E+02  0.18218E+02  0.17810E+02  0.14245E+02
  0.99537E+01  0.13632E+02  0.25569E+01  0.10408E+01 -0.17763E+01  0.22309E+01
  0.54275E+01  0.65433E+01  0.83933E+01  0.55523E+01  0.72563E+01  0.73443E+01
  0.98479E+01  0.48508E+01  0.42416E-01 -0.75642E+01 -0.28427E+00  0.19240E+01
 -0.36480E+01 -0.84584E+00  0.51562E+00  0.46427E+01  0.25343E+01 -0.16218E+01
  0.36536E+01 -0.12658E+00 -0.15449E+02 -0.11674E+01 -0.14343E+01 -0.84922E+01
 -0.40282E+01  0.12156E+02  0.49271E+01 -0.11641E+02  0.15774E-01  0.48868E+01
 -0.27216E+01 -0.62421E+01 -0.55286E+01 -0.48324E+01  0.12250E+02 -0.40163E+00
 -0.95795E+01 -0.62190E+01 -0.35398E+01 -0.51841E+01 -0.90592E+01 -0.89909E+01
 -0.97327E+01 -0.12078E+02 -0.83998E+01 -0.11081E+02 -0.16146E+02 -0.41144E+01
 -0.10428E+02 -0.14709E+02 -0.88805E+01 -0.13836E+02 -0.14153E+02 -0.38435E+01
 -0.12847E+02 -0.11580E+02 -0.11497E+01 -0.83426E+01 -0.64197E+01 -0.21590E+01
 -0.10623E+02 -0.86783E+01  0.22187E+01 -0.12123E+01  0.15672E+01  0.25036E+01
  0.39655E+01  0.21850E+01  0.42173E+01  0.62786E+01  0.49925E+01  0.10187E+02
  0.11552E+02  0.91176E+01  0.13094E+02  0.16165E+02  0.11226E+02  0.10516E+02
  0.12989E+02  0.11128E+02  0.15776E+02  0.12659E+02  0.12400E+02  0.20908E+02
  0.21724E+02  0.17039E+02  0.17219E+02  0.19025E+02  0.14106E+02  0.15270E+02
  0.14971E+02  0.11849E+02  0.13319E+02  0.13253E+02  0.13842E+02  0.92916E+01
  0.80440E+00  0.48938E+01  0.62896E+01  0.12764E+01 -0.99059E+00 -0.20759E+01
  0.17465E+01  0.35277E+01 -0.10125E+02 -0.97760E+01 -0.74268E+01 -0.98630E+01
 -0.45751E+01 -0.98628E+01 -0.11597E+02 -0.13917E+02 -0.21958E+02 -0.18944E+02
 -0.20878E+02 -0.19704E+02 -0.11766E+02 -0.93806E+01 -0.82611E+01  0.14665E+01
 -0.41815E+01 -0.74145E+01  0.99185E+00 -0.19100E+01 -0.79745E+01 -0.14369E+01
 -0.30265E+00 -0.41070E+01 -0.16978E+01 -0.48819E+01 -0.39985E+01 -0.41134E+01
 -0.11610E+02 -0.90395E+01 -0.10267E+00 -0.71289E+01 -0.60256E+01 -0.59713E+01
 -0.44381E+01 -0.12015E+01 -0.10355E+02  0.13202E+01  0.87208E+01  0.43610E+01
  0.10102E+02 -0.22697E+00 -0.15461E+02 -0.80553E+01 -0.20442E+01 -0.87108E+01
 -0.10463E+02  0.13350E+01  0.46811E+01  0.32463E+01  0.42341E+01 -0.42808E+01
 -0.99807E+01 -0.95770E+01 -0.15601E+02 -0.17811E+02 -0.10621E+02 -0.14183E+02
 -0.15975E+02 -0.12807E+02 -0.13791E+02 -0.95399E+01 -0.41498E+01 -0.27147E+01
 -0.91713E+01 -0.58990E+01 -0.86140E+00 -0.34356E+01  0.25128E+00 -0.24339E+01
  0.37849E+01  0.10634E+02  0.15485E+02  0.21712E+02  0.15702E+02  0.19015E+02
  0.18449E+02  0.22096E+02  0.24958E+02  0.18549E+02  0.24481E+02  0.25955E+02
  0.21961E+02  0.14353E+02  0.15963E+02  0.20214E+02  0.16689E+02  0.13897E+02
  0.22915E+02  0.20366E+02  0.15916E+02  0.14774E+02  0.27731E+01  0.27728E+01
  0.24689E+01 -0.44326E+01 -0.33566E+01  0.56228E+01  0.75144E+01  0.70378E+00
  0.77157E+01  0.63451E+01  0.97135E+00 -0.15013E+01 -0.51103E+01 -0.85752E+01
 -0.93077E+01 -0.25067E+01 -0.77970E+01 -0.60010E+01 -0.81582E+01 -0.12386E+02
 -0.18129E+02 -0.18468E+02 -0.15769E+02 -0.16932E+02 -0.28856E+02 -0.30007E+02
 -0.19066E+02 -0.27205E+02 -0.28310E+02 -0.22939E+02 -0.29742E+02 -0.28002E+02
 -0.25179E+02 -0.34247E+02 -0.31209E+02 -0.24929E+02 -0.20184E+02 -0.24895E+02
 -0.20435E+02 -0.13782E+02 -0.12898E+02 -0.16496E+02 -0.90204E+01 -0.47168E+01
 -0.84473E+01 -0.23221E+01  0.40694E+00  0.62305E+01  0.67272E+01  0.67178E+01
  0.57684E+01  0.13326E+02  0.11822E+02  0.38677E+01  0.11427E+02  0.17227E+02
  0.15601E+02  0.18018E+02  0.23604E+02  0.23465E+02  0.18364E+02  0.14981E+02
  0.71858E+01  0.82778E+01  0.11477E+02  0.71995E+01  0.35641E+01  0.10208E+02
  0.17778E+02  0.10775E+02  0.18243E+02  0.16178E+02  0.15261E+02  0.10847E+02
  0.94825E+00  0.26123E+01  0.36982E+01 -0.16969E+01 -0.19849E+01 -0.31878E+01
 -0.45697E+01  0.15199E+01 -0.33732E+01 -0.95592E+00  0.82661E+00  0.26444E+01
 -0.37356E+01 -0.42010E+01 -0.55577E+00 -0.48161E+01 -0.35903E+01 -0.35005E+01
 -0.14241E+01 -0.28921E+01 -0.14170E+01  0.48967E+01  0.50466E+01  0.57121E+01
  0.30222E+01  0.26266E+01  0.78721E+01  0.95242E+01  0.55632E+01  0.61898E+01
  0.99188E+01  0.12385E+02  0.12213E+02  0.11775E+02  0.82777E+01  0.68446E+01
  0.13982E+02  0.10424E+02  0.57687E+01  0.83506E+01  0.73932E+01  0.45883E+01
  0.10896E+02  0.11618E+02  0.24791E+01  0.16241E+01  0.39951E+01  0.28249E+01
 -0.45976E+01 -0.33191E+01 -0.14214E+01 -0.17310E+01  0.55813E+01  0.59975E+01
  0.37383E+01  0.80573E+01  0.40694E+01 -0.57688E+01 -0.11701E+02 -0.14320E+02
 -0.99469E+01 -0.12987E+02 -0.10834E+02 -0.64258E+01 -0.95356E+01 -0.86518E+01
 -0.11937E+02 -0.14391E+02 -0.96691E+01 -0.90340E+01 -0.13136E+02 -0.74298E+01
 -0.46071E+01 -0.95913E+01 -0.12868E+02 -0.95498E+01 -0.13858E+02 -0.11299E+02
 -0.55098E+01 -0.62662E+01 -0.57032E+01 -0.14211E+01  0.66485E+01  0.23908E+01
 -0.21142E+01  0.13854E+01 -0.64863E+01 -0.11063E+02 -0.20860E+01 -0.21946E+01
 -0.74599E+00 -0.45347E+01 -0.30738E+01 -0.53233E+01 -0.87750E+01 -0.40213E+01
 -0.88345E+00  0.39949E+01  0.89897E+01  0.69301E+01  0.28962E+01  0.38235E+01
  0.14988E+01  0.29672E+01  0.41340E+01  0.50770E+01  0.13827E+02  0.95596E+01
  0.63688E+01  0.97526E+01  0.10767E+02  0.12069E+02  0.96046E+01  0.79711E+01
 -0.20042E+01  0.39524E+01  0.13669E+02  0.81246E+00  0.84464E+00  0.46080E+01
  0.32194E+00  0.13043E+01 -0.28941E+01  0.60274E+00  0.95268E+00 -0.58673E+01
 -0.84450E+00  0.56496E-02 -0.31942E+01 -0.30698E+01  0.17993E+01  0.37451E+01
  0.52823E+01  0.38364E+01  0.11270E+01  0.87542E+01  0.13577E+02  0.60543E+01
  0.81993E+01  0.15838E+02  0.10472E+02  0.79015E+01  0.31106E+00 -0.52575E+00
 -0.39104E-01 -0.47703E+01  0.34099E+01  0.40251E+01  0.57028E+01  0.60690E+01
  0.13554E+01 -0.19550E+01 -0.39126E+01 -0.81766E+01 -0.18003E+01 -0.27109E+01
 -0.12134E+02 -0.39442E+01 -0.86594E+01 -0.71993E+01 -0.10484E+02 -0.69960E+01
 -0.29433E+01 -0.87894E+01 -0.80962E+01 -0.85353E+01 -0.56447E+01  0.70647E+00
 -0.42033E+01 -0.11390E+02 -0.51245E+01 -0.19884E+01 -0.32120E+01 -0.60877E+01
 -0.33682E+01 -0.33285E+01 -0.57489E+01 -0.20037E+01  0.10333E+01 -0.60653E+00
  0.51729E+00  0.20965E+01 -0.21902E+01 -0.46104E+00  0.15912E+01  0.69141E-04
 -0.11454E+01  0.25203E+01  0.33347E+01  0.67380E+01  0.47439E+01 -0.19112E+01
  0.43892E+00  0.44784E+01  0.15776E+01  0.19582E+01  0.51879E+01  0.53021E+01
  0.91488E+01  0.78403E+01  0.78625E+01  0.67018E+01  0.80930E+01  0.43783E+01
  0.99849E-01  0.36900E+01 -0.15794E+01 -0.21173E+01  0.52121E+00  0.30441E+00
 -0.25880E+00 -0.12404E+01 -0.30374E+01  0.28958E+01  0.50555E+01 -0.18873E+01
 -0.51655E+01 -0.15968E+01  0.25947E+01 -0.14501E+01 -0.98556E+00  0.54539E+01
  0.67631E+01  0.67069E+00  0.37821E+01  0.22343E+01  0.22453E+01  0.65168E+01
  0.29623E+01  0.23117E+01  0.63515E+01  0.73257E+01  0.98947E+01  0.69006E+01
  0.63141E+01  0.11697E+01 -0.21631E+01  0.22509E+01 -0.20431E+01 -0.14387E+01
  0.50522E+00 -0.30123E+00 -0.41473E+01 -0.37469E+01 -0.36601E+01 -0.21949E+01
 -0.31183E+01 -0.52537E+01 -0.90186E+01 -0.64164E+01 -0.52826E+01 -0.77389E+01
 -0.70583E+01 -0.74699E+01 -0.10660E+02 -0.12819E+02 -0.10439E+02 -0.83055E+01
 -0.10427E+02 -0.88900E+01 -0.66680E+01 -0.12504E+02 -0.93826E+01 -0.80207E+01
 -0.82057E+01 -0.67664E+01 -0.11680E+02 -0.99499E+01 -0.78448E+01 -0.82812E+01
 -0.82364E+01 -0.77428E+01 -0.49823E+01 -0.69678E+01 -0.47167E+01 -0.47425E+01
 -0.11459E+02 -0.60324E+01 -0.86175E+00 -0.49278E+00 -0.10520E+01 -0.42634E-01
  0.49003E+01  0.21708E+01  0.37835E+01  0.48941E+01  0.49032E+01  0.39020E+01
  0.50905E+01  0.89122E+01  0.74946E+01  0.11731E+02  0.11962E+02  0.98783E+01
  0.72480E+01  0.86971E+01  0.13718E+02  0.15081E+02  0.92803E+01  0.55640E+01
  0.81504E+01  0.70010E+01  0.70564E+01  0.58411E+01  0.10891E+02  0.11867E+02
  0.13232E+02  0.14254E+02  0.81911E+01  0.89748E+01  0.93728E+01  0.34476E+01
  0.27149E+01  0.74587E+01  0.83901E+01  0.67114E+01  0.56536E+01  0.21085E+01
 -0.10708E+01  0.98536E+00  0.10134E+01  0.26647E+01 -0.20222E-01  0.27837E+00
  0.49016E+01  0.39468E+01  0.40565E+01  0.14241E+01 -0.26895E+01 -0.97991E+00
 -0.47510E+01 -0.31114E+01 -0.49206E+01 -0.75981E+01 -0.39656E+01 -0.28966E+01
 -0.33239E+01 -0.59877E+01 -0.92491E+01 -0.78234E+01 -0.60189E+01 -0.11187E+02
 -0.98773E+01 -0.13876E+02 -0.12970E+02 -0.11635E+02 -0.16932E+02 -0.14822E+02
 -0.10335E+02 -0.11251E+02 -0.76910E+01 -0.95568E+01 -0.97157E+01 -0.53073E+01
 -0.71109E+01 -0.48139E+01 -0.58041E+01 -0.17942E+01  0.75752E+00 -0.18207E+01
 -0.15168E+01  0.98847E-01  0.42426E+00 -0.19623E+00 -0.57721E+00 -0.44208E+01
 -0.19390E+01  0.65754E+00  0.55254E+01  0.37490E+01  0.24353E+01  0.66299E+01
  0.37515E+01  0.52210E+01  0.33763E+01  0.51242E+01  0.65511E+01  0.91164E+01
  0.92410E+01  0.85757E+01  0.93484E+01  0.43505E+01  0.18810E+01  0.17225E+00
  0.23035E+01  0.17430E+01  0.81289E+00  0.35338E+01  0.39991E+01  0.61073E+00
 -0.42079E+00 -0.11759E+01  0.25866E+00 -0.12296E+00  0.77231E+00 -0.71856E+00
 -0.23945E+01 -0.27582E+01 -0.71042E+01 -0.87057E+01 -0.71898E+01 -0.71491E+01
 -0.49362E+01  0.27162E+01 -0.24995E+00 -0.85722E+01 -0.84965E+01 -0.17236E+01
 -0.37361E+01 -0.47640E+01 -0.40907E+01  0.16409E+01  0.59730E+01 -0.16759E+00
  0.19431E+00 -0.88020E+00  0.46257E+01  0.58708E+01  0.55205E+01  0.64506E+01
  0.86355E+01  0.63527E+01  0.94879E+01  0.13960E+02  0.13411E+02  0.65250E+01
  0.64506E+01  0.10123E+02  0.12830E+01  0.57064E+01  0.92250E+01  0.81912E+01
  0.11074E+02  0.98059E+01  0.65670E+01  0.67515E+01  0.72982E+01  0.48904E+01
  0.35588E+01  0.55923E+01  0.44360E+01  0.65552E+01  0.90788E+01  0.68500E+01
 -0.11391E+00 -0.45966E+01 -0.20104E+01 -0.42724E+01 -0.76729E+01 -0.45047E+01
 -0.64903E+01 -0.46631E+01 -0.37760E+01 -0.42941E+01 -0.17509E+01 -0.31078E+01
 -0.49201E+01 -0.23049E+01 -0.53064E+01 -0.53087E+01 -0.66831E+01 -0.80209E+01
 -0.91598E+01 -0.11813E+02 -0.12449E+02 -0.16707E+02 -0.13564E+02 -0.13738E+02
 -0.17027E+02 -0.13558E+02 -0.10493E+02 -0.13261E+02 -0.90593E+01 -0.94976E+01
 -0.11427E+02 -0.72700E+01 -0.63212E+01 -0.48601E+01 -0.86089E+01 -0.56530E+01
 -0.34737E+01 -0.27230E+01  0.24906E+01  0.23286E+01  0.28789E+01  0.25669E+00
 -0.69169E+00  0.10225E+01  0.34530E+01  0.34290E+01  0.85667E+01  0.86595E+01
  0.38440E+01  0.71345E+01  0.27843E+01  0.29843E-01  0.30246E+01  0.65837E+01
  0.57599E+01  0.66372E+01  0.63427E+01  0.87283E+01  0.65888E+01  0.39122E+01
  0.34407E+01  0.18851E+01  0.62930E+01  0.10716E+02  0.66580E+01  0.36308E+01
  0.38502E+01  0.48365E+01  0.38687E+01  0.24182E+01  0.60434E+01  0.36881E+01
  0.34307E+01  0.52421E+01  0.48640E+01  0.35613E+01  0.68482E+01  0.66570E+01
  0.36436E+01  0.67724E+01  0.85297E+01  0.28265E+01  0.11423E+01  0.82164E+01
  0.68049E+01  0.34980E+01  0.59981E+01  0.10229E+02  0.10688E+02  0.32292E+01
  0.24656E+01  0.75623E+01  0.71552E+01  0.31509E+01  0.12685E+01  0.10968E+01
  0.19370E+01  0.12300E+01  0.83630E+00  0.85928E+00  0.26141E+01  0.99430E+00
 -0.11412E+01 -0.13753E+01 -0.98850E+00 -0.62478E+01 -0.11635E+02 -0.12603E+02
 -0.74970E+01 -0.82059E+01 -0.10943E+02 -0.76584E+01 -0.78396E+01 -0.96073E+01
 -0.15026E+02 -0.12370E+02 -0.14644E+02 -0.16174E+02 -0.17064E+02 -0.14871E+02
 -0.99945E+01 -0.11116E+02 -0.13362E+02 -0.13098E+02 -0.69800E+01 -0.70524E+01
 -0.94665E+01 -0.62089E+01 -0.36754E+01 -0.54296E+01 -0.43928E+01 -0.49188E+01
 -0.19824E+01 -0.38317E+00 -0.22171E+01  0.22761E+01  0.52845E+01  0.47722E+01
  0.49993E+01  0.56060E+01  0.61153E+01  0.66713E+01  0.70972E+01  0.88540E+01
  0.10675E+02  0.57116E+01  0.68476E+01  0.81216E+01  0.52197E+01  0.31306E+01
  0.39610E+01  0.65195E+01  0.97890E+01  0.88535E+01  0.65743E+01  0.10169E+02
  0.75343E+01  0.40287E+01  0.39367E+01  0.53373E+01  0.53639E+01  0.39348E+01
  0.41053E+01  0.26529E+01 -0.58817E+00 -0.26344E+01 -0.43088E+01 -0.29003E+01
 -0.68422E+00 -0.10157E+01  0.19021E-01  0.14197E+01  0.14092E+01 -0.13726E+01
 -0.22939E+01 -0.35752E+01 -0.58510E+01 -0.93935E+00 -0.91486E-01  0.44300E+00
  0.47650E+01  0.23820E+01  0.20076E+01  0.68900E+01  0.38065E+01  0.36794E+01
  0.65103E+01  0.61380E+01  0.71781E+01  0.54376E+01  0.27043E+01  0.40485E+01
  0.49624E+01  0.17679E+01  0.55429E+01  0.86210E+01  0.17481E+01  0.16168E+01
  0.13047E+01  0.13291E+01 -0.69767E+00 -0.78227E+00  0.13676E+01 -0.15176E+01
 -0.19505E+01 -0.54222E+00 -0.22597E+01 -0.13399E+01 -0.35966E+01 -0.50552E+01
 -0.20879E+01 -0.57944E+01 -0.33684E+01 -0.63742E+01 -0.77941E+01 -0.63858E+01
 -0.72527E+01 -0.43264E+01 -0.14548E+01 -0.55466E+00 -0.21456E+01 -0.40343E+01
 -0.27761E+01 -0.19460E+01 -0.55632E+01 -0.51924E+01 -0.17640E+01 -0.24189E+01
 -0.70053E+01 -0.84504E+01 -0.58259E+01 -0.10221E+02 -0.91637E+01 -0.63815E+01
 -0.41952E+01 -0.53872E+01 -0.47616E+01 -0.28047E+01 -0.28699E+01 -0.16410E+01
 -0.20333E+01 -0.92292E+00 -0.57567E+00  0.22705E+00 -0.23958E+01  0.23229E+01
  0.25748E+01  0.12249E+01  0.16930E+01  0.54520E+01  0.52875E+01  0.47549E+01
  0.27474E+01  0.43149E+01  0.68264E+01  0.24092E+01  0.16937E+01  0.25139E+01
  0.78514E+01  0.24961E+01  0.11774E+01  0.35584E+01  0.45167E+01  0.54440E+01
  0.20466E+01  0.28629E+01  0.40312E+01  0.56455E+01  0.52454E+01  0.51528E+01
  0.71542E+01  0.68669E+01  0.55463E+01  0.46732E+01  0.74726E+01  0.80202E+01
  0.65575E+01  0.30588E+01  0.34177E+01  0.51058E+01  0.42192E+01  0.48893E+01
  0.34032E+01  0.41145E+01  0.32977E+01  0.22963E+01  0.74379E+00  0.45078E+00
  0.13060E+01 -0.16439E+01 -0.37217E+01 -0.30279E+01 -0.34865E+01 -0.20728E+01
 -0.10542E+01 -0.20712E+01 -0.14769E+01 -0.76170E+00  0.13253E+01  0.13709E+01
  0.44727E+00 -0.82860E+00  0.21072E+01  0.47627E+01  0.14413E+01  0.14635E+01
  0.23285E+01  0.46708E+01  0.30366E+01  0.86352E+00  0.15418E+01 -0.62934E-01
  0.56455E+00 -0.15811E+01 -0.36939E+01 -0.29396E+01 -0.24599E+01 -0.16183E+01
 -0.50349E+01 -0.65968E+01 -0.87425E+01 -0.88837E+01 -0.90208E+01 -0.10941E+02
 -0.99412E+01 -0.11236E+02 -0.12574E+02 -0.97822E+01 -0.98336E+01 -0.91415E+01
 -0.10557E+02 -0.10896E+02 -0.10639E+02 -0.11373E+02 -0.90481E+01 -0.78927E+01
 -0.53342E+01 -0.35169E+01 -0.32589E+01 -0.66617E+01 -0.39393E+01 -0.51038E+01
 -0.42421E+01 -0.22692E+01 -0.25869E+01 -0.34223E+01 -0.24809E+01 -0.14420E+01
 -0.42916E+01 -0.17873E+01 -0.42672E+01 -0.51647E+01 -0.15626E+01 -0.19696E+01
 -0.28632E+01 -0.81204E+00 -0.81239E+00  0.17819E+00  0.29846E+01  0.13067E+01
  0.16609E+01  0.26919E+00  0.45879E+01  0.73788E+01  0.19587E+01  0.37356E+01
  0.71182E+01  0.34362E+01  0.53495E+01  0.42171E+01  0.22166E+01  0.56501E+01
  0.33790E+01  0.26632E+01  0.26188E+01  0.25998E+01  0.22033E+01 -0.17004E+01
  0.28533E+00  0.32734E+01 -0.99024E+00  0.79132E+00  0.32484E+00 -0.19243E+01
 -0.33265E+01 -0.40164E+01 -0.53255E+01 -0.41725E+01 -0.31536E+01 -0.30592E+01
 -0.68734E-01 -0.44856E+01 -0.45191E+00  0.60818E+00 -0.20375E+01 -0.17928E+01
  0.43756E-01  0.23391E+00  0.22225E+01  0.52853E+01  0.13672E+01  0.43367E+01
  0.53097E+01  0.54048E+01  0.20355E+01  0.39834E+01  0.62020E+01  0.17821E+01
  0.43082E+01  0.28428E+01  0.36779E+01  0.44312E+01  0.41801E+01  0.24794E+01
  0.15124E+01 -0.63201E+00  0.11434E+01  0.37868E+01 -0.70662E+00  0.19914E+01
  0.27588E+01  0.29716E+01  0.23589E+00  0.67070E+00  0.69678E+00 -0.22003E+01
  0.25747E+01 -0.69211E+00 -0.21294E+01  0.15734E+01  0.11293E+00 -0.26222E+01
 -0.26113E+01 -0.35189E+01 -0.19537E+00 -0.63005E+00 -0.22946E+01 -0.21569E+01
  0.67253E+00  0.22156E+01 -0.12861E+01  0.65606E+00 -0.12456E+01 -0.54574E+01
 -0.43580E+01 -0.32408E+01 -0.50060E+01 -0.48891E+01 -0.26430E+01 -0.22770E+01
 -0.45601E+01 -0.29792E+01 -0.16769E+01  0.16851E+00  0.11457E+01  0.20182E+01
  0.10319E+01 -0.10831E+01  0.38940E+01  0.64287E+01  0.76864E-01  0.34172E+01
  0.46306E+01  0.29226E+01  0.67750E+01  0.43840E+01  0.62125E+01  0.51508E+01
  0.47898E+01  0.38646E+01  0.72268E+01  0.36488E+01  0.26048E+01  0.85906E+01
  0.48378E+01  0.26456E+01  0.46145E+01  0.20041E+01  0.29493E+01  0.13102E+01
  0.20122E+01  0.73426E+01  0.24416E+01  0.27019E+01  0.65862E+01  0.34545E+01
  0.13211E+01  0.53086E+01  0.36696E+01  0.27002E+01  0.44400E+01  0.43737E+01
  0.31162E+01  0.25147E+01  0.61950E+01  0.48847E+00  0.91853E+00  0.42309E+01
 -0.11271E+01  0.28937E+01 -0.13121E+01  0.17299E+01  0.21446E+01 -0.17869E+01
 -0.22130E+01 -0.25315E+00 -0.22539E+01 -0.65376E+01 -0.32600E+01 -0.15240E+01
 -0.48693E+01 -0.34760E+01 -0.44751E+00 -0.57450E+01 -0.25084E+01 -0.60602E+01
 -0.37540E+01 -0.71832E+01 -0.10138E+02 -0.51747E+01 -0.21094E+01 -0.20472E+01
 -0.32967E+01 -0.40460E+00  0.41864E+01 -0.39128E+00  0.48458E-01 -0.83530E+00
  0.17705E+01  0.93343E+00 -0.26303E+01 -0.26949E+01  0.70879E+00  0.93424E-01
 -0.89942E-01  0.14803E+01 -0.23620E+01  0.19503E+01 -0.13277E+01  0.13381E+01
  0.89954E+00  0.28043E+01  0.14216E+01 -0.12028E+01 -0.15831E+01  0.28380E+01
  0.24885E+01 -0.10080E+01  0.41621E+01 -0.80069E+01  0.22582E+01  0.31852E+00
 -0.82774E+01 -0.54256E+00 -0.13548E+00  0.41117E+01  0.17745E+01  0.89117E+00
 -0.16078E+01  0.66134E+01  0.38769E+01  0.14068E+01 -0.15771E+01  0.54701E+01
  0.16472E+01  0.27502E+01  0.35534E+01 -0.39249E+01  0.86205E+00  0.25738E+01
 -0.10453E+01  0.84336E+00  0.47636E+01  0.44509E+01  0.34354E+01  0.89973E+00
  0.33250E+01  0.47178E+00  0.16784E+01 -0.18776E+01  0.17325E+01  0.33357E+01
 -0.25425E+01  0.23779E+00  0.10310E+01 -0.11693E+01 -0.48003E+01  0.55154E+01
 -0.98945E+01 -0.63675E+01  0.11927E+02 -0.29720E+00 -0.69767E+01  0.98170E+01
  0.93375E+01 -0.98587E+01  0.68022E+01  0.17448E+01 -0.42315E+01 -0.69106E+01
 -0.13915E+02  0.57305E+01  0.13555E+02 -0.18308E+02 -0.13620E+02  0.13857E+02
 -0.40980E+01 -0.84175E+01  0.23236E+00  0.18581E+01 -0.64631E+00 -0.67008E+01
 -0.12808E+01  0.12438E+02  0.39552E+01 -0.11739E+02  0.20139E+01  0.88048E+01
 -0.73895E+01  0.47554E+01 -0.65523E+01 -0.30862E+01  0.11584E+02 -0.22423E+02
  0.80420E+00  0.44172E+01 -0.55763E+01  0.81610E+01 -0.29077E+01 -0.26881E+01
  0.78932E+01  0.28361E+01  0.36038E+01  0.14091E+01 -0.11258E+02  0.33672E+01
  0.17558E+01 -0.51463E+01  0.25483E+01  0.93779E+00  0.57299E+01  0.60261E+01
  0.44605E+00 -0.11286E+01  0.16012E+01  0.75072E+01  0.11203E+01  0.49956E+01
 -0.47433E+01  0.19613E+01  0.10100E+02  0.59341E+01  0.28130E+01 -0.33562E+01
  0.42108E+01  0.52849E+01 -0.32830E+01 -0.72776E+01 -0.14111E+01 -0.11110E+01
  0.86818E+00 -0.78572E+01 -0.32667E+01 -0.15391E+00 -0.43756E+00 -0.68679E+01
 -0.81758E+01  0.59783E+01  0.50042E+01 -0.62873E+01 -0.96777E+01  0.67350E+01
  0.87815E+00 -0.10738E+02 -0.14651E+02 -0.67476E+01 -0.20960E+01 -0.97824E+01
 -0.92386E+01 -0.27142E+01 -0.45143E+01 -0.54565E+01 -0.10554E+02 -0.83742E+01
  0.13733E+01 -0.64662E+01 -0.64393E+01 -0.92409E+01 -0.41257E+01  0.48372E+01
 -0.44447E+01 -0.60259E+01 -0.24691E+01 -0.70357E+00 -0.53027E+01 -0.94747E+00
 -0.37823E+01 -0.54962E+01  0.76098E+01  0.33471E+01 -0.81017E+01  0.23444E+01
  0.80763E+01 -0.31852E+01 -0.33826E+01  0.28150E+01  0.36909E+01 -0.29852E+01
  0.40477E+01  0.98111E+00 -0.43947E+00  0.45152E+01 -0.41912E+01  0.30650E+01
  0.86511E+01  0.23775E+01  0.34566E+01  0.19566E+01  0.62130E+01  0.10237E+02
  0.77930E+00  0.13635E+01  0.14574E+02  0.25750E+01 -0.48570E+01  0.50221E+01
  0.12949E+02  0.43104E+01 -0.71176E+01  0.48518E+01  0.11520E+02 -0.86838E+00
