  0.13128E+01  0.18644E+01 -0.87328E+01 -0.32044E+02 -0.30664E+02 -0.75795E-01
  0.15125E+02  0.16727E+01 -0.90168E+01 -0.22910E+01 -0.45947E+01 -0.13257E+02
 -0.33061E+01  0.15858E+02  0.13277E+02 -0.54284E+00 -0.57946E+01 -0.15469E+02
 -0.15469E+02  0.59071E+01  0.12449E+02  0.10054E+02  0.20651E+02  0.18624E+02
  0.55420E+01  0.19870E+00 -0.44070E+01 -0.26553E+01  0.48090E+01 -0.53331E+00
 -0.63363E+01 -0.26494E+01  0.14064E+01  0.57984E+00 -0.17222E+01  0.27943E+01
  0.17077E+02  0.18922E+02  0.28936E+01 -0.14241E+02 -0.23728E+02 -0.23173E+02
 -0.83358E+01  0.43819E+01  0.69643E+01  0.71526E+01 -0.15141E+02 -0.27852E+02
  0.48599E+01  0.31491E+02  0.30482E+02  0.28551E+02  0.14090E+02 -0.26078E+02
 -0.45329E+02 -0.29477E+02 -0.17771E+02 -0.24308E+02 -0.24947E+02 -0.10570E+02
  0.56513E+01  0.98023E+01 -0.10738E+02 -0.32937E+02 -0.25101E+02 -0.56540E+01
  0.30128E+01  0.11127E+02  0.36471E+02  0.59603E+02  0.58596E+02  0.36581E+02
  0.98685E+01 -0.27900E+02 -0.69169E+02 -0.85194E+02 -0.75514E+02 -0.40217E+02
  0.54231E+02  0.16001E+03  0.16591E+03  0.71389E+02 -0.33269E+02 -0.50398E+02
 -0.12707E+02 -0.15923E+02 -0.36093E+02 -0.34704E+02 -0.67127E+02 -0.13032E+03
 -0.63884E+02  0.12169E+03  0.14058E+03 -0.14933E+02 -0.10641E+03 -0.84204E+02
 -0.63737E+02 -0.46406E+02  0.54751E+01  0.20228E+02 -0.13945E+02 -0.12369E+02
  0.19520E+02  0.44131E+02  0.73624E+02  0.87731E+02  0.35132E+02 -0.58744E+02
 -0.24827E+02  0.10187E+03  0.12667E+03  0.85216E+02  0.46253E+02  0.28113E+02
  0.17253E+02 -0.21772E+01 -0.14605E+02 -0.39003E+02 -0.82947E+02 -0.10514E+03
 -0.75829E+02  0.31429E+02  0.12284E+03  0.11419E+03  0.93935E+02  0.11265E+03
  0.11229E+03  0.54534E+02 -0.26072E+02 -0.71667E+02 -0.86031E+02 -0.10509E+03
 -0.11014E+03 -0.77791E+02 -0.41016E+02 -0.14561E+02  0.11103E+03  0.24814E+03
  0.23139E+03  0.13060E+03 -0.26383E+02 -0.16181E+03 -0.16778E+03 -0.86701E+02
 -0.51670E+02 -0.64554E+02 -0.14052E+02  0.35438E+02 -0.38883E+00 -0.56300E+02
 -0.54354E+02 -0.17672E+02 -0.32309E+02 -0.99002E+02 -0.10000E+03  0.11128E+02
  0.33069E+02 -0.83747E+02 -0.15450E+03 -0.65385E+02  0.10416E+03  0.16065E+03
  0.94876E+02  0.72780E+02  0.12310E+03  0.14108E+03  0.49785E+02 -0.96055E+02
 -0.16293E+03 -0.14771E+03 -0.65518E+02  0.76385E+02  0.16254E+03  0.14330E+03
  0.75779E+02 -0.32669E+01 -0.43515E+02 -0.28755E+02  0.24143E+02  0.67275E+02
  0.49136E+02 -0.27224E+01 -0.66377E+02 -0.11151E+03 -0.85424E+02 -0.20923E+02
  0.15210E+02  0.29508E+02  0.36296E+01 -0.53483E+02 -0.53838E+02  0.25736E+00
  0.47259E+02  0.85231E+02  0.10975E+03  0.58627E+02 -0.16268E+02  0.18571E+02
  0.11652E+03  0.13791E+03  0.73980E+02 -0.94848E+01  0.11349E+02  0.11400E+03
  0.10904E+03 -0.55231E+02 -0.20937E+03 -0.22391E+03 -0.72340E+02  0.14115E+03
  0.22703E+03  0.18918E+03  0.10967E+03  0.29434E+02 -0.16254E+02 -0.57153E+02
 -0.12238E+03 -0.18714E+03 -0.17608E+03 -0.11184E+03 -0.57844E+02 -0.32403E+02
 -0.82555E+01  0.15802E+02 -0.12660E+02 -0.10414E+03 -0.18761E+03 -0.20649E+03
 -0.15470E+03 -0.79873E+02 -0.98450E+01  0.24621E+02  0.13482E+02  0.18464E+02
  0.10656E+03  0.18543E+03  0.17134E+03  0.73776E+02  0.27075E+02  0.68810E+02
  0.41549E+02 -0.21558E+02 -0.29199E+02 -0.11845E+01  0.21488E+02 -0.21349E+02
 -0.79849E+02 -0.17651E+02  0.61038E+02  0.41418E+02  0.41974E+02  0.60408E+02
  0.15175E+02 -0.17805E+02  0.96561E+01  0.31589E+02  0.11047E+02 -0.10417E+02
  0.24967E+02  0.73987E+02  0.52247E+02 -0.26662E+00  0.26732E+02  0.76305E+02
  0.28858E+02 -0.65303E+02 -0.66590E+02  0.18363E+02  0.13574E+02 -0.98368E+02
 -0.15116E+03 -0.71093E+02 -0.18941E+02 -0.91177E+02 -0.17585E+03 -0.18377E+03
 -0.14037E+03 -0.80209E+02 -0.45608E+01  0.34136E+02  0.37321E+01 -0.51641E+02
 -0.75412E+02 -0.24645E+02  0.65280E+02  0.13171E+03  0.12406E+03  0.44640E+02
 -0.88035E+02 -0.15548E+03 -0.81312E+02  0.45006E+02  0.10471E+03  0.71721E+02
  0.13216E+02 -0.15252E+02 -0.17470E+02 -0.88114E+01  0.24816E+02  0.46558E+02
  0.31999E+02  0.10621E+02 -0.16228E+00 -0.31134E+01 -0.12053E+02 -0.28640E+02
 -0.26525E+02  0.13183E+02  0.46901E+02  0.38882E+02 -0.18707E+02 -0.92328E+02
 -0.11444E+03 -0.85517E+02  0.43105E+01  0.13846E+03  0.19520E+03  0.14444E+03
  0.43083E+02 -0.45741E+02 -0.76703E+02 -0.77630E+02 -0.82518E+02 -0.71927E+02
 -0.58849E+02 -0.66041E+02 -0.42183E+02  0.20925E+02  0.34003E+02 -0.42569E+02
 -0.82380E+02 -0.41564E+02 -0.12548E+02 -0.52765E+01  0.23556E+02  0.59944E+02
  0.56344E+02  0.23445E+02  0.11185E+02  0.14495E+02  0.20477E+02  0.60363E+02
  0.12448E+03  0.12927E+03  0.83839E+02  0.71855E+02  0.85484E+02  0.59772E+02
  0.71552E+01 -0.49221E+01 -0.78481E+00 -0.49718E+02 -0.12831E+03 -0.17254E+03
 -0.17975E+03 -0.17652E+03 -0.16971E+03 -0.13241E+03 -0.81736E+02 -0.72532E+02
 -0.78436E+02 -0.34033E+02  0.45842E+02  0.10148E+03  0.11493E+03  0.10617E+03
  0.97685E+02  0.84593E+02  0.43585E+02 -0.26999E+02 -0.79892E+02 -0.73355E+02
 -0.21862E+02  0.35254E+02  0.73668E+02  0.92180E+02  0.99819E+02  0.98337E+02
  0.78613E+02  0.27101E+02 -0.11143E+02 -0.39633E+01  0.20169E+02  0.36654E+02
  0.50374E+02  0.47602E+02  0.20047E+02  0.80609E+01  0.17912E+02  0.22881E+02
  0.22044E+02  0.23142E+02  0.14106E+02 -0.31313E+01 -0.17881E+02 -0.26732E+02
 -0.29135E+02 -0.24720E+02 -0.10169E+02  0.10738E+02  0.13956E+02 -0.11111E+02
 -0.28163E+02 -0.11126E+02  0.22866E+02  0.44420E+02  0.44966E+02  0.31692E+02
 -0.24055E+01 -0.42123E+02 -0.55212E+02 -0.42412E+02 -0.33296E+02 -0.39107E+02
 -0.38837E+02 -0.15809E+02  0.12194E+02  0.26654E+02  0.19921E+02 -0.18044E+02
 -0.44308E+02 -0.32060E+02 -0.16679E+02 -0.24056E+02 -0.36131E+02 -0.28766E+02
 -0.48154E+01  0.16461E+02  0.12403E+02 -0.51076E+01 -0.15196E+01  0.21510E+02
  0.38549E+02  0.47851E+02  0.48583E+02  0.38905E+02  0.30240E+02  0.22680E+02
  0.85786E+01  0.36909E+01  0.11334E+02  0.18147E+02  0.20078E+02  0.16850E+02
  0.20623E+02  0.36006E+02  0.46506E+02  0.48806E+02  0.42444E+02  0.25949E+02
  0.73341E+01 -0.17178E+02 -0.42426E+02 -0.32939E+02  0.40036E+01  0.14597E+02
  0.18094E+02  0.41586E+02  0.59550E+02  0.56692E+02  0.48396E+02  0.42129E+02
  0.35401E+02  0.33372E+02  0.36686E+02  0.37974E+02  0.29956E+02  0.17884E+02
  0.12630E+02  0.13826E+02  0.14653E+02  0.19535E+02  0.30866E+02  0.38328E+02
  0.36668E+02  0.30217E+02  0.19527E+02  0.37696E+01 -0.45233E+01  0.54378E+00
  0.12520E+02  0.23760E+02  0.15744E+02 -0.20928E+02 -0.48385E+02 -0.43688E+02
 -0.27195E+02 -0.21391E+02 -0.20747E+02 -0.56369E+01  0.91040E+01  0.84591E+01
  0.66150E+01  0.95636E+01 -0.36119E+01 -0.35214E+02 -0.56866E+02 -0.62486E+02
 -0.66633E+02 -0.77137E+02 -0.75571E+02 -0.47836E+02 -0.19550E+02 -0.16509E+02
 -0.20563E+02 -0.60055E+01  0.21913E+02  0.37853E+02  0.38591E+02  0.32142E+02
  0.19704E+02  0.44851E+00 -0.24335E+02 -0.37786E+02 -0.36956E+02 -0.39535E+02
 -0.49484E+02 -0.51050E+02 -0.33267E+02 -0.20182E+02 -0.29211E+02 -0.38607E+02
 -0.36763E+02 -0.32247E+02 -0.19347E+02  0.51633E+01  0.20735E+02  0.27094E+02
  0.43772E+02  0.45339E+02  0.16133E+02 -0.16112E+02 -0.23849E+02 -0.12515E+02
  0.12823E+02  0.34662E+02  0.19829E+02 -0.65206E+01 -0.19418E+02 -0.27985E+02
 -0.35723E+02 -0.34154E+02 -0.28808E+02 -0.32400E+02 -0.37281E+02 -0.34792E+02
 -0.28065E+02 -0.26311E+02 -0.32575E+02 -0.42984E+02 -0.50261E+02 -0.50351E+02
 -0.40030E+02 -0.19942E+02 -0.27106E+01 -0.32615E+01 -0.27860E+02 -0.46377E+02
 -0.39557E+02 -0.28499E+02 -0.31905E+02 -0.36326E+02 -0.23517E+02 -0.79429E+01
 -0.10958E+00  0.12884E+02  0.25877E+02  0.31591E+02  0.27724E+02  0.19342E+02
  0.17318E+02  0.24782E+02  0.38882E+02  0.49572E+02  0.51048E+02  0.46628E+02
  0.43590E+02  0.40275E+02  0.34013E+02  0.29591E+02  0.30423E+02  0.26925E+02
  0.14765E+02  0.11266E+02  0.21680E+02  0.25737E+02  0.12378E+02 -0.19000E+01
  0.13273E+01  0.16255E+02  0.27683E+02  0.29160E+02  0.27965E+02  0.24926E+02
  0.19953E+02  0.15349E+02  0.11020E+02  0.64163E+01  0.34701E+01  0.60523E+01
  0.80818E+01  0.10818E+01 -0.13842E+02 -0.28489E+02 -0.36134E+02 -0.37974E+02
 -0.34287E+02 -0.30598E+02 -0.32899E+02 -0.38609E+02 -0.41002E+02 -0.29391E+02
 -0.14278E+02 -0.12801E+02 -0.18326E+02 -0.20904E+02 -0.20626E+02 -0.21729E+02
 -0.24030E+02 -0.22277E+02 -0.10389E+02  0.10990E+02  0.32552E+02  0.45822E+02
  0.42876E+02  0.28598E+02  0.17267E+02  0.54765E+01 -0.13685E+02 -0.28700E+02
 -0.35055E+02 -0.35514E+02 -0.36064E+02 -0.38181E+02 -0.35874E+02 -0.31357E+02
 -0.37712E+02 -0.48029E+02 -0.42498E+02 -0.18816E+02  0.40361E+01  0.19241E+02
  0.26338E+02  0.26249E+02  0.25975E+02  0.24320E+02  0.20544E+02  0.18611E+02
  0.21194E+02  0.24882E+02  0.25530E+02  0.22032E+02  0.10057E+02 -0.11961E+02
 -0.24857E+02 -0.15181E+02  0.12219E+01  0.76739E+01  0.72158E+01  0.56534E+01
  0.37208E+01 -0.36480E+01 -0.14793E+02 -0.18660E+02 -0.13313E+02 -0.99943E+01
 -0.80561E+01  0.64120E+01  0.29725E+02  0.34334E+02  0.20056E+02  0.89106E+01
  0.75309E+01  0.10482E+02  0.16289E+02  0.18871E+02  0.21454E+02  0.31316E+02
  0.38598E+02  0.37126E+02  0.34733E+02  0.37776E+02  0.42571E+02  0.41007E+02
  0.30230E+02  0.20282E+02  0.19547E+02  0.27382E+02  0.32543E+02  0.28124E+02
  0.25732E+02  0.30341E+02  0.33384E+02  0.29979E+02  0.25559E+02  0.24640E+02
  0.23076E+02  0.15247E+02  0.70501E+01  0.70529E+01  0.17006E+02  0.31014E+02
  0.35624E+02  0.29453E+02  0.25125E+02  0.27155E+02  0.32593E+02  0.36742E+02
  0.29006E+02  0.82788E+01 -0.83028E+01 -0.15303E+02 -0.19723E+02 -0.19905E+02
 -0.12623E+02 -0.65400E+01 -0.10131E+02 -0.16853E+02 -0.21274E+02 -0.22469E+02
 -0.19886E+02 -0.18133E+02 -0.23382E+02 -0.31579E+02 -0.34802E+02 -0.34247E+02
 -0.34152E+02 -0.34059E+02 -0.32305E+02 -0.30735E+02 -0.31286E+02 -0.25294E+02
 -0.15894E+02 -0.15431E+02 -0.23905E+02 -0.32195E+02 -0.35878E+02 -0.37718E+02
 -0.34124E+02 -0.24906E+02 -0.21034E+02 -0.28404E+02 -0.33838E+02 -0.30241E+02
 -0.23697E+02 -0.16693E+02 -0.85832E+01 -0.16709E+01 -0.19446E+01 -0.72875E+01
 -0.94958E+01 -0.31360E+01  0.37759E+01  0.10044E+02  0.16955E+02  0.19629E+02
  0.16683E+02  0.10880E+02  0.41564E+01 -0.39500E+01 -0.98451E+01  0.29189E+00
  0.21670E+02  0.29042E+02  0.18632E+02  0.11079E+02  0.14766E+02  0.15136E+02
  0.97022E+01  0.10532E+02  0.13206E+02  0.24279E+01 -0.10193E+02 -0.96387E+01
 -0.68732E+01 -0.82543E+01 -0.10464E+02 -0.10739E+02 -0.79733E+01 -0.56689E+01
 -0.77867E+01 -0.13682E+02 -0.15432E+02 -0.11745E+02 -0.65842E+01  0.69572E+00
  0.82521E+01  0.10556E+02  0.48444E+01 -0.86069E+01 -0.16805E+02 -0.95254E+01
  0.47567E+01  0.70612E+01 -0.27047E+01 -0.73106E+01 -0.28872E+01  0.33814E+00
 -0.22409E+01 -0.71235E+01 -0.44508E+01  0.29206E+01 -0.15013E+01 -0.15967E+02
 -0.16058E+02 -0.13155E+01  0.93728E+01  0.78069E+01  0.24634E+01  0.39379E+01
  0.82688E+01  0.10296E+02  0.10573E+02  0.27414E+01 -0.10710E+02 -0.17712E+02
 -0.12553E+02 -0.65641E+01 -0.49052E+01 -0.29838E+00  0.74416E+01  0.12324E+02
  0.84549E+01  0.30187E+01  0.47689E+01  0.10665E+02  0.90068E+01 -0.12197E+01
 -0.78545E+01 -0.18660E+01  0.35702E+01 -0.46305E+01 -0.15871E+02 -0.16057E+02
 -0.73961E+01 -0.37110E+01 -0.48172E+01 -0.19614E+01  0.43359E+00 -0.11333E+01
 -0.23314E+01 -0.31615E+01 -0.21482E+01  0.66956E+01  0.16553E+02  0.14342E+02
  0.30999E+01 -0.24288E+01  0.34672E+01  0.12404E+02  0.14522E+02  0.11572E+02
  0.97296E+01  0.11018E+02  0.13136E+02  0.12306E+02  0.15530E+02  0.22623E+02
  0.20595E+02  0.66809E+01 -0.98117E+01 -0.16907E+02 -0.83401E+01  0.14140E+02
  0.28788E+02  0.11834E+02 -0.76997E+01  0.30780E+01  0.24084E+02  0.27491E+02
  0.17724E+02  0.83251E+01  0.12293E+01  0.28863E+01  0.81369E+01  0.21464E+01
 -0.14440E+02 -0.23654E+02 -0.17483E+02 -0.54152E+01  0.15860E+01 -0.30223E+01
 -0.13804E+02 -0.16017E+02 -0.63434E+01 -0.12784E+01 -0.11415E+02 -0.20998E+02
 -0.17223E+02 -0.46938E+01  0.20304E+01 -0.72770E+01 -0.20915E+02 -0.24971E+02
 -0.19352E+02 -0.75605E+01  0.32175E+01  0.14732E+02  0.31223E+02  0.40159E+02
  0.35273E+02  0.25689E+02  0.16106E+02  0.68898E+01  0.55058E+01  0.13428E+02
  0.17848E+02  0.11765E+02  0.31950E+01 -0.40029E+00 -0.15078E+01 -0.51951E+01
 -0.66713E+01  0.14345E+01  0.10277E+02  0.84328E+01  0.69141E+00 -0.45624E+01
 -0.78817E+01 -0.11477E+02 -0.13229E+02 -0.12678E+02 -0.10101E+02 -0.10195E+02
 -0.14712E+02 -0.24296E+02 -0.29458E+02 -0.22365E+02 -0.54145E+01  0.12827E+02
  0.24065E+02  0.20654E+02 -0.17125E+00 -0.16942E+02 -0.21920E+02 -0.25423E+02
 -0.18423E+02 -0.53414E+01 -0.26718E+01 -0.51619E+01 -0.73749E+01 -0.15484E+02
 -0.22582E+02 -0.18898E+02 -0.71991E+01  0.67109E+01  0.12237E+02  0.49565E+01
 -0.70237E+01 -0.11632E+02 -0.61063E+01 -0.16859E+01 -0.19647E+01  0.27321E+01
  0.98245E+01  0.89010E+01  0.38314E+01 -0.19753E+01 -0.85192E+01 -0.82449E+01
  0.17959E+01  0.10086E+02  0.13677E+02  0.13123E+02  0.56572E+01  0.95607E+00
  0.29809E+01  0.63880E+01  0.10716E+02  0.14676E+02  0.18728E+02  0.21859E+02
  0.19553E+02  0.15681E+02  0.13652E+02  0.12176E+02  0.12819E+02  0.16411E+02
  0.20462E+02  0.19262E+02  0.13272E+02  0.12625E+02  0.17322E+02  0.17688E+02
  0.11605E+02  0.93924E+01  0.12892E+02  0.10034E+02 -0.24068E+01 -0.14017E+02
 -0.16784E+02 -0.16509E+02 -0.19735E+02 -0.23239E+02 -0.20753E+02 -0.84086E+01
  0.55020E+01  0.13332E+02  0.12409E+02  0.58656E+01  0.31919E+01  0.70287E+00
 -0.81452E+01 -0.15240E+02 -0.14321E+02 -0.95311E+01 -0.69523E+01 -0.87971E+01
 -0.88912E+01 -0.32726E+01  0.35442E+01  0.77803E+01  0.76870E+01  0.22275E+00
 -0.12217E+02 -0.19406E+02 -0.18670E+02 -0.13788E+02 -0.85379E+01 -0.59599E+01
 -0.14461E+01  0.85952E+01  0.16978E+02  0.15963E+02  0.28788E+01 -0.10943E+02
 -0.11405E+02 -0.44959E+01 -0.44971E+01 -0.10119E+02 -0.11133E+02 -0.20131E+01
  0.12267E+02  0.17702E+02  0.78424E+01 -0.72686E+01 -0.17313E+02 -0.23027E+02
 -0.20080E+02 -0.84713E+01  0.16627E+01  0.59922E+01  0.10045E+02  0.68195E+01
 -0.59881E+01 -0.10228E+02 -0.36869E+01 -0.53454E+01 -0.12533E+02 -0.12995E+02
 -0.94943E+01 -0.84815E+01 -0.75609E+01 -0.17570E+01  0.44155E+01  0.84501E-01
 -0.12170E+02 -0.17054E+02 -0.94994E+01 -0.11156E+01 -0.19474E+00  0.35773E+00
  0.45955E+01  0.67145E+01  0.25677E+01 -0.22236E+01  0.26591E+01  0.14544E+02
  0.17953E+02  0.11688E+02  0.68041E+01  0.92917E+01  0.76329E+01 -0.31469E+01
 -0.74780E+01  0.31180E+01  0.11594E+02  0.11042E+02  0.10304E+02  0.95675E+01
  0.36706E+01 -0.16731E+01 -0.29629E+01 -0.13043E+01  0.45924E+01  0.11779E+02
  0.14175E+02  0.98452E+01  0.41328E+01  0.18296E+01  0.37648E+01  0.34887E+01
 -0.31447E+01 -0.97779E+01 -0.11528E+02 -0.96848E+01 -0.59071E+01  0.31226E+01
  0.16299E+02  0.21182E+02  0.15010E+02  0.82849E+01  0.43237E+01  0.18367E+01
  0.86906E-01 -0.25845E+01 -0.43343E+01 -0.59919E+01 -0.97686E+01 -0.10321E+02
 -0.47916E+01 -0.82875E+00 -0.22099E+01 -0.47889E+01 -0.81969E+01 -0.11144E+02
 -0.89318E+01 -0.17441E+01  0.31402E+01  0.40628E+01  0.36032E+01 -0.91033E+00
 -0.86485E+01 -0.12701E+02 -0.99361E+01 -0.33008E+01  0.35186E+01  0.59154E+01
  0.42585E+01  0.11271E+01 -0.28333E+01 -0.67015E+01 -0.73450E+01 -0.28288E+01
  0.74919E+01  0.16891E+02  0.18275E+02  0.12472E+02  0.50111E+01  0.17873E+01
  0.86776E+00 -0.51259E+00 -0.11558E+01  0.50437E+00  0.20725E+01  0.87638E+00
 -0.28994E+01 -0.72279E+01 -0.85159E+01 -0.46444E+01  0.56425E-01  0.42695E+00
 -0.29802E+01 -0.87827E+01 -0.12374E+02 -0.11082E+02 -0.53684E+01  0.18211E+01
  0.57847E+01  0.20092E+01 -0.48990E+01 -0.80296E+01 -0.95015E+01 -0.92230E+01
 -0.61805E+01 -0.92645E+00  0.47881E+01  0.68172E+01  0.35948E+01 -0.27259E+00
  0.19028E+00  0.59968E+01  0.95008E+01  0.48037E+01 -0.16436E+01 -0.16411E+01
 -0.53302E+00  0.11413E+00  0.37098E+01  0.57392E+01  0.14112E+01 -0.15349E+01
  0.29822E+01  0.10355E+02  0.12938E+02  0.92548E+01  0.51110E+01  0.31786E+01
  0.20754E+01  0.14328E+01  0.51392E+00 -0.95778E+00 -0.95530E+00  0.79761E+00
  0.26429E+01  0.53172E+01  0.77154E+01  0.56908E+01  0.62579E+00 -0.84598E+00
  0.24735E+01  0.75433E+01  0.11876E+02  0.13998E+02  0.13264E+02  0.12437E+02
  0.11426E+02  0.65446E+01  0.37414E+00 -0.39537E+01 -0.56101E+01 -0.35803E+01
 -0.76647E-01  0.16763E+01  0.22316E+01  0.53667E+01  0.10068E+02  0.12466E+02
  0.12653E+02  0.11918E+02  0.98934E+01  0.68552E+01  0.73184E+01  0.13125E+02
  0.14602E+02  0.73254E+01  0.78622E+00  0.78842E+00  0.51427E+00 -0.22475E+01
 -0.28902E+01 -0.30809E+00 -0.85864E+00 -0.55554E+01 -0.88700E+01 -0.92367E+01
 -0.81286E+01 -0.85872E+01 -0.11257E+02 -0.12637E+02 -0.11068E+02 -0.93160E+01
 -0.10604E+02 -0.10233E+02 -0.49795E+01 -0.15682E+01 -0.50673E+01 -0.11055E+02
 -0.14185E+02 -0.13354E+02 -0.66260E+01  0.19402E+00  0.17622E+01  0.75025E+00
  0.25951E+01  0.29656E+01 -0.26531E+01 -0.77186E+01 -0.55981E+01 -0.89760E+00
  0.15917E+01  0.19618E+01  0.14105E+01  0.19649E+01  0.41777E+01  0.74960E+01
  0.85111E+01  0.45506E+01 -0.13446E+01 -0.47523E+01 -0.21710E+01  0.40954E+01
  0.83353E+01  0.93495E+01  0.87058E+01  0.69564E+01  0.29957E+01 -0.28079E+01
 -0.71371E+01 -0.75967E+01 -0.58452E+01 -0.47387E+01 -0.51062E+01 -0.68560E+01
 -0.75922E+01 -0.45509E+01 -0.58832E+00  0.10709E+01 -0.21836E+00 -0.34423E+01
 -0.84170E+01 -0.14313E+02 -0.16247E+02 -0.13483E+02 -0.94286E+01 -0.60189E+01
 -0.27019E+01  0.33940E+00  0.36563E+01  0.45781E+01  0.19064E+01 -0.21270E+00
 -0.85732E+00 -0.30440E+00 -0.94928E+00 -0.32525E+01 -0.40818E+01 -0.10414E+01
  0.43027E+01  0.74353E+01  0.63291E+01  0.27357E+01 -0.15027E+01 -0.18716E+01
  0.11687E+01  0.42088E+01  0.41164E+01  0.89103E+00 -0.14127E+01 -0.58406E+00
  0.10740E+01  0.45746E+01  0.99177E+01  0.12128E+02  0.97318E+01  0.48485E+01
 -0.12778E+00 -0.42747E+01 -0.51049E+01 -0.60271E+01 -0.95293E+01 -0.11834E+02
 -0.85176E+01 -0.33590E+01 -0.17937E+01 -0.96570E+00  0.10602E+01  0.14275E+01
  0.23477E+01  0.44656E+01  0.50172E+01  0.40024E+01  0.34486E+01  0.52892E+01
  0.93419E+01  0.10078E+02  0.58377E+01  0.15981E+01 -0.89116E+00 -0.39329E+01
 -0.10108E+02 -0.17020E+02 -0.19602E+02 -0.18129E+02 -0.16104E+02 -0.13618E+02
 -0.10303E+02 -0.64347E+01 -0.49623E+01 -0.50565E+01 -0.30313E+01 -0.63774E+00
 -0.12847E+01 -0.31295E+01 -0.16573E+01  0.41451E+01  0.71836E+01  0.32196E+01
 -0.11130E+01  0.81967E+00  0.56086E+01  0.69883E+01  0.51434E+01  0.20085E+01
 -0.19557E+01 -0.48380E+00  0.55026E+01  0.43947E+01 -0.15044E+01 -0.36259E+01
 -0.29835E+01 -0.39995E+01 -0.58447E+01 -0.55707E+01 -0.47440E+01 -0.68657E+01
 -0.10646E+02 -0.12952E+02 -0.13968E+02 -0.14707E+02 -0.13881E+02 -0.66964E+01
  0.45412E+01  0.10067E+02  0.74841E+01  0.13083E+01 -0.12742E+01  0.75003E+00
  0.47087E+00 -0.21116E+01 -0.15615E+01  0.83128E+00  0.25790E+01  0.50639E+01
  0.46005E+01 -0.22204E+01 -0.79356E+01 -0.75698E+01 -0.36109E+01  0.19145E+01
  0.61500E+01  0.68841E+01  0.53150E+01  0.45751E+01  0.62307E+01  0.97292E+01
  0.12767E+02  0.13409E+02  0.12024E+02  0.10455E+02  0.85172E+01  0.44601E+01
  0.95601E+00  0.25195E+01  0.59258E+01  0.38037E+01  0.48394E+00  0.33374E+01
  0.78492E+01  0.74777E+01  0.36973E+01  0.56187E+00  0.24018E+01  0.82035E+01
  0.11794E+02  0.10225E+02  0.77343E+01  0.59812E+01  0.14635E+01 -0.42517E+01
 -0.48994E+01 -0.21381E+01 -0.17723E+01 -0.66956E+00  0.43953E+01  0.75251E+01
  0.84438E+01  0.78885E+01  0.55821E+01  0.35524E+01  0.37339E+01  0.87069E+01
  0.12666E+02  0.92542E+01  0.19728E+01 -0.17151E+01  0.86203E+00  0.43605E+01
  0.39895E+01 -0.98832E+00 -0.60584E+01 -0.69823E+01 -0.67085E+01 -0.74480E+01
 -0.57921E+01 -0.16484E+01  0.11133E+01  0.24008E+01  0.41489E+01  0.60814E+01
  0.77376E+01  0.58924E+01  0.30339E+01  0.12809E+01 -0.11169E+01 -0.25011E+01
 -0.11214E+01  0.53486E+00  0.14540E+01  0.30182E+01  0.45825E+01  0.58702E+01
  0.51307E+01  0.18118E+01 -0.14151E+01 -0.33520E+01 -0.53810E+01 -0.49224E+01
 -0.18839E+01  0.32541E+00  0.35483E+01  0.66791E+01  0.51103E+01  0.21605E+01
  0.21587E+01  0.39994E+01  0.40900E+01  0.21531E+01 -0.88905E+00 -0.54977E+01
 -0.10290E+02 -0.12687E+02 -0.11861E+02 -0.87294E+01 -0.52296E+01 -0.45862E+01
 -0.74441E+01 -0.10762E+02 -0.97504E+01 -0.62508E+01 -0.45938E+01 -0.47795E+01
 -0.30304E+01 -0.16498E+01 -0.36781E+01 -0.48772E+01 -0.73239E+00  0.41496E+01
  0.13842E+01 -0.62643E+01 -0.89375E+01 -0.47004E+01  0.82654E+00  0.16546E+01
 -0.26768E+01 -0.61791E+01 -0.33239E+01  0.22953E+01  0.55191E+01  0.94798E+01
  0.15007E+02  0.13808E+02  0.90853E+00 -0.98720E+01 -0.52665E+01 -0.31480E+01
 -0.25815E+02 -0.50231E+02 -0.43045E+02 -0.82189E+01  0.25963E+02  0.35914E+02
  0.31858E+02  0.27528E+02  0.12233E+02 -0.73930E+01  0.43805E+00  0.29829E+02
  0.33237E+02  0.11769E+02  0.17261E+01  0.11400E+02  0.11676E+02 -0.78569E+01
 -0.15874E+02 -0.77655E+01 -0.72131E+01 -0.20758E+02 -0.29050E+02 -0.23154E+02
 -0.29757E+01  0.19782E+02  0.15636E+02 -0.88729E+01 -0.15599E+02  0.61724E+00
  0.13056E+02  0.13700E+02  0.97387E+01  0.48556E+01  0.84492E+01  0.85412E+01
 -0.13111E+02 -0.33841E+02 -0.31722E+02 -0.12926E+02  0.71600E+01  0.17388E+02
  0.57785E+01 -0.11451E+02 -0.40794E+01  0.14072E+02  0.24668E+02  0.33790E+02
  0.18404E+02 -0.19004E+02 -0.27848E+02 -0.12202E+01  0.16563E+02  0.82710E+01
 -0.14948E+01 -0.38863E+00 -0.27836E+01 -0.12826E+02 -0.11904E+02  0.29312E+01
  0.11316E+02  0.96582E+01  0.39464E+01 -0.10518E+02 -0.22035E+02 -0.16137E+02
 -0.64617E+01 -0.63686E+01 -0.69206E+01 -0.41556E+01 -0.35097E+01 -0.77471E+01
 -0.11247E+02 -0.58102E+01  0.43257E+01  0.81966E+01  0.80135E+01  0.50661E+01
 -0.24880E+01 -0.46061E+01 -0.91952E+00  0.18731E+00 -0.11014E+01 -0.37721E+01
 -0.83777E+01 -0.54282E+01  0.93149E+01  0.15949E+02  0.71061E+01  0.75010E+00
  0.61874E+01  0.88604E+01  0.16896E-01 -0.84579E+01 -0.12234E+02 -0.16471E+02
 -0.15180E+02 -0.15422E+01  0.13570E+02  0.16611E+02  0.63861E+01 -0.45766E+01
 -0.55883E+01  0.28892E+01  0.77745E+01 -0.51647E+00 -0.10834E+02 -0.13596E+02
 -0.12858E+02 -0.88943E+01 -0.30881E+01  0.27182E+01  0.34571E+01 -0.18851E+01
 -0.65823E+01 -0.34480E+01  0.30033E+01  0.59535E+01  0.73372E+01  0.97347E+01
  0.11026E+02  0.78955E+01  0.52254E+01  0.77149E+01  0.11402E+02  0.15643E+02
  0.18685E+02  0.17489E+02  0.11133E+02  0.40410E+01  0.81102E-01 -0.51686E+01
 -0.97737E+01 -0.71919E+01 -0.25829E+01 -0.30416E+01 -0.50666E+01 -0.44196E+01
 -0.82423E+00  0.27711E+01  0.17597E+01 -0.15549E+01 -0.90806E+00  0.35165E+01
  0.65591E+01  0.72983E+01  0.83139E+01  0.12278E+02  0.98844E+01  0.28005E-01
 -0.87224E+01 -0.91811E+01  0.86374E+00  0.67627E+01 -0.53972E+01 -0.21703E+02
 -0.21793E+02 -0.53905E+01  0.10736E+02  0.12212E+02  0.78935E+00 -0.64873E+01
 -0.63005E+01 -0.70348E+01 -0.83234E+01 -0.32535E+01  0.35669E+01  0.53196E+01
  0.41253E+01 -0.10331E+01 -0.77571E+01 -0.97818E+01 -0.53563E+01  0.35851E+00
  0.23874E+01 -0.74295E+00 -0.28599E+01 -0.27775E+00  0.42392E+01  0.71899E+01
  0.69159E+01  0.38776E+01  0.27742E+01  0.56328E+01  0.10242E+02  0.11718E+02
  0.10615E+02  0.10433E+02  0.89614E+01  0.46331E+01 -0.33991E+00 -0.11667E+01
  0.40185E+00  0.13255E+01  0.18806E+01  0.27121E+01  0.14245E+01 -0.19822E+01
 -0.53890E+01 -0.58474E+01 -0.32652E+01 -0.49881E+00  0.88544E+00  0.19933E+01
 -0.16897E+01 -0.73996E+01 -0.92408E+01 -0.10620E+02 -0.12276E+02 -0.10247E+02
 -0.51773E+01  0.26106E+00  0.23824E+01  0.15554E+01  0.63626E+00 -0.15728E+01
 -0.78358E+01 -0.14928E+02 -0.18059E+02 -0.18425E+02 -0.17777E+02 -0.15288E+02
 -0.80072E+01 -0.10023E+01  0.65824E+00  0.15342E-01  0.29659E+01  0.65614E+01
  0.66555E+01  0.19588E+01 -0.72527E+01 -0.16004E+02 -0.16278E+02 -0.77992E+01
 -0.19926E+01 -0.32804E+01 -0.36469E+01 -0.10650E+01  0.22684E+00 -0.23179E+00
  0.10600E+01  0.76037E+01  0.12673E+02  0.12860E+02  0.11203E+02  0.10099E+02
  0.86271E+01  0.60492E+01  0.36555E+01  0.22753E+01  0.20008E+01  0.14498E+01
  0.43812E+00 -0.14948E+01 -0.44413E+01 -0.63744E+01 -0.46221E+01 -0.18562E+01
  0.10018E+01  0.69002E+01  0.12706E+02  0.14459E+02  0.13447E+02  0.13541E+02
  0.13450E+02  0.11701E+02  0.10137E+02  0.93091E+01  0.77444E+01  0.45212E+01
  0.20351E+01  0.14838E+01  0.56399E+00 -0.11851E+01 -0.18286E+01  0.19976E+00
  0.26889E+01  0.32432E+01  0.84907E+00 -0.90008E+00  0.20683E+00  0.76102E+00
  0.48593E+00  0.94788E+00 -0.61709E+00 -0.31036E+01 -0.31023E+01 -0.61341E+00
  0.30732E+01  0.58385E+01  0.73138E+01  0.73149E+01  0.84216E+01  0.12476E+02
  0.15702E+02  0.13308E+02  0.67674E+01  0.26223E+01  0.17941E+01  0.12422E+01
  0.22960E+00 -0.13802E+00  0.87632E+00  0.24434E+01  0.11544E+01 -0.10561E+01
  0.69526E+00  0.20780E+01 -0.40883E+00 -0.25273E+01 -0.32638E+01 -0.57508E+01
 -0.87908E+01 -0.75000E+01 -0.29848E+01 -0.29843E+01 -0.61165E+01 -0.66688E+01
 -0.46413E+01 -0.36274E+01 -0.51011E+01 -0.69436E+01 -0.73117E+01 -0.72192E+01
 -0.86010E+01 -0.12747E+02 -0.16985E+02 -0.16892E+02 -0.12838E+02 -0.96137E+01
 -0.10074E+02 -0.12193E+02 -0.13391E+02 -0.12654E+02 -0.10350E+02 -0.67567E+01
 -0.47298E+01 -0.56513E+01 -0.74019E+01 -0.71257E+01 -0.27954E+01  0.24501E+00
  0.16268E+01  0.28244E+01  0.15342E+01 -0.49312E+00 -0.49343E+00  0.61193E+00
  0.70364E+00 -0.67882E+00 -0.21534E+01 -0.29831E+01 -0.16937E+01  0.51704E+00
  0.22671E+01  0.42014E+01  0.58592E+01  0.65957E+01  0.65028E+01  0.63180E+01
  0.64094E+01  0.63164E+01  0.64999E+01  0.68676E+01  0.70511E+01  0.62210E+01
  0.40089E+01  0.39158E+01  0.66789E+01  0.80600E+01  0.59398E+01  0.26220E+01
  0.68603E+00  0.31636E+00  0.16051E+01  0.29861E+01  0.36299E+01  0.35365E+01
  0.20611E+01  0.95424E+00  0.20586E+01  0.35315E+01  0.45435E+01  0.53715E+01
  0.55543E+01  0.28809E+01 -0.22801E+01 -0.44928E+01 -0.16398E+00  0.58234E+01
  0.72038E+01  0.72022E+01  0.84905E+01  0.86732E+01  0.61839E+01  0.41552E+01
  0.46142E+01  0.51653E+01  0.35050E+01  0.25819E+01  0.43307E+01  0.49737E+01
  0.35898E+01  0.18374E+01  0.63767E+00 -0.56198E+00 -0.23146E+01 -0.26851E+01
 -0.18578E+01 -0.19520E+01 -0.26912E+01 -0.26010E+01 -0.85249E+00  0.52736E+00
 -0.13175E+01 -0.40838E+01 -0.62972E+01 -0.90635E+01 -0.96185E+01 -0.69491E+01
 -0.46476E+01 -0.30836E+01  0.23098E+00  0.15186E+01 -0.50060E-01 -0.37378E+01
 -0.11756E+02 -0.15904E+02 -0.99186E+01 -0.52277E+00  0.27576E-01 -0.43053E+01
 -0.31101E+01  0.15865E+01  0.13075E+01 -0.46839E+01 -0.93854E+01 -0.85587E+01
 -0.45072E+01 -0.30358E+01 -0.71845E+01 -0.11425E+02 -0.10046E+02 -0.47047E+01
 -0.46918E+00 -0.11173E-01 -0.23173E+01 -0.51762E+01 -0.75745E+01 -0.86828E+01
 -0.69350E+01 -0.36208E+01 -0.12247E+00  0.22703E+01  0.30967E+01  0.21726E+01
  0.32701E+00 -0.15185E+01 -0.25348E+01 -0.18928E+01 -0.15270E+01 -0.14378E+01
 -0.58551E-01  0.11363E+01  0.58053E+00 -0.10807E+01 -0.20050E+01 -0.10865E+01
  0.47693E+00  0.10550E+00 -0.14638E+01 -0.22960E+01 -0.15617E+01  0.46245E+00
  0.23942E+01  0.23914E+01  0.18356E+01  0.15563E+01  0.14612E+01  0.13662E+01
  0.21003E+01  0.32951E+01  0.42136E+01  0.55002E+01  0.69720E+01  0.79820E+01
  0.67814E+01  0.40147E+01  0.22611E+01  0.21660E+01  0.32688E+01  0.40029E+01
  0.31708E+01  0.20623E+01  0.16909E+01  0.85872E+00 -0.52630E+00 -0.16058E+00
  0.16792E+01  0.37034E+01  0.47144E+01  0.50796E+01  0.48925E+01  0.41526E+01
  0.36891E+01  0.40548E+01  0.48812E+01  0.55234E+01  0.42306E+01  0.25694E+01
  0.33037E+01  0.37615E+01  0.18240E+01 -0.48218E+00 -0.15906E+01 -0.25146E+01
 -0.20567E+01 -0.21666E+00  0.24133E+00 -0.20648E+01 -0.48315E+01 -0.44655E+01
 -0.17963E+01 -0.96973E+00 -0.18016E+01 -0.17120E+01 -0.10696E+01 -0.24542E+01
 -0.50366E+01 -0.46705E+01 -0.17248E+01  0.29981E+00  0.16794E+01  0.27825E+01
  0.32407E+01  0.23170E+01  0.12089E+01  0.56165E+00  0.46704E+00  0.39554E-02
 -0.55112E+00 -0.55345E+00 -0.64784E+00 -0.55799E+00 -0.65238E+00 -0.15760E+01
 -0.19467E+01 -0.12118E+01 -0.84549E+00 -0.18612E+01 -0.26002E+01 -0.21418E+01
  0.43600E+00  0.53169E+01  0.87240E+01  0.97356E+01  0.10102E+02  0.10838E+02
  0.10651E+02  0.84382E+01  0.64089E+01  0.58542E+01  0.37333E+01  0.18887E+01
  0.18869E+01  0.14245E+01 -0.88063E+00 -0.16194E+01  0.86642E+00  0.21548E+01
 -0.70322E+00 -0.42060E+01 -0.29177E+01  0.21340E+00 -0.64491E-01 -0.10795E+01
 -0.80462E+00 -0.14511E+01 -0.32031E+01 -0.46788E+01 -0.50486E+01 -0.28388E+01
  0.10819E+00  0.38334E+00 -0.35504E+00 -0.11855E+01 -0.17396E+01 -0.21092E+01
 -0.24790E+01 -0.33095E+01 -0.51532E+01 -0.62599E+01 -0.72746E+01 -0.88419E+01
 -0.93957E+01 -0.83832E+01 -0.67256E+01 -0.49760E+01 -0.35027E+01 -0.28587E+01
 -0.27673E+01 -0.29524E+01 -0.32295E+01 -0.32304E+01 -0.33232E+01 -0.32318E+01
 -0.31403E+01 -0.30488E+01 -0.25887E+01 -0.12994E+01  0.10035E+01  0.22928E+01
  0.17395E+01  0.90984E+00  0.13700E+01  0.21068E+01  0.21063E+01  0.24746E+01
  0.26585E+01  0.19212E+01  0.53881E+00 -0.75131E+00 -0.38297E+00  0.12753E+01
  0.26572E+01  0.38549E+01  0.51447E+01  0.58817E+01  0.50525E+01  0.31175E+01
  0.16435E+01  0.10906E+01  0.10907E+01  0.44583E+00 -0.38325E+00 -0.93589E+00
 -0.84358E+00 -0.29055E+00 -0.75095E+00 -0.84287E+00  0.35518E+00  0.21062E+01
  0.20144E+01  0.72485E+00  0.80396E-01 -0.47210E+00 -0.13009E+01 -0.16689E+01
 -0.16684E+01 -0.12072E+01 -0.74595E+00 -0.11139E+01 -0.10212E+01 -0.70148E-02
  0.17793E+00 -0.46633E+00 -0.92629E+00 -0.41728E-02  0.14707E+01  0.25772E+01
  0.30387E+01  0.24868E+01  0.14741E+01  0.11985E+01  0.11074E+01  0.92404E+00
  0.37215E+00 -0.12852E+01 -0.26663E+01 -0.25731E+01 -0.22957E+01 -0.22024E+01
 -0.15564E+01 -0.54173E+00 -0.17204E+00 -0.81586E+00 -0.81459E+00  0.75293E+00
  0.17677E+01  0.25982E+01  0.36130E+01  0.37985E+01  0.29706E+01  0.23270E+01
  0.29734E+01  0.41725E+01  0.40818E+01  0.32539E+01  0.25183E+01  0.20591E+01
  0.19684E+01  0.11407E+01  0.31304E+00  0.22232E+00  0.39698E-01 -0.88009E+00
 -0.17998E+01 -0.17982E+01 -0.10596E+01 -0.13654E+00  0.14150E+00  0.41967E+00
  0.13426E+01  0.28185E+01  0.45709E+01  0.44804E+01  0.27317E+01  0.27334E+01
  0.31959E+01  0.13550E+01 -0.76236E+00 -0.17741E+01 -0.26936E+01 -0.26917E+01
 -0.93932E+00  0.62890E+00  0.44661E+00  0.11855E+01  0.32144E+01  0.47827E+01
  0.56139E+01  0.57080E+01  0.43279E+01  0.26714E+01  0.16599E+01  0.13854E+01
  0.14796E+01  0.65231E+00 -0.12804E+01 -0.27526E+01 -0.47775E+01 -0.64340E+01
 -0.63398E+01 -0.59692E+01 -0.59671E+01 -0.43987E+01 -0.13561E+01  0.12014E+00
 -0.70697E+00 -0.22712E+01 -0.21770E+01 -0.51633E+00  0.10520E+01  0.50126E+00
 -0.78652E+00 -0.27192E+01 -0.63104E+01 -0.83352E+01 -0.78724E+01 -0.73174E+01
 -0.63017E+01 -0.51018E+01 -0.43626E+01 -0.40840E+01 -0.38054E+01 -0.40797E+01
 -0.47224E+01 -0.55495E+01 -0.51788E+01 -0.42553E+01 -0.35160E+01 -0.28689E+01
 -0.21297E+01 -0.11139E+01 -0.19035E+00  0.64097E+00  0.64314E+00  0.10139E+01
  0.12924E+01  0.13867E+01  0.21260E+01  0.43394E+01  0.65529E+01  0.66471E+01
  0.50830E+01  0.46245E+01  0.51794E+01  0.58265E+01  0.65658E+01  0.68444E+01
  0.62015E+01  0.47294E+01  0.33495E+01  0.27988E+01  0.29852E+01  0.27108E+01
  0.19759E+01  0.28072E+01  0.45598E+01  0.52070E+01  0.52091E+01  0.40134E+01
  0.22649E+01  0.10692E+01  0.24204E+00 -0.21666E+00 -0.30667E+00  0.15592E+00
  0.89511E+00  0.11735E+01  0.14520E+01  0.19147E+01  0.21931E+01  0.23794E+01
  0.29341E+01  0.29361E+01  0.23852E+01  0.17422E+01  0.91495E+00 -0.18871E+00
 -0.14766E+01 -0.12905E+01 -0.27508E+00 -0.82598E+00 -0.31276E+01 -0.47841E+01
 -0.45980E+01 -0.46882E+01 -0.59763E+01 -0.68037E+01 -0.61568E+01 -0.55101E+01
 -0.50475E+01 -0.47694E+01 -0.39384E+01 -0.31075E+01 -0.29213E+01 -0.27354E+01
 -0.24573E+01 -0.24555E+01 -0.26381E+01 -0.24520E+01 -0.18055E+01 -0.15274E+01
 -0.15256E+01 -0.21690E+01 -0.40100E+01 -0.50219E+01 -0.43753E+01 -0.29916E+01
 -0.25294E+01 -0.30806E+01 -0.36318E+01 -0.37224E+01 -0.36287E+01 -0.35352E+01
 -0.29807E+01 -0.14129E+01 -0.11350E+01 -0.13177E+01 -0.11321E+01 -0.12228E+01
 -0.15899E+01 -0.20492E+01 -0.26927E+01 -0.25070E+01 -0.19528E+01 -0.22278E+01
 -0.26872E+01 -0.25936E+01 -0.27766E+01 -0.32359E+01 -0.37873E+01 -0.36940E+01
 -0.29556E+01 -0.15723E+01  0.45594E+00  0.24842E+01  0.24855E+01  0.10125E+01
  0.21309E-03 -0.18286E+00 -0.89519E-01  0.18809E+00  0.55772E+00  0.74309E+00
  0.11128E+01  0.19432E+01  0.22206E+01  0.18531E+01  0.84077E+00  0.74971E+00
  0.19485E+01  0.24102E+01  0.25034E+01  0.15830E+01 -0.44301E+00 -0.14554E+01
  0.48034E+00  0.24162E+01  0.25092E+01  0.24180E+01  0.41695E+01  0.59210E+01
  0.61062E+01  0.61993E+01  0.68451E+01  0.72148E+01  0.55568E+01  0.31621E+01
  0.19652E+01  0.27030E+01  0.32566E+01  0.35339E+01  0.31660E+01  0.27062E+01
  0.18777E+01  0.21992E+00 -0.14378E+01 -0.88427E+00  0.12356E+01  0.22497E+01
  0.22504E+01  0.20667E+01  0.19752E+01  0.16073E+01  0.10551E+01  0.17007E+01
  0.28069E+01  0.25311E+01  0.78093E+00 -0.50834E+00 -0.78418E+00  0.41415E+00
  0.20731E+01  0.40084E+01  0.47460E+01  0.50229E+01  0.45627E+01  0.30890E+01
  0.17073E+01  0.69429E+00 -0.96374E+00 -0.21611E+01 -0.68655E+00  0.17094E+01
  0.36446E+01  0.36450E+01  0.21712E+01  0.22636E+01  0.18032E+01 -0.11448E+01
 -0.35400E+01 -0.36320E+01 -0.38159E+01 -0.40921E+01 -0.23413E+01  0.42304E+00
  0.69965E+00 -0.37122E-01  0.42377E+00  0.79253E+00  0.18060E+01  0.28198E+01
  0.24514E+01  0.19909E+01  0.17145E+01  0.79330E+00 -0.68080E+00 -0.21549E+01
 -0.25234E+01 -0.27075E+01 -0.47345E+01 -0.60243E+01 -0.55637E+01 -0.43659E+01
 -0.31681E+01 -0.23389E+01 -0.19703E+01 -0.68052E+00  0.88579E+00  0.60925E+00
  0.33277E+00  0.15306E+01  0.22676E+01  0.13461E+01 -0.12827E+00 -0.12340E+01
 -0.19713E+01 -0.16027E+01 -0.49731E+00 -0.68172E+00 -0.25247E+01 -0.37226E+01
 -0.32622E+01 -0.31702E+01 -0.31705E+01 -0.23414E+01 -0.12362E+01 -0.59142E+00
 -0.14209E+01 -0.27111E+01 -0.41856E+01 -0.48308E+01 -0.38177E+01 -0.32651E+01
 -0.32656E+01 -0.18839E+01  0.14279E+00  0.17087E+01  0.20769E+01  0.12473E+01
 -0.31954E+00 -0.16099E+01 -0.16102E+01 -0.87356E+00 -0.32124E+00  0.23108E+00
  0.46316E-01 -0.59913E+00 -0.96817E+00 -0.50805E+00 -0.47869E-01  0.22790E+00
 -0.48930E-01 -0.41804E+00  0.13420E+00  0.20685E+01  0.32656E+01  0.32650E+01
  0.25273E+01  0.20660E+01  0.19732E+01  0.77492E+00  0.37125E-01  0.22069E+00
 -0.14856E+00 -0.18998E+01 -0.27297E+01 -0.19012E+01 -0.79634E+00 -0.42851E+00
 -0.52142E+00  0.39916E+00  0.20568E+01  0.18718E+01  0.85754E+00  0.85678E+00
  0.15930E+01  0.18687E+01  0.14072E+01  0.15906E+01  0.27875E+01  0.32473E+01
  0.28779E+01  0.25085E+01  0.32447E+01  0.43495E+01  0.37957E+01  0.26891E+01
  0.18591E+01  0.15817E+01  0.16729E+01  0.14876E+01  0.13023E+01  0.16700E+01
  0.27747E+01  0.37872E+01  0.32333E+01  0.16660E+01  0.46718E+00  0.97579E-01
 -0.45621E+00 -0.11943E+01 -0.21167E+01 -0.26707E+01 -0.28560E+01 -0.30414E+01
 -0.35031E+01 -0.30436E+01 -0.25841E+01 -0.27693E+01 -0.28626E+01 -0.20345E+01
 -0.83785E+00 -0.37837E+00 -0.19523E+00  0.80009E-01 -0.28971E+00 -0.75155E+00
 -0.18584E+01 -0.23203E+01 -0.23214E+01 -0.20463E+01 -0.12182E+01 -0.11377E+00
  0.10827E+01  0.16342E+01  0.18172E+01  0.18161E+01  0.18147E+01  0.21821E+01
  0.19965E+01  0.10739E+01  0.24331E+00 -0.12650E+00 -0.86487E+00 -0.16953E+01
 -0.21574E+01 -0.12373E+01 -0.50155E+00 -0.68710E+00 -0.50417E+00  0.17979E+01
  0.35471E+01  0.24401E+01  0.59603E+00 -0.69521E+00 -0.15258E+01 -0.20800E+01
 -0.28185E+01 -0.34649E+01 -0.37426E+01 -0.40205E+01 -0.45746E+01 -0.48524E+01
 -0.46695E+01 -0.45788E+01 -0.45802E+01 -0.46738E+01 -0.48595E+01 -0.44923E+01
 -0.37566E+01 -0.28368E+01 -0.18247E+01 -0.62841E+00  0.38382E+00  0.84301E+00
 -0.26411E+00 -0.18318E+01 -0.91191E+00 -0.84131E-01 -0.20205E+01 -0.47860E+01
 -0.55246E+01 -0.34990E+01 -0.45992E+00  0.13813E+01  0.55070E+00 -0.74069E+00
 -0.74224E+00 -0.74368E+00 -0.28447E+00  0.18332E+01  0.38586E+01  0.38573E+01
  0.33030E+01  0.40386E+01  0.57877E+01  0.60626E+01  0.57848E+01  0.54147E+01
  0.38470E+01  0.26478E+01  0.34755E+01  0.47639E+01  0.49468E+01  0.43925E+01
  0.46675E+01  0.57715E+01  0.55859E+01  0.42945E+01  0.36481E+01  0.41995E+01
  0.41980E+01  0.29067E+01  0.11546E+01  0.60038E+00  0.19809E+01  0.33615E+01
  0.30837E+01  0.17924E+01  0.40378E-01 -0.51392E+00  0.95891E+00  0.36293E+01
  0.50100E+01  0.43636E+01  0.27959E+01  0.24260E+01  0.17796E+01 -0.43303E+00
 -0.17244E+01 -0.71226E+00  0.23462E-01 -0.13600E+01 -0.19141E+01  0.57212E+00
  0.25056E+01  0.23200E+01  0.66022E+00 -0.12760E+01 -0.21987E+01 -0.10022E+01
 -0.81925E+00 -0.28476E+01 -0.57052E+01 -0.70885E+01 -0.43257E+01 -0.16550E+01
 -0.39597E+01 -0.65408E+01 -0.46072E+01 -0.16602E+01 -0.95108E-01  0.18004E+00
 -0.13875E+01 -0.41528E+01 -0.64574E+01 -0.54452E+01 -0.27744E+01 -0.23149E+01
 -0.32376E+01 -0.53578E+01 -0.77546E+01 -0.87692E+01 -0.74803E+01 -0.48096E+01
 -0.31523E+01 -0.38941E+00  0.41242E+01  0.69793E+01  0.56883E+01  0.27388E+01
 -0.48712E+00 -0.29758E+01 -0.22397E+01  0.62651E-01  0.61520E-01 -0.31642E+01
 -0.53765E+01 -0.34427E+01 -0.12664E+00  0.70145E+00  0.23992E+00  0.79170E+00
  0.33015E+00 -0.28956E+01 -0.32651E+01  0.23512E+00  0.60274E+00 -0.21621E+01
 -0.20709E+01 -0.22896E+00 -0.96690E+00 -0.17970E+01 -0.69222E+00  0.87331E+00
  0.17018E+01 -0.49624E-01 -0.28145E+01 -0.33680E+01 -0.25396E+01 -0.12504E+01
  0.68384E+00  0.16045E+01  0.68240E+00 -0.70032E+00 -0.13461E+01 -0.70159E+00
  0.95622E+00  0.13242E+01  0.33585E-01  0.86217E+00  0.21517E+01  0.95332E+00
 -0.33715E+00  0.10444E+01  0.22417E+01  0.30627E+00 -0.89196E+00  0.15031E+01
  0.45431E+01  0.56484E+01  0.53715E+01  0.53711E+01  0.58314E+01  0.55547E+01
  0.45408E+01  0.47248E+01  0.58301E+01  0.56455E+01  0.39867E+01  0.25124E+01
  0.19594E+01  0.15905E+01  0.14981E+01  0.27878E+01  0.34326E+01  0.32482E+01
  0.37088E+01  0.48142E+01  0.47220E+01  0.32477E+01  0.21420E+01  0.21419E+01
  0.27868E+01  0.27868E+01  0.15891E+01 -0.71432E+00 -0.21886E+01 -0.20964E+01
 -0.20042E+01 -0.18198E+01 -0.71409E+00 -0.52972E+00 -0.16352E+01 -0.27407E+01
 -0.31092E+01 -0.34775E+01 -0.29245E+01 -0.20029E+01 -0.11734E+01 -0.15969E+00
  0.24848E-01 -0.89622E+00 -0.21858E+01 -0.31069E+01 -0.28301E+01 -0.12635E+01
 -0.24961E+00 -0.52559E+00 -0.89371E+00 -0.11698E+01 -0.98501E+00 -0.98458E+00
 -0.13527E+01 -0.13521E+01 -0.24607E+00  0.10444E+01  0.15978E+01  0.14141E+01
  0.21688E+00 -0.12567E+01 -0.23618E+01 -0.32825E+01 -0.32819E+01 -0.25441E+01
 -0.22670E+01 -0.23584E+01 -0.22656E+01 -0.18043E+01 -0.13428E+01 -0.60497E+00
 -0.41991E+00 -0.41913E+00  0.13451E+00  0.10567E+01  0.18868E+01  0.19798E+01
  0.13356E+01  0.12444E+01  0.15216E+01  0.23271E+00 -0.87193E+00 -0.77895E+00
 -0.68575E+00 -0.86910E+00 -0.77591E+00 -0.77499E+00 -0.49745E+00 -0.40439E+00
 -0.15089E+01 -0.31663E+01 -0.41786E+01 -0.37168E+01 -0.26102E+01 -0.23326E+01
 -0.18707E+01 -0.12247E+01 -0.85503E+00 -0.85376E+00 -0.66836E+00 -0.29868E+00
 -0.38948E+00 -0.38820E+00 -0.38698E+00 -0.47786E+00 -0.20014E+00  0.77535E-01
  0.78836E-01 -0.65692E+00 -0.12084E+01 -0.13914E+01 -0.14822E+01 -0.12965E+01
 -0.83446E+00 -0.10173E+01 -0.15687E+01 -0.73808E+00  0.36890E+00  0.46253E+00
  0.46395E+00  0.74183E+00  0.10197E+01  0.46835E+00  0.19344E+00  0.93202E+00
  0.17628E+01  0.22250E+01  0.21343E+01  0.12145E+01  0.18242E-01 -0.16442E+00
  0.11355E+00  0.85224E+00  0.21437E+01  0.29745E+01  0.29761E+01  0.33462E+01
  0.40850E+01  0.46394E+01  0.48252E+01  0.49191E+01  0.47365E+01  0.39089E+01
  0.36341E+01  0.37279E+01  0.36375E+01  0.37313E+01  0.37329E+01  0.27211E+01
  0.16171E+01  0.14346E+01  0.14364E+01  0.10694E+01  0.13475E+01  0.21785E+01
  0.24567E+01  0.14449E+01  0.17231E+01  0.20012E+01  0.98938E+00  0.43826E+00
  0.11772E+01  0.81034E+00 -0.47786E+00 -0.47603E+00  0.35497E+00  0.63307E+00
  0.45064E+00  0.36013E+00 -0.28306E+00 -0.13869E+01 -0.23065E+01 -0.31340E+01
 -0.35929E+01 -0.34068E+01 -0.28523E+01 -0.22977E+01 -0.21117E+01 -0.13729E+01
  0.19523E+00  0.10262E+01  0.10663E+00 -0.12736E+01 -0.18248E+01 -0.15466E+01
 -0.71563E+00 -0.34536E+00 -0.98859E+00 -0.20004E+01 -0.98514E+00  0.10436E+01
  0.19667E+01  0.12313E+01  0.68022E+00  0.11426E+01  0.13286E+01  0.40892E+00
 -0.41861E+00 -0.48358E-01  0.96679E+00  0.10606E+01 -0.13547E+00 -0.13315E+01
 -0.25277E+01 -0.37238E+01 -0.41829E+01 -0.44575E+01 -0.41796E+01 -0.30723E+01
 -0.14122E+01 -0.58145E+00 -0.10405E+01 -0.85468E+00 -0.48458E+00 -0.16807E+01
 -0.94201E+00  0.24686E+01  0.42207E+01  0.17345E+01  0.77572E-01  0.26347E+00
  0.63343E+00 -0.37851E+00 -0.17591E+01 -0.17577E+01 -0.18484E+01 -0.18469E+01
 -0.19376E+01 -0.26732E+01 -0.31325E+01 -0.30389E+01 -0.23005E+01 -0.14699E+01
  0.18993E+00  0.13891E+01  0.19432E+01  0.24974E+01  0.19458E+01  0.12375E-01
  0.10573E+00  0.22262E+01  0.27802E+01  0.10309E+01 -0.44207E+00 -0.90153E+00
 -0.99246E+00 -0.71483E+00 -0.12666E+01 -0.30160E+01 -0.40282E+01 -0.31058E+01
 -0.98549E+00  0.29063E-01 -0.43058E+00 -0.10745E+01 -0.10734E+01 -0.61167E+00
 -0.61066E+00 -0.97819E+00 -0.88507E+00  0.22151E+00  0.16046E+01  0.15133E+01
  0.77713E+00  0.12387E+01  0.22531E+01  0.27147E+01  0.24390E+01  0.14265E+01
  0.22948E+00 -0.11517E+01 -0.15196E+01 -0.17031E+01 -0.23472E+01 -0.21623E+01
 -0.22537E+01 -0.28980E+01 -0.25287E+01 -0.15146E+01 -0.12375E+01 -0.15133E+01
 -0.16970E+01 -0.16964E+01 -0.17880E+01 -0.16953E+01 -0.10498E+01 -0.31223E+00
 -0.12747E+00 -0.58769E+00 -0.58722E+00 -0.12612E+00  0.33498E+00  0.98037E+00
  0.16256E+01  0.19025E+01  0.20870E+01  0.22716E+01  0.27326E+01  0.31936E+01
  0.35623E+01  0.41154E+01  0.47606E+01  0.48529E+01  0.46688E+01  0.42083E+01
  0.36556E+01  0.36557E+01  0.41165E+01  0.44852E+01  0.43009E+01  0.35639E+01
  0.25504E+01  0.19975E+01  0.89195E+00 -0.29417E-01  0.62648E-01  0.52333E+00
  0.52326E+00  0.24664E+00  0.15437E+00  0.79920E+00  0.10754E+01  0.18124E+01
  0.22728E+01  0.52202E+00 -0.17816E+01 -0.11370E+01  0.88974E+00  0.70519E+00
 -0.58504E+00 -0.49331E+00  0.51993E+00  0.88804E+00  0.11642E+01  0.88731E+00
  0.61045E+00  0.14931E+00 -0.21971E+00  0.14834E+00  0.51639E+00  0.14733E+00
 -0.22175E+00  0.54100E-01  0.23779E+00 -0.13138E+00 -0.40843E+00  0.14382E+00
  0.51175E+00  0.50395E-01 -0.77948E+00 -0.68805E+00 -0.41236E+00 -0.59736E+00
 -0.78239E+00 -0.41458E+00  0.13745E+00  0.22880E+00  0.22797E+00 -0.50996E+00
 -0.15243E+01 -0.19858E+01 -0.30923E+01 -0.39225E+01 -0.40155E+01 -0.40164E+01
 -0.39251E+01 -0.31890E+01 -0.25450E+01 -0.24539E+01 -0.25470E+01 -0.19951E+01
 -0.14434E+01 -0.12601E+01 -0.16298E+01 -0.19071E+01 -0.16318E+01 -0.71160E+00
 -0.67712E-01  0.48399E+00  0.11278E+01  0.13110E+01  0.66488E+00 -0.62619E+00
 -0.19172E+01 -0.19184E+01 -0.14589E+01 -0.16443E+01 -0.13691E+01 -0.10018E+01
 -0.10953E+01 -0.12807E+01 -0.12820E+01 -0.91471E+00 -0.54744E+00 -0.73300E+00
 -0.11028E+01 -0.10119E+01 -0.64468E+00 -0.27745E+00 -0.23541E-02  0.36487E+00
  0.17927E+00 -0.46701E+00 -0.16661E+01 -0.29574E+01 -0.37880E+01 -0.35129E+01
 -0.24086E+01 -0.18572E+01 -0.19507E+01 -0.16757E+01 -0.11242E+01 -0.11256E+01
 -0.12191E+01 -0.94413E+00 -0.39266E+00  0.34302E+00  0.89433E+00  0.98512E+00
  0.89157E+00  0.52156E+00  0.24381E+00  0.33453E+00  0.51732E+00  0.88452E+00
  0.14359E+01  0.18952E+01  0.19859E+01  0.13395E+01  0.32461E+00 -0.50598E+00
 -0.32315E+00  0.43983E-01 -0.23384E+00 -0.97234E+00 -0.15265E+01 -0.15280E+01
 -0.11609E+01 -0.79366E+00 -0.70293E+00 -0.24360E+00 -0.24494E+00 -0.61497E+00
 -0.33990E+00  0.39577E+00  0.67098E+00  0.57735E+00  0.94456E+00  0.13117E+01
  0.84971E+00 -0.16509E+00 -0.44283E+00  0.16526E-01  0.47590E+00  0.65881E+00
  0.47334E+00  0.65627E+00  0.83924E+00  0.93019E+00  0.10210E+01  0.11118E+01
  0.15713E+01  0.15702E+01  0.13846E+01  0.92274E+00  0.46081E+00  0.10124E+01
  0.21168E+01  0.27607E+01  0.22988E+01  0.21134E+01  0.20201E+01  0.18348E+01
  0.16493E+01  0.18326E+01  0.21080E+01  0.21989E+01  0.26586E+01  0.28417E+01
  0.27486E+01  0.22869E+01  0.12724E+01  0.99501E+00  0.71764E+00  0.25599E+00
  0.70775E-01 -0.11442E+00 -0.13131E+01 -0.15904E+01 -0.30138E+00  0.71128E+00
  0.13554E+01  0.16309E+01  0.15379E+01  0.17215E+01  0.19050E+01  0.20884E+01
  0.13506E+01  0.61280E+00  0.15139E+00 -0.40213E+00 -0.21857E+00  0.57203E-01
  0.14870E+00  0.10694E+01  0.13452E+01  0.23900E+00 -0.12357E+01 -0.18812E+01
 -0.24346E+01 -0.28957E+01 -0.21592E+01 -0.12383E+01 -0.31739E+00  0.14283E+00
 -0.22606E+00 -0.17007E+01 -0.31753E+01 -0.32677E+01 -0.16097E+01  0.23278E+00
 -0.22825E+00 -0.16106E+01 -0.16108E+01 -0.78180E+00 -0.22910E+00  0.47021E-01
  0.46880E-01 -0.78256E+00 -0.21647E+01 -0.18884E+01 -0.13789E+00  0.12440E+01
  0.13361E+01  0.96753E+00  0.46153E-01 -0.78303E+00 -0.32236E+00  0.23051E+00
 -0.87509E+00 -0.25334E+01 -0.27176E+01 -0.78261E+00  0.96815E+00  0.14290E+01
  0.17977E+01  0.14293E+01  0.50827E+00 -0.32074E+00 -0.41261E+00  0.48359E-01
 -0.43473E-01  0.14113E+00  0.12471E+01  0.23531E+01  0.35513E+01  0.30910E+01
  0.88007E+00 -0.15149E+01 -0.27123E+01 -0.23432E+01 -0.16978E+01 -0.14208E+01
 -0.59109E+00  0.51509E+00  0.79208E+00  0.42416E+00 -0.58879E+00 -0.13251E+01
 -0.12324E+01 -0.86316E+00 -0.77034E+00 -0.12471E+00  0.79738E+00  0.13509E+01
  0.13517E+01  0.11682E+01  0.43190E+00  0.24841E+00  0.10784E+01  0.21849E+01
  0.32915E+01  0.33844E+01  0.21875E+01  0.62217E+00  0.25449E+00  0.14532E+01
  0.21912E+01  0.15473E+01  0.71903E+00  0.44364E+00  0.35242E+00  0.53783E+00
  0.81530E+00  0.53981E+00  0.44880E+00  0.44992E+00  0.72734E+00  0.72847E+00
  0.82166E+00  0.11913E+01  0.14689E+01  0.17464E+01  0.15633E+01  0.15645E+01
  0.13814E+01  0.13826E+01  0.16601E+01  0.16614E+01  0.12019E+01  0.92682E+00
  0.46735E+00  0.56071E+00  0.15755E+01  0.28667E+01  0.31443E+01  0.27771E+01
  0.22255E+01  0.10290E+01  0.56971E+00  0.12159E+01  0.23229E+01  0.23242E+01
  0.19569E+01  0.21425E+01  0.30652E+01  0.38958E+01  0.33443E+01  0.21479E+01
  0.15043E+01  0.15057E+01  0.10463E+01  0.12635E+00 -0.51727E+00 -0.55226E-01
 -0.23810E+00 -0.78955E+00 -0.10646E+01 -0.11554E+01 -0.96978E+00 -0.50770E+00
 -0.32195E+00 -0.68929E+00 -0.13328E+01 -0.20685E+01 -0.25278E+01 -0.23422E+01
 -0.20644E+01 -0.19709E+01 -0.25222E+01 -0.27052E+01 -0.15983E+01 -0.85985E+00
 -0.15035E+01 -0.26999E+01 -0.29749E+01 -0.22365E+01 -0.18667E+01 -0.21417E+01
 -0.23247E+01 -0.25076E+01 -0.23221E+01 -0.17679E+01 -0.93744E+00 -0.29120E+00
 -0.10565E+00 -0.38082E+00 -0.74805E+00 -0.83891E+00 -0.92984E+00 -0.74430E+00
 -0.19028E+00  0.27167E+00  0.18067E+00 -0.55524E+00 -0.46188E+00  0.11921E-05
  0.93269E-01  0.27867E+00  0.55628E+00  0.74171E+00  0.37427E+00  0.19111E+00
  0.46864E+00  0.83823E+00  0.22214E+01  0.34201E+01  0.34212E+01  0.25009E+01
  0.21334E+01  0.21344E+01  0.20431E+01  0.18599E+01  0.18609E+01  0.17697E+01
  0.12178E+01  0.38951E+00  0.20613E+00 -0.34583E+00 -0.11742E+01 -0.89689E+00
  0.20959E+00 -0.61880E+00 -0.20001E+01 -0.98577E+00  0.30490E+00 -0.43148E+00
 -0.22734E+01 -0.22727E+01 -0.16271E+01 -0.23634E+01 -0.33763E+01 -0.34678E+01
 -0.29143E+01 -0.23609E+01 -0.18997E+01 -0.13463E+01 -0.24514E+01 -0.47542E+01
 -0.46617E+01 -0.33712E+01 -0.33707E+01 -0.47523E+01 -0.48441E+01 -0.25402E+01
 -0.17105E+01 -0.37371E+01 -0.48424E+01 -0.41050E+01 -0.35519E+01 -0.25381E+01
 -0.41868E+00  0.17007E+01  0.25302E+01  0.19775E+01  0.16092E+01  0.59588E+00
 -0.11546E+01 -0.12465E+01 -0.87791E+00 -0.23520E+01 -0.46554E+01 -0.58531E+01
 -0.71429E+01 -0.85249E+01 -0.76957E+01 -0.17070E+01  0.63087E+01  0.10363E+02
  0.77828E+01  0.11488E+01 -0.26288E+01 -0.26289E+01 -0.97071E+00 -0.14178E+00
 -0.97122E+00  0.31746E+01  0.10638E+02  0.74123E+01 -0.18013E+01 -0.20782E+01
  0.86981E+00  0.20670E+01  0.29880E+01 -0.32776E+01 -0.12860E+02 -0.14151E+02
 -0.62272E+01  0.46442E+01  0.94346E+01  0.76837E+01  0.76830E+01  0.86961E+01
  0.39964E+01 -0.36515E+01 -0.54948E+01 -0.13494E+01  0.21511E+01  0.19661E+01
 -0.21806E+01 -0.30107E+01  0.39761E+00  0.30688E+01  0.47264E+01  0.65682E+01
  0.63831E+01 -0.34358E+00 -0.90053E+01 -0.72556E+01  0.33392E+01  0.74843E+01
  0.29686E+01  0.22306E+01  0.51779E+01  0.17679E+01 -0.57882E+01 -0.88298E+01
 -0.61589E+01 -0.63181E+00  0.37897E+01  0.47099E+01  0.38795E+01  0.43390E+01
  0.37850E+01  0.24018E+01  0.18478E+01  0.15702E+01  0.55543E+00  0.13447E-02
  0.36866E+00  0.55175E+00 -0.64736E+00 -0.24914E+01 -0.29535E+01 -0.74352E+00
  0.63715E+00 -0.17597E+01 -0.32353E+01 -0.93338E+00  0.11844E+01  0.18278E+01
  0.30242E+01  0.35755E+01  0.18234E+01  0.25570E+00  0.62275E+00  0.17268E+01
  0.15411E+01  0.80250E+00  0.14458E+01  0.35635E+01  0.45753E+01  0.42052E+01
  0.28215E+01  0.10693E+01  0.54207E-01 -0.13170E+00  0.50934E-01  0.78635E+00
  0.96896E+00 -0.23050E+00 -0.12457E+01 -0.16159E+01 -0.20783E+01 -0.12508E+01
  0.12949E+00  0.12334E+01  0.16923E+01  0.95345E+00 -0.17203E+01 -0.36569E+01
 -0.24609E+01 -0.98853E+00 -0.14510E+01 -0.24663E+01 -0.23760E+01 -0.90364E+00
 -0.53691E+00 -0.90728E+00  0.12212E-01  0.93171E+00  0.65344E+00  0.55945E+00
  0.37331E+00  0.46357E+00  0.46168E+00 -0.87744E-03  0.11029E+01  0.16538E+01
 -0.55939E+00 -0.37861E+01 -0.47094E+01 -0.14864E+01  0.25656E+01  0.25637E+01
  0.99546E+00  0.19148E+01  0.53220E+01  0.67022E+01  0.36597E+01 -0.67260E+00
 -0.15960E+01  0.61335E+00  0.26384E+01  0.28208E+01  0.16210E+01  0.16191E+01
  0.43812E+01  0.62220E+01  0.41931E+01  0.25326E+01  0.50184E+01  0.39109E+01
 -0.17113E+01 -0.30033E+01  0.23387E+01  0.71278E+01  0.54675E+01  0.15958E+01
  0.39619E+00  0.20992E+00 -0.98974E+00 -0.19131E+01 -0.80936E+00 -0.62699E+00
 -0.26036E+00  0.13041E+01  0.14865E+01  0.37895E+00  0.11141E+01  0.20337E+01
  0.46543E+00 -0.15634E+01 -0.31316E+01 -0.48841E+01 -0.39645E+01  0.87609E-01
  0.21128E+01  0.18345E+01  0.22934E+01  0.29365E+01  0.44705E+00 -0.35165E+01
 -0.65588E+01 -0.76662E+01 -0.67466E+01 -0.47214E+01 -0.47231E+01 -0.45405E+01
 -0.11332E+01  0.26427E+01  0.24537E+00 -0.40866E+01 -0.45490E+01 -0.35372E+01
 -0.28939E+01 -0.22505E+01 -0.38185E+01 -0.62155E+01 -0.46509E+01 -0.13355E+01
 -0.41574E+00 -0.60156E+00  0.41875E-01  0.12382E+01  0.77598E+00 -0.12525E+01
 -0.28202E+01 -0.25454E+01 -0.14411E+01 -0.12582E+01 -0.24609E+00  0.30536E+00
 -0.24880E+00 -0.12636E+01  0.24996E-01  0.33406E+01  0.53664E+01  0.21403E+01
 -0.20070E+01 -0.11789E+01  0.29660E+01  0.39783E+01  0.16738E+01  0.65924E+00
  0.84238E+00  0.47284E+00  0.37966E+00 -0.63484E+00 -0.30314E+01 -0.49671E+01
 -0.34019E+01 -0.15599E+01 -0.11002E+01 -0.10088E+01 -0.82533E+00 -0.91832E+00
 -0.89802E-01  0.16053E-02 -0.55190E+00  0.18452E+00  0.21188E+01  0.17496E+01
 -0.11072E+01 -0.37797E+01 -0.42408E+01 -0.27671E+01 -0.92486E+00  0.88226E-01
  0.17999E+00 -0.28101E+00 -0.14791E+01 -0.19400E+01  0.86763E-01  0.11922E+01
 -0.15720E+01 -0.42441E+01 -0.33228E+01 -0.65093E+00  0.27047E+00  0.86266E-01
  0.54700E+00  0.14685E+01  0.91577E+00 -0.18966E+00  0.54768E+00  0.13772E+01
  0.73258E+00  0.18013E+00  0.82545E+00  0.11945E+01  0.18149E+00 -0.46293E+00
  0.36690E+00 -0.93155E-01 -0.10138E+01 -0.64453E+00  0.46188E+00  0.14762E+01
  0.19377E+01  0.20307E+01  0.21239E+01  0.21249E+01  0.17575E+01  0.83724E+00
  0.91937E-02 -0.26601E+00  0.10373E+00  0.56583E+00  0.93567E+00  0.13057E+01
  0.29373E+00 -0.90259E+00 -0.62454E+00  0.75915E+00  0.15901E+01  0.15919E+01
  0.17780E+01  0.18720E+01  0.21546E+00 -0.16253E+01 -0.17154E+01 -0.14692E+00
  0.16059E+01  0.19766E+01  0.14260E+01  0.96782E+00 -0.31975E+00 -0.14229E+01
 -0.77539E+00  0.79354E+00  0.20861E+01  0.32866E+01  0.29208E+01  0.17259E+01
  0.14525E+01  0.20083E+01  0.14585E+01  0.17169E+00  0.35921E+00  0.20208E+01
  0.38670E+01  0.48838E+01  0.47030E+01  0.37852E+01  0.24989E+01  0.17655E+01
  0.23221E+01  0.31551E+01  0.27905E+01  0.11360E+01 -0.88700E+00 -0.88289E+00
  0.31906E+00 -0.45219E-01 -0.40943E+00 -0.36479E-01 -0.30840E+00  0.24899E+00
  0.12671E+01  0.10876E+01 -0.28971E+00 -0.11140E+01 -0.83269E+00 -0.10119E+01
 -0.16518E+01 -0.10017E+01 -0.62782E+00 -0.17281E+01 -0.31968E+01 -0.35599E+01
 -0.30015E+01 -0.26273E+01 -0.28979E+01 -0.27078E+01 -0.19648E+01 -0.76099E+00
  0.74366E-01  0.26481E+00 -0.52341E-02 -0.36748E+00 -0.10059E+01 -0.90734E+00
 -0.16361E+00  0.58021E+00  0.67906E+00  0.13322E+00  0.32442E+00  0.10687E+01
  0.10758E+01 -0.29901E+00 -0.12130E+01 -0.10213E+01 -0.55309E+00  0.73462E-02
 -0.53775E+00 -0.10827E+01 -0.33775E+00  0.31520E+00 -0.59806E+00 -0.15112E+01
 -0.11344E+01 -0.84958E+00 -0.12096E+01 -0.16617E+01 -0.18373E+01 -0.10915E+01
 -0.69098E-01 -0.60111E-01 -0.69598E+00 -0.77891E+00 -0.49327E+00 -0.48385E+00
 -0.47438E+00 -0.41730E-02 -0.27078E+00 -0.12745E+01 -0.16331E+01 -0.14389E+01
 -0.17052E+01 -0.16950E+01 -0.85543E+00  0.26071E+00 -0.28163E+00 -0.15609E+01
 -0.19187E+01 -0.13550E+01 -0.51485E+00  0.69402E+00  0.18109E+01  0.20985E+01
  0.22943E+01  0.27664E+01  0.25017E+01  0.48640E+00 -0.79164E+00 -0.22686E+00
  0.61445E+00  0.10873E+01  0.19289E+01  0.15727E+01  0.20324E+00 -0.61332E+00
 -0.50848E+00 -0.40340E+00      0.0         0.0         0.0            0.0
