  0.14169E+02  0.99291E+01  0.28331E+01 -0.90545E+01 -0.11728E+02 -0.13571E+02
 -0.11822E+02  0.36549E+01  0.13605E+02  0.13142E+02  0.11390E+02  0.38341E+01
 -0.98035E+01 -0.19755E+02 -0.13860E+02 -0.26208E+01 -0.10453E+02 -0.21050E+02
 -0.61259E+01  0.11195E+02  0.12208E+02  0.96263E+01  0.91652E+01 -0.15238E+01
 -0.14240E+02 -0.14610E+02 -0.79762E+01 -0.60422E+01 -0.54303E-01  0.13950E+02
  0.17174E+02  0.35368E+01 -0.11943E+02 -0.19591E+02 -0.14155E+02 -0.70616E+01
 -0.64169E+01  0.95319E+00  0.66652E+01 -0.15387E+00 -0.12224E+02 -0.21990E+02
 -0.51301E+01  0.26196E+02  0.30986E+02  0.50040E+01 -0.18952E+02 -0.18399E+02
 -0.43253E+00  0.94265E+01  0.20390E+02  0.31170E+02  0.30524E+02  0.22786E+02
  0.13110E+02 -0.42094E+01 -0.26783E+02 -0.22822E+02  0.14107E+01  0.34378E+01
 -0.13699E+02 -0.19503E+02 -0.16278E+02 -0.20977E+02 -0.27518E+02 -0.22818E+02
 -0.77076E+01  0.22437E+01 -0.94568E+01 -0.19131E+02 -0.57707E+01  0.10723E+02
  0.12750E+02  0.12567E+02  0.40913E+01 -0.77011E+01  0.18006E+02  0.86649E+02
  0.13926E+03  0.10996E+03  0.60024E+02  0.65738E+02  0.90801E+02  0.86195E+02
  0.73943E+02  0.45289E+02 -0.31643E+02 -0.11171E+03 -0.14008E+03 -0.10046E+03
 -0.40666E+02 -0.51907E+02 -0.86638E+02 -0.91981E+02 -0.10995E+03 -0.13418E+03
 -0.76865E+02  0.43651E+02  0.81153E+02 -0.17984E+02 -0.92336E+02 -0.26826E+02
  0.62549E+02  0.38872E+02 -0.39257E+02 -0.45059E+02  0.55254E+01  0.73801E+02
  0.91124E+02  0.15852E+02 -0.48737E+02 -0.17772E+02  0.43685E+02  0.18902E+02
 -0.52592E+02 -0.23567E+02  0.10773E+03  0.16347E+03  0.10589E+03  0.57708E+02
  0.63792E+02  0.58083E+02  0.16625E+02  0.18839E+02  0.63623E+02  0.56163E+02
  0.69629E+01  0.17148E+01  0.64163E+01 -0.39556E+02 -0.98891E+02 -0.10911E+03
 -0.89295E+02 -0.68934E+02 -0.18347E+02  0.10171E+03  0.19044E+03  0.11710E+03
 -0.18335E+02 -0.54263E+02  0.25162E+02  0.89847E+02  0.24155E+02 -0.11829E+03
 -0.18498E+03 -0.10095E+03  0.70342E+01 -0.38385E+02 -0.16322E+03 -0.21343E+03
 -0.16598E+03 -0.72551E+02 -0.22517E+02 -0.41493E+02 -0.81568E+02 -0.10460E+03
 -0.69213E+02 -0.17650E+01  0.37126E+02  0.57487E+02  0.52704E+02  0.34185E+02
  0.57774E+02  0.14273E+03  0.19285E+03  0.14431E+03 -0.10754E+02 -0.17687E+03
 -0.22183E+03 -0.15576E+03 -0.48328E+02  0.26492E+02  0.77080E+02  0.13522E+03
  0.19097E+03  0.22654E+03  0.20563E+03  0.15809E+03  0.10244E+03  0.45695E+02
  0.20177E+02  0.21196E+02  0.24056E+02 -0.29377E+02 -0.13468E+03 -0.20213E+03
 -0.16434E+03 -0.53681E+02  0.21415E+02  0.55727E+01 -0.13402E+02  0.50084E+02
  0.88602E+02  0.37564E+02  0.88226E+01  0.50197E+02  0.93967E+02  0.76281E+02
  0.26694E+01 -0.38416E+02 -0.24409E+02 -0.11136E+02 -0.18501E+02  0.93289E+01
  0.43059E+02  0.15329E+02 -0.54971E+02 -0.12683E+03 -0.12305E+03 -0.35046E+02
  0.20061E+02  0.10197E+02 -0.21951E+02 -0.36043E+02 -0.51885E+02 -0.10292E+03
 -0.15894E+03 -0.16547E+03 -0.88450E+02  0.15952E+02  0.91327E+02  0.12763E+03
  0.11289E+03  0.49970E+02  0.20952E+02  0.37634E+02  0.90792E+01 -0.82777E+02
 -0.14690E+03 -0.10580E+03 -0.26930E+02 -0.43694E+02 -0.11141E+03 -0.10643E+03
 -0.43406E+02 -0.10409E+02  0.15846E+02  0.99055E+02  0.17360E+03  0.14771E+03
  0.49867E+02  0.66595E+01  0.63512E+02  0.13907E+03  0.14902E+03  0.77806E+02
 -0.37453E+02 -0.12341E+03 -0.97241E+02  0.44193E+02  0.18369E+03  0.20580E+03
  0.10861E+03  0.18503E+02  0.22930E+02  0.64763E+02  0.76469E+02  0.42291E+02
  0.15705E+01  0.32322E+01  0.47461E+02  0.90031E+02  0.75385E+02 -0.16195E+02
 -0.82068E+02 -0.61243E+02 -0.58844E+02 -0.10214E+03 -0.92374E+02  0.18284E+02
  0.99087E+02  0.20501E+02 -0.88769E+02 -0.87848E+02 -0.22889E+02  0.16553E+02
 -0.18179E+02 -0.93089E+02 -0.12045E+03 -0.93174E+02 -0.54842E+02 -0.72054E+01
  0.33705E+02  0.42276E+02  0.39882E+02  0.40896E+02  0.61646E+01 -0.80994E+02
 -0.11195E+03 -0.68276E+02 -0.27275E+02  0.17597E+02  0.94441E+02  0.15986E+03
  0.18630E+03  0.16465E+03  0.90207E+02 -0.17436E+01 -0.66883E+02 -0.74989E+02
 -0.28921E+02  0.18806E+02 -0.41354E+01 -0.76737E+02 -0.10134E+03 -0.58955E+02
  0.15399E+02  0.68378E+02  0.54557E+02  0.26271E+02  0.46633E+02  0.80447E+02
  0.73807E+02  0.51884E+02  0.52159E+02  0.41288E+02  0.14934E+02  0.45227E+01
  0.45220E+01 -0.13722E+02 -0.42653E+02 -0.45603E+02 -0.10501E+02  0.20179E+02
  0.15571E+02  0.90481E-01 -0.14779E+01  0.63527E+01  0.19283E+01  0.22472E+02
  0.82730E+02  0.12649E+03  0.12916E+03  0.11322E+03  0.89536E+02  0.39689E+02
 -0.16241E+02 -0.27945E+02 -0.12008E+02 -0.34676E+02 -0.88579E+02 -0.86461E+02
 -0.30444E+02 -0.85213E+01 -0.13961E+02 -0.51194E+01  0.24325E+01 -0.18119E+02
 -0.69256E+02 -0.13072E+03 -0.17099E+03 -0.19025E+03 -0.19163E+03 -0.16251E+03
 -0.11130E+03 -0.59794E+02 -0.30684E+02 -0.35574E+02 -0.71692E+02 -0.11648E+03
 -0.12993E+03 -0.91794E+02 -0.42136E+02 -0.17449E+02 -0.76876E+01 -0.66779E+01
 -0.14976E+02 -0.29353E+02 -0.39586E+02 -0.42909E+02 -0.47890E+02 -0.73228E+02
 -0.91203E+02 -0.46247E+02  0.24232E+02  0.38508E+02  0.57927E+01 -0.14667E+02
  0.10204E+02  0.58754E+02  0.69528E+02  0.22901E+02 -0.18934E+02 -0.15531E+02
 -0.12681E+02 -0.33325E+02 -0.31950E+02  0.15218E+02  0.61189E+02  0.77951E+02
  0.72693E+02  0.48363E+02  0.15925E+02  0.53181E+00  0.86341E+01  0.22263E+02
  0.12122E+02 -0.29714E+02 -0.57545E+02 -0.37557E+02 -0.11306E+02 -0.24948E+02
 -0.62823E+02 -0.82822E+02 -0.58780E+02 -0.88494E+01  0.17311E+02  0.13250E+02
  0.67940E+01  0.89060E+01  0.11480E+02  0.86175E+01  0.98090E+01  0.15975E+02
  0.58264E+00 -0.49546E+02 -0.84564E+02 -0.68077E+02 -0.45694E+02 -0.38146E+02
 -0.30873E+02 -0.22864E+02 -0.21672E+02 -0.24811E+02 -0.18746E+01  0.52665E+02
  0.84168E+02  0.60667E+02  0.17357E+02  0.22412E+01  0.25731E+02  0.55761E+02
  0.61191E+02  0.59250E+02  0.73066E+02  0.91026E+02  0.94890E+02  0.76826E+02
  0.41716E+02  0.12688E+02  0.61414E+01  0.88995E+01  0.82497E+01  0.26241E+01
  0.49993E+00  0.10353E+02  0.31355E+02  0.55030E+02  0.74650E+02  0.84504E+02
  0.84867E+02  0.78413E+02  0.65140E+02  0.46985E+02  0.35279E+02  0.47344E+02
  0.73691E+02  0.85573E+02  0.81054E+02  0.73770E+02  0.66395E+02  0.61601E+02
  0.65006E+02  0.69241E+02  0.62418E+02  0.43987E+02  0.27307E+02  0.28317E+02
  0.39278E+02  0.37339E+02  0.23239E+02  0.21854E+02  0.35763E+02  0.38248E+02
  0.22213E+02  0.28215E+00 -0.19438E+02 -0.30405E+02 -0.29302E+02 -0.22948E+02
 -0.14842E+02 -0.87639E+01 -0.11439E+02 -0.12915E+02 -0.29663E+01  0.81798E+01
  0.42165E+01 -0.78559E+01 -0.12925E+02 -0.18087E+02 -0.28961E+02 -0.37163E+02
 -0.37533E+02 -0.37719E+02 -0.39840E+02 -0.30350E+02 -0.16623E+02 -0.13953E+02
 -0.13679E+02 -0.31749E+01  0.15158E+02  0.20593E+02  0.12209E+02  0.15432E+02
  0.27409E+02  0.34411E+02  0.37634E+02  0.35699E+02  0.28696E+02  0.22615E+02
  0.17915E+02  0.10821E+02  0.40940E+00 -0.12674E+02 -0.23639E+02 -0.32668E+02
 -0.40407E+02 -0.45475E+02 -0.50910E+02 -0.52385E+02 -0.44645E+02 -0.32115E+02
 -0.17924E+02  0.24367E+01  0.25840E+02  0.31738E+02  0.23906E+02  0.16075E+02
  0.51117E+01  0.29932E+01  0.80609E+01  0.19812E+01  0.19813E+01  0.18843E+02
  0.12671E+02 -0.19852E+02 -0.28235E+02 -0.11465E+02 -0.10543E+02 -0.32562E+02
 -0.52094E+02 -0.58450E+02 -0.50893E+02 -0.40112E+02 -0.41677E+02 -0.43611E+02
 -0.20484E+02  0.14622E+02  0.27706E+02  0.18033E+02  0.81770E+01  0.45856E+01
 -0.81282E+01 -0.21394E+02 -0.13192E+02 -0.50826E+01 -0.20652E+02 -0.41012E+02
 -0.45986E+02 -0.37692E+02 -0.26357E+02 -0.23407E+02 -0.34738E+02 -0.44963E+02
 -0.44869E+02 -0.48277E+02 -0.55368E+02 -0.52786E+02 -0.43940E+02 -0.38870E+02
 -0.36473E+02 -0.38036E+02 -0.43656E+02 -0.43837E+02 -0.38307E+02 -0.32961E+02
 -0.26786E+02 -0.16279E+02 -0.61426E+01 -0.70626E+01 -0.22999E+02 -0.39766E+02
 -0.42158E+02 -0.37364E+02 -0.38929E+02 -0.48141E+02 -0.53390E+02 -0.47214E+02
 -0.32747E+02 -0.19845E+02 -0.13393E+02 -0.85998E+01  0.70853E+00  0.10937E+02
  0.17943E+02  0.23289E+02  0.23752E+02  0.19885E+02  0.14175E+02  0.82807E+01
  0.18338E+01 -0.18490E+01  0.73326E+00  0.45142E+01  0.79259E+01  0.11982E+02
  0.13642E+02  0.10144E+02  0.37901E+01 -0.11830E+01 -0.19177E+01 -0.26524E+01
 -0.48607E+01 -0.68848E+01 -0.10751E+02 -0.13329E+02 -0.12866E+02 -0.65980E+01
  0.25265E+01  0.94400E+01  0.11194E+02  0.13223E+02  0.22255E+02  0.29813E+02
  0.33501E+02  0.41151E+02  0.47327E+02  0.47699E+02  0.45122E+02  0.42637E+02
  0.44022E+02  0.47250E+02  0.45226E+02  0.40161E+02  0.37123E+02  0.27268E+02
  0.15386E+02  0.18337E+02  0.30317E+02  0.36309E+02  0.35391E+02  0.34380E+02
  0.33554E+02  0.28858E+02  0.13658E+02 -0.18180E+01 -0.11688E+01  0.92444E+01
  0.16987E+02  0.19570E+02  0.21324E+02  0.21143E+02  0.17829E+02  0.17555E+02
  0.23455E+02  0.30737E+02  0.30188E+02  0.19871E+02  0.14253E+02  0.19694E+02
  0.29003E+02  0.26241E+02  0.13068E+02  0.10123E+02  0.20445E+02  0.28926E+02
  0.28100E+02  0.21008E+02  0.98620E+01  0.50749E+01  0.10329E+02  0.15769E+02
  0.13100E+02  0.72058E+01  0.65643E+01  0.15412E+02  0.29235E+02  0.30621E+02
  0.18002E+02  0.14503E+02  0.22983E+02  0.25105E+02  0.12947E+02 -0.42801E+01
 -0.13399E+02 -0.86047E+01  0.28228E+01  0.62353E+01 -0.57396E+01 -0.23794E+02
 -0.35217E+02 -0.38899E+02 -0.40278E+02 -0.36498E+02 -0.22122E+02 -0.47970E+01
  0.26679E+01  0.23951E+01  0.64785E+00 -0.11920E+01 -0.45057E+01 -0.78192E+01
 -0.81855E+01 -0.66164E+01 -0.98387E+01 -0.19971E+02 -0.30195E+02 -0.37655E+02
 -0.42628E+02 -0.41796E+02 -0.38660E+02 -0.41606E+02 -0.45106E+02 -0.39021E+02
 -0.29713E+02 -0.28788E+02 -0.32932E+02 -0.31916E+02 -0.25281E+02 -0.19289E+02
 -0.17444E+02 -0.17165E+02 -0.15043E+02 -0.15317E+02 -0.17803E+02 -0.15405E+02
 -0.97821E+01 -0.69240E+01 -0.11068E+02 -0.18160E+02 -0.22765E+02 -0.16957E+02
 -0.27666E+01  0.93050E+01  0.15388E+02  0.11704E+02  0.21248E+01 -0.35865E+01
 -0.34917E+01  0.22224E+01  0.11437E+02  0.18995E+02  0.22038E+02  0.17893E+02
  0.87731E+01  0.21411E+01  0.93293E+01  0.25823E+02  0.39369E+02  0.46004E+02
  0.41767E+02  0.32279E+02  0.27951E+02  0.23713E+02  0.19015E+02  0.22609E+02
  0.29614E+02  0.24916E+02  0.11926E+02  0.51088E+01  0.82427E+01  0.95335E+01
  0.25329E+01 -0.17055E+01  0.33630E+01  0.96295E+01  0.96973E+00 -0.25380E+02
 -0.43530E+02 -0.36067E+02 -0.15888E+02 -0.34493E+01 -0.22509E+01 -0.74096E+01
 -0.15333E+02 -0.22243E+02 -0.27218E+02 -0.30442E+02 -0.27678E+02 -0.17634E+02
 -0.53801E+01  0.14834E+00  0.56561E-01  0.33732E+01  0.74275E+01  0.93624E+01
  0.10284E+02  0.15904E+02  0.29725E+02  0.43729E+02  0.45664E+02  0.27145E+02
 -0.70384E+01 -0.23900E+02 -0.10448E+02  0.22664E+01 -0.21564E+01 -0.29861E+01
  0.84383E+01  0.14242E+02  0.51203E+01 -0.72265E+01 -0.11281E+02 -0.11374E+02
 -0.12388E+02 -0.87034E+01 -0.96463E+00 -0.68914E+00 -0.75081E+01 -0.93516E+01
 -0.61279E+01 -0.39172E+01 -0.47477E+01 -0.90792E+01 -0.12582E+02 -0.17005E+02
 -0.28800E+02 -0.41054E+02 -0.44557E+02 -0.42900E+02 -0.39953E+02 -0.35070E+02
 -0.29913E+02 -0.22267E+02 -0.11673E+02 -0.10568E+02 -0.21627E+02 -0.31118E+02
 -0.29645E+02 -0.24211E+02 -0.23199E+02 -0.18686E+02 -0.76304E+01 -0.13676E+01
 -0.39491E+01 -0.46879E+01  0.21285E+01  0.75627E+01  0.79294E+01  0.94938E+01
  0.13638E+02  0.16861E+02  0.19163E+02  0.21924E+02  0.23673E+02  0.20907E+02
  0.16114E+02  0.13348E+02  0.12977E+02  0.14910E+02  0.16843E+02  0.14998E+02
  0.13154E+02  0.17205E+02  0.25772E+02  0.33416E+02  0.34981E+02  0.28621E+02
  0.21616E+02  0.17652E+02  0.16268E+02  0.14699E+02  0.79714E+01 -0.51144E+01
 -0.99999E+01  0.54770E+01  0.26850E+02  0.37443E+02  0.30991E+02  0.20209E+02
  0.20022E+02  0.18730E+02  0.79478E+01 -0.49536E+01 -0.91024E+01 -0.42213E+01
 -0.10912E+01 -0.38580E+01 -0.92963E+01 -0.14551E+02 -0.16763E+02 -0.13818E+02
 -0.74632E+01 -0.65442E+01 -0.16220E+02 -0.25713E+02 -0.20003E+02 -0.34210E+01
  0.49606E+01  0.21941E+01  0.62531E+00  0.31105E+01 -0.57701E+00 -0.79507E+01
 -0.30703E+01  0.65098E+01  0.78894E+01  0.53989E+01  0.16193E+01 -0.19763E+01
 -0.31763E+01 -0.15203E+01  0.34527E+01  0.87938E+01  0.90677E+01  0.68546E+01
  0.79571E+01  0.11456E+02  0.80450E+01 -0.53171E+01 -0.14901E+02 -0.13061E+02
 -0.79036E+01 -0.60634E+01 -0.71711E+01 -0.69892E+01 -0.42274E+01 -0.28475E+01
 -0.74569E+01 -0.13448E+02 -0.14279E+02 -0.15202E+02 -0.18337E+02 -0.19168E+02
 -0.15946E+02 -0.54447E+01  0.78206E+01  0.84633E+01 -0.46219E+01 -0.17892E+02
 -0.25633E+02 -0.24622E+02 -0.13383E+02 -0.32500E+01 -0.12247E+01  0.26432E+01
  0.11486E+02  0.14985E+02  0.11759E+02  0.10191E+02  0.10004E+02  0.98175E+01
  0.10646E+02  0.11565E+02  0.14051E+02  0.18011E+02  0.18931E+02  0.15889E+02
  0.12017E+02  0.11462E+02  0.14594E+02  0.15698E+02  0.11366E+02  0.37169E+01
 -0.26421E+01 -0.19066E+01  0.26067E+01  0.45400E+01  0.40778E+01  0.38001E+01
  0.33380E+01  0.46263E+01  0.58224E+01  0.36104E+01  0.55438E+01  0.12637E+02
  0.13004E+02  0.77511E+01  0.91321E+01  0.15119E+02  0.14381E+02  0.77464E+01
  0.43360E+01  0.63613E+01  0.96779E+01  0.11335E+02  0.13269E+02  0.13913E+02
  0.96734E+01  0.36833E+01  0.32221E+01  0.60770E+01  0.41417E+01 -0.21248E+01
 -0.26781E+01  0.17434E+01  0.67187E+01  0.10679E+02  0.10217E+02  0.83738E+01
  0.10216E+02  0.12703E+02  0.98457E+01  0.15535E+01 -0.81222E+01 -0.15309E+02
 -0.15401E+02 -0.99667E+01 -0.29648E+01  0.21024E+01 -0.35184E+01 -0.16326E+02
 -0.22408E+02 -0.21026E+02 -0.23422E+02 -0.29319E+02 -0.32268E+02 -0.27661E+02
 -0.17987E+02 -0.12920E+02 -0.16975E+02 -0.23977E+02 -0.27386E+02 -0.27663E+02
 -0.27755E+02 -0.26466E+02 -0.20753E+02 -0.15318E+02 -0.15594E+02 -0.16516E+02
 -0.11264E+02 -0.38010E+01  0.14503E+01  0.39378E+01  0.26483E+01 -0.48437E+00
 -0.40778E+01 -0.80395E+01 -0.56439E+01  0.42145E+01  0.13705E+02  0.17298E+02
  0.13336E+02  0.77168E+01  0.10204E+02  0.15363E+02  0.12323E+02  0.62430E+01
  0.40319E+01  0.25576E+01 -0.13118E+01 -0.49049E+01 -0.47206E+01  0.53227E+01
  0.19973E+02  0.25317E+02  0.21171E+02  0.16380E+02  0.13985E+02  0.10393E+02
  0.13632E+01 -0.55465E+01 -0.14922E+01  0.39443E+01  0.53564E+00 -0.36100E+01
 -0.24117E+01  0.13661E+01  0.39465E+01  0.20123E+01 -0.27784E+01 -0.66474E+01
 -0.83054E+01 -0.80287E+01 -0.99627E+01 -0.14016E+02 -0.10791E+02  0.17395E+00
  0.72693E+01  0.76387E+01  0.58883E+01  0.61656E+01  0.91143E+01  0.12524E+02
  0.12249E+02  0.79187E+01  0.60765E+01  0.92100E+01  0.13449E+02  0.14187E+02
  0.38683E+01 -0.60816E+01 -0.12898E+01  0.71875E+01  0.95837E+01  0.84791E+01
  0.70056E+01  0.87574E+01  0.10601E+02  0.49811E+01 -0.45081E+01 -0.75477E+01
 -0.47828E+01 -0.45975E+01 -0.92959E+01 -0.14454E+02 -0.18600E+02 -0.20257E+02
 -0.15558E+02 -0.62508E+01 -0.26092E+00 -0.10894E+01 -0.15491E+01  0.57099E+00
 -0.46798E+01 -0.14537E+02 -0.15919E+02 -0.89153E+01 -0.21884E+01  0.18666E+01
  0.27889E+01 -0.11719E+01 -0.97396E+01 -0.18584E+02 -0.20333E+02 -0.14251E+02
 -0.79850E+01 -0.63256E+01 -0.45739E+01 -0.12561E+01 -0.11628E+01 -0.27282E+01
 -0.88431E+00  0.35394E+01  0.63047E+01  0.48313E+01  0.26210E+01  0.48333E+01
  0.63087E+01  0.28085E+01  0.50607E+00  0.27185E+01  0.53915E+01  0.38263E+01
 -0.11481E+01 -0.16999E+01  0.33694E+01  0.93591E+01  0.13507E+02  0.13046E+02
  0.89935E+01  0.76126E+01  0.11023E+02  0.12682E+02  0.96430E+01  0.73406E+01
  0.66968E+01  0.64216E+01  0.75283E+01  0.80824E+01  0.32002E+01 -0.49066E+01
 -0.86831E+01 -0.67468E+01 -0.55482E+01 -0.94168E+01 -0.14760E+02 -0.14390E+02
 -0.60043E+01  0.27498E+01  0.63442E+01  0.43184E+01  0.81171E-01 -0.44324E+01
 -0.83930E+01 -0.10695E+02 -0.11615E+02 -0.97715E+01 -0.41501E+01  0.26691E+01
  0.79219E+01  0.10595E+02  0.11333E+02  0.13638E+02  0.14560E+02  0.10323E+02
  0.46119E+01  0.23096E+01  0.16658E+01  0.19276E+00 -0.21095E+01 -0.46882E+01
 -0.51477E+01 -0.42251E+01 -0.55137E+01 -0.71713E+01 -0.54196E+01 -0.16409E+01
 -0.16560E+00 -0.72343E-01  0.23243E+01  0.58266E+01  0.65648E+01  0.37096E+01
  0.94668E+00  0.23298E+01  0.47264E+01  0.15950E+01 -0.64198E+01 -0.88142E+01
 -0.45749E+01 -0.15334E+01 -0.19929E+01 -0.42951E+01 -0.65057E+01 -0.80708E+01
 -0.10005E+02 -0.11754E+02 -0.11477E+02 -0.10094E+02 -0.97242E+01 -0.84329E+01
 -0.60364E+01 -0.39162E+01 -0.13353E+01  0.14296E+01  0.39184E+01  0.76047E+01
  0.11291E+02  0.10555E+02  0.55809E+01  0.88297E+00 -0.12954E+00  0.29119E+01
  0.84412E+01  0.13141E+02  0.14524E+02  0.12682E+02  0.96426E+01  0.83538E+01
  0.95524E+01  0.77105E+01  0.25519E+01 -0.30342E+00  0.22774E+01  0.57795E+01
  0.63331E+01  0.47675E+01  0.43079E+01  0.60591E+01  0.81791E+01  0.95624E+01
  0.11222E+02  0.13802E+02  0.16106E+02  0.11961E+02  0.20109E+01 -0.50830E+01
 -0.50821E+01 -0.13033E+01  0.26591E+01 -0.84133E+00 -0.10699E+02 -0.17793E+02
 -0.19635E+02 -0.20739E+02 -0.21568E+02 -0.18342E+02 -0.12722E+02 -0.74695E+01
 -0.38755E+01 -0.33220E+01 -0.44271E+01 -0.31364E+01  0.18102E+00  0.11029E+01
 -0.11999E+01 -0.42397E+01 -0.75561E+01 -0.11886E+02 -0.14833E+02 -0.14465E+02
 -0.10226E+02 -0.25781E+01  0.41483E+01  0.57151E+01  0.35965E+01 -0.54921E+00
 -0.39577E+01 -0.33124E+01 -0.87260E-01  0.15715E+01  0.46640E+00  0.19035E+00
  0.24020E+01  0.58113E+01  0.84836E+01  0.99581E+01  0.94057E+01  0.71025E+01
  0.58128E+01  0.69185E+01  0.70108E+01  0.53529E+01  0.70117E+01  0.11895E+02
  0.15028E+02  0.14752E+02  0.13277E+02  0.11435E+02  0.83946E+01  0.40643E+01
  0.12081E+01  0.12082E+01  0.14847E+01 -0.81602E-01 -0.72641E+00  0.34196E+01
  0.10975E+02  0.13924E+02  0.10606E+02  0.62758E+01  0.46173E+01  0.49858E+01
  0.23137E+01 -0.44124E+01 -0.10586E+02 -0.12336E+02 -0.11692E+02 -0.11968E+02
 -0.10494E+02 -0.71776E+01 -0.51508E+01 -0.17571E+00  0.79317E+01  0.11525E+02
  0.94976E+01  0.66411E+01  0.50745E+01  0.28629E+01 -0.11915E+01 -0.16525E+01
  0.29539E+01  0.62703E+01  0.69148E+01  0.64537E+01  0.51632E+01  0.27672E+01
 -0.36586E+00 -0.24855E+01 -0.61715E+01 -0.11424E+02 -0.13267E+02 -0.11056E+02
 -0.79243E+01 -0.71882E+01 -0.84783E+01 -0.10138E+02 -0.13732E+02 -0.18984E+02
 -0.22578E+02 -0.21750E+02 -0.18619E+02 -0.15118E+02 -0.10143E+02 -0.47076E+01
 -0.65450E+00  0.13717E+01  0.19238E+01  0.27521E+01  0.40410E+01  0.34874E+01
  0.17359E+01  0.33934E+01  0.67093E+01  0.58791E+01  0.21006E+01  0.14547E+01
  0.19144E+01 -0.94286E+00 -0.42608E+01 -0.39854E+01 -0.12224E+01  0.98779E+00
 -0.11325E+01 -0.59246E+01 -0.85976E+01 -0.78618E+01 -0.56516E+01 -0.50078E+01
 -0.39955E+01 -0.20619E+01 -0.77315E+00  0.54868E-01  0.10672E+01 -0.31608E+00
 -0.39107E+01 -0.41884E+01 -0.96485E+00  0.36406E+01  0.90757E+01  0.13865E+02
  0.14785E+02  0.98087E+01  0.44633E+01  0.25272E+01  0.68304E+00 -0.28194E+01
 -0.67828E+01 -0.84425E+01 -0.71540E+01 -0.36543E+01  0.85892E+00  0.26082E+01
  0.23303E+01  0.25131E+01  0.19589E+01  0.66758E+00  0.57389E+00  0.18623E+01
  0.27822E+01  0.22280E+01 -0.19197E+01 -0.76336E+01 -0.85563E+01 -0.54255E+01
 -0.23865E+01 -0.30328E+01 -0.64439E+01 -0.72740E+01 -0.64466E+01 -0.55266E+01
 -0.40540E+01 -0.24892E+01 -0.12929E+01  0.15616E+01  0.37714E+01  0.36777E+01
  0.24784E+01  0.21082E+01  0.12775E+01  0.72307E+00  0.27485E+01  0.52345E+01
  0.53251E+01  0.70740E+01  0.11403E+02  0.11125E+02  0.53188E+01  0.16319E+01
  0.24595E+01  0.17208E+01 -0.15976E+01 -0.49162E+01 -0.61154E+01 -0.59327E+01
 -0.66713E+01 -0.63046E+01 -0.86995E+00  0.64994E+01  0.10368E+02  0.92606E+01
  0.67711E+01  0.52033E+01  0.41883E+01  0.45553E+01  0.82391E+01  0.11186E+02
  0.86048E+01  0.39964E+01  0.24286E+01  0.27956E+01  0.36234E+01  0.58331E+01
  0.63845E+01  0.38952E+01  0.29724E+01  0.62878E+01  0.98797E+01  0.73906E+01
  0.16767E+01 -0.20101E+01 -0.41308E+01 -0.56985E+01 -0.68055E+01 -0.68992E+01
 -0.66241E+01 -0.80996E+01 -0.11049E+02 -0.13354E+02 -0.12527E+02 -0.92110E+01
 -0.51581E+01 -0.73694E+00  0.24865E+01  0.29459E+01  0.14704E+01  0.10084E+01
  0.25734E+01  0.44148E+01  0.63484E+01  0.92958E+01  0.12150E+02  0.13624E+02
  0.13070E+02  0.12700E+02  0.13712E+02  0.13434E+02  0.10946E+02  0.79960E+01
  0.78103E+01  0.94677E+01  0.10112E+02  0.88210E+01  0.56869E+01  0.26454E+01
  0.27364E+01  0.51307E+01  0.52219E+01  0.24569E+01  0.11660E+01  0.30076E+01
  0.36516E+01  0.13472E+01  0.97779E+00  0.25430E+01  0.18972E+01 -0.95997E+00
 -0.33564E+01 -0.43707E+01 -0.46481E+01 -0.39118E+01 -0.35442E+01 -0.49270E+01
 -0.63099E+01 -0.48365E+01 -0.17968E+01 -0.15211E+01 -0.47467E+01 -0.64980E+01
 -0.24445E+01  0.20691E+01 -0.16170E+01 -0.14424E+02 -0.27324E+02 -0.33682E+02
 -0.34789E+02 -0.31195E+02 -0.24010E+02 -0.81634E+01  0.57481E+01  0.12751E+02
  0.17725E+02  0.14132E+02 -0.57693E-01 -0.30988E+01  0.32583E+01 -0.10734E+01
 -0.15330E+01  0.51915E+01  0.15981E+01 -0.84446E+01 -0.16092E+02 -0.15540E+02
 -0.10105E+02 -0.75249E+01 -0.71567E+01 -0.12409E+02 -0.24940E+02 -0.24756E+02
 -0.36566E+01  0.63865E+01 -0.90011E+01 -0.19505E+02 -0.12226E+02 -0.48551E+01
  0.27922E+01  0.12098E+02  0.11084E+02 -0.66981E+01 -0.23928E+02 -0.20887E+02
 -0.23678E+01  0.11545E+02  0.97955E+01  0.26078E+01  0.76509E+00  0.12022E+00
 -0.26437E+01 -0.70860E+00  0.57411E+01  0.15231E+02  0.23247E+02  0.20207E+02
  0.35306E+01 -0.49460E+01  0.22422E+01  0.95203E+01  0.12377E+02  0.12009E+02
  0.10535E+02  0.79554E+01  0.40065E+00  0.14142E+01  0.13945E+02  0.13854E+02
  0.25215E+01 -0.33746E+01 -0.59539E+01 -0.78881E+01 -0.63215E+01 -0.52151E+01
 -0.75180E+01 -0.50297E+01  0.38160E+01  0.86078E+01  0.39094E+01 -0.18023E+01
  0.20681E+01  0.62150E+01 -0.97086E+00 -0.90781E+01 -0.77875E+01 -0.52068E+01
 -0.63115E+01 -0.36388E+01  0.26273E+01  0.48395E+01  0.15235E+01 -0.22531E+01
  0.88041E+00  0.58567E+01  0.38307E+01  0.51478E+00  0.29114E+01  0.70585E+01
  0.75202E+01  0.66917E+01  0.65088E+01  0.66940E+01  0.43916E+01 -0.18724E+01
 -0.42668E+01  0.52564E+00  0.10478E+02  0.18494E+02  0.17114E+02  0.13337E+02
  0.16932E+02  0.20250E+02  0.14447E+02  0.65243E+01  0.13661E+01 -0.23178E+01
 -0.17638E+01  0.25678E+01  0.54253E+01  0.58874E+01  0.27563E+01 -0.38761E+01
 -0.69152E+01 -0.69138E+01 -0.47011E+01  0.24870E+01  0.51605E+01  0.18451E+01
  0.16622E+01  0.53492E+01  0.82070E+01  0.60893E+01  0.29579E+01  0.48027E+01
  0.69235E+01  0.60958E+01  0.50835E+01  0.51774E+01  0.61925E+01  0.81290E+01
  0.97892E+01  0.75796E+01  0.51856E+01  0.54637E+01  0.58338E+01  0.48220E+01
  0.19674E+01 -0.36511E+01 -0.98226E+01 -0.13137E+02 -0.11017E+02 -0.38286E+01
  0.30833E+01  0.58491E+01  0.42846E+01 -0.41259E+00 -0.42804E+01 -0.71350E+01
 -0.68566E+01 -0.17876E+01  0.18074E+01 -0.22447E+01 -0.12378E+02 -0.17997E+02
 -0.14954E+02 -0.64759E+01 -0.30087E+00 -0.30631E+01 -0.74839E+01 -0.94170E+01
 -0.11626E+02 -0.11808E+02 -0.90432E+01 -0.10423E+02 -0.17055E+02 -0.22673E+02
 -0.23501E+02 -0.20551E+02 -0.18246E+02 -0.18613E+02 -0.20269E+02 -0.20083E+02
 -0.14737E+02 -0.55219E+01 -0.26835E+00 -0.10036E+01 -0.25680E+01 -0.33033E+01
 -0.37622E+01 -0.16413E+01  0.14931E+01  0.26928E+01  0.66758E+00 -0.80489E+00
  0.25139E+01  0.71227E+01  0.69400E+01  0.40855E+01  0.35345E+01  0.51026E+01
  0.51965E+01  0.39084E+01  0.44630E+01  0.65838E+01  0.82440E+01  0.88908E+01
  0.73262E+01  0.31818E+01  0.23525E+00  0.60546E+00  0.30949E+01  0.62292E+01
  0.95478E+01  0.11576E+02  0.10657E+02  0.74338E+01  0.50396E+01  0.55947E+01
  0.66096E+01  0.63348E+01  0.34803E+01 -0.84848E+00 -0.32424E+01 -0.30565E+01
 -0.30549E+01 -0.46194E+01 -0.59080E+01 -0.46167E+01 -0.99711E-01  0.47851E+01
  0.69057E+01  0.81969E+01  0.83827E+01  0.53438E+01  0.14756E+01  0.95038E-01
  0.14786E+01  0.83514E+00 -0.30331E+01 -0.49664E+01 -0.37673E+01 -0.21073E+01
 -0.72380E+00  0.18574E+01  0.44387E+01  0.44402E+01  0.31516E+01  0.30609E+01
  0.26937E+01  0.23126E-01 -0.67664E-01  0.26980E+01  0.36207E+01  0.85780E+00
 -0.44848E+01 -0.78004E+01 -0.68777E+01 -0.36517E+01 -0.97851E+00  0.10498E+01
  0.20645E+01  0.14207E+01  0.12377E+01  0.26210E+01  0.19772E+01  0.68844E+00
  0.40987E+01  0.83380E+01  0.75098E+01  0.44713E+01  0.17997E+01 -0.87122E+00
 -0.28047E+01 -0.23431E+01 -0.59142E+00 -0.14196E+01 -0.35377E+01 -0.39973E+01
 -0.26143E+01 -0.22448E+01 -0.39022E+01 -0.63890E+01 -0.62959E+01 -0.50050E+01
 -0.62018E+01 -0.60166E+01 -0.15933E+01  0.29223E+01  0.40289E+01  0.89701E+00
 -0.39854E+01 -0.57351E+01 -0.49051E+01 -0.44437E+01 -0.38901E+01 -0.66453E+00
  0.41273E+01  0.59708E+01  0.46815E+01  0.30238E+01  0.37615E+01  0.54205E+01
  0.53287E+01  0.29342E+01  0.81579E+00 -0.38134E+00 -0.15786E+01 -0.50791E+01
 -0.77505E+01 -0.79342E+01 -0.74731E+01 -0.60904E+01 -0.33259E+01 -0.74559E+00
 -0.46868E+00 -0.16660E+01 -0.15733E+01  0.17762E+00 -0.37484E+00 -0.52576E+01
 -0.92192E+01 -0.86658E+01 -0.67307E+01 -0.54406E+01 -0.39660E+01 -0.28600E+01
 -0.26756E+01 -0.11090E+01  0.12869E+01  0.22085E+01  0.73447E+00 -0.21215E+01
 -0.35033E+01 -0.30427E+01 -0.46246E+00  0.34993E+01  0.62635E+01  0.72777E+01
  0.84750E+01  0.96726E+01  0.99496E+01  0.93968E+01  0.81988E+01  0.68169E+01
  0.68169E+01  0.84754E+01  0.10410E+02  0.99495E+01  0.54348E+01  0.20256E+01
  0.15648E+01  0.11041E+01  0.55111E+00  0.11038E+01  0.16565E+01  0.34990E+01
  0.58023E+01  0.53413E+01  0.18399E+01 -0.13851E+01 -0.34124E+01 -0.56238E+01
 -0.81119E+01 -0.72830E+01 -0.43348E+01 -0.23082E+01 -0.14794E+01 -0.14797E+01
 -0.15722E+01 -0.92772E+00 -0.55953E+00 -0.92850E+00 -0.74472E+00  0.84008E-01
  0.26771E+00 -0.93041E+00 -0.31422E+01 -0.34191E+01 -0.14849E+01  0.17303E+00
  0.22916E+01  0.32124E+01  0.63189E+00 -0.25935E+01 -0.23177E+01  0.20121E+01
  0.44068E+01  0.33006E+01  0.27471E+01  0.31149E+01  0.26534E+01  0.18235E+01
  0.90135E+00  0.71278E-01  0.15447E+01  0.52293E+01  0.64263E+01  0.39377E+01
  0.15931E+00 -0.33427E+01 -0.42650E+01 -0.20546E+01  0.13535E+01  0.31952E+01
  0.29178E+01  0.25484E+01  0.32845E+01  0.49419E+01  0.55858E+01  0.49398E+01
  0.50309E+01  0.58590E+01  0.46601E+01  0.88151E+00 -0.87024E+00  0.13399E+01
  0.30894E+01  0.29961E+01  0.20736E+01 -0.46812E-01 -0.34570E+01 -0.59459E+01
 -0.55786E+01 -0.20787E+01  0.17897E+01  0.49858E+00 -0.52152E+01 -0.73359E+01
 -0.30065E+01  0.40114E+00 -0.33732E+00 -0.23657E+01 -0.54075E+01 -0.65146E+01
 -0.52708E+00  0.74868E+01  0.86840E+01  0.38911E+01  0.18625E+01  0.32431E+01
  0.22282E+01 -0.11824E+01 -0.25659E+01 -0.26597E+01 -0.33062E+01 -0.32155E+01
 -0.26884E+00  0.43364E+01  0.57168E+01  0.51622E+01  0.32259E+01  0.11973E+01
  0.11956E+01  0.18389E+01  0.86690E-01 -0.29556E+01 -0.46156E+01 -0.27747E+01
  0.11855E+01  0.24736E+01  0.26562E+01  0.37600E+01  0.36661E+01  0.14532E+01
 -0.22868E-01  0.34387E+00  0.43416E+00 -0.21256E+00  0.33837E+00  0.26400E+01
  0.45730E+01  0.52160E+01  0.39243E+01  0.22640E+01  0.15251E+01  0.78607E+00
 -0.15192E+01 -0.46538E+01 -0.65906E+01 -0.74217E+01 -0.81607E+01 -0.92682E+01
 -0.93623E+01 -0.82587E+01 -0.82606E+01 -0.92760E+01 -0.10107E+02 -0.92800E+01
 -0.76235E+01 -0.69806E+01 -0.80881E+01 -0.95640E+01 -0.10488E+02 -0.10950E+02
 -0.10123E+02 -0.75453E+01 -0.59811E+01 -0.66280E+01 -0.75513E+01 -0.75533E+01
 -0.80160E+01 -0.98608E+01 -0.12074E+02 -0.10325E+02 -0.69185E+01 -0.76578E+01
 -0.11161E+02 -0.11716E+02 -0.95989E+01 -0.72051E+01 -0.66542E+01 -0.75776E+01
 -0.78561E+01 -0.78580E+01 -0.77680E+01 -0.73092E+01 -0.54685E+01 -0.25222E+01
 -0.12869E+00  0.51435E+00  0.78867E+00  0.29059E+01  0.60364E+01  0.75086E+01
  0.72303E+01  0.55699E+01  0.45544E+01  0.53816E+01  0.68538E+01  0.66676E+01
  0.50994E+01  0.38997E+01  0.32528E+01  0.27902E+01  0.32490E+01  0.49975E+01
  0.66542E+01  0.62837E+01  0.49919E+01  0.46215E+01  0.45275E+01  0.39729E+01
  0.40631E+01  0.62725E+01  0.86662E+01  0.98622E+01  0.10137E+02  0.94901E+01
  0.74614E+01  0.41427E+01  0.14690E+01  0.11908E+01  0.25710E+01  0.42278E+01
  0.58846E+01  0.73571E+01  0.88296E+01  0.87358E+01  0.68914E+01  0.58763E+01
  0.75331E+01  0.92820E+01  0.86354E+01  0.66990E+01  0.50388E+01  0.59591E+01
  0.90899E+01  0.94573E+01  0.59543E+01  0.30044E+01  0.42007E+01  0.60420E+01
  0.60406E+01  0.53941E+01  0.53006E+01  0.51149E+01  0.42843E+01  0.26246E+01
  0.28995E+01  0.60309E+01  0.78724E+01  0.67653E+01  0.55663E+01  0.63943E+01
  0.79594E+01  0.84188E+01  0.79570E+01  0.66658E+01  0.37162E+01  0.29768E-01
 -0.16299E+01 -0.15389E+01 -0.19086E+01 -0.36601E+01 -0.55040E+01 -0.60579E+01
 -0.60588E+01 -0.59678E+01 -0.52316E+01 -0.35741E+01 -0.25616E+01 -0.19176E+01
 -0.11814E+01 -0.90581E+00 -0.90673E+00 -0.21054E+01 -0.43175E+01 -0.49633E+01
 -0.30292E+01 -0.10030E+01 -0.12801E+01 -0.27551E+01 -0.43221E+01 -0.53364E+01
 -0.61663E+01 -0.75489E+01 -0.87473E+01 -0.96694E+01 -0.10131E+02 -0.84728E+01
 -0.49722E+01 -0.32222E+01 -0.33148E+01 -0.38682E+01 -0.38687E+01 -0.22107E+01
 -0.92129E+00 -0.73753E+00 -0.10143E+01 -0.46190E+00  0.64334E+00  0.82722E+00
 -0.24028E-02 -0.64757E+00  0.89169E-01  0.64177E+00  0.18067E+00 -0.46457E+00
 -0.64912E+00 -0.12021E+01 -0.32294E+01 -0.38744E+01 -0.19397E+01 -0.10186E+01
 -0.16637E+01 -0.92669E+00  0.22980E+01  0.38642E+01  0.24820E+01  0.18371E+01
  0.30349E+01  0.43247E+01  0.36797E+01  0.18370E+01  0.45501E+00 -0.65054E+00
 -0.19404E+01 -0.22167E+01 -0.83458E+00  0.63971E+00  0.11006E+01  0.63999E+00
 -0.46548E+00 -0.37317E+00  0.82479E+00  0.17463E+01  0.10095E+01  0.45700E+00
  0.23920E+01  0.47880E+01  0.50647E+01  0.40513E+01  0.39596E+01  0.46970E+01
  0.46974E+01  0.35921E+01  0.11049E+01 -0.64538E+00 -0.18427E+00  0.11982E+01
  0.18436E+01  0.27772E+00 -0.19330E+01 -0.25775E+01 -0.25770E+01 -0.32214E+01
 -0.31288E+01 -0.17463E+01 -0.16536E+01 -0.25743E+01 -0.24816E+01 -0.22046E+01
 -0.32175E+01 -0.45989E+01 -0.52431E+01 -0.49661E+01 -0.40439E+01 -0.28456E+01
 -0.21999E+01 -0.30284E+01 -0.36726E+01 -0.24742E+01 -0.13677E+01 -0.21040E+01
 -0.32089E+01 -0.39452E+01 -0.54185E+01 -0.74448E+01 -0.75360E+01 -0.52318E+01
 -0.32040E+01 -0.22817E+01 -0.71446E+00  0.14055E+01  0.24200E+01  0.14995E+01
  0.11844E+00 -0.24918E+00 -0.52463E+00 -0.15372E+01 -0.22733E+01 -0.26408E+01
 -0.38376E+01 -0.46658E+01 -0.31906E+01 -0.97820E+00  0.10498E+01  0.29858E+01
  0.40004E+01  0.33565E+01  0.21598E+01  0.16082E+01  0.96433E+00 -0.96937E+00
 -0.36403E+01 -0.52054E+01 -0.51120E+01 -0.36367E+01 -0.25297E+01 -0.17915E+01
 -0.40829E+00 -0.38399E-01 -0.40574E+00  0.56213E-01  0.12552E+01  0.21780E+01
  0.22712E+01  0.18119E+01  0.19054E+01  0.37494E+01  0.67912E+01  0.77139E+01
  0.64254E+01  0.50447E+01  0.51383E+01  0.42182E+01  0.17318E+01 -0.66221E+00
 -0.18586E+01 -0.15807E+01 -0.47355E+00  0.54143E+00  0.13720E+01  0.14656E+01
  0.63788E+00 -0.18979E+00  0.73306E+00  0.29458E+01  0.49744E+01  0.50680E+01
  0.43324E+01  0.31361E+01  0.16635E+01  0.65163E+00  0.10038E+00 -0.82300E-01
 -0.72566E+00 -0.13690E+01 -0.21045E+01 -0.24714E+01 -0.22855E+01 -0.12704E+01
 -0.99235E+00 -0.18199E+01 -0.20025E+01 -0.13559E+01 -0.61716E+00 -0.16289E+01
 -0.31936E+01 -0.39289E+01 -0.38351E+01 -0.30962E+01 -0.16204E+01  0.13195E+00
  0.16078E+01  0.18860E+01  0.14271E+01  0.78390E+00  0.11541E+01  0.19853E+01
  0.28162E+01  0.29101E+01  0.24513E+01  0.19923E+01  0.19020E+01  0.18117E+01
  0.19978E+01  0.26446E+01  0.36600E+01  0.52281E+01  0.62434E+01  0.55082E+01
  0.42201E+01  0.33006E+01  0.20125E+01  0.79550E-01 -0.11163E+01 -0.74591E+00
 -0.37542E+00 -0.74214E+00 -0.15695E+01 -0.13833E+01  0.63467E-03  0.18453E+01
  0.36899E+01  0.50738E+01  0.45229E+01  0.24056E+01  0.47277E+00 -0.72309E+00
 -0.13662E+01 -0.16406E+01 -0.13622E+01 -0.89972E+00 -0.12663E+01 -0.18172E+01
 -0.17232E+01 -0.13527E+01 -0.11664E+01 -0.42745E+00  0.40382E+00 -0.23929E+00
 -0.22643E+01 -0.41972E+01 -0.49324E+01 -0.41012E+01 -0.21645E+01 -0.13333E+01
 -0.16077E+01 -0.25272E+01 -0.34466E+01 -0.44581E+01 -0.58383E+01 -0.72184E+01
 -0.75850E+01 -0.65696E+01 -0.40801E+01 -0.11297E+01 -0.20648E+00 -0.12181E+01
 -0.17690E+01 -0.11222E+01 -0.29105E+00 -0.10262E+01 -0.23142E+01 -0.29573E+01
 -0.32319E+01 -0.38749E+01 -0.35045E+01 -0.24891E+01 -0.23030E+01 -0.18404E+01
  0.74126E+00  0.48892E+01  0.61810E+01  0.34186E+01  0.10352E+00 -0.17374E+01
 -0.18277E+01 -0.16416E+01 -0.19163E+01 -0.18224E+01 -0.12677E+01 -0.89740E+00
  0.25697E-01  0.15938E+01  0.16876E+01  0.76795E+00  0.49329E+00  0.18771E+01
  0.36293E+01  0.39074E+01  0.27114E+01  0.32658E+01  0.54787E+01  0.61253E+01
  0.43764E+01  0.26274E+01  0.36425E+01  0.65002E+01  0.78840E+01  0.76090E+01
  0.72421E+01  0.67829E+01  0.68766E+01  0.72470E+01  0.70638E+01  0.66968E+01
  0.55004E+01  0.40277E+01  0.32920E+01  0.28328E+01  0.19128E+01 -0.20646E-01
 -0.14013E+01 -0.10314E+01  0.25980E+00  0.99819E+00  0.20130E+01  0.39492E+01
  0.56088E+01  0.52415E+01  0.27551E+01  0.54501E+00  0.91476E+00  0.17452E+01
  0.22991E+01  0.36823E+01  0.50654E+01  0.52508E+01  0.38699E+01  0.37787E+01
  0.50697E+01  0.47942E+01  0.36896E+01  0.32299E+01  0.29545E+01  0.18497E+01
  0.83712E+00  0.56161E+00 -0.35891E+00 -0.11873E+01  0.10248E+01  0.58167E+01
  0.71994E+01  0.51732E+01  0.48054E+01  0.58195E+01  0.35168E+01 -0.53654E+00
 -0.21943E+01 -0.33916E+01 -0.41280E+01 -0.40354E+01 -0.26529E+01 -0.15467E+01
 -0.14541E+01 -0.23750E+01 -0.35724E+01 -0.41248E+01 -0.42165E+01 -0.48612E+01
 -0.57823E+01 -0.55055E+01 -0.37547E+01 -0.30173E+01 -0.28330E+01 -0.24641E+01
 -0.20954E+01 -0.26481E+01 -0.30165E+01 -0.35693E+01 -0.47670E+01 -0.44906E+01
 -0.31086E+01 -0.24636E+01 -0.24636E+01 -0.33851E+01 -0.45830E+01 -0.44910E+01
 -0.42146E+01 -0.52283E+01 -0.63343E+01 -0.72559E+01 -0.74403E+01 -0.65193E+01
 -0.50455E+01 -0.32031E+01 -0.19135E+01 -0.28353E+01 -0.63369E+01 -0.88250E+01
 -0.83648E+01 -0.80890E+01 -0.86423E+01 -0.85507E+01 -0.79985E+01 -0.82756E+01
 -0.81841E+01 -0.67105E+01 -0.54213E+01 -0.58827E+01 -0.67127E+01 -0.61606E+01
 -0.43187E+01 -0.23847E+01 -0.91133E+00 -0.63578E+00 -0.15581E+01 -0.25725E+01
 -0.35868E+01 -0.34037E+01 -0.24832E+01 -0.24842E+01 -0.24853E+01 -0.17492E+01
 -0.17503E+01 -0.23965E+01 -0.25818E+01 -0.34121E+01 -0.38740E+01 -0.35988E+01
 -0.31394E+01 -0.24036E+01 -0.93064E+00  0.63435E+00  0.10938E+01  0.10925E+01
  0.10911E+01  0.44470E+00 -0.75437E+00 -0.25065E+01 -0.34293E+01 -0.32464E+01
 -0.26950E+01 -0.26044E+01 -0.30666E+01 -0.27917E+01 -0.24247E+01 -0.29790E+01
 -0.36256E+01 -0.23373E+01  0.60939E+00  0.15291E+01  0.12511E+01  0.16180E+01
  0.18005E+01  0.18910E+01  0.32713E+01  0.47438E+01  0.55712E+01  0.56617E+01
  0.63969E+01  0.73165E+01  0.78675E+01  0.80501E+01  0.86010E+01  0.93362E+01
  0.96108E+01  0.91483E+01  0.83171E+01  0.73939E+01  0.77605E+01  0.88644E+01
  0.88623E+01  0.76626E+01  0.74764E+01  0.77508E+01  0.67354E+01  0.41535E+01
  0.12032E+01 -0.45718E+00  0.83064E+00  0.30399E+01  0.35907E+01  0.28517E+01
  0.29417E+01  0.41375E+01  0.45961E+01  0.44098E+01  0.39470E+01  0.33000E+01
  0.32058E+01  0.32959E+01  0.29252E+01  0.11726E+01 -0.67225E+00 -0.15035E+01
 -0.15057E+01 -0.17842E+01 -0.27076E+01 -0.33547E+01 -0.28962E+01 -0.25298E+01
 -0.20712E+01 -0.78336E+00  0.10571E+01  0.23450E+01  0.28956E+01  0.27093E+01
  0.19700E+01  0.19679E+01  0.20579E+01  0.16872E+01  0.13166E+01  0.14065E+01
  0.24179E+01  0.33371E+01  0.35192E+01  0.35171E+01  0.35150E+01  0.24993E+01
  0.11151E+01  0.56017E+00  0.74235E+00  0.16616E+01  0.21202E+01  0.17495E+01
  0.10103E+01  0.91606E+00  0.82166E+00  0.91174E+00  0.72542E+00  0.63116E+00
  0.62897E+00  0.35044E+00 -0.20084E-01  0.62275E+00  0.22791E+01  0.31984E+01
  0.26435E+01  0.17201E+01  0.16259E+01  0.26373E+01  0.34645E+01  0.31861E+01
  0.24469E+01  0.19841E+01  0.50796E+00 -0.14289E+01 -0.28130E+01 -0.39206E+01
 -0.30013E+01 -0.13448E+01 -0.16232E+01 -0.34680E+01 -0.41149E+01 -0.24584E+01
 -0.13548E+01 -0.98816E+00 -0.89797E+00 -0.99208E+00 -0.11783E+01 -0.19172E+01
 -0.22877E+01 -0.30268E+01 -0.42264E+01 -0.48732E+01 -0.44145E+01 -0.34949E+01
 -0.30361E+01 -0.22088E+01 -0.17499E+01 -0.15675E+01 -0.13849E+01 -0.19397E+01
 -0.25865E+01 -0.16669E+01 -0.11159E+01 -0.16704E+01 -0.26857E+01 -0.30560E+01
 -0.23207E+01 -0.21381E+01 -0.13106E+01  0.89897E+00  0.15422E+01 -0.25808E-01
 -0.14095E+01 -0.25168E+01 -0.40847E+01 -0.57448E+01 -0.59307E+01 -0.47346E+01
 -0.28013E+01  0.53389E-01  0.25393E+01  0.29063E+01  0.28126E+01  0.41009E+01
  0.40994E+01  0.14260E+01 -0.49656E-01  0.22523E+01  0.50149E+01  0.34471E+01
  0.11422E+01  0.16936E+01  0.29821E+01  0.27043E+01  0.12288E+01 -0.19974E+01
 -0.47629E+01 -0.20001E+01  0.23289E+01  0.11298E+01 -0.49524E+01 -0.59672E+01
 -0.34825E+00  0.14932E+01  0.84704E+00  0.41628E+01  0.44380E+01 -0.63071E+00
 -0.23825E+01 -0.54094E+00 -0.11871E+01 -0.47814E+01 -0.54276E+01  0.74942E-02
  0.49817E+01 -0.86906E-01 -0.10223E+02 -0.13817E+02 -0.93955E+01 -0.10123E+01
  0.45148E+01  0.35926E+01 -0.55444E+00 -0.34116E+01 -0.45182E+01 -0.59932E+01
 -0.64548E+01 -0.41523E+01 -0.23103E+01 -0.27719E+01 -0.29568E+01 -0.15756E+01
 -0.12080E+01 -0.46176E+01 -0.73824E+01 -0.60011E+01 -0.29613E+01 -0.18563E+01
 -0.21334E+01 -0.11205E+01 -0.11211E+01 -0.46229E+01 -0.57290E+01 -0.27812E+01
 -0.21368E+01 -0.47171E+01 -0.45333E+01 -0.20461E+01 -0.94091E+00 -0.48063E+00
 -0.11260E+01 -0.12185E+01  0.11767E+01  0.37561E+01  0.40323E+01  0.36634E+01
  0.30181E+01  0.20967E+01  0.20964E+01  0.31097E+01  0.44915E+01  0.56891E+01
  0.60576E+01  0.55046E+01  0.47674E+01  0.54123E+01  0.59649E+01  0.51357E+01
  0.55043E+01  0.54122E+01  0.34774E+01  0.15425E+01  0.16058E+00 -0.11292E+01
 -0.15898E+01  0.43735E+00  0.40308E+01  0.55052E+01  0.52290E+01  0.38472E+01
  0.28339E+01  0.24656E+01  0.15446E+01 -0.66637E+00 -0.17716E+01 -0.12184E+01
 -0.17709E+01 -0.30603E+01 -0.24149E+01 -0.11246E+01  0.25795E+00  0.22855E+01
  0.34838E+01  0.33000E+01  0.26555E+01  0.19191E+01  0.13669E+01  0.13676E+01
  0.20132E+01  0.34880E+01  0.39494E+01  0.33052E+01  0.18318E+01  0.26622E+00
 -0.14836E+01 -0.18513E+01 -0.92909E+00 -0.19117E+00 -0.60112E-02  0.11005E+01
  0.20229E+01  0.16553E+01  0.12876E+01  0.20257E+01  0.21188E+01  0.92208E+00
  0.17720E-02  0.37138E+00  0.16624E+01  0.35062E+01  0.43365E+01  0.33241E+01
  0.21277E+01  0.22210E+01  0.25906E+01  0.23155E+01  0.12111E+01  0.65958E+00
  0.10294E+01  0.12150E+01  0.12164E+01  0.66484E+00  0.29771E+00  0.48339E+00
  0.13140E+01  0.18682E+01  0.94831E+00 -0.34019E+00  0.29909E-01  0.31324E-01
 -0.15334E+01 -0.25454E+01 -0.18989E+01 -0.51534E+00  0.10526E+01  0.14227E+01
  0.31869E+00 -0.78531E+00 -0.59940E+00 -0.22919E+00 -0.50395E+00 -0.11472E+01
 -0.17904E+01 -0.22494E+01 -0.30768E+01 -0.45493E+01 -0.62059E+01 -0.66649E+01
 -0.58339E+01 -0.47265E+01 -0.46325E+01 -0.46307E+01 -0.50895E+01 -0.55483E+01
 -0.51779E+01 -0.40704E+01 -0.25021E+01 -0.16710E+01 -0.18535E+01 -0.17593E+01
 -0.55958E+00  0.13772E+01  0.26690E+01  0.32238E+01  0.34101E+01  0.30435E+01
  0.27692E+01  0.18498E+01  0.19334E+00 -0.11867E+01 -0.12767E+01 -0.81403E+00
 -0.99625E+00 -0.11785E+01 -0.80783E+00 -0.80577E+00 -0.10801E+01 -0.89371E+00
 -0.61525E+00 -0.24459E+00  0.86315E+00  0.22473E+01  0.24336E+01  0.10538E+01
  0.31883E+00  0.41311E+00  0.13884E+00 -0.43296E-01  0.60380E+00  0.13430E+01
  0.14373E+01  0.97880E+00  0.10731E+01  0.18123E+01  0.20909E+01  0.80317E+00
 -0.11295E+01 -0.13116E+01  0.16476E+00  0.62763E+00 -0.47588E+00 -0.12108E+01
 -0.10243E+01 -0.15749E+01 -0.24942E+01 -0.22156E+01 -0.73921E+00  0.46061E+00
 -0.18215E+00 -0.21148E+01 -0.29420E+01 -0.19263E+01 -0.15556E+01 -0.20141E+01
 -0.21962E+01 -0.16710E+00  0.20464E+01  0.27856E+01  0.28798E+01  0.31583E+01
  0.30684E+01  0.29783E+01  0.28884E+01  0.26140E+01  0.25239E+01  0.25261E+01
  0.25282E+01  0.30830E+01  0.40065E+01  0.43771E+01  0.52083E+01  0.60396E+01
  0.60416E+01  0.50301E+01  0.47559E+01  0.56792E+01  0.64182E+01  0.61439E+01
  0.45795E+01  0.32916E+01  0.29250E+01  0.27427E+01  0.27446E+01  0.27466E+01
  0.22878E+01  0.20133E+01  0.16467E+01  0.81927E+00  0.26842E+00 -0.74326E+00
 -0.12020E+01 -0.27888E+00  0.55219E+00  0.15675E+01  0.22142E+01  0.12947E+01
  0.55936E+00  0.37680E+00  0.37857E+00 -0.44894E+00 -0.21057E+01 -0.32096E+01
 -0.25630E+01 -0.14557E+01 -0.13619E+01 -0.10838E+01 -0.80579E+00 -0.20019E+01
 -0.26453E+01 -0.19988E+01 -0.26422E+01 -0.49440E+01 -0.59560E+01 -0.42960E+01
 -0.26361E+01 -0.25425E+01 -0.26332E+01 -0.24475E+01 -0.22618E+01 -0.25368E+01
 -0.43781E+01 -0.68644E+01 -0.71396E+01 -0.50190E+01 -0.37278E+01 -0.50164E+01
 -0.55679E+01 -0.43689E+01 -0.40912E+01 -0.57484E+01 -0.67606E+01 -0.49169E+01
 -0.29808E+01 -0.33482E+01 -0.49134E+01 -0.55572E+01 -0.40820E+01 -0.21461E+01
 -0.17764E+01 -0.22361E+01 -0.14979E+01 -0.57558E+00 -0.18645E+01 -0.21399E+01
 -0.20418E+00  0.44173E+00 -0.47885E+00 -0.93856E+00 -0.38489E+00  0.26091E+00
  0.16960E+00 -0.10273E+01 -0.28693E+01 -0.40664E+01 -0.41577E+01 -0.36041E+01
 -0.27742E+01 -0.19443E+01 -0.12987E+01 -0.10217E+01 -0.13896E+01 -0.14811E+01
 -0.63289E-02  0.10999E+01  0.13768E+01  0.82456E+00  0.54872E+00  0.27272E+00
 -0.95325E-01 -0.27359E-02 -0.94327E-01 -0.73893E+00 -0.46209E+00  0.55174E+00
  0.11970E+01  0.73666E+00 -0.36868E+00 -0.92116E+00 -0.82866E+00 -0.13813E+01
 -0.20260E+01 -0.21179E+01 -0.23019E+01 -0.18411E+01 -0.11959E+01 -0.12879E+01
 -0.91919E+00  0.55505E+00  0.19372E+01  0.18452E+01  0.12003E+01  0.64753E+00
  0.64756E+00  0.55545E+00  0.73972E+00  0.10161E+01  0.14768E+01  0.23060E+01
  0.31350E+01  0.37800E+01  0.41485E+01  0.35954E+01  0.31347E+01  0.34110E+01
  0.32265E+01  0.26734E+01  0.25812E+01  0.28574E+01  0.32256E+01  0.35018E+01
  0.46072E+01  0.60810E+01  0.65414E+01  0.61726E+01  0.52509E+01  0.39607E+01
  0.29468E+01  0.22093E+01  0.18405E+01  0.23928E+01  0.35901E+01  0.44191E+01
  0.38658E+01  0.21148E+01  0.12850E+01  0.21138E+01  0.27582E+01  0.22050E+01
  0.11909E+01  0.12825E+01  0.26640E+01  0.33085E+01  0.20179E+01  0.35885E+00
  0.72680E+00  0.17397E+01  0.18312E+01  0.20148E+01  0.22906E+01  0.16450E+01
  0.81508E+00  0.72220E+00  0.72150E+00  0.72079E+00  0.72005E+00  0.10879E+01
  0.12714E+01  0.99420E+00  0.13620E+01  0.22825E+01  0.23739E+01  0.20046E+01
  0.12666E+01  0.80510E+00  0.71209E+00  0.80338E+00  0.89465E+00  0.70951E+00
 -0.21274E+00 -0.13192E+01 -0.11359E+01 -0.12290E+01 -0.21512E+01 -0.30735E+01
 -0.29824E+01 -0.27069E+01 -0.23393E+01 -0.16955E+01 -0.12357E+01 -0.12367E+01
 -0.96138E+00 -0.11466E+01 -0.23454E+01 -0.33600E+01 -0.27160E+01 -0.19799E+01
 -0.27182E+01 -0.38248E+01 -0.36417E+01 -0.28135E+01 -0.19854E+01 -0.16180E+01
 -0.13427E+01 -0.79103E+00 -0.70004E+00 -0.70124E+00 -0.61020E+00 -0.79566E+00
 -0.17182E+01 -0.28250E+01 -0.27340E+01 -0.23666E+01 -0.24600E+01 -0.24612E+01
 -0.25546E+01 -0.23715E+01 -0.21886E+01 -0.20055E+01 -0.16382E+01 -0.14552E+01
 -0.12721E+01 -0.62845E+00  0.10732E+00  0.29032E+00  0.12621E-01 -0.17294E+00
  0.10013E-01 -0.26770E+00 -0.91389E+00 -0.54674E+00  0.10182E+01  0.20304E+01
  0.22133E+01  0.27648E+01  0.30399E+01  0.29464E+01  0.27608E+01  0.27593E+01
  0.28501E+01  0.29409E+01  0.25710E+01  0.22010E+01  0.20153E+01  0.19218E+01
  0.20125E+01  0.21953E+01  0.22861E+01  0.23768E+01  0.23753E+01  0.21897E+01
  0.20039E+01  0.19104E+01  0.14483E+01  0.64786E-01 -0.11344E+01 -0.15965E+01
 -0.19666E+01 -0.23366E+01 -0.26144E+01 -0.26159E+01 -0.26174E+01 -0.28032E+01
 -0.29890E+01 -0.26218E+01 -0.21627E+01 -0.28090E+01 -0.33634E+01 -0.33649E+01
 -0.30900E+01 -0.32758E+01 -0.30009E+01 -0.21732E+01 -0.16218E+01 -0.16233E+01
 -0.13484E+01 -0.88927E+00 -0.79865E+00 -0.12608E+01 -0.17231E+01 -0.20931E+01
 -0.20947E+01 -0.20962E+01 -0.20977E+01 -0.20071E+01 -0.19165E+01 -0.18258E+01
 -0.19195E+01 -0.15526E+01 -0.13697E+01 -0.10949E+01 -0.82001E+00 -0.63726E+00
 -0.27026E+00 -0.54815E+00 -0.11946E+01 -0.82770E+00  0.18434E+00  0.55138E+00
  0.54976E+00  0.54827E+00  0.45460E+00  0.17671E+00 -0.10126E+00 -0.65577E+00
 -0.93359E+00 -0.10585E+00  0.35324E+00  0.25961E+00  0.16594E+00 -0.11198E+00
 -0.66633E+00 -0.12207E+01 -0.11300E+01 -0.48662E+00  0.24896E+00  0.12610E+01
  0.33786E+01  0.56805E+01  0.59553E+01  0.48482E+01  0.50310E+01  0.50294E+01
  0.33695E+01  0.18939E+01  0.18002E+01  0.21674E+01  0.30872E+01  0.39149E+01
  0.34527E+01  0.34513E+01  0.39104E+01  0.35405E+01  0.26176E+01  0.86560E+00
 -0.61009E+00 -0.10721E+01 -0.70513E+00 -0.52228E+00  0.39764E+00  0.17782E+01
  0.17767E+01  0.85405E+00  0.85256E+00  0.94328E+00  0.20505E-01 -0.20079E+01
 -0.19172E+01 -0.90517E+00 -0.16942E+00  0.65843E+00  0.21312E+01  0.31433E+01
  0.31419E+01  0.28641E+01  0.29549E+01  0.26771E+01  0.18465E+01  0.10159E+01
  0.36960E+00  0.18400E+00 -0.18588E+00 -0.83214E+00 -0.55710E+00  0.17867E+00
  0.54591E+00  0.72888E+00  0.72754E+00  0.81274E-01 -0.74927E+00 -0.17640E+01
 -0.25025E+01 -0.30565E+01 -0.32421E+01 -0.24141E+01 -0.84904E+00 -0.20535E+00
 -0.48301E+00 -0.11571E+00  0.62011E+00  0.43459E+00 -0.21149E+00 -0.85779E+00
 -0.12274E+01 -0.10444E+01 -0.21638E+00  0.15090E+00 -0.31085E+00 -0.21993E+00
  0.97671E+00  0.17126E+01  0.88221E+00 -0.59309E+00 -0.17920E+01 -0.21616E+01
 -0.17021E+01 -0.96612E+00 -0.69082E+00 -0.59981E+00 -0.60090E+00 -0.23343E+00
 -0.23450E+00 -0.13412E+01 -0.18950E+01 -0.20804E+01 -0.21736E+01 -0.18060E+01
 -0.16229E+01 -0.17161E+01 -0.16249E+01 -0.19023E+01 -0.28247E+01 -0.34706E+01
 -0.27345E+01 -0.19063E+01 -0.18151E+01 -0.20925E+01 -0.21855E+01 -0.21865E+01
 -0.22796E+01 -0.21884E+01 -0.19128E+01 -0.15453E+01 -0.16404E+00  0.14935E+01
  0.21376E+01  0.13996E+01  0.93811E+00  0.47656E+00 -0.77074E-01 -0.63074E+00
 -0.17372E+01 -0.22908E+01 -0.18308E+01 -0.91034E+00  0.28665E+00  0.11152E+01
  0.10222E+01  0.74506E+00  0.10207E+01  0.13885E+01  0.18485E+01  0.20321E+01
  0.16628E+01  0.19385E+01  0.27671E+01  0.34114E+01  0.32265E+01  0.23044E+01
  0.17510E+01  0.17504E+01  0.15655E+01  0.12886E+01  0.14722E+01  0.17480E+01
  0.16552E+01  0.14705E+01  0.13778E+01  0.13772E+01  0.18374E+01  0.21133E+01
  0.13757E+01  0.63810E+00  0.54548E+00  0.13743E+01  0.19267E+01  0.20184E+01
  0.20179E+01  0.22018E+01  0.17407E+01  0.13717E+01  0.12792E+01  0.91026E+00
  0.44922E+00  0.17246E+00  0.17211E+00  0.90891E+00  0.90858E+00  0.53978E+00
 -0.10548E+00 -0.38212E+00 -0.47454E+00 -0.65895E+00 -0.47507E+00 -0.56724E+00
 -0.20417E+01 -0.20419E+01 -0.75215E+00 -0.38378E+00 -0.29182E+00 -0.19981E+00
 -0.19994E+00 -0.13978E+01 -0.26879E+01 -0.31486E+01 -0.32408E+01 -0.39779E+01
 -0.41622E+01 -0.31487E+01 -0.21353E+01 -0.17668E+01 -0.20431E+01 -0.23195E+01
 -0.24116E+01 -0.24114E+01 -0.23192E+01 -0.19507E+01 -0.13977E+01 -0.13976E+01
 -0.16739E+01 -0.13052E+01 -0.47581E+00  0.53797E+00  0.10909E+01  0.10911E+01
  0.10914E+01  0.10917E+01  0.13682E+01  0.15528E+01  0.10003E+01  0.72424E+00
  0.17172E+00 -0.65715E+00 -0.10397E+00  0.11863E+01  0.18317E+01  0.17399E+01
  0.13718E+01  0.18329E+01  0.19255E+01  0.17540E+00 -0.83791E-02  0.22035E+01
  0.38624E+01  0.23887E+01  0.63876E+00  0.86407E-01  0.36345E+00  0.45622E+00
 -0.46450E+00 -0.12009E+01 -0.73966E+00 -0.92324E+00 -0.55395E+00  0.11973E+01
  0.14745E+01  0.36953E+00  0.37045E+00  0.64764E+00 -0.54942E+00 -0.21149E+01
 -0.12848E+01 -0.54681E+00 -0.14672E+01 -0.23878E+01 -0.22026E+01 -0.15567E+01
 -0.17372E+00  0.15779E+01  0.22238E+01  0.11192E+01 -0.72254E+00 -0.28407E+01
 -0.29317E+01 -0.44288E+00  0.11102E+00 -0.22834E+01 -0.36643E+01 -0.43081E+01
 -0.52282E+01 -0.53192E+01 -0.25046E+00  0.92408E+01  0.15415E+02  0.12837E+02
  0.23344E+01 -0.74306E+01 -0.84428E+01 -0.51246E+01 -0.25433E+01  0.21570E+01
  0.11649E+02  0.16902E+02  0.10731E+02 -0.13384E+01 -0.13130E+02 -0.15616E+02
 -0.32686E+01  0.95399E+01  0.78829E+01  0.19879E+01 -0.15113E+01 -0.59326E+01
 -0.90633E+01 -0.94303E+01 -0.55588E+01  0.30114E+01  0.83570E+01  0.66085E+01
  0.20954E+01 -0.33388E+01 -0.77595E+01 -0.80341E+01 -0.52680E+01 -0.25021E+01
 -0.56533E+00 -0.28695E+00 -0.12986E+01 -0.15731E+01 -0.10181E+01  0.89452E-01
  0.17500E+01  0.22126E+01  0.16618E+01 -0.82364E+00 -0.42306E+01 -0.32149E+01
  0.74904E+00  0.93553E+00 -0.16794E+00  0.23220E+01  0.32455E+01 -0.71404E+00
 -0.24623E+01 -0.64467E-01  0.12277E+01 -0.59819E-01  0.77174E+00  0.21562E+01
  0.68448E+00 -0.14248E+00  0.13342E+01  0.13888E+00 -0.27148E+01 -0.23438E+01
  0.79133E+00  0.31894E+01  0.27313E+01  0.89109E+00 -0.67253E+00 -0.14071E+01
 -0.94380E+00 -0.19800E-01 -0.56993E+00 -0.19494E+01 -0.74885E+00  0.63586E+00
  0.91500E+00  0.23919E+01  0.32239E+01  0.11076E+01 -0.27593E+01 -0.45992E+01
 -0.45964E+01 -0.49621E+01 -0.28401E+01  0.18617E+01  0.43523E+01  0.28810E+01
  0.21199E+00 -0.43001E+00  0.58645E+00  0.58941E+00 -0.14469E+00  0.59539E+00
  0.20726E+01  0.69357E+00 -0.21596E+01 -0.25251E+01 -0.77145E+00  0.61368E+00
  0.70890E+00  0.34346E+00  0.13601E+01  0.19160E+01 -0.20004E+00 -0.34216E+01
 -0.46162E+01 -0.36917E+01 -0.28593E+01 -0.25796E+01 -0.23001E+01 -0.19283E+01
 -0.21094E+01 -0.22904E+01 -0.11815E+01  0.48014E+00  0.14969E+01  0.85519E+00
  0.12137E+00  0.40105E+00  0.77287E+00  0.12368E+01  0.17930E+01 -0.23080E+00
 -0.31758E+01 -0.14221E+01  0.41095E+01  0.53106E+01  0.27341E+01  0.32903E+01
  0.61497E+01  0.52317E+01  0.20102E+01  0.19214E+01  0.36753E+01  0.32179E+01
  0.21156E+01  0.10133E+01 -0.27330E+00 -0.24813E+01 -0.49655E+01 -0.49623E+01
  0.56915E+00  0.75748E+01  0.77623E+01  0.13160E+01 -0.98408E+00  0.32575E+01
  0.48270E+01  0.28033E+01  0.15166E+01  0.28098E+01  0.33658E+01 -0.31638E+00
 -0.40908E+01 -0.13235E+01  0.50371E+01  0.70672E+01  0.54119E+01  0.41252E+01
  0.24698E+01  0.35379E+00  0.72546E+00  0.16499E+01 -0.55832E+00 -0.20295E+01
  0.27696E+00  0.23070E+01  0.55932E+00 -0.19254E+01 -0.81678E+00  0.37930E+01
  0.72971E+01  0.53650E+01  0.11611E+00 -0.71015E+00  0.15959E+01  0.95367E+00
 -0.20839E+01 -0.30027E+01 -0.78864E+00  0.17938E+01  0.25336E+01  0.25362E+01
  0.78813E+00 -0.33555E+01 -0.44586E+01 -0.10470E+01  0.16274E+01  0.22748E+01
  0.89505E+00 -0.85314E+00 -0.14960E+01 -0.11251E+01 -0.66214E+00 -0.65994E+00
 -0.47356E+00  0.81352E-01 -0.19300E+00 -0.19416E+01 -0.25846E+01 -0.11084E+01
  0.45976E+00  0.18519E+00 -0.11030E+01 -0.12855E+01 -0.27031E+00 -0.84407E-01
 -0.11885E+01 -0.12790E+01 -0.54048E+00 -0.10918E+01 -0.31175E+01 -0.41297E+01
 -0.31149E+01 -0.11788E+01 -0.16419E+00  0.11328E+00 -0.53064E+00 -0.22802E+01
 -0.33850E+01 -0.19100E+01 -0.34285E+00 -0.24999E+00  0.30335E+00  0.94908E+00
 -0.43247E+00 -0.28276E+01 -0.40249E+01 -0.35639E+01 -0.30110E+01 -0.25500E+01
 -0.15364E+01 -0.33867E+00  0.39836E+00  0.58251E+00 -0.24692E+00 -0.24713E+00
 -0.15541E+00  0.30483E+00  0.13179E+01  0.11330E+01  0.26650E-01 -0.11719E+01
 -0.89632E+00 -0.25229E+00 -0.71396E+00 -0.17286E+01 -0.19141E+01 -0.62539E+00
  0.12159E+01  0.18595E+01  0.11208E+01  0.84276E+00  0.19467E+01  0.21291E+01
  0.12980E+01  0.55890E+00  0.92525E+00  0.11073E+01  0.36791E+00  0.89082E-01
  0.73155E+00  0.14660E+01  0.11868E+01  0.63126E+00  0.35188E+00  0.44098E+00
  0.52997E+00  0.80313E+00  0.15368E+01  0.20862E+01  0.22668E+01  0.21711E+01
  0.20751E+01  0.14262E+01  0.59298E+00 -0.14828E+00 -0.52112E+00 -0.10783E+01
 -0.24648E+01 -0.29303E+01 -0.21978E+01 -0.11892E+01 -0.15627E+01 -0.26735E+01
 -0.29551E+01 -0.21313E+01 -0.16761E+01 -0.21424E+01 -0.24246E+01 -0.24304E+01
 -0.22522E+01 -0.19819E+01 -0.88258E+00  0.40096E+00  0.85508E+00 -0.16514E+00
 -0.11855E+01 -0.17453E+01 -0.19366E+01 -0.27731E+01 -0.29648E+01 -0.14981E+01
  0.24485E+00  0.88202E+00  0.87402E+00  0.11424E+01  0.11341E+01  0.84925E+00
 -0.17275E+00 -0.16556E+01 -0.22173E+01 -0.18577E+01 -0.13141E+01 -0.58626E+00
  0.32562E+00  0.11453E+01  0.24254E+01  0.29683E+01  0.14840E+01 -0.18470E+00
 -0.74791E+00 -0.29783E+00 -0.12431E+00  0.23337E+00  0.95940E+00  0.39534E+00
 -0.81381E+00 -0.10096E+01 -0.83710E+00 -0.84900E+00  0.33669E+00  0.16144E+01
  0.11413E+01 -0.16123E+00 -0.81895E+00 -0.92400E+00 -0.17664E+01 -0.25167E+01
 -0.22538E+01 -0.16225E+01 -0.12678E+01 -0.54471E+00  0.17805E+00  0.34804E+00
 -0.35074E-01 -0.23412E+00  0.27434E-01 -0.17197E+00 -0.11087E+01 -0.10321E+01
  0.70284E+00  0.23454E+01  0.27900E+01  0.22210E+01  0.15594E+01  0.71363E+00
  0.32821E+00  0.86399E+00  0.13073E+01  0.20270E+01  0.20093E+01  0.12545E+01
  0.86788E+00  0.94171E+00  0.73900E+00  0.35176E+00  0.56476E-01 -0.14687E+00
 -0.16617E+00  0.91994E+00  0.12688E+01  0.41965E+00  0.58379E+00  0.37916E+00
 -0.93132E+00 -0.12285E+01  0.40895E+00  0.21383E+01  0.17484E+01  0.68292E-01
 -0.78280E+00 -0.11734E+01 -0.11036E+01 -0.14025E+01 -0.15175E+01 -0.66235E-01
  0.17533E+01  0.20063E+01  0.15219E+01  0.10373E+01  0.64463E+00  0.25179E+00
  0.50365E+00  0.10316E+01  0.18358E+01  0.18105E+01  0.86364E+00  0.83789E+00
  0.15490E+01  0.20756E+01  0.21412E+01  0.23909E+01  0.16269E+01  0.33306E-01
 -0.91545E+00 -0.14038E+01 -0.15239E+01 -0.63067E+00  0.77986E-01 -0.31922E+00
 -0.13616E+01 -0.20357E+01 -0.10517E+01 -0.52852E+00 -0.10192E+01 -0.16943E+01
 -0.20012E+01 -0.24925E+01	0.0	     0.0           0.0         0.0
