 -0.97903E+01 -0.88153E+01 -0.37706E+01 -0.12547E+01  0.25741E+01 -0.12722E+01
 -0.39055E+01  0.94969E+00 -0.13841E+01  0.29871E+01 -0.68243E+00 -0.96932E+01
  0.46001E+01  0.70444E+01  0.97448E+01  0.98210E+00 -0.62729E+01  0.19575E+01
 -0.32682E+01  0.86069E+01  0.84866E+01 -0.16450E+01 -0.87877E+01  0.10788E+02
  0.21945E+01  0.75612E+01 -0.60919E+01 -0.10645E+02  0.11334E+02  0.19523E+01
 -0.55999E+01 -0.49638E+00  0.16999E+02  0.50474E+01  0.32021E+01 -0.90078E+01
 -0.14715E+02  0.84303E+00  0.94303E+00  0.50429E+01  0.21107E+02 -0.85488E+01
 -0.17870E+01  0.84088E+01 -0.55668E+01 -0.10107E+02 -0.44785E+01 -0.10104E+02
  0.18391E+02  0.21043E+01 -0.14887E+01  0.34199E+01 -0.60514E+01  0.17543E+01
  0.16969E+02  0.19185E+02 -0.23709E+01  0.41450E+01 -0.50318E+01 -0.13846E+02
 -0.23323E+02  0.54071E+01  0.20663E+02  0.25749E+02 -0.20333E+02 -0.21623E+02
  0.45891E+01 -0.16077E+02 -0.22142E+02 -0.29654E+01  0.45232E+01 -0.33899E+01
  0.18043E+02  0.88356E+01 -0.20052E+02 -0.13724E+02 -0.17836E+02  0.19799E+01
  0.24970E+02 -0.11763E+02 -0.10181E+02  0.47571E+01  0.61144E+00 -0.92902E+01
  0.24185E+01 -0.12616E+01  0.53874E+01 -0.12311E+01 -0.28402E+02  0.79934E+01
  0.15067E+02  0.26712E+02  0.58230E+01  0.41877E+01 -0.29029E+02 -0.48310E+02
  0.16672E+02  0.29297E+02 -0.94910E+01  0.58978E+01 -0.27118E+02 -0.45059E+02
  0.12667E+02  0.16921E+02 -0.56872E+01  0.32064E+02  0.42477E+02 -0.30025E+02
 -0.33956E+02 -0.56255E+02 -0.28648E+02  0.85466E+02  0.76299E+02  0.17607E+02
  0.23460E+02 -0.88183E+01 -0.68168E+02 -0.48640E+02  0.81127E+01  0.52557E+02
  0.35464E+02 -0.37620E+00 -0.19801E+02 -0.18108E+02 -0.53714E+02 -0.37793E+02
  0.33708E+02  0.54701E+02 -0.16343E+02 -0.22549E+02  0.10609E+02 -0.47270E+02
  0.19119E+02  0.38694E+02  0.14717E+02  0.13204E+02 -0.16092E+02  0.10576E+02
  0.35153E+02 -0.43119E+02 -0.77956E+02  0.16063E+02  0.18386E+02  0.83594E+01
  0.52686E+01  0.70629E-02  0.13564E+02 -0.15149E+02 -0.33051E+02  0.70397E+01
  0.31555E+02  0.87370E+01  0.43051E+02  0.22792E+02  0.25944E+01 -0.16298E+02
 -0.91436E+02 -0.46927E+02  0.33465E+02  0.64311E+02  0.12157E+03  0.86919E+02
 -0.76017E+00 -0.41207E+02 -0.37401E+02  0.95376E+01  0.38926E+02  0.41770E+02
  0.88217E+02  0.90011E+02  0.86017E+02  0.63724E+01 -0.30364E+02 -0.63197E+02
 -0.85286E+02 -0.12021E+03 -0.78152E+02  0.12534E+03  0.20019E+03  0.14188E+03
  0.10842E+03  0.12181E+03  0.33020E+02 -0.53540E+02 -0.15392E+03 -0.20004E+03
 -0.20742E+03 -0.11597E+03 -0.31343E+02  0.33016E+02  0.33637E+02 -0.12409E+03
 -0.20185E+03 -0.27749E+03 -0.27340E+03 -0.20370E+03 -0.20656E+02  0.22219E+03
  0.32531E+03  0.31233E+03  0.28989E+03  0.30159E+03  0.22072E+03  0.77493E+02
 -0.73201E+02 -0.96757E+02 -0.14001E+03 -0.98847E+02 -0.72575E+02 -0.12411E+03
 -0.64403E+02 -0.32527E+02 -0.66053E+02 -0.18708E+03 -0.28067E+03 -0.16601E+03
 -0.32343E+02 -0.10361E+03 -0.20315E+03 -0.22303E+03 -0.16164E+03 -0.19497E+03
 -0.23973E+03 -0.12861E+03 -0.26347E+02  0.11526E+03  0.27182E+03  0.41854E+03
  0.44052E+03  0.21678E+03  0.15171E+03  0.28040E+03  0.50328E+03  0.58177E+03
  0.43317E+03  0.36156E+03  0.29010E+03  0.15378E+03  0.79444E+02 -0.64509E+02
 -0.19233E+03 -0.13719E+03  0.14849E+02  0.25400E+03  0.15071E+03 -0.51582E+02
 -0.69769E+02 -0.14953E+03 -0.25486E+03 -0.34950E+03 -0.42892E+03 -0.42692E+03
 -0.34592E+03 -0.34717E+03 -0.38455E+03 -0.43228E+03 -0.51156E+03 -0.58792E+03
 -0.62462E+03 -0.65943E+03 -0.63186E+03 -0.66221E+03 -0.41739E+03  0.77640E+02
  0.26454E+03  0.35990E+03  0.43344E+03  0.44594E+03  0.41151E+03  0.48131E+03
  0.59539E+03  0.52742E+03  0.43424E+03  0.51462E+03  0.68903E+03  0.75370E+03
  0.72434E+03  0.70110E+03  0.62893E+03  0.54235E+03  0.28744E+03  0.38481E+02
 -0.67401E+02 -0.21802E+03 -0.41488E+03 -0.55920E+03 -0.55059E+03 -0.45577E+03
 -0.37098E+03 -0.53179E+03 -0.59558E+03 -0.30316E+03 -0.15543E+03 -0.16038E+03
 -0.11421E+03 -0.80879E+02  0.22550E+02  0.19520E+03  0.35049E+03  0.40371E+03
  0.22040E+03  0.72480E+01  0.45680E+01  0.80836E+01 -0.10542E+03 -0.73019E+02
  0.92101E+02  0.58915E+02 -0.72768E+02  0.27293E+01 -0.81022E+02 -0.27559E+03
 -0.99781E+02 -0.63208E+02 -0.20508E+03 -0.14990E+03  0.25756E+02  0.12261E+03
 -0.14527E+03 -0.26939E+03  0.73037E+01  0.33092E+02 -0.51788E+02  0.86059E+02
  0.15903E+03  0.24786E+02 -0.15744E+03 -0.20327E+03 -0.10468E+02  0.15118E+03
  0.11343E+03  0.97644E+02  0.46349E+02  0.46644E+02  0.10256E+03  0.15457E+03
  0.83994E+02 -0.75935E+02  0.39194E+02  0.11825E+03  0.10570E+03  0.13486E+03
 -0.78687E+01 -0.19389E+03 -0.15502E+03  0.21574E+02 -0.22741E+02 -0.13110E+03
 -0.12662E+03 -0.13308E+02  0.17331E+02  0.48870E+02  0.10555E+03  0.61422E+02
  0.39548E+02  0.28327E+00 -0.19968E+01  0.31944E+02  0.57595E+02  0.71001E+02
  0.28826E+02  0.12197E+02 -0.17913E+02 -0.90658E+02 -0.12111E+03 -0.81003E+02
  0.95601E+02  0.18353E+03  0.10473E+03 -0.44005E+02 -0.88438E+02 -0.10079E+03
 -0.14232E+03 -0.29138E+02  0.56947E+02  0.29607E+01  0.52205E+01  0.91472E+02
  0.31388E+02 -0.81131E+02 -0.87753E+02 -0.43769E+02 -0.57414E+02 -0.11899E+03
 -0.30221E+02  0.75943E+02  0.12535E+03  0.16649E+03  0.41910E+02 -0.73419E+02
 -0.20425E+02  0.90091E+02  0.12292E+03  0.74594E+02  0.16848E+02 -0.41582E+02
 -0.60977E+02 -0.17953E+02 -0.17747E+00 -0.39364E+02 -0.51315E+01  0.19447E+02
  0.17533E+02 -0.84309E+01 -0.39336E+02  0.22534E+02  0.48177E+02  0.37286E+01
 -0.60892E+02 -0.14013E+03 -0.19770E+03 -0.35660E+02  0.57203E+02  0.38651E+02
  0.12673E+03  0.12668E+03  0.62490E+02  0.26346E+02  0.29059E+02  0.34869E+02
  0.48672E+02  0.90146E+02  0.27866E+02 -0.83222E+02 -0.80826E+02 -0.61383E+02
 -0.30281E+02  0.48363E+02  0.27466E+02 -0.99777E+02 -0.69649E+02  0.20064E+02
  0.35274E+02 -0.10244E+02 -0.37713E+02  0.69584E+00 -0.16612E+00 -0.13640E+02
 -0.66732E+02 -0.12687E+03 -0.11947E+03 -0.81858E+02 -0.39778E+02 -0.22869E+02
  0.11637E+02  0.90237E+02  0.98937E+02  0.35134E+02 -0.31534E+02  0.16864E+01
  0.54045E+02  0.26323E+02  0.48140E+02  0.80158E+02  0.38474E+02  0.21128E+02
  0.67214E+02  0.95439E+02  0.10015E+03  0.51875E+02  0.87072E+01 -0.94306E+01
 -0.82023E+02 -0.99439E+02 -0.45016E+02 -0.38324E+02 -0.49408E+02 -0.16406E+02
 -0.14974E+02 -0.41357E+02 -0.22683E+02 -0.20805E+02 -0.66357E+02 -0.71496E+02
  0.25336E+01  0.73062E+02  0.16973E+02 -0.61142E+02 -0.11348E+02  0.33774E+02
 -0.17186E+02 -0.69515E+02 -0.95700E+02 -0.44502E+02  0.52448E+02  0.32620E+02
 -0.31934E+02 -0.27022E+02  0.19657E+01  0.62326E+02  0.16163E+03  0.18279E+03
  0.15504E+03  0.86414E+02  0.32703E+02  0.35689E+02  0.14269E+02  0.65606E+02
  0.11148E+03  0.92082E+02  0.84847E+02  0.87054E+02  0.57670E+02  0.86218E+01
 -0.40309E+02 -0.91411E+02 -0.13160E+03 -0.10801E+03 -0.54302E+02 -0.56189E+02
 -0.87874E+02 -0.12470E+03 -0.16990E+03 -0.21116E+03 -0.22183E+03 -0.21340E+03
 -0.17457E+03 -0.10949E+03 -0.78669E+02 -0.54012E+02 -0.22808E+02  0.66709E+01
  0.67999E+02  0.75696E+02  0.34825E+02  0.54877E+02  0.10253E+03  0.15559E+03
  0.17203E+03  0.17425E+03  0.18800E+03  0.18163E+03  0.16879E+03  0.15006E+03
  0.12339E+03  0.85711E+02  0.58961E+02  0.29533E+02 -0.29359E+02 -0.42581E+02
  0.83099E+01  0.28467E+02 -0.23569E+02 -0.76964E+02 -0.75981E+02 -0.60987E+02
 -0.85922E+02 -0.12292E+03 -0.13460E+03 -0.11929E+03 -0.84214E+02 -0.15995E+02
  0.63485E+02  0.60588E+02  0.23832E+01 -0.80044E+02 -0.14180E+03 -0.14979E+03
 -0.12978E+03 -0.71450E+02 -0.33653E+02 -0.42130E+01  0.26119E+02  0.45065E+02
  0.78945E+01 -0.43686E+02 -0.13067E+02  0.64661E+02  0.11617E+03  0.15374E+03
  0.18977E+03  0.20424E+03  0.17449E+03  0.84804E+02  0.43150E+02  0.14325E+02
 -0.28503E+02 -0.21180E+02 -0.83608E+01 -0.27632E+02 -0.25316E+02  0.58938E+01
  0.37128E+00 -0.54072E+02 -0.99206E+02 -0.12129E+03 -0.13445E+03 -0.98057E+02
 -0.67194E+02 -0.29448E+02  0.36212E+02  0.31593E+02 -0.72910E+01 -0.35339E+02
 -0.38821E+02 -0.12509E+02  0.14098E+02 -0.81932E+01 -0.29915E+02 -0.23998E+02
  0.32775E+01  0.55606E+02  0.26449E+02 -0.42950E+02 -0.32956E+02 -0.16230E+02
 -0.13300E+01  0.42889E+02  0.53574E+02  0.60960E+02  0.86196E+02  0.76908E+02
  0.21838E+02 -0.37844E+02 -0.42591E+02  0.13408E+02  0.64170E+02  0.74578E+02
  0.62176E+02  0.42297E+02  0.17561E+02 -0.40012E+02 -0.79122E+02 -0.38525E+02
  0.35048E+02  0.68734E+02  0.62939E+02  0.14517E+01 -0.87912E+02 -0.91444E+02
 -0.50864E+02 -0.48162E+01  0.42377E+02  0.56258E+02  0.27884E+02  0.16331E+02
  0.31008E+02  0.14177E+02  0.10751E+00 -0.50982E+01 -0.25072E+02 -0.28511E+02
  0.12994E+02  0.52097E+02  0.45712E+02 -0.64593E+01 -0.38263E+02 -0.56479E+02
 -0.67486E+02 -0.76949E+02 -0.96941E+02 -0.91953E+02 -0.88689E+02 -0.53559E+02
 -0.24164E+02 -0.46524E+02 -0.44630E+02  0.49568E+01  0.14464E+02  0.28407E+02
  0.62348E+02  0.57349E+02  0.69162E+02  0.82840E+02  0.57311E+02  0.36868E+01
 -0.52027E+02 -0.78691E+02 -0.26296E+02  0.49584E+02  0.70628E+02  0.23943E+02
 -0.28430E+02 -0.22311E+02 -0.43141E+01  0.33892E+01  0.63651E+02  0.11036E+03
  0.69721E+02  0.10059E+02 -0.39385E+01  0.20431E+02  0.42679E+02  0.48577E+02
  0.56093E+02  0.80193E+02  0.68184E+02  0.27860E+02 -0.48577E+02 -0.94546E+02
 -0.87044E+02 -0.84436E+02 -0.93427E+02 -0.10304E+03 -0.11293E+03 -0.11909E+03
 -0.69931E+02 -0.61058E+01  0.31884E+02  0.69132E+02  0.78099E+02  0.85115E+02
  0.89921E+02  0.45652E+02 -0.20407E+02 -0.54825E+02 -0.19602E+02  0.41733E+02
  0.60773E+02  0.49118E+02  0.29320E+02  0.14395E+02 -0.18524E+02 -0.49239E+02
 -0.33554E+02 -0.41903E+01  0.13856E+01  0.41113E+01  0.61533E+01 -0.83113E+01
 -0.41098E+02 -0.65673E+02 -0.70901E+02 -0.53227E+02 -0.53879E+00  0.41952E+02
  0.40111E+02  0.21439E+02  0.28309E+02  0.28787E+02  0.34927E+02  0.70685E+02
  0.61894E+02  0.57771E+01 -0.28482E+02 -0.30550E+02 -0.18690E+02 -0.51977E+02
 -0.10276E+03 -0.10174E+03 -0.38193E+02  0.35505E+02  0.45371E+02  0.20991E+02
  0.17989E+02  0.30742E+02  0.20789E+02  0.36161E+01  0.18144E+01  0.32852E+01
  0.31223E+02  0.47807E+02  0.45073E+02  0.39154E+02  0.24341E+02  0.31849E+02
  0.49483E+02  0.23718E+02 -0.34061E+02 -0.73489E+02 -0.73131E+02 -0.64541E+02
 -0.48030E+02 -0.20241E+02 -0.13135E+02 -0.22593E+02 -0.49540E+02 -0.42725E+02
 -0.36435E+02 -0.51263E+02 -0.35764E+02  0.38071E+00  0.18345E+02  0.19277E+02
  0.23111E+02  0.15184E+02  0.13307E+02  0.20050E+02  0.23094E+02  0.43050E+02
  0.63063E+02  0.67556E+02  0.54544E+02  0.46390E+02  0.58181E+02  0.53314E+02
  0.26731E+02  0.11191E+02 -0.71257E+01 -0.37358E+02 -0.25917E+02 -0.12726E+02
 -0.80985E+01 -0.21150E+02 -0.46576E+02 -0.48925E+02 -0.36983E+02 -0.26970E+02
 -0.18162E+02  0.62897E+01  0.48932E+01 -0.91875E+01 -0.15645E+02 -0.62339E+01
  0.11170E+02  0.68145E+01 -0.68391E+01  0.62864E+00  0.16833E+02  0.43039E+02
  0.62080E+02  0.47961E+02  0.20590E+02 -0.10970E+02 -0.42465E+02 -0.46564E+02
 -0.31239E+02 -0.46516E+02 -0.53635E+02 -0.37632E+02 -0.33812E+02 -0.30371E+02
 -0.19651E+02 -0.57530E+01  0.83163E+01  0.10295E+02  0.18185E+02  0.36279E+02
  0.44783E+02  0.44286E+02  0.36947E+02  0.34211E+02  0.42439E+02  0.40755E+02
  0.12855E+02 -0.61150E+01 -0.22557E+01  0.77951E+01  0.16589E+02  0.98686E-02
 -0.26263E+02 -0.31090E+02 -0.76913E+01  0.26052E+02  0.33321E+02  0.24028E+02
  0.20430E+02  0.18657E+02  0.21822E+02  0.22040E+02 -0.55206E+01 -0.43170E+02
 -0.65859E+02 -0.57895E+02 -0.25308E+02 -0.25979E+01  0.20315E+01 -0.14836E+02
 -0.42270E+02 -0.58139E+02 -0.59959E+02 -0.61927E+02 -0.35436E+02  0.38029E+01
  0.17103E+02  0.15146E+02  0.26978E+02  0.25368E+02  0.21959E+02  0.25895E+02
  0.29850E+02  0.35494E+02  0.16469E+02 -0.11069E+02 -0.26301E+02 -0.95641E+01
  0.22273E+00 -0.10105E+01 -0.14520E+02 -0.26708E+02 -0.26275E+02 -0.20167E+02
 -0.10884E+02  0.67923E+01  0.17505E+02  0.92751E+01  0.13275E+02  0.27330E+02
  0.30537E+02  0.81596E+01 -0.10748E+02 -0.72012E+01  0.90576E+01  0.25084E+02
  0.34985E+02  0.50193E+02  0.55847E+02  0.56175E+02  0.24731E+02 -0.30543E+02
 -0.37390E+02 -0.17780E+02  0.52549E+01  0.14402E+02  0.25808E+02  0.28227E+02
  0.31909E+02  0.37246E+02  0.10280E+02  0.35331E+01  0.18364E+02  0.18832E+02
 -0.23109E+01 -0.29648E+02 -0.36256E+02 -0.23933E+02 -0.35155E+02 -0.53553E+02
 -0.61817E+02 -0.74661E+02 -0.61492E+02 -0.25524E+02 -0.24411E+02 -0.29412E+02
 -0.11606E+02 -0.43147E+01 -0.11911E+02 -0.21983E+02 -0.10224E+02  0.37138E+01
  0.67699E+01  0.77972E-02 -0.11532E+02  0.60245E+01  0.12164E+02 -0.11867E+02
 -0.13584E+02 -0.68837E+01 -0.21369E+01  0.57968E+01  0.18919E+02  0.34275E+02
  0.31920E+02  0.10427E+02  0.54949E+01  0.20085E+02  0.30691E+02  0.33604E+02
  0.19615E+02  0.12741E+02  0.14187E+02  0.29378E+02  0.38206E+02  0.23964E+02
  0.15420E+01 -0.11551E+02 -0.17378E+02 -0.29928E+02 -0.34937E+02 -0.32605E+02
 -0.29452E+02 -0.23118E+02 -0.16027E+02 -0.96462E+01 -0.38856E+01  0.55225E+01
  0.52665E+01  0.79182E+01  0.39786E+02  0.71812E+02  0.83067E+02  0.81550E+02
  0.60449E+02  0.31980E+02  0.33828E+02  0.43947E+02  0.29406E+02  0.88862E+01
 -0.10055E+01 -0.12118E+02 -0.34483E+02 -0.46020E+02 -0.38597E+02 -0.41627E+02
 -0.48389E+02 -0.58183E+02 -0.63995E+02 -0.40278E+02 -0.75116E+01  0.19630E+01
  0.12041E-01  0.51852E+01 -0.22648E+01 -0.17854E+02 -0.25719E+02 -0.29022E+02
 -0.23356E+02 -0.96999E+01 -0.14150E+02 -0.20056E+02 -0.10899E+02  0.90577E+00
  0.30299E+01 -0.71659E+01 -0.18583E+02 -0.17596E+02  0.50203E+00  0.17086E+02
  0.18839E+02  0.12347E+02  0.81593E+01  0.64163E+01  0.10006E+01 -0.56936E+01
 -0.14397E+01  0.81470E+01  0.18225E+02  0.17245E+02  0.11442E+02  0.31521E+02
  0.47743E+02  0.43822E+02  0.39546E+02  0.31836E+02  0.24187E+02  0.21173E+02
  0.12727E+02  0.94306E+01  0.12674E+02  0.37647E+01 -0.53561E+01 -0.52199E+01
 -0.66256E+01 -0.19221E+02 -0.32908E+02 -0.40194E+02 -0.36145E+02 -0.36108E+02
 -0.47537E+02 -0.47831E+02 -0.32823E+02 -0.13540E+02 -0.25104E+00 -0.10939E+01
  0.12021E+01 -0.29996E+01  0.37491E+01  0.21311E+02  0.18011E+02  0.19345E+02
  0.21229E+02  0.18581E+01 -0.26795E+02 -0.45219E+02 -0.25784E+02 -0.46726E+01
  0.13160E+01 -0.60211E+01 -0.17212E+02 -0.68597E-01  0.16362E+02  0.25368E+02
  0.14256E+02 -0.56088E+01 -0.69416E+01  0.45573E+01  0.15262E+02  0.30165E+02
  0.36717E+02  0.26009E+02  0.21771E+02  0.21794E+02  0.17701E+02  0.11408E+02
  0.37392E+01 -0.74550E+01 -0.96555E+01  0.91924E+00  0.11044E+02  0.54334E+01
 -0.10863E+02 -0.12429E+02 -0.15574E+02 -0.29552E+02 -0.33031E+02 -0.16319E+02
  0.12308E+02  0.31594E+02  0.37877E+02  0.32576E+02  0.21013E+02  0.80921E+01
 -0.81514E+01 -0.16970E+02 -0.10275E+02 -0.14305E+01 -0.10478E+02 -0.14595E+02
 -0.57778E+01  0.12756E+01 -0.99702E+01 -0.30162E+02 -0.36104E+02 -0.20158E+02
  0.15416E+02  0.37918E+02  0.41773E+02  0.35447E+02  0.10858E+02 -0.17416E+02
 -0.23393E+02 -0.29238E+02 -0.22677E+02  0.67409E+01  0.30123E+02  0.36923E+02
  0.22472E+02 -0.10463E+00 -0.12483E+02  0.10255E+00  0.16759E+02  0.88558E+01
 -0.34769E+01 -0.18619E+01  0.75179E+01 -0.46921E+01 -0.13575E+02 -0.10067E+02
 -0.15955E+02 -0.12443E+02 -0.87399E+01 -0.39414E+01  0.81386E+00  0.11674E+01
  0.27718E+01 -0.45348E+01 -0.43221E+01 -0.24820E+01 -0.11196E+02 -0.55550E+01
  0.10295E+01  0.28977E+01  0.51914E+01  0.86210E+01  0.19466E+01 -0.85643E+01
 -0.16211E+02 -0.30320E+02 -0.44023E+02 -0.49530E+02 -0.53643E+02 -0.46791E+02
 -0.38110E+02 -0.28290E+02 -0.17672E+02 -0.11669E+02 -0.68278E+00  0.23984E+02
  0.36240E+02  0.31497E+02  0.33752E+02  0.39191E+02  0.52302E+02  0.67615E+02
  0.73750E+02  0.59224E+02  0.36166E+02  0.31368E+02  0.38923E+02  0.31905E+02
  0.18602E+02  0.24904E+01  0.30457E+01  0.13562E+02  0.68646E+01 -0.14013E+02
 -0.29100E+02 -0.36312E+02 -0.47841E+02 -0.54582E+02 -0.52957E+02 -0.51578E+02
 -0.44915E+02 -0.32833E+02 -0.33875E+02 -0.31906E+02 -0.29659E+02 -0.31189E+02
 -0.30931E+02 -0.28361E+02 -0.22999E+02  0.11548E+01  0.33388E+02  0.51096E+02
  0.62901E+02  0.56027E+02  0.37349E+02  0.27436E+02  0.24711E+02  0.23859E+02
  0.62490E+01 -0.61505E+01 -0.56252E+01 -0.47175E+01  0.28073E+01  0.10828E+02
  0.95870E+01  0.55154E+01 -0.28913E+01  0.11880E+01  0.15686E+02  0.19994E+02
  0.14087E+02  0.92451E+01  0.97109E+01  0.62586E+01 -0.21044E+01 -0.14535E+02
 -0.18458E+02 -0.18246E+02 -0.13761E+02 -0.10885E+02 -0.83047E+01 -0.92416E+01
 -0.64567E+01 -0.14123E+01  0.16051E+01  0.26418E+01  0.51965E+01  0.12876E+02
  0.14579E+02  0.15044E+02  0.61407E+01 -0.27035E+01 -0.66317E+01 -0.57926E+01
 -0.14340E+02 -0.18109E+02 -0.20573E+02 -0.30296E+02 -0.27862E+02 -0.16103E+02
 -0.27559E+01  0.58814E+01  0.38015E+01 -0.17883E+01 -0.57489E+00  0.37915E+01
 -0.33094E+00 -0.11628E+02 -0.96392E+01  0.77383E+01  0.32755E+02  0.40951E+02
  0.47967E+02  0.53325E+02  0.45671E+02  0.30478E+02  0.11647E+02 -0.44015E+01
 -0.20547E+02 -0.30467E+02 -0.29694E+02 -0.26283E+02 -0.12488E+02  0.50482E+01
  0.99822E+01  0.19827E+01 -0.10842E+02 -0.19584E+02 -0.16582E+02 -0.59376E+01
 -0.16249E+01 -0.93719E+01 -0.24254E+02 -0.32654E+02 -0.36006E+02 -0.31967E+02
 -0.22963E+02 -0.20520E+02 -0.31340E+02 -0.23447E+02 -0.88843E+01 -0.94804E+01
 -0.54189E+01  0.36663E+01  0.15884E+02  0.10945E+02  0.13031E+02  0.26846E+02
  0.34780E+02  0.36420E+02  0.27538E+02  0.23832E+02  0.23962E+02  0.19960E+02
  0.20167E+02  0.21857E+02  0.24419E+02  0.32747E+02  0.33922E+02  0.19854E+02
 -0.25166E+01 -0.18965E+02 -0.26179E+02 -0.14844E+02  0.48699E+01  0.15322E+02
  0.15970E+02  0.14035E+02  0.82869E+01 -0.78308E+01 -0.22979E+02 -0.28771E+02
 -0.26326E+02 -0.24550E+02 -0.29031E+02 -0.46743E+02 -0.44005E+02 -0.26650E+02
 -0.12900E+02 -0.81136E+01 -0.12710E+02 -0.36447E+01  0.82686E+01  0.19977E+02
  0.24005E+02  0.25741E+02  0.24617E+02  0.19031E+02  0.17001E+02  0.11510E+02
 -0.48976E+01 -0.19580E+02 -0.19060E+02 -0.11446E+02 -0.71952E+01 -0.45566E+01
  0.19085E+01  0.45233E+01  0.84143E+00  0.15457E+01 -0.63805E+01 -0.15515E+02
 -0.17646E+02 -0.10160E+02 -0.86015E+01 -0.14920E+02 -0.67656E+01  0.80033E+01
  0.17477E+02  0.10223E+02 -0.13221E+00  0.42358E+00  0.15368E+02  0.28707E+02
  0.39248E+02  0.41096E+02  0.33482E+02  0.21796E+02  0.95381E+01  0.33213E+01
  0.36819E+00  0.76596E+01  0.16645E+02  0.22375E+02  0.28216E+02  0.27842E+02
  0.20367E+02  0.11297E+02  0.63193E+01 -0.22511E+01 -0.14822E+02 -0.24053E+02
 -0.22458E+02 -0.16703E+02 -0.15751E+02 -0.16181E+02 -0.15924E+02 -0.20365E+02
 -0.18185E+02 -0.14629E+02 -0.10486E+02 -0.47657E+00  0.42302E+01  0.36572E+01
  0.44506E+01  0.46428E+01 -0.45751E+00 -0.47878E+01 -0.11541E+02 -0.13995E+02
 -0.15216E+02 -0.15304E+02 -0.12739E+02 -0.82320E+01 -0.94421E+01 -0.16347E+02
 -0.25824E+02 -0.32160E+02 -0.32412E+02 -0.26166E+02 -0.12139E+02  0.13072E+01
  0.98172E+01  0.96304E+01  0.15015E+02  0.26360E+02  0.25490E+02  0.20049E+02
  0.13170E+02 -0.70570E+00 -0.83758E+01 -0.98085E+01 -0.10428E+02 -0.83344E+01
 -0.10294E+02 -0.91663E+01 -0.10275E+01  0.10379E+02  0.18781E+02  0.20836E+02
  0.24255E+02  0.23035E+02  0.27004E+02  0.33469E+02  0.27355E+02  0.19800E+02
  0.60196E+01 -0.10949E+02 -0.15258E+02 -0.17794E+02 -0.22910E+02 -0.29758E+02
 -0.19870E+02 -0.53686E+01 -0.62006E+01 -0.14382E+02 -0.19175E+02 -0.14357E+02
 -0.82197E+01 -0.79276E+01 -0.16708E+02 -0.14594E+02 -0.11024E+02 -0.59104E+01
  0.67168E+01  0.27244E+02  0.32161E+02  0.17394E+02  0.87825E+01  0.52612E+01
  0.67487E+00 -0.50830E+01 -0.48436E+00  0.52105E+01  0.14053E+02  0.15010E+02
  0.11240E+02  0.71964E+01  0.76037E+01  0.13577E+02  0.16458E+02  0.22622E+02
  0.24154E+02  0.22822E+02  0.18847E+02  0.15896E+02  0.83720E+01 -0.54580E+01
 -0.16253E+02 -0.11267E+02  0.38961E+01  0.13332E+02  0.14095E+02  0.33128E+01
  0.11194E+01 -0.10656E+01 -0.12135E+02 -0.24304E+02 -0.23237E+02 -0.15815E+02
 -0.66653E+01  0.28577E+01  0.95576E+01  0.10587E+02 -0.28953E+01 -0.15420E+02
 -0.21733E+02 -0.21029E+02 -0.19655E+02 -0.17467E+02 -0.16744E+02 -0.15850E+02
 -0.17352E+02 -0.14045E+02 -0.89698E+01 -0.22114E+01  0.51187E+00  0.59274E+01
  0.12187E+02  0.97305E+01  0.20117E+01 -0.11783E+02 -0.18902E+02 -0.20289E+02
 -0.77566E+01  0.41621E+01  0.62936E+01  0.23859E+01  0.40260E+01  0.65829E+01
  0.16561E+02  0.18709E+02  0.10320E+02  0.69977E+01  0.35377E+01  0.60997E+00
  0.30874E+01  0.42517E+01  0.21793E+01  0.84006E+00  0.31976E+01  0.16557E+02
  0.20974E+02  0.19405E+02  0.17100E+02  0.11692E+02 -0.39301E+01 -0.14474E+02
 -0.17135E+02 -0.15666E+02 -0.15556E+02 -0.18714E+02 -0.15387E+02 -0.74663E+01
  0.10584E+01  0.60311E+01  0.96191E+01  0.11136E+02  0.74772E+01 -0.18513E+01
 -0.14319E+01  0.15012E+01 -0.57418E+00 -0.51223E+01 -0.27007E+01  0.12939E+01
  0.45006E+01  0.95349E+01  0.80069E+01 -0.27114E+01 -0.19566E+02 -0.26346E+02
 -0.16536E+02 -0.19800E+00  0.11741E+02  0.12316E+02  0.70213E+01  0.89208E+01
  0.83240E+01  0.67952E+00  0.20055E+01  0.91174E+01  0.69573E+01  0.18800E+01
 -0.27037E+01 -0.30594E+01 -0.41958E+01 -0.86823E+01 -0.12183E+02 -0.56344E+01
  0.54193E+01  0.15275E+02  0.20897E+02  0.22730E+02  0.21278E+02  0.15626E+02
  0.22713E+01 -0.29189E+01 -0.16136E+01 -0.14701E+01  0.13860E+00 -0.68037E+01
 -0.13015E+02 -0.98500E+01 -0.39379E+01 -0.30519E+01 -0.35412E+01 -0.45085E+01
 -0.44901E+01  0.53515E+00  0.73094E+01  0.16664E+01 -0.62543E+01 -0.94454E+01
 -0.12880E+02 -0.11939E+02 -0.82226E+01 -0.41405E+01  0.35935E+01 -0.30506E+01
 -0.10887E+02 -0.10757E+02 -0.11542E+02 -0.71170E+01  0.56583E+01  0.17196E+02
  0.13510E+02  0.58093E+01  0.16989E+01 -0.55567E+01 -0.14897E+02 -0.19292E+02
 -0.17805E+02 -0.11822E+02 -0.39549E+01 -0.16414E+01 -0.65859E+01 -0.74995E+01
 -0.49609E+01 -0.49914E+01  0.35914E+01  0.79579E+01  0.10435E+02  0.13598E+02
  0.13547E+02  0.19119E+02  0.21465E+02  0.21168E+02  0.20833E+02  0.23474E+02
  0.27683E+02  0.34363E+02  0.31479E+02  0.19775E+02  0.63620E+01 -0.78034E+01
 -0.16507E+02 -0.15599E+02 -0.54490E+01  0.16316E+00 -0.29542E+01 -0.67367E+01
 -0.11686E+02 -0.13007E+02 -0.10545E+02 -0.57005E+01  0.78419E+00  0.12447E+01
  0.37550E+01  0.10064E+01 -0.83323E+01 -0.19634E+02 -0.27736E+02 -0.22851E+02
 -0.21434E+02 -0.18821E+02 -0.12991E+02 -0.64368E+01  0.22209E+01  0.51255E+01
  0.69498E+01  0.21180E+01 -0.16467E+01 -0.28263E+00  0.47995E+01  0.12137E+02
  0.15418E+02  0.11361E+02  0.13851E+01 -0.93615E+01 -0.13787E+02 -0.13285E+02
 -0.88678E+01 -0.26286E+01  0.11470E+00  0.55197E+01  0.20261E+01 -0.39832E+01
 -0.52423E+01 -0.55544E+01 -0.67117E+01 -0.98955E+01 -0.17062E+01  0.63119E+01
  0.11637E+02  0.10109E+02  0.50775E+01  0.53431E+01  0.47261E+01  0.13301E+01
  0.58530E+00  0.18442E+01 -0.14451E+00 -0.24504E+01 -0.76331E+01 -0.10175E+02
 -0.70702E+01 -0.69587E+00  0.63111E+01  0.11035E+02  0.95401E+01  0.69451E+01
  0.95148E+01  0.76486E+01  0.62817E+01  0.46309E+01  0.15775E+01  0.63400E+01
  0.11615E+02  0.16805E+02  0.17672E+02  0.14728E+02  0.12386E+02  0.14328E+02
  0.16632E+02  0.15229E+02  0.10512E+02 -0.16045E+00 -0.12312E+02 -0.16550E+02
 -0.16622E+02 -0.16180E+02 -0.13731E+02 -0.87404E+01 -0.31004E+01  0.64816E+01
  0.14302E+02  0.85412E+01 -0.21287E+01 -0.76208E+01 -0.50082E+01 -0.37443E+01
 -0.38802E+01 -0.53344E+01 -0.41366E+01 -0.35971E+01 -0.16548E+00  0.58867E+01
  0.46736E+01 -0.18603E+01 -0.52081E+01 -0.64523E+01 -0.60839E+01 -0.66371E+01
 -0.80271E+01 -0.47796E+01  0.31895E+01  0.81360E+01  0.32325E+01 -0.42150E+01
 -0.27903E+01 -0.29720E+01 -0.43059E+01 -0.70830E+01 -0.82091E+01 -0.39795E+01
 -0.42251E+01 -0.54334E+01 -0.11978E+02 -0.15464E+02 -0.14136E+02 -0.15452E+02
 -0.12409E+02 -0.55661E+01  0.10160E+01  0.72887E+01  0.10574E+02  0.13704E+02
  0.89402E+01  0.32433E+01  0.52035E+01  0.38595E+01  0.26204E+01  0.35081E+01
  0.32133E+01  0.45489E+01  0.47202E+01  0.18483E+01 -0.52453E+00 -0.21909E+01
 -0.29514E+01 -0.83927E+01 -0.97550E+01 -0.81863E+01 -0.59240E+01  0.89569E+00
  0.13021E+01 -0.52268E+01 -0.35534E+01 -0.38865E+01 -0.56144E+01 -0.50261E+01
 -0.14257E+01  0.42732E+01  0.40733E+01  0.75816E+01  0.42979E+01  0.39417E+01
 -0.34556E+00  0.26569E+00  0.12997E+02  0.18144E+02  0.16017E+02  0.12878E+02
  0.11299E+02  0.14106E+02  0.18185E+02  0.20782E+02  0.12333E+02  0.45581E+00
 -0.25721E+01 -0.18432E+01  0.14373E+01 -0.47360E+01 -0.12693E+02 -0.18987E+02
 -0.82413E+01  0.32443E+01  0.69267E+01  0.50169E+01  0.60450E+00  0.10224E+02
  0.10638E+02  0.59287E+01  0.37703E+01  0.83932E+00  0.10875E+01  0.50282E+01
  0.42836E+01 -0.64631E+00 -0.11943E+01 -0.56554E+01 -0.56335E+01 -0.75303E+01
 -0.13104E+02 -0.13243E+02 -0.99221E+01 -0.74989E+01 -0.11505E+02 -0.11420E+02
 -0.15634E+02 -0.18790E+02 -0.18350E+02 -0.17631E+02 -0.13553E+02 -0.68841E+01
 -0.60578E+01 -0.36501E+01  0.62921E+01  0.73353E+01  0.93086E+01  0.26027E+01
 -0.23192E+01 -0.49381E+01 -0.68198E+01 -0.81614E+00  0.50849E+01  0.11400E+02
  0.12400E+02  0.10690E+02  0.10037E+02  0.85523E+01  0.10709E+02  0.13457E+02
  0.13352E+02  0.13417E+02  0.49231E+01  0.46930E+00  0.15461E+01  0.43095E+01
  0.36717E+01 -0.11172E+01 -0.29040E+01 -0.40942E+00  0.24947E+01  0.43982E+01
  0.74223E+01  0.76878E+01  0.67507E+01  0.73746E+01  0.70796E+01  0.40154E+01
  0.97190E+00 -0.24018E+01 -0.51460E+01 -0.10605E+02 -0.12265E+02 -0.17317E+02
 -0.22534E+02 -0.18715E+02 -0.20295E+02 -0.23280E+02 -0.18738E+02 -0.15348E+02
 -0.15594E+02 -0.15943E+02 -0.15828E+02 -0.14061E+02 -0.15433E+02 -0.10489E+02
 -0.34163E+01  0.30604E+01  0.70572E+01  0.69004E+01  0.19936E+01  0.49795E+01
  0.12071E+02  0.13625E+02  0.24811E+02  0.27165E+02  0.27663E+02  0.24993E+02
  0.16713E+02  0.54189E+01  0.25365E+01  0.55176E+01  0.51711E+01  0.58202E+01
  0.52899E+01  0.69247E+01  0.14110E+02  0.21071E+02  0.22222E+02  0.18967E+02
  0.14206E+02  0.14562E+02  0.17105E+02  0.20370E+02  0.17672E+02  0.99294E+01
  0.79757E+01  0.15641E+00 -0.56537E+01 -0.38426E+01 -0.46088E+01  0.29608E+01
  0.45671E+01  0.91923E+00  0.16962E+01 -0.33407E+01 -0.12020E+02 -0.19399E+02
 -0.21130E+02 -0.23777E+02 -0.28732E+02 -0.31239E+02 -0.40188E+02 -0.39043E+02
 -0.33719E+02 -0.32655E+02 -0.25534E+02 -0.19984E+02 -0.15106E+02 -0.88857E+01
 -0.75506E+01 -0.35693E+01  0.20719E+00 -0.24606E+00 -0.10458E+01 -0.25490E+01
  0.63075E-01  0.25164E+01  0.54333E+01  0.54630E+01  0.48322E+01  0.11695E+01
 -0.95078E+00  0.33506E+01  0.84809E+01  0.13017E+02  0.11980E+02  0.99933E+01
  0.75841E+01  0.41231E+01  0.24897E+01  0.40956E+01  0.46884E+01  0.24018E+01
 -0.31192E+01 -0.53621E+01 -0.54702E+01 -0.10541E+02 -0.93926E+01 -0.88362E+01
 -0.40955E+00  0.54118E+01  0.23961E+01  0.65719E+01  0.11989E+02  0.15850E+02
  0.17504E+02  0.16029E+02  0.13157E+02  0.13519E+02  0.71684E+01  0.41094E+01
 -0.22309E+01 -0.76164E+01	0.0          0.0           0.0          0.0
