 -0.12971E+02 -0.68386E+01 -0.51687E+01 -0.28593E+01  0.36653E+01 -0.21072E+01
 -0.38464E+01  0.78710E+00  0.17659E+00  0.27752E+01  0.25795E+01 -0.10855E+02
 -0.39236E+01  0.46917E+01  0.66996E+01  0.89372E+00 -0.38976E+00  0.59300E+01
 -0.59256E+01 -0.18782E+01  0.64659E+01  0.27919E+00 -0.37684E+01  0.73141E+01
  0.71902E+01 -0.72782E+01 -0.35252E+01 -0.76395E+01 -0.35306E+01  0.20449E+02
 -0.42624E+01 -0.24210E+02  0.24091E+02  0.98457E+01 -0.88969E+01  0.68794E+01
 -0.63275E+01 -0.16427E+01 -0.19588E+01  0.16945E+01  0.21638E+00  0.12469E+02
  0.63666E+01  0.63753E+01  0.88501E+00 -0.17524E+01 -0.11174E+02 -0.26375E+01
  0.96759E+01  0.17481E+02 -0.37004E+01  0.17289E+01  0.20116E+02 -0.11824E+02
 -0.14071E+01 -0.16023E+01  0.14983E+02  0.25091E+02  0.20181E+02 -0.91290E+01
 -0.15331E+02 -0.13673E+02 -0.11645E+02 -0.39301E+01  0.34344E+01 -0.65782E+01
  0.20435E+02  0.17791E+02 -0.28174E+02 -0.97970E+01 -0.12700E+02 -0.54179E+01
 -0.89836E+01  0.17329E+02  0.32371E+01 -0.34960E+00 -0.64133E+01 -0.26553E+02
  0.10240E+02  0.26818E+01 -0.30265E+01  0.75651E+01 -0.39166E+01 -0.11854E+02
  0.16862E+01  0.35995E+01 -0.79334E+01  0.20008E+02  0.38502E+01 -0.14647E+02
 -0.29803E+02  0.21864E+01  0.18841E+02 -0.29981E+01  0.28354E+02 -0.14796E+02
 -0.76948E+01  0.11215E+01 -0.13135E+02 -0.83165E+01  0.14001E+02 -0.21532E+01
 -0.20345E+02  0.13210E+02  0.43393E+01 -0.53113E+02  0.18377E+02  0.34934E+02
 -0.18321E+01  0.43187E+02 -0.47274E+02 -0.32755E+02  0.70662E+01 -0.73538E+00
  0.29024E+02  0.29073E+02  0.30639E+02 -0.31736E+02 -0.37695E+02 -0.23488E+02
 -0.18096E+02  0.35791E+02  0.53434E+02  0.85410E+01 -0.31944E+02 -0.33272E+02
 -0.49610E+01  0.48472E+01  0.13456E+02  0.19354E+02  0.51086E+01  0.21748E+02
 -0.58636E+02 -0.37484E+02 -0.28150E+01 -0.13494E+01  0.40052E+02  0.17017E+02
  0.44736E+02  0.36842E+02 -0.38309E+02 -0.28489E+02 -0.39442E+02 -0.37509E+02
  0.27551E+02  0.16750E+02  0.39643E+02  0.39203E+02  0.30073E+01 -0.34552E+01
 -0.15865E+02 -0.56293E+02 -0.42601E+02  0.62574E+02  0.33745E+02  0.25155E+02
  0.39233E+02 -0.34466E+02 -0.42391E+02 -0.17645E+02 -0.20119E+02  0.20748E+02
  0.68135E+02  0.60046E+02  0.60479E+01  0.99446E+01  0.10085E+02 -0.45946E+02
 -0.63188E+02 -0.10117E+02  0.63833E+02  0.67138E+02  0.37901E+02 -0.21063E+02
 -0.24077E+01 -0.43353E+01 -0.54212E+02 -0.55760E+02  0.20980E+02  0.63836E+02
  0.11959E+02  0.51866E+02  0.51726E+02 -0.40946E+02 -0.56420E+02 -0.27125E+02
  0.87963E+01  0.22829E+02 -0.25354E+02 -0.35387E+02 -0.29616E+02 -0.46567E+02
 -0.93645E+02 -0.93204E+02 -0.27662E+02  0.29486E+02 -0.35672E+02 -0.60839E+02
  0.51661E+02  0.81402E+02  0.72670E+02  0.52475E+02  0.36912E+01 -0.90594E+01
  0.58256E+02  0.42598E+02 -0.25959E+02 -0.10433E+03 -0.11469E+03 -0.18185E+03
 -0.25203E+03 -0.18625E+03 -0.71756E+02  0.55951E+02  0.21855E+03  0.42805E+03
  0.46907E+03  0.31673E+03  0.95997E+02 -0.61695E+02 -0.14282E+03 -0.19439E+03
 -0.20689E+03 -0.26342E+03 -0.19885E+03 -0.92850E+01  0.12993E+03  0.17515E+03
  0.21321E+03  0.17456E+03  0.16974E+03  0.29793E+03  0.25129E+03  0.65775E+02
  0.10253E+03  0.18477E+03 -0.77386E+02 -0.25577E+03 -0.35000E+03 -0.30412E+03
  0.58030E+02  0.30971E+03  0.23040E+03  0.15238E+02 -0.11584E+03 -0.10265E+03
 -0.32038E+02 -0.93533E+02 -0.18645E+03 -0.25325E+03 -0.31858E+03 -0.31756E+03
 -0.30864E+03 -0.27702E+03 -0.25547E+03 -0.29096E+03 -0.28851E+03 -0.27336E+03
 -0.23979E+03 -0.20717E+03 -0.17009E+03 -0.14426E+03 -0.17600E+03 -0.21142E+02
  0.17577E+03  0.27515E+03  0.26348E+03  0.30550E+03  0.44137E+03  0.42860E+03
  0.34963E+03  0.31478E+03  0.40918E+03  0.46786E+03  0.37116E+03  0.18989E+03
  0.83658E+02  0.15809E+03  0.31159E+03  0.44910E+03  0.29827E+03 -0.16869E+02
 -0.24093E+03 -0.36093E+03 -0.31798E+03 -0.20852E+03 -0.14399E+03 -0.21116E+03
 -0.36086E+03 -0.35845E+03 -0.19598E+03 -0.94116E+02 -0.43488E+01  0.68357E+02
  0.15678E+03  0.27646E+03  0.24503E+03  0.15932E+03  0.10166E+03  0.17034E+02
 -0.12007E+03 -0.24614E+03 -0.20963E+03  0.17494E+02  0.62363E+02 -0.20779E+03
 -0.24817E+03  0.67941E+02  0.28822E+03  0.24193E+03  0.76946E+02 -0.32336E+02
 -0.19688E+03 -0.25739E+03  0.30051E+01  0.20668E+03  0.76793E+02 -0.13645E+03
 -0.10507E+03  0.43925E+02  0.26526E+02 -0.84029E+02 -0.10580E+03 -0.12743E+03
 -0.12967E+03  0.33305E+01  0.12996E+03  0.87562E+02  0.13902E+02 -0.58012E+02
 -0.11178E+03 -0.77591E+02  0.85891E+02  0.16310E+03  0.48935E+02 -0.27387E+02
 -0.30650E+02 -0.40934E+02 -0.84882E+02 -0.97009E+02 -0.74070E+02 -0.11000E+02
  0.37743E+02  0.84667E+02  0.14029E+03  0.23677E+03  0.24167E+03 -0.28463E+02
 -0.25034E+03 -0.38689E+03 -0.21763E+03  0.96257E+02  0.17078E+03  0.14924E+03
  0.97070E+02 -0.92150E+01 -0.11728E+03 -0.12271E+03 -0.60165E+02  0.90587E+02
  0.16219E+03  0.22347E+03  0.15116E+03  0.28591E+02  0.59764E+02 -0.49548E+02
 -0.17829E+03 -0.10616E+03  0.48232E+02  0.40947E+02 -0.77846E+02 -0.10211E+03
 -0.69456E+02 -0.45090E+02 -0.53213E+02 -0.33751E+02  0.70505E+01  0.23842E+02
  0.27634E+01  0.14549E+02  0.12220E+03  0.12643E+03  0.10488E+02 -0.19617E+02
 -0.64877E+01 -0.15714E+02  0.26959E+02  0.28195E+02  0.50575E+02  0.33101E+02
 -0.96869E+02 -0.16196E+03 -0.11177E+03 -0.49472E+02 -0.98356E+01  0.89583E+02
  0.14490E+03  0.77946E+02 -0.19438E+02 -0.67930E+02 -0.27653E+02  0.19325E+02
 -0.46805E+01  0.36965E+02  0.10151E+03  0.77291E+02  0.39804E+02 -0.58517E+02
 -0.14572E+03 -0.11992E+03 -0.70827E+02 -0.16964E+01  0.52639E+02  0.29102E+02
  0.32450E+01  0.34230E+02  0.52184E+02  0.29230E+02 -0.55324E+02 -0.56332E+02
  0.32588E+02  0.85528E+02  0.68577E+02 -0.19808E+02 -0.87522E+02 -0.87336E+02
  0.72620E+01  0.64203E+02  0.31156E+02 -0.91132E+01  0.43910E+02  0.10583E+03
  0.80956E+02 -0.26268E+01 -0.58775E+02 -0.98930E+02 -0.10165E+03 -0.67400E+02
 -0.30406E+02  0.36710E+02  0.33179E+02 -0.58271E+02 -0.14804E+03 -0.97476E+02
 -0.14590E+01  0.39541E+02  0.61958E+02  0.76658E+02  0.12820E+03  0.13107E+03
  0.90445E+02  0.40438E+02 -0.75589E+01 -0.25436E+02  0.46047E+01  0.29819E+01
 -0.40443E+02  0.34703E+02  0.10899E+03  0.75175E+02  0.17368E+02 -0.77408E+01
 -0.13779E+02  0.15394E+02  0.71132E+02  0.70408E+02  0.33839E+02 -0.56706E+02
 -0.12609E+03 -0.15021E+03 -0.80230E+02 -0.13416E+02 -0.56143E+02 -0.92043E+02
 -0.11682E+03 -0.11291E+03 -0.87495E+02 -0.70848E+02 -0.46598E+02  0.29935E+02
  0.10827E+03  0.74707E+02  0.65364E+01  0.31518E+02  0.39459E+02 -0.93960E+01
 -0.29161E+01  0.11481E+03  0.19827E+03  0.17361E+03  0.65678E+02 -0.58123E+02
 -0.10571E+03 -0.80633E+02 -0.47882E+02 -0.34357E+02 -0.86012E+01  0.90984E+01
  0.22071E+02 -0.44427E+01 -0.75483E+02 -0.10457E+03 -0.95928E+02 -0.94674E+02
 -0.66397E+02 -0.11010E+02  0.36960E+02  0.65940E+02  0.95082E+02  0.13698E+03
  0.13601E+03  0.54922E+02 -0.46275E+02 -0.50884E+02  0.40503E+02  0.12223E+03
  0.15296E+03  0.11999E+03  0.49686E+02 -0.87250E+01 -0.45135E+02 -0.12212E+02
  0.40645E+02  0.24154E+02 -0.40688E+02 -0.72102E+02 -0.68828E+02 -0.54164E+02
 -0.32578E+02 -0.39014E+02 -0.61182E+02 -0.60750E+02 -0.39354E+02 -0.37892E+02
 -0.64598E+02 -0.10575E+03 -0.13657E+03 -0.12524E+03 -0.71040E+02  0.29574E+02
  0.96983E+02  0.89274E+02  0.40007E+02 -0.38350E+02 -0.10826E+03 -0.13320E+03
 -0.10433E+03 -0.68121E+02 -0.78433E+01  0.37252E+02  0.51752E+02  0.94287E+02
  0.88671E+02  0.31263E+02 -0.12180E+02 -0.27494E+02  0.12099E+02  0.60447E+02
  0.91203E+02  0.11238E+03  0.12782E+03  0.83195E+02  0.11205E+02  0.12369E+02
  0.20994E+02  0.35681E+02  0.54763E+02  0.60404E+02  0.86329E+02  0.11939E+03
  0.11154E+03  0.55310E+02  0.32958E+02  0.44872E+02  0.95608E+01 -0.11197E+02
 -0.14557E+02 -0.35000E+02 -0.68206E+02 -0.97422E+02 -0.97189E+02 -0.99725E+02
 -0.95702E+02 -0.78573E+02 -0.48409E+02 -0.29711E+02 -0.41834E+02 -0.82792E+02
 -0.94054E+02 -0.63094E+02 -0.49256E+02  0.11839E+02  0.10571E+03  0.12059E+03
  0.95426E+02  0.52261E+02 -0.25121E+01 -0.40343E+02 -0.65253E+02 -0.69895E+02
 -0.50799E+02 -0.20894E+02  0.40464E+02  0.84996E+02  0.76098E+02  0.21285E+02
 -0.47788E+02 -0.61681E+02 -0.23904E+02  0.47276E+02  0.63202E+02  0.30616E+02
  0.12373E+02  0.84167E+01  0.32784E+02  0.25871E+02 -0.26375E+02 -0.54878E+02
 -0.50394E+02 -0.29920E+02 -0.99908E+01 -0.86189E+01 -0.14567E+02  0.44053E+01
 -0.13633E+01 -0.47803E+02 -0.72526E+02 -0.54780E+02 -0.26901E+02  0.25600E+02
  0.10290E+03  0.12001E+03  0.10312E+03  0.58053E+02 -0.21934E+01 -0.30519E+02
 -0.28012E+02 -0.32955E+02 -0.58237E+02 -0.59681E+02 -0.23735E+02 -0.23299E+01
 -0.35221E+02 -0.82252E+02 -0.84359E+02 -0.13065E+02  0.90184E+02  0.17187E+03
  0.18330E+03  0.11196E+03  0.15496E+02 -0.51887E+02 -0.78203E+02 -0.63638E+02
 -0.32754E+02 -0.22867E+02 -0.37762E+02 -0.29143E+02 -0.24722E+02 -0.33076E+02
 -0.34597E+02 -0.44349E+02 -0.33846E+02 -0.85963E+01  0.56046E+01  0.43259E+02
  0.64889E+02  0.35405E+02  0.33446E+02  0.45123E+02  0.39337E+02  0.60523E+02
  0.71405E+02  0.43727E+02  0.20361E+02  0.18856E+02  0.34429E+02 -0.74472E+01
 -0.10253E+03 -0.13353E+03 -0.10697E+03 -0.69383E+02 -0.51061E+02 -0.42935E+02
 -0.48521E+01  0.45624E+02  0.40526E+02 -0.12162E+01  0.17762E+01  0.29239E+02
  0.58691E+02  0.36125E+02  0.16927E+02  0.52394E+02  0.69994E+02  0.47234E+02
 -0.17712E+02 -0.62256E+02 -0.73100E+02 -0.94025E+02 -0.11517E+03 -0.81932E+02
 -0.14945E+02  0.33624E+02  0.76352E+02  0.67973E+02  0.32945E+02  0.23313E+02
  0.31415E+02  0.44944E+02  0.56179E+02  0.49785E+02  0.46081E+02  0.34503E+02
  0.19407E+02  0.24568E+02  0.31804E+01 -0.13319E+02 -0.24692E+02 -0.68435E+01
  0.14663E+02  0.11801E+02  0.13011E+02 -0.15274E+02 -0.50613E+02 -0.61856E+02
 -0.58260E+02 -0.36548E+02 -0.42388E+02 -0.59118E+02 -0.46211E+02 -0.30098E+02
 -0.14832E+02 -0.35901E+02 -0.48177E+02 -0.38728E+02 -0.17900E+02  0.16135E+02
  0.40715E+02  0.22598E+02 -0.16728E+02 -0.31671E+01  0.17770E+02  0.25089E+02
  0.39030E+02  0.51306E+02  0.64607E+02  0.62555E+02  0.45761E+02  0.43634E+02
  0.18723E+02  0.15269E+02  0.50724E+02  0.58910E+02  0.64311E+02  0.31666E+02
 -0.56071E+00  0.26821E+01 -0.18444E+02 -0.32863E+02 -0.33318E+02 -0.73787E+01
 -0.42448E+01 -0.24022E+02  0.21651E+00  0.70399E+01 -0.53228E+02 -0.10449E+03
 -0.59972E+02  0.78651E+01  0.35182E+02 -0.48474E+01 -0.57397E+02 -0.67895E+02
 -0.71637E+02 -0.66532E+02 -0.46482E+02 -0.24429E+02 -0.26541E+02 -0.33112E+02
 -0.31300E+02 -0.19761E+02 -0.49278E+01 -0.62939E+01  0.10559E+02  0.44986E+02
  0.76170E+02  0.64019E+02  0.15462E+02 -0.24561E+02 -0.37352E+02  0.88543E+00
  0.38777E+02  0.49597E+02  0.43366E+02  0.33457E+02  0.34593E+02  0.35072E+02
  0.20920E+02  0.34423E+02  0.56559E+02  0.63372E+02  0.68830E+02  0.57434E+02
  0.24332E+02 -0.10064E+02 -0.35853E+02 -0.49309E+02 -0.42532E+02 -0.27739E+02
 -0.23404E+02 -0.47678E+02 -0.39828E+02  0.14754E+02  0.16326E+02 -0.10010E+02
  0.36776E+01  0.34679E+02  0.54093E+02  0.55447E+02  0.49809E+02  0.11016E+02
 -0.30579E+02 -0.45627E+02 -0.46374E+02 -0.47995E+02 -0.50837E+02 -0.53893E+02
 -0.42661E+02 -0.24546E+02 -0.26435E+02 -0.39796E+02 -0.57386E+02 -0.72548E+02
 -0.50610E+02 -0.69949E+01  0.14641E+02  0.28970E+02  0.38256E+02  0.61069E+02
  0.56711E+02  0.25085E+02  0.15312E+02  0.23146E+02  0.37534E+02  0.67863E+02
  0.10050E+03  0.10652E+03  0.84252E+02  0.49896E+02  0.10005E+02 -0.12964E+02
  0.28150E+01  0.24901E+02  0.35239E+02  0.27009E+02 -0.75021E+01 -0.35350E+02
 -0.52361E+02 -0.70953E+02 -0.70649E+02 -0.54928E+02 -0.62638E+02 -0.85218E+02
 -0.85450E+02 -0.54823E+02 -0.40417E+02 -0.47535E+02 -0.60310E+02 -0.57674E+02
 -0.20870E+02  0.70272E+01  0.15320E+02  0.10186E+01  0.92850E+01  0.15555E+02
  0.18395E+02  0.34534E+02  0.31860E+02  0.65598E+01 -0.18406E+02 -0.16627E+02
  0.61468E+00  0.56384E+01 -0.72546E+01 -0.26326E+02 -0.29435E+02 -0.11347E+02
  0.41649E+01  0.13414E+02 -0.26580E+01 -0.21524E+02 -0.47028E+01  0.33446E+02
  0.64957E+02  0.86091E+02  0.95616E+02  0.87891E+02  0.50767E+02  0.13832E+02
 -0.82725E+01 -0.15198E+02  0.10417E+02  0.20424E+02  0.19643E+02  0.32376E+02
  0.42385E+02  0.34541E+02  0.10989E+02  0.28348E+01  0.17056E+02  0.37676E+02
  0.50087E+02  0.48797E+02  0.41785E+02  0.38128E+02  0.22933E+02 -0.32414E+01
 -0.24255E+02 -0.39736E+02 -0.52573E+02 -0.55967E+02 -0.52914E+02 -0.65039E+02
 -0.77951E+02 -0.86809E+02 -0.93422E+02 -0.91554E+02 -0.91792E+02 -0.82727E+02
 -0.61322E+02 -0.37657E+02 -0.44258E+01  0.20594E+02  0.25244E+02  0.28709E+02
  0.33021E+02  0.32673E+02  0.31540E+02  0.39054E+02  0.38034E+02  0.39702E+02
  0.45332E+02  0.34828E+02  0.20346E+02  0.18920E+02  0.23519E+01 -0.83304E+01
  0.14457E+02  0.25502E+02  0.17500E+02  0.11245E+02  0.87858E+01  0.40843E+01
 -0.88219E+01 -0.29505E+02 -0.25470E+02 -0.10242E+02 -0.11842E+02 -0.18350E+02
 -0.21662E+02 -0.10184E+02 -0.29438E+01  0.13479E+02  0.33628E+02  0.35153E+02
  0.29328E+02  0.89364E+01 -0.21488E+02 -0.28090E+02 -0.21912E+02 -0.18152E+02
 -0.15924E+02 -0.41316E+01  0.33771E+02  0.52366E+02  0.54163E+02  0.52008E+02
  0.52620E+02  0.54248E+02  0.37242E+02  0.11035E+02 -0.11026E+02 -0.23131E+02
 -0.33552E+02 -0.47227E+02 -0.63117E+02 -0.74728E+02 -0.81186E+02 -0.67049E+02
 -0.41610E+02 -0.46353E+02 -0.60728E+02 -0.48665E+02 -0.26515E+02 -0.13660E+02
  0.98852E+00  0.19508E+02  0.33878E+02  0.48450E+02  0.66205E+02  0.81588E+02
  0.10019E+03  0.10273E+03  0.81770E+02  0.49706E+02  0.25603E+02  0.16646E+02
  0.19481E+01 -0.23647E+02 -0.50447E+02 -0.57718E+02 -0.57401E+02 -0.46996E+02
 -0.21403E+02 -0.16878E+02 -0.38652E+02 -0.37405E+02 -0.21319E+02 -0.12034E+02
 -0.10781E+02 -0.30630E+02 -0.33366E+02 -0.20000E+02  0.56045E+01  0.88751E+01
 -0.18043E+02 -0.20351E+02 -0.14632E+02 -0.13733E+02 -0.16029E+01  0.21960E+02
  0.32875E+02  0.32147E+02  0.37501E+02  0.43656E+02  0.35057E+02  0.15216E+02
  0.58193E+00  0.13324E+02  0.31950E+02  0.31861E+02  0.27444E+02  0.17936E+02
  0.27925E+02  0.32582E+02  0.23141E+02  0.23172E+02 -0.56002E+00 -0.17894E+02
 -0.44689E+01  0.15483E+01  0.13575E+00 -0.13448E+02 -0.25163E+02 -0.18952E+02
 -0.48042E+01  0.86193E-01  0.40248E+01  0.16250E+02  0.35258E+01 -0.11976E+02
 -0.18174E+02 -0.35056E+02 -0.37340E+02 -0.20467E+02 -0.46078E+01  0.57078E+01
  0.76891E+01 -0.58704E+01 -0.29087E+02 -0.43978E+02 -0.52196E+02 -0.56878E+02
 -0.44428E+02 -0.32497E+02 -0.19906E+02  0.65209E+01  0.18636E+02  0.21779E+02
  0.21840E+02  0.17330E+02  0.13366E+02  0.17276E+02  0.24905E+02  0.36642E+02
  0.52759E+02  0.48428E+02  0.24758E+02  0.23200E+01 -0.12222E+02 -0.18034E+02
 -0.17269E+02 -0.11992E+02 -0.64846E+01  0.34348E+01  0.77319E+01  0.14337E+02
  0.30242E+02  0.37577E+02  0.38232E+02  0.35841E+02  0.34997E+02  0.33755E+02
  0.30034E+02  0.19291E+02  0.42243E+01 -0.89095E+01 -0.17754E+02 -0.24998E+02
 -0.28544E+02 -0.35157E+02 -0.35285E+02 -0.40965E+02 -0.55079E+02 -0.57876E+02
 -0.46736E+02 -0.43968E+02 -0.46114E+02 -0.41478E+02 -0.26686E+02 -0.48196E+01
 -0.16131E+01  0.26682E+01  0.15180E+02  0.11584E+02 -0.38863E+01 -0.43909E+01
  0.12078E+02  0.34363E+02  0.40140E+02  0.38433E+02  0.27074E+02  0.22570E+02
  0.22367E+02  0.14769E+02  0.58806E+01  0.28735E+01  0.11577E+02  0.27327E+02
  0.34474E+02  0.27912E+02  0.18162E+02  0.41522E+01 -0.11848E+02 -0.18910E+02
 -0.15715E+02 -0.82379E+00  0.15484E+02  0.15648E+02  0.52552E+01 -0.13488E+02
 -0.31465E+02 -0.42278E+02 -0.35258E+02 -0.26267E+02 -0.11390E+02  0.91047E+01
  0.14875E+02  0.98868E+01  0.69572E+01  0.31870E+01 -0.50713E+01 -0.27492E+01
 -0.25823E+01 -0.14242E+02 -0.10312E+02  0.51640E+01  0.14970E+02  0.31022E+02
  0.39553E+02  0.28672E+02  0.16452E+02  0.32089E+00 -0.71702E+01 -0.77075E+01
 -0.63286E+01 -0.44145E+01 -0.14122E+02 -0.21350E+02 -0.22038E+02 -0.12260E+02
  0.48239E+01  0.82654E+01  0.87441E+01  0.68264E+01 -0.23250E+01 -0.43629E+01
 -0.43961E+01 -0.71807E+01 -0.13397E+02 -0.82331E+01  0.75646E+01  0.14994E+02
  0.97659E+01  0.60390E+00 -0.94929E+01 -0.13422E+02 -0.66829E+01 -0.14298E+01
  0.43774E+01  0.10322E+02  0.19266E+02  0.17483E+02  0.35094E+00 -0.17032E+02
 -0.26903E+02 -0.33268E+02 -0.44879E+02 -0.40118E+02 -0.15574E+02  0.75639E+01
  0.20237E+02  0.20641E+02  0.16715E+02  0.23827E+02  0.30527E+02  0.25728E+02
  0.17352E+02  0.65852E+01 -0.32531E+01 -0.13567E+02 -0.21388E+02 -0.13819E+02
 -0.14728E+01 -0.11735E+01 -0.81527E+01 -0.59597E+01 -0.10076E+02 -0.15201E+02
 -0.22912E+02 -0.25436E+02 -0.19107E+02 -0.13083E+02 -0.11498E+01  0.14718E+02
  0.28455E+02  0.23784E+02  0.80008E+01 -0.79203E+01 -0.18216E+02 -0.16120E+02
  0.24593E+00  0.10992E+02  0.16645E+02  0.18104E+02  0.17735E+02  0.26154E+02
  0.34961E+02  0.35636E+02  0.22852E+02  0.70925E+01  0.60762E+01  0.19733E+02
  0.30945E+02  0.30193E+02  0.20107E+02  0.29218E+01 -0.83231E+01  0.68233E-01
  0.62947E+01  0.63972E+01 -0.47822E+01 -0.17627E+02 -0.13788E+02 -0.35672E+01
 -0.33757E+00 -0.12883E+02 -0.24587E+02 -0.17063E+02 -0.35116E+01 -0.93189E+01
 -0.19390E+02 -0.21957E+02 -0.30892E+02 -0.42752E+02 -0.46775E+02 -0.41252E+02
 -0.28154E+02 -0.22639E+02 -0.11937E+02 -0.32506E+01 -0.75913E+01 -0.21348E+00
  0.14305E+02  0.25370E+02  0.29112E+02  0.23763E+02  0.11327E+02  0.20223E+01
 -0.43353E+01 -0.49978E+01 -0.41408E+01 -0.64651E+01 -0.77739E+01 -0.43593E+01
  0.35872E+01  0.15671E+02  0.28050E+02  0.38692E+02  0.41038E+02  0.35287E+02
  0.30754E+02  0.14582E+02 -0.17487E+01 -0.18407E+02 -0.20180E+02 -0.22919E+01
  0.83793E+00 -0.40556E+01 -0.48337E+01 -0.59036E+01 -0.74522E+01 -0.10055E+01
 -0.31021E+01 -0.10094E+02 -0.59864E+01 -0.21569E+00  0.18979E+01  0.72952E+01
  0.79374E+01 -0.11432E+01 -0.45778E+01 -0.30169E+01 -0.66796E+01 -0.14831E+02
 -0.17723E+02 -0.58683E+01  0.68476E+01  0.17911E+02  0.21215E+02  0.10036E+02
 -0.29576E+01 -0.16320E+02 -0.15534E+02 -0.59447E+01  0.13631E+02  0.35703E+02
  0.45700E+02  0.49763E+02  0.44254E+02  0.30400E+02  0.20514E+02  0.92862E+01
 -0.54015E+01 -0.15647E+02 -0.18045E+02 -0.17787E+02 -0.21769E+02 -0.15450E+02
 -0.12886E+02 -0.24877E+02 -0.38655E+02 -0.44990E+02 -0.43637E+02 -0.31154E+02
 -0.20490E+02 -0.12131E+02 -0.35949E+01  0.92360E+01  0.17380E+02  0.12197E+02
  0.30552E+01 -0.56541E+01 -0.36967E+01  0.47666E+01  0.13888E+02  0.11870E+02
  0.16002E+01 -0.13162E+02 -0.10380E+02  0.29098E+01  0.57916E+01  0.86407E+00
 -0.97898E+01 -0.17531E+02 -0.21836E+02 -0.20808E+02 -0.22871E+02 -0.26344E+02
 -0.33388E+02 -0.35596E+02 -0.31883E+02 -0.31824E+02 -0.15058E+02  0.13714E+01
  0.60443E+01  0.13504E+02  0.22607E+02  0.34662E+02  0.45530E+02  0.55646E+02
  0.58853E+02  0.46333E+02  0.30322E+02  0.14376E+02  0.64495E+00 -0.50263E+01
  0.38041E+00  0.14738E+02  0.22504E+02  0.22963E+02  0.19193E+02  0.70363E+01
 -0.85421E+01 -0.19406E+02 -0.13684E+02  0.31636E+01  0.13846E+02  0.18728E+02
  0.21815E+02  0.14920E+02 -0.51492E+00 -0.13931E+02 -0.21440E+02 -0.20155E+02
 -0.16178E+02 -0.12491E+02 -0.98139E+01 -0.36028E+01 -0.24331E+01 -0.34288E+01
  0.35469E+01 -0.25313E+00 -0.44279E+01 -0.12855E+01 -0.11243E+01  0.14646E+02
  0.27946E+02  0.29778E+02  0.20288E+02  0.41710E-01 -0.13924E+02 -0.24099E+02
 -0.25595E+02 -0.19253E+02 -0.87066E+01 -0.63956E+01 -0.52876E+01 -0.46615E+01
 -0.63863E+01 -0.69852E+01 -0.57493E+01  0.15768E+00  0.65887E+01  0.79499E+01
  0.61326E+01  0.97843E+01  0.10642E+02  0.10580E+02  0.31302E+01 -0.17634E+01
 -0.77522E+01 -0.16489E+02 -0.22665E+02 -0.17196E+02 -0.33689E+01  0.26862E+01
  0.24636E+01  0.52424E+01  0.15861E+02  0.13803E+02  0.79777E+01  0.13591E+01
 -0.37667E+01 -0.72401E+01 -0.63882E+01 -0.57063E+00 -0.13950E+01 -0.36932E+01
  0.12565E+01  0.20238E+01 -0.27851E+01 -0.69701E+01 -0.13475E+02 -0.16247E+02
 -0.22111E+02 -0.31217E+02 -0.33518E+02 -0.24681E+02 -0.14851E+02 -0.11498E+02
 -0.87934E+01 -0.12481E+02 -0.88314E+01 -0.33523E+00  0.97683E+01  0.24279E+02
  0.27444E+02  0.28522E+02  0.30930E+02  0.33589E+02  0.35000E+02  0.35499E+02
  0.34606E+02  0.28974E+02  0.22522E+02  0.15753E+02  0.74663E+01 -0.19622E+01
 -0.13924E+02 -0.26285E+02 -0.26117E+02 -0.15225E+02  0.21475E+01  0.12328E+02
  0.13631E+02  0.13516E+02  0.90082E+01  0.10336E+02  0.14336E+02  0.17876E+02
  0.10139E+02  0.15839E+01  0.28425E+01  0.92313E+00  0.77959E+00 -0.16518E+01
 -0.10563E+02 -0.17512E+02 -0.27406E+02 -0.38587E+02 -0.36905E+02 -0.31521E+02
 -0.27170E+02 -0.29579E+02 -0.33385E+02 -0.26589E+02 -0.18989E+02 -0.14188E+02
 -0.18477E+02 -0.25735E+02 -0.22570E+02 -0.13336E+02  0.45325E+00  0.45195E+01
  0.86752E+00 -0.28666E+00  0.42380E+01  0.56786E+01  0.77723E+01  0.15053E+02
  0.20811E+02  0.24747E+02  0.23296E+02  0.19946E+02  0.13404E+02  0.16449E+01
 -0.59841E+01 -0.21889E+01  0.58761E+00 -0.29441E+01  0.19083E-01  0.33538E+01
  0.15227E+02  0.25715E+02  0.29305E+02  0.29666E+02  0.20434E+02  0.17282E+02
  0.18420E+02  0.17123E+02  0.13315E+02  0.11024E+02  0.66526E+01 -0.69221E+00
 -0.35151E+01  0.32117E+00  0.35459E+01  0.66605E+01  0.10366E+02  0.17228E+02
  0.22748E+02  0.25473E+02  0.24257E+02  0.15649E+02  0.90325E+01  0.14750E+01
 -0.11080E+02 -0.20662E+02 -0.23749E+02 -0.21507E+02 -0.20219E+02 -0.20564E+02
 -0.21862E+02 -0.25959E+02 -0.25862E+02 -0.24076E+02 -0.24985E+02 -0.27084E+02
 -0.22131E+02 -0.14279E+02 -0.10729E+02 -0.14494E+02 -0.16554E+02 -0.14499E+02
 -0.55924E+01 -0.13582E-01  0.81564E+00 -0.12087E+01 -0.80520E+01 -0.81696E+01
  0.58857E+01  0.18956E+02  0.22234E+02  0.14774E+02  0.65385E+01  0.44660E+01
 -0.66104E+01 -0.13447E+02 -0.13973E+02 -0.33552E+01  0.75008E+01  0.91318E+01
  0.42409E+01 -0.66773E+00 -0.46855E+01 -0.50284E+01  0.10217E+01  0.31638E+01
  0.59383E+01  0.10002E+02  0.11497E+02  0.92912E+01  0.10443E+02  0.85952E+01
  0.71571E+01  0.58904E+01  0.48691E+01  0.11457E+02  0.11573E+02  0.15939E+02
  0.21034E+02  0.23588E+02  0.23356E+02  0.14170E+02  0.91774E+01  0.11847E+02
  0.12121E+02  0.40469E+01  0.35451E+01  0.41031E+00 -0.49026E+01 -0.11034E+02
 -0.16756E+02 -0.15420E+02 -0.13444E+02 -0.15735E+02 -0.16093E+02 -0.14353E+02
 -0.11714E+02 -0.14073E+02 -0.13308E+02 -0.74059E+01 -0.66744E+01 -0.41889E+01
 -0.60571E+01 -0.43395E+01 -0.11609E+01 -0.18081E+01  0.24328E+01  0.77587E+01
  0.88003E+01  0.77412E+01  0.20523E+01 -0.49980E+01 -0.96863E+01 -0.13026E+02
 -0.98681E+01  0.80696E+00  0.80600E+01  0.11492E+02  0.13297E+02  0.10164E+02
  0.12484E+01 -0.36293E+01 -0.88089E+01 -0.10769E+02 -0.81305E+01 -0.69990E+01
 -0.77407E+01 -0.93217E+01 -0.20792E+01  0.21640E+01 -0.31639E+01 -0.80494E+01
 -0.11752E+02 -0.10885E+02 -0.98141E+01 -0.10290E+02 -0.11587E+02 -0.62969E+01
 -0.64955E-01 -0.17947E+01  0.14328E+01  0.93282E+01  0.18370E+02  0.23640E+02
  0.15284E+02  0.45029E+01  0.46311E+01  0.69604E+01  0.79226E+01  0.80766E+01
  0.10519E+02  0.87096E+01  0.58639E+01  0.45823E+01 -0.11067E+01 -0.60021E+01
 -0.87685E+01 -0.37213E+01  0.36373E+01  0.50143E+01  0.66805E+01  0.49686E+01
  0.41247E+01  0.10798E+01  0.24953E+01  0.67234E+01  0.55004E+01  0.46770E+01
  0.44005E+01 -0.13393E+01 -0.75248E+01 -0.13733E+02 -0.17090E+02 -0.15938E+02
 -0.17330E+02 -0.13570E+02 -0.10839E+02 -0.11371E+02 -0.74316E+01 -0.16679E+01
  0.68881E+01  0.18533E+02  0.23733E+02  0.26199E+02  0.27379E+02  0.21757E+02
  0.10983E+02  0.64817E+01  0.36823E+01  0.79592E+00  0.20299E+01  0.20838E+00
 -0.12169E+01 -0.10601E+01  0.94682E+00  0.53823E+01  0.72921E+01  0.10153E+02
  0.21858E+02  0.18743E+02  0.54847E+01 -0.52509E+01 -0.10778E+02 -0.11599E+02
 -0.17879E+02 -0.24507E+02 -0.30805E+02 -0.31055E+02 -0.24602E+02 -0.15071E+02
 -0.84350E+01 -0.80556E+01 -0.11965E+02 -0.14195E+02 -0.46271E+01  0.68773E+01
  0.11727E+02  0.99981E+01 -0.12586E+00 -0.40792E+01 -0.61875E+01 -0.49149E+01
 -0.58279E+01 -0.31657E+01 -0.39766E+01 -0.23226E+01 -0.28416E+01 -0.46709E+01
 -0.80320E+00  0.20484E+01  0.94967E+01  0.11261E+02  0.10810E+02  0.92578E+01
  0.97317E+01  0.52257E+01  0.30100E+01  0.16799E+01 -0.61017E+00  0.23518E+00
  0.55359E+01  0.13810E+02  0.13289E+02  0.63672E+01 -0.18039E+01 -0.25224E+01
  0.67491E+00  0.85729E+00  0.28308E+01  0.23172E+01 -0.16687E+00 -0.53154E+01
 -0.64435E+01 -0.44333E+01 -0.53852E+01 -0.10208E+02 -0.11884E+02 -0.10151E+02
 -0.69328E+01 -0.16780E+01 -0.53319E+01 -0.72966E+01 -0.92028E+01 -0.73871E+01
 -0.23781E+01 -0.13996E+01  0.25194E+01  0.39123E+01  0.76290E+01  0.71619E+01
  0.12665E+02  0.15813E+02  0.18775E+02  0.25837E+02  0.27437E+02  0.30965E+02
  0.23076E+02  0.23568E+02  0.23502E+02  0.18806E+02  0.17495E+02  0.12881E+02
  0.57925E+01 -0.43765E+01 -0.98783E+01 -0.12040E+02 -0.17953E+02 -0.20637E+02
 -0.17248E+02 -0.14977E+02 -0.14664E+02 -0.14558E+02 -0.16881E+02 -0.20996E+02
 -0.20843E+02 -0.21684E+02 -0.19889E+02 -0.16797E+02 -0.16594E+02 -0.14796E+02
 -0.16165E+02 -0.16842E+02 -0.12524E+02  0.18091E+01  0.10286E+02  0.74613E+01
  0.25054E+01 -0.29447E+01 -0.36270E+01 -0.34519E+01  0.18593E+01  0.58116E+01
  0.54061E+01  0.58724E+01  0.47350E+01  0.38862E+01  0.28917E+01  0.10603E+01
  0.10844E+01  0.55818E+01  0.13210E+02  0.17277E+02  0.21094E+02  0.24141E+02
  0.19305E+02  0.12452E+02  0.11112E+02  0.11625E+02  0.11117E+02  0.66622E+01
  0.20798E+01 -0.37029E+01 -0.14466E+02 -0.18040E+02 -0.17179E+02 -0.17034E+02
 -0.14792E+02 -0.12609E+02 -0.60444E+01 -0.19792E+01  0.49289E+01  0.87924E+01
  0.88191E+01  0.67932E+01  0.78257E+01  0.80393E+01  0.84090E+01  0.53698E+01
  0.80480E+01  0.12684E+02  0.64254E+01  0.45968E+01 -0.15723E+01 -0.26127E+01
 -0.38478E+01 -0.16553E+01  0.37478E+00  0.19834E+01  0.15118E+01 -0.14848E+00
 -0.93329E-01 -0.11009E+00 -0.81448E+01 -0.16106E+02 -0.20887E+02 -0.30473E+02
 -0.31027E+02 -0.22639E+02 -0.12917E+02 -0.89855E+01 -0.41620E+01 -0.25258E+01
 -0.57911E+00 -0.89823E+00  0.22514E+01  0.69312E+01  0.74490E+01  0.79038E+01
  0.52049E+01  0.42875E+01  0.41865E+01  0.56414E+01  0.52719E+01  0.53757E+01
  0.61141E+01  0.10218E+02  0.12522E+02  0.45648E+01 -0.18598E+01 -0.20506E+01
  0.19587E+01  0.88091E+01  0.16565E+02  0.16973E+02  0.15829E+02  0.15243E+02
  0.14597E+02  0.10862E+02  0.80157E+01  0.11660E+01 -0.67816E+01 -0.11855E+02
 -0.12442E+02 -0.10782E+02 -0.17205E+02 -0.17692E+02 -0.16472E+02 -0.93581E+01
 -0.25210E+01  0.26834E+01  0.63398E+01  0.82146E+01  0.15443E+02  0.18058E+02
  0.12655E+02  0.86763E+01  0.47447E+01  0.20356E+01  0.13697E+01 -0.18585E+01
 -0.49920E+01 -0.96736E+01 -0.12145E+02 -0.10099E+01  0.68537E+01  0.91102E+01
  0.12052E+02  0.85684E+01  0.12736E+02  0.10478E+02  0.53279E+01  0.25662E+01
 -0.32647E+01 -0.53232E+01 -0.13214E+02 -0.17430E+02 -0.13705E+02 -0.68570E+01
 -0.63096E+01 -0.84479E+01 -0.11804E+02 -0.82652E+01 -0.88080E+01 -0.48781E+01
  0.75144E+00  0.81903E+01      0.0          0.0          0.0          0.0
